6.26498	1	28	6.25775	1	28	5.47243	1	27	0	0	0	0.00500944	0.00481333	0.00537	0.00500944	0	0.0304233	0.00902426	0.00836	0.0097	0.00902426	0	0.0554967	1.80145	1.80145	6.44961	
6.30989	1	40	6.29601	1	40	5.51493	1	40	0	0	0	0.0100156	0.00958	0.0103633	0.0100157	0	0.0609267	0.0179669	0.0170767	0.01929	0.0179672	0	0.108953	1.79389	1.7939	6.48946	
6.35177	1	40	6.32934	1	40	5.52383	1	40	0	0	0	0.0150248	0.0147433	0.0153633	0.0150247	0	0.0911433	0.0270787	0.02621	0.0282267	0.0270782	0	0.1642	1.80227	1.80225	6.50717	
6.44218	1	45	6.41113	1	45	5.60448	1	44	0	0	0	0.0200294	0.0195733	0.0204833	0.0200292	0	0.12132	0.0361017	0.03482	0.03747	0.0361015	0	0.219287	1.80243	1.80245	6.58186	
6.50212	1	44	6.46095	1	44	5.66687	1	43	0	0	0	0.0250398	0.02455	0.02571	0.02504	0	0.151957	0.045065	0.0431633	0.04679	0.0450649	0	0.273597	1.79973	1.79972	6.62828	
6.5975	1	50	6.54518	1	50	5.74661	1	50	0	0	0	0.0300205	0.0293167	0.03071	0.0300201	0	0.182337	0.053939	0.05216	0.05671	0.0539372	0	0.32771	1.79674	1.7967	6.70758	
6.69914	1	55	6.63576	1	55	5.83812	1	55	0	0	0	0.0350522	0.0343233	0.0359	0.0350522	0	0.21176	0.0629789	0.0616333	0.0645833	0.0629786	0	0.38248	1.79672	1.79671	6.78973	
6.80887	1	47	6.73259	1	47	5.92036	1	47	0	0	0	0.040068	0.0390933	0.0406967	0.0400677	0	0.242427	0.0720991	0.0704867	0.0734233	0.0720977	0	0.437223	1.79942	1.7994	6.87519	
6.94519	1	57	6.85349	1	57	6.0507	1	56	0	0	0	0.0450581	0.0442933	0.0457767	0.0450575	0	0.273347	0.0811127	0.0797533	0.0828533	0.0811114	0	0.49208	1.80018	1.80018	6.98563	
7.09777	1	53	6.98925	1	53	6.18632	1	52	0	0	0	0.0500217	0.0487567	0.0509467	0.0500216	0	0.302187	0.0900502	0.0881833	0.09202	0.0900509	0	0.543053	1.80022	1.80024	7.11092	
7.27926	1	63	7.14903	1	63	6.34289	1	63	0	0	0	0.0550323	0.0539667	0.0556767	0.0550316	0	0.333097	0.0991091	0.0962733	0.10075	0.0991091	0	0.598583	1.80093	1.80095	7.25874	
7.42976	1	68	7.27955	1	68	6.48135	1	68	0	0	0	0.0600379	0.0593933	0.0606533	0.0600387	0	0.362933	0.108072	0.106227	0.109853	0.108074	0	0.652837	1.80006	1.80008	7.3792	
7.64194	1	74	7.46323	1	74	6.67225	1	70	0	0	0	0.0650536	0.06429	0.06615	0.0650531	0	0.39291	0.117117	0.115213	0.119887	0.117114	0	0.706733	1.80032	1.80029	7.54877	
7.86053	1	67	7.65181	1	67	6.8524	1	67	0	0	0	0.0700849	0.0689333	0.07118	0.0700859	0	0.424127	0.126167	0.122813	0.1305	0.12617	0	0.761673	1.8002	1.80022	7.72127	
8.09161	1	75	7.84974	1	70	7.05585	1	70	0	0	0	0.0750781	0.0741533	0.0764	0.0750781	0	0.454303	0.135155	0.133503	0.1391	0.135157	0	0.817163	1.80019	1.80021	7.90572	
8.35349	1	68	8.06481	1	68	7.26973	1	68	0	0	0	0.0800624	0.0790333	0.08136	0.0800638	0	0.483827	0.14403	0.141993	0.147117	0.144034	0	0.870883	1.79897	1.79899	8.10372	
8.65066	1	74	8.31398	1	74	7.50784	1	71	0	0	0	0.085074	0.08423	0.0861	0.0850808	0	0.513257	0.152955	0.150533	0.155413	0.152968	0	0.924	1.7979	1.79791	8.33274	
8.97775	1	79	8.57778	1	78	7.76722	1	77	0	0	0	0.0900288	0.0886833	0.09116	0.0900356	0	0.542803	0.161933	0.159097	0.16421	0.161945	0	0.977893	1.79868	1.79868	8.57436	
9.33335	1	106	8.86378	1	106	8.0559	1	106	0	0	0	0.0949906	0.0940733	0.0958	0.0926847	0	0.557657	0.170812	0.16884	0.173533	0.166667	0	1	1.7982	1.79821	8.83607	
9.73043	1	87	9.16624	1	87	8.36781	1	87	0	0	0	0.0999519	0.0989267	0.101233	0.0926869	0	0.55771	0.179701	0.17786	0.182513	0.166667	0	1	1.79788	1.79817	9.10936	
10.1848	1	107	9.50786	1	105	8.70111	1	105	0	0	0	0.104957	0.10329	0.106063	0.0926882	0	0.55772	0.188719	0.183857	0.192097	0.166667	0	1	1.79805	1.79814	9.42092	
10.7203	1	103	9.89707	1	93	9.08276	1	93	0	0	0	0.109978	0.10837	0.111287	0.0926879	0	0.55772	0.197757	0.194433	0.20158	0.166667	0	1	1.79815	1.79815	9.77125	
11.3176	1	118	10.3041	1	98	9.4847	1	104	0	0	0	0.114971	0.114233	0.115927	0.0926874	0	0.557707	0.206789	0.20462	0.20985	0.166667	0	1	1.79862	1.79816	10.1334	
12.0486	1	131	10.7704	1	109	9.95539	1	109	0	0	0	0.119963	0.118933	0.121267	0.0926881	0	0.55771	0.215744	0.213673	0.218337	0.166667	0	1	1.79841	1.79815	10.5508	
12.9244	1	148	11.2824	1	103	10.4691	1	121	0	0	0	0.12496	0.124007	0.126467	0.0926878	0	0.55772	0.22467	0.221757	0.227573	0.166667	0	1	1.79794	1.79815	10.9985	
14.0844	1	207	11.8663	1	99	11.0453	1	128	0	0	0	0.129951	0.1285	0.131707	0.0926874	0	0.55771	0.233679	0.230983	0.237067	0.166667	0	1	1.79821	1.79816	11.5008	
15.605	1	267	12.5087	1	111	11.6963	1	117	0	0	0	0.134938	0.132837	0.13634	0.0926874	0	0.557703	0.242565	0.23857	0.246477	0.166667	0	1	1.79761	1.79816	12.054	
17.966	1	330	13.2695	1	114	12.4237	1	114	0	0	0	0.139974	0.138413	0.141527	0.0926872	0	0.557693	0.251717	0.248757	0.255927	0.166667	0	1	1.79832	1.79816	12.6867	
23.2003	1	666	14.1453	1	136	13.3085	1	141	0	0	0	0.144986	0.14409	0.145937	0.0926896	0	0.557435	0.260735	0.257857	0.26289	0.166667	0	1	1.79835	1.79812	13.3987	
1235.9	1	69081	15.122	1	147	14.264	1	161	0	0	0	0.150018	0.14899	0.15129	0.0926881	0	0.557997	0.269898	0.268167	0.272411	0.166667	0	1	1.7991	1.79814	14.1655	
