5.30519	2	20	5.30519	2	20	4.5302	2	16	0	0	0	0.00503313	0.00481	0.00530333	0.00503313	0.00481	0.0053	0.00901479	0.00842333	0.00938667	0.00901479	0.00842333	0.00938667	1.79109	1.79109	5.50101	
5.34251	2	20	5.34176	2	20	4.54719	2	16	0	0	0	0.0100071	0.00965667	0.0101967	0.0100071	0.00965667	0.0102	0.0181071	0.0176567	0.0190767	0.0181077	0.0176567	0.01908	1.80943	1.80949	5.50706	
5.3519	2	22	5.35087	2	20	4.57824	2	20	0	0	0	0.0149985	0.0147133	0.0155233	0.0149985	0.0147133	0.01552	0.0269394	0.0256067	0.0280867	0.0269394	0.0256067	0.0280867	1.79613	1.79613	5.52063	
5.34671	2	21	5.34498	2	20	4.57529	2	19	0	0	0	0.019986	0.01961	0.02052	0.0199863	0.01961	0.0205167	0.0358335	0.03493	0.03684	0.0358337	0.03493	0.0368367	1.79293	1.79292	5.50548	
5.36177	2	23	5.35814	2	23	4.57564	2	20	0	0	0	0.0249837	0.0244333	0.0254267	0.0249842	0.0244333	0.0254233	0.0448033	0.0432067	0.0459867	0.0448048	0.0432067	0.0459833	1.7933	1.79333	5.50678	
5.38216	2	37	5.37688	2	24	4.57995	2	20	0	0	0	0.0300242	0.0295467	0.03048	0.0300244	0.0295433	0.0304767	0.0540175	0.05332	0.0554333	0.0540177	0.0533167	0.0554333	1.79913	1.79913	5.50852	
5.39824	2	31	5.39075	2	24	4.60371	2	20	0	0	0	0.0350258	0.03456	0.0356267	0.0350258	0.03456	0.0356267	0.0631567	0.0616533	0.06481	0.0631567	0.0616533	0.0648067	1.80315	1.80315	5.5035	
5.41726	2	35	5.40609	2	24	4.61946	2	21	0	0	0	0.0400277	0.03946	0.04073	0.0400275	0.03946	0.0407267	0.0721635	0.0709767	0.07374	0.0721642	0.07098	0.0737367	1.80284	1.80286	5.50886	
5.43063	2	36	5.41684	2	24	4.62097	2	20	0	0	0	0.0450169	0.0439567	0.0456967	0.0450171	0.0439567	0.0456967	0.0811485	0.0793167	0.08211	0.0811504	0.0793167	0.08211	1.80262	1.80266	5.50865	
5.43693	2	40	5.41995	2	25	4.63969	2	24	0	0	0	0.0499998	0.0493	0.0506933	0.0500002	0.0493	0.05069	0.0900577	0.0887133	0.0915567	0.0900592	0.0887133	0.0915667	1.80116	1.80118	5.50109	
5.45453	2	38	5.43178	2	24	4.65614	2	23	0	0	0	0.0550015	0.05412	0.0556867	0.0550019	0.05412	0.0556833	0.0989573	0.0961867	0.101667	0.0989573	0.0961767	0.101667	1.79918	1.79916	5.50505	
5.47303	2	49	5.44621	2	26	4.66997	2	24	0	0	0	0.0599671	0.0591933	0.0606667	0.0599675	0.0591933	0.0606633	0.107884	0.10628	0.110047	0.107883	0.106283	0.110047	1.79905	1.79903	5.50863	
5.48694	2	57	5.45278	2	25	4.68726	2	21	0	0	0	0.0650215	0.0644433	0.06613	0.0650213	0.06444	0.0661367	0.116787	0.114973	0.119243	0.116787	0.114973	0.119243	1.79613	1.79614	5.50647	
5.5031	2	46	5.46351	2	28	4.69196	2	26	0	0	0	0.0699785	0.0688767	0.0706767	0.0699785	0.0688767	0.0706767	0.125762	0.123223	0.12785	0.125762	0.123223	0.127847	1.79715	1.79715	5.50445	
5.53281	2	41	5.48332	2	25	4.70026	2	24	0	0	0	0.0749754	0.0739667	0.0760933	0.074976	0.0739633	0.0760933	0.134679	0.132943	0.137253	0.134679	0.132947	0.137253	1.79631	1.7963	5.51357	
5.53692	2	49	5.4802	2	31	4.715	2	27	0	0	0	0.0799906	0.0789433	0.0806033	0.0799908	0.07894	0.08061	0.143754	0.1418	0.145303	0.143755	0.141793	0.1453	1.79713	1.79714	5.49952	
5.56828	2	46	5.50105	2	26	4.74007	2	25	0	0	0	0.0850135	0.0841767	0.08594	0.0850133	0.0841767	0.0859433	0.152908	0.15066	0.154753	0.152906	0.150663	0.154753	1.79864	1.79861	5.50835	
5.5922	2	46	5.5121	2	25	4.74264	2	24	0	0	0	0.0900248	0.0892033	0.09142	0.0900256	0.0892067	0.09142	0.16201	0.159603	0.16706	0.16201	0.15961	0.16706	1.79961	1.79959	5.5063	
5.6148	2	68	5.52274	2	28	4.75659	2	28	0	0	0	0.0950098	0.0942767	0.09608	0.0950104	0.0942767	0.0960767	0.170997	0.16884	0.173027	0.170998	0.16884	0.17303	1.79979	1.79978	5.50584	
5.63592	2	48	5.53307	2	27	4.77012	2	24	0	0	0	0.100001	0.0992933	0.10096	0.100001	0.0992867	0.10096	0.180058	0.177937	0.182947	0.180059	0.177937	0.182947	1.80056	1.80058	5.50552	
5.66222	2	60	5.54491	2	27	4.77545	2	27	0	0	0	0.105056	0.104367	0.105867	0.105056	0.10436	0.10587	0.189182	0.1872	0.191547	0.189181	0.187197	0.19155	1.80077	1.80076	5.50294	
5.69224	2	71	5.55872	2	29	4.79626	2	29	0	0	0	0.110075	0.108663	0.11093	0.110075	0.108663	0.11093	0.198212	0.19493	0.200707	0.198213	0.19493	0.20071	1.80071	1.80071	5.50864	
5.73346	2	55	5.57627	2	26	4.80999	2	26	0	0	0	0.115057	0.113993	0.11592	0.115056	0.113987	0.115927	0.207168	0.20457	0.210507	0.207165	0.204577	0.210513	1.80056	1.80055	5.51181	
5.75969	2	79	5.58746	2	28	4.83298	2	25	0	0	0	0.120091	0.11929	0.121323	0.120092	0.119293	0.12132	0.216163	0.21313	0.21876	0.216165	0.213137	0.21876	1.8	1.8	5.5141	
5.80112	2	74	5.59918	2	31	4.84024	2	31	0	0	0	0.125085	0.12432	0.126297	0.125084	0.12433	0.1263	0.22529	0.223193	0.229163	0.225287	0.223183	0.229167	1.80109	1.80108	5.51338	
5.83644	2	74	5.61302	2	32	4.85301	2	32	0	0	0	0.130036	0.12924	0.131267	0.130036	0.12924	0.131267	0.23412	0.231557	0.23707	0.234122	0.23156	0.23708	1.80043	1.80044	5.51249	
5.87719	2	67	5.62776	2	34	4.87003	2	34	0	0	0	0.135046	0.134093	0.136103	0.135046	0.134083	0.136107	0.243109	0.241307	0.245997	0.243108	0.24131	0.246	1.80019	1.80018	5.51727	
5.9111	2	75	5.63409	2	32	4.87727	2	32	0	0	0	0.140089	0.13944	0.141097	0.140087	0.13944	0.1411	0.252135	0.24934	0.25455	0.252129	0.249343	0.254553	1.79982	1.7998	5.51503	
5.96812	2	77	5.65332	2	30	4.89671	2	28	0	0	0	0.145101	0.143857	0.14625	0.1451	0.143853	0.14625	0.261322	0.259377	0.263003	0.261323	0.259373	0.263	1.80097	1.80098	5.51975	
6.01839	2	106	5.65936	2	36	4.89856	2	32	0	0	0	0.150073	0.148857	0.15121	0.150072	0.14886	0.151207	0.270177	0.26602	0.273463	0.270177	0.26603	0.273453	1.80031	1.80031	5.52003	
6.06439	2	98	5.66986	2	31	4.92074	2	31	0	0	0	0.155095	0.153963	0.155983	0.155096	0.153967	0.155983	0.279321	0.275037	0.28224	0.279323	0.275043	0.282247	1.80096	1.80097	5.51407	
6.12976	2	85	5.68795	2	40	4.93536	2	40	0	0	0	0.160132	0.159087	0.161083	0.160131	0.1591	0.161083	0.288289	0.285193	0.291183	0.288288	0.28522	0.291183	1.80032	1.80033	5.52349	
6.19631	2	98	5.70283	2	30	4.94323	2	30	0	0	0	0.165183	0.164203	0.166453	0.165183	0.164197	0.16645	0.297368	0.293813	0.300543	0.297369	0.293817	0.300557	1.80023	1.80023	5.52412	
6.26205	2	170	5.7173	2	37	4.96641	2	37	0	0	0	0.170181	0.169017	0.171337	0.170179	0.169013	0.17133	0.306336	0.302677	0.31067	0.306335	0.302687	0.31069	1.80006	1.80008	5.52966	
6.33993	2	143	5.72383	2	31	4.96832	2	31	0	0	0	0.175217	0.174117	0.176273	0.175217	0.174133	0.176273	0.315385	0.312637	0.31849	0.315385	0.312667	0.318503	1.79997	1.79997	5.52152	
6.41194	2	107	5.74149	2	35	4.98414	2	35	0	0	0	0.18028	0.178787	0.181217	0.18028	0.178787	0.18121	0.324327	0.32116	0.326523	0.324325	0.321163	0.326517	1.79901	1.79901	5.53174	
6.49966	2	115	5.75169	2	35	4.99818	2	34	0	0	0	0.18528	0.18345	0.18669	0.185281	0.183453	0.186687	0.333208	0.331463	0.33741	0.333208	0.33148	0.337393	1.7984	1.7984	5.52987	
6.62782	2	158	5.76801	2	42	5.01991	2	42	0	0	0	0.190258	0.18945	0.191683	0.190256	0.189447	0.191683	0.34208	0.339013	0.34423	0.342077	0.339013	0.344227	1.79798	1.79798	5.53289	
6.72988	2	166	5.77217	2	32	5.0233	2	32	0	0	0	0.195212	0.19321	0.1966	0.195213	0.193213	0.1966	0.350996	0.34645	0.353823	0.350997	0.346457	0.353837	1.79803	1.79802	5.52838	
6.8316	2	167	5.79014	2	35	5.03998	2	35	0	0	0	0.200214	0.19899	0.201843	0.200212	0.19898	0.201843	0.360125	0.35611	0.364773	0.360123	0.3561	0.36479	1.7987	1.79871	5.53306	
6.99298	2	151	5.80806	2	38	5.05921	2	38	0	0	0	0.205178	0.203447	0.206533	0.205175	0.203443	0.206537	0.369072	0.365927	0.371617	0.369072	0.36593	0.371613	1.79879	1.79881	5.53345	
7.13037	2	150	5.81924	2	34	5.07123	2	34	0	0	0	0.210146	0.209193	0.210833	0.210147	0.209193	0.210833	0.377912	0.37409	0.37995	0.377916	0.37413	0.37994	1.79833	1.79834	5.53758	
7.3359	2	171	5.83137	2	36	5.08676	2	36	0	0	0	0.215113	0.214033	0.21652	0.215112	0.214027	0.21652	0.386873	0.383873	0.390327	0.386867	0.38386	0.39032	1.79846	1.79844	5.53738	
7.48583	2	254	5.84841	2	43	5.10179	2	43	0	0	0	0.220135	0.218983	0.22155	0.220138	0.21898	0.22155	0.395772	0.393563	0.397797	0.395778	0.393567	0.397807	1.79786	1.79786	5.54237	
7.7372	2	290	5.86256	2	34	5.11134	2	34	0	0	0	0.225164	0.224647	0.225963	0.225162	0.224633	0.225967	0.404797	0.402063	0.407097	0.404798	0.40208	0.407097	1.79779	1.7978	5.54537	
7.89114	2	197	5.86922	2	39	5.12245	2	35	0	0	0	0.230132	0.228587	0.232	0.23013	0.22859	0.232003	0.413767	0.408927	0.41791	0.413765	0.408937	0.417907	1.79796	1.79797	5.54218	
8.20058	2	183	5.89466	2	37	5.14695	2	37	0	0	0	0.23507	0.23383	0.23663	0.235072	0.233833	0.236633	0.422628	0.418507	0.42607	0.422637	0.41853	0.426067	1.79788	1.7979	5.55031	
8.53635	2	225	5.90825	2	43	5.1651	2	40	0	0	0	0.24003	0.238893	0.242187	0.240035	0.238923	0.242183	0.43155	0.427747	0.436627	0.431558	0.427747	0.43661	1.7979	1.7979	5.5517	
8.93645	2	330	5.92205	2	38	5.17054	2	38	0	0	0	0.24505	0.244253	0.246043	0.245054	0.244253	0.24605	0.440688	0.436627	0.444483	0.440696	0.43663	0.44449	1.79836	1.79837	5.55205	
9.44122	2	339	5.93785	2	37	5.19346	2	37	0	0	0	0.249961	0.248477	0.25131	0.249965	0.248477	0.25131	0.449549	0.445797	0.452603	0.449553	0.445797	0.452607	1.79847	1.79846	5.55379	
9.89647	2	354	5.94957	2	44	5.20037	2	44	0	0	0	0.254964	0.25383	0.256647	0.254961	0.253837	0.25664	0.458597	0.45551	0.46243	0.458591	0.455473	0.46245	1.79868	1.79867	5.55551	
10.7953	2	440	5.9661	2	43	5.21553	2	43	0	0	0	0.259973	0.2587	0.261123	0.259973	0.258707	0.26112	0.467604	0.46453	0.470857	0.467604	0.464513	0.470853	1.79867	1.79866	5.55938	
10.9937	2	373	5.97777	2	40	5.23203	2	39	0	0	0	0.265002	0.26314	0.266663	0.265017	0.263143	0.266657	0.476581	0.4737	0.478723	0.476613	0.4737	0.47873	1.79841	1.79842	5.56104	
12.0449	2	507	5.99164	2	44	5.24345	2	42	0	0	0	0.26994	0.268867	0.271253	0.269942	0.268865	0.27125	0.485502	0.48121	0.490152	0.485505	0.481208	0.49015	1.79855	1.79855	5.56463	
12.9946	2	495	6.00722	2	42	5.25646	2	42	0	0	0	0.274923	0.273998	0.276023	0.274925	0.273993	0.276058	0.494392	0.490727	0.49684	0.494391	0.490717	0.49684	1.79829	1.79827	5.56917	
15.1667	2	871	6.01974	2	47	5.26939	2	43	0	0	0	0.27993	0.278276	0.281131	0.279938	0.27828	0.281133	0.503402	0.499259	0.506737	0.503419	0.499264	0.506739	1.79832	1.79833	5.57025	
17.2939	2	914	6.02874	2	40	5.27927	2	39	0	0	0	0.284968	0.28403	0.286824	0.284969	0.284044	0.28682	0.512398	0.510604	0.515704	0.512402	0.510606	0.515702	1.79809	1.7981	5.56975	
19.8328	2	797	6.0442	2	44	5.29118	2	44	0	0	0	0.289918	0.288445	0.291135	0.289915	0.288428	0.29113	0.521259	0.518388	0.524212	0.521252	0.518345	0.5242	1.79795	1.79795	5.57085	
24.3521	2	1011	6.05529	2	52	5.30336	2	52	0	0	0	0.294989	0.294232	0.295782	0.294985	0.294232	0.295783	0.530466	0.526728	0.534383	0.530459	0.52673	0.534383	1.79826	1.79825	5.57451	
27.3862	2	1026	6.06022	2	46	5.30376	2	46	0	0	0	0.299955	0.298683	0.301053	0.299913	0.298677	0.301057	0.539399	0.535948	0.543597	0.539314	0.535948	0.543593	1.79827	1.79823	5.57439	
53.1913	2	2426	6.07575	2	49	5.31801	2	49	0	0	0	0.304953	0.304221	0.305966	0.304957	0.304223	0.305963	0.548463	0.546094	0.55077	0.548468	0.546107	0.55077	1.79852	1.79851	5.57604	
192.891	2	10152	6.07955	2	44	5.32516	2	44	0	0	0	0.309959	0.308786	0.310904	0.309758	0.30716	0.3109	0.557468	0.55565	0.558679	0.5571	0.552476	0.558681	1.79852	1.7985	5.57767	
742.643	2	22392	6.08302	2	42	5.33194	2	42	0	0	0	0.31493	0.313743	0.315763	0.31466	0.310933	0.315763	0.566535	0.563681	0.568213	0.566037	0.557977	0.568541	1.79892	1.79889	5.57523	
