3.93795	1	20	3.93795	1	20	3.17485	1	16	0	0	0	0.00503313	0.00481	0.00530333	0.00503292	0.00485333	0.00523333	0.00901479	0.00842333	0.00938667	0.00901458	0.00845333	0.00953333	1.79109	1.79113	4.14392	
3.94167	1	20	3.94162	1	20	3.13825	1	16	0	0	0	0.0100071	0.00965667	0.0101967	0.0100069	0.00964667	0.01039	0.0181071	0.0176567	0.0190767	0.0181071	0.01748	0.01876	1.80943	1.80946	4.12587	
3.93826	1	28	3.93817	1	28	3.15035	1	24	0	0	0	0.0149985	0.0147133	0.0155233	0.0149981	0.0148167	0.01522	0.0269394	0.0256067	0.0280867	0.026939	0.02633	0.0278433	1.79613	1.79616	4.13399	
3.94678	1	21	3.94624	1	20	3.15025	1	19	0	0	0	0.019986	0.01961	0.02052	0.0199858	0.01966	0.0203033	0.0358335	0.03493	0.03684	0.0358333	0.0350033	0.03669	1.79293	1.79294	4.14067	
3.95027	1	24	3.94975	1	24	3.1541	1	24	0	0	0	0.0249837	0.0244333	0.0254267	0.024984	0.0247	0.0254733	0.0448033	0.0432067	0.0459867	0.0448044	0.0433767	0.04618	1.7933	1.79333	4.14089	
3.94833	1	23	3.94745	1	23	3.14405	1	23	0	0	0	0.0300242	0.0295467	0.03048	0.0300242	0.0292733	0.0305967	0.0540175	0.05332	0.0554333	0.0540175	0.05254	0.0554367	1.79913	1.79913	4.12886	
3.97313	1	28	3.97212	1	28	3.16788	1	24	0	0	0	0.0350258	0.03456	0.0356267	0.0350256	0.0344667	0.0356367	0.0631567	0.0616533	0.06481	0.0631565	0.06177	0.0643333	1.80315	1.80315	4.14663	
3.97849	1	24	3.9768	1	24	3.17553	1	24	0	0	0	0.0400277	0.03946	0.04073	0.0400275	0.03949	0.0405033	0.0721635	0.0709767	0.07374	0.0721642	0.07009	0.0736167	1.80284	1.80286	4.1466	
3.9808	1	28	3.97873	1	28	3.17752	1	27	0	0	0	0.0450169	0.0439567	0.0456967	0.0450173	0.0445133	0.0458567	0.0811485	0.0793167	0.08211	0.0811494	0.0791133	0.0825967	1.80262	1.80263	4.14706	
3.99626	1	25	3.9936	1	25	3.19649	1	25	0	0	0	0.0499998	0.0493	0.0506933	0.0499996	0.0491	0.0508833	0.0900577	0.0887133	0.0915567	0.0900577	0.0884933	0.0920333	1.80116	1.80117	4.15885	
4.00196	1	32	3.99803	1	32	3.19732	1	28	0	0	0	0.0550015	0.05412	0.0556867	0.0550015	0.05423	0.05599	0.0989573	0.0961867	0.101667	0.0989569	0.0973667	0.10109	1.79918	1.79917	4.16057	
4.01014	1	28	4.00626	1	28	3.21464	1	28	0	0	0	0.0599671	0.0591933	0.0606667	0.0599677	0.0593167	0.0608333	0.107884	0.10628	0.110047	0.107884	0.10633	0.110247	1.79905	1.79903	4.1661	
4.01901	1	30	4.01393	1	30	3.22515	1	30	0	0	0	0.0650215	0.0644433	0.06613	0.0650215	0.0643067	0.06615	0.116787	0.114973	0.119243	0.116787	0.114763	0.11975	1.79613	1.79613	4.17325	
4.02472	1	28	4.0183	1	28	3.21852	1	24	0	0	0	0.0699785	0.0688767	0.0706767	0.0699788	0.0693367	0.07104	0.125762	0.123223	0.12785	0.125762	0.123577	0.129007	1.79715	1.79715	4.17322	
4.03911	1	32	4.03216	1	32	3.23392	1	28	0	0	0	0.0749754	0.0739667	0.0760933	0.0749754	0.0743267	0.0759933	0.134679	0.132943	0.137253	0.134679	0.132207	0.13744	1.79631	1.7963	4.1847	
4.05136	1	28	4.04193	1	28	3.24047	1	28	0	0	0	0.0799906	0.0789433	0.0806033	0.0799908	0.0791967	0.0808833	0.143754	0.1418	0.145303	0.143754	0.14093	0.14601	1.79713	1.79713	4.19005	
4.06042	1	32	4.05082	1	32	3.24958	1	28	0	0	0	0.0850135	0.0841767	0.08594	0.0850131	0.0843767	0.0859067	0.152908	0.15066	0.154753	0.152906	0.150483	0.154637	1.79864	1.79862	4.19489	
4.07537	1	32	4.0632	1	32	3.26501	1	31	0	0	0	0.0900248	0.0892033	0.09142	0.0900254	0.0891133	0.09116	0.16201	0.159603	0.16706	0.162011	0.15898	0.16389	1.79961	1.79961	4.19878	
4.08515	1	39	4.07039	1	32	3.27377	1	28	0	0	0	0.0950098	0.0942767	0.09608	0.0950106	0.0940267	0.0964067	0.170997	0.16884	0.173027	0.170998	0.16776	0.173433	1.79979	1.79978	4.2036	
4.09737	1	36	4.08109	1	36	3.27522	1	32	0	0	0	0.100001	0.0992933	0.10096	0.100001	0.09872	0.10145	0.180058	0.177937	0.182947	0.180059	0.17672	0.18333	1.80056	1.80057	4.21069	
4.11444	1	31	4.09674	1	31	3.29924	1	30	0	0	0	0.105056	0.104367	0.105867	0.105056	0.103987	0.106647	0.189182	0.1872	0.191547	0.189181	0.186237	0.192587	1.80077	1.80076	4.22077	
4.13112	1	36	4.10958	1	36	3.31099	1	36	0	0	0	0.110075	0.108663	0.11093	0.110076	0.10925	0.11175	0.198212	0.19493	0.200707	0.198213	0.196167	0.202417	1.80071	1.8007	4.2301	
4.14189	1	34	4.11768	1	34	3.3209	1	30	0	0	0	0.115057	0.113993	0.11592	0.115057	0.113953	0.11677	0.207168	0.20457	0.210507	0.207167	0.2041	0.21237	1.80056	1.80056	4.23462	
4.15961	1	40	4.13238	1	34	3.33458	1	30	0	0	0	0.120091	0.11929	0.121323	0.120092	0.119157	0.122063	0.216163	0.21313	0.21876	0.216167	0.213493	0.221263	1.8	1.80002	4.24576	
4.17557	1	34	4.14616	1	34	3.34812	1	31	0	0	0	0.125085	0.12432	0.126297	0.125086	0.123813	0.126907	0.22529	0.223193	0.229163	0.225289	0.222693	0.230323	1.80109	1.80108	4.25357	
4.18858	1	42	4.15544	1	42	3.35943	1	38	0	0	0	0.130036	0.12924	0.131267	0.130036	0.128733	0.131547	0.23412	0.231557	0.23707	0.234122	0.231667	0.23868	1.80043	1.80044	4.2604	
4.20682	1	32	4.16908	1	32	3.36798	1	32	0	0	0	0.135046	0.134093	0.136103	0.135047	0.13397	0.136863	0.243109	0.241307	0.245997	0.243108	0.241153	0.248143	1.80019	1.80018	4.26799	
4.22193	1	35	4.17851	1	35	3.38104	1	32	0	0	0	0.140089	0.13944	0.141097	0.140089	0.13869	0.142097	0.252135	0.24934	0.25455	0.252134	0.25004	0.257657	1.79982	1.79982	4.27479	
4.25266	1	40	4.20327	1	40	3.40075	1	36	0	0	0	0.145101	0.143857	0.14625	0.145101	0.143967	0.14687	0.261322	0.259377	0.263003	0.261324	0.259287	0.266137	1.80097	1.80097	4.29285	
4.26139	1	41	4.20561	1	40	3.40224	1	40	0	0	0	0.150073	0.148857	0.15121	0.150073	0.14875	0.15162	0.270177	0.26602	0.273463	0.270176	0.26766	0.274967	1.80031	1.80029	4.29145	
4.27929	1	38	4.22089	1	38	3.42281	1	34	0	0	0	0.155095	0.153963	0.155983	0.155096	0.153553	0.156497	0.279321	0.275037	0.28224	0.279324	0.276473	0.284243	1.80096	1.80098	4.30217	
4.29829	1	36	4.23004	1	36	3.42824	1	36	0	0	0	0.160132	0.159087	0.161083	0.160131	0.158517	0.161477	0.288289	0.285193	0.291183	0.288288	0.285423	0.29289	1.80032	1.80033	4.30752	
4.3249	1	41	4.25368	1	41	3.45118	1	38	0	0	0	0.165183	0.164203	0.166453	0.165183	0.163547	0.166557	0.297368	0.293813	0.300543	0.297368	0.294467	0.301823	1.80023	1.80024	4.32649	
4.34923	1	42	4.26743	1	42	3.4673	1	42	0	0	0	0.170181	0.169017	0.171337	0.17018	0.168733	0.17179	0.306336	0.302677	0.31067	0.306335	0.30321	0.311043	1.80006	1.80007	4.33595	
4.3697	1	48	4.27824	1	48	3.48042	1	44	0	0	0	0.175217	0.174117	0.176273	0.175217	0.173847	0.17675	0.315385	0.312637	0.31849	0.315385	0.312303	0.319443	1.79997	1.79997	4.34077	
4.39767	1	41	4.29827	1	40	3.50086	1	40	0	0	0	0.18028	0.178787	0.181217	0.180281	0.179097	0.181567	0.324327	0.32116	0.326523	0.324326	0.320703	0.328407	1.79901	1.799	4.35733	
4.41872	1	44	4.30875	1	44	3.51557	1	40	0	0	0	0.18528	0.18345	0.18669	0.185281	0.183917	0.187003	0.333208	0.331463	0.33741	0.33321	0.328717	0.337	1.7984	1.7984	4.36293	
4.44106	1	50	4.32398	1	40	3.52761	1	40	0	0	0	0.190258	0.18945	0.191683	0.190257	0.188933	0.1916	0.34208	0.339013	0.34423	0.342078	0.337773	0.34606	1.79798	1.79798	4.37608	
4.47642	1	45	4.34345	1	45	3.54871	1	41	0	0	0	0.195212	0.19321	0.1966	0.195213	0.193913	0.19685	0.350996	0.34645	0.353823	0.350996	0.34689	0.354703	1.79803	1.79802	4.39017	
4.50743	1	46	4.3613	1	40	3.56864	1	40	0	0	0	0.200214	0.19899	0.201843	0.200212	0.19862	0.20177	0.360125	0.35611	0.364773	0.360123	0.35498	0.363777	1.7987	1.79871	4.40005	
4.54389	1	44	4.38201	1	44	3.5849	1	42	0	0	0	0.205178	0.203447	0.206533	0.205178	0.203343	0.206597	0.369072	0.365927	0.371617	0.369074	0.363997	0.372773	1.79879	1.7988	4.41507	
4.56926	1	54	4.3923	1	46	3.59862	1	42	0	0	0	0.210146	0.209193	0.210833	0.210144	0.208207	0.211467	0.377912	0.37409	0.37995	0.377906	0.372417	0.381203	1.79833	1.79832	4.42085	
4.594	1	52	4.40732	1	45	3.60509	1	41	0	0	0	0.215113	0.214033	0.21652	0.215114	0.21349	0.21649	0.386873	0.383873	0.390327	0.38687	0.381583	0.38988	1.79846	1.79845	4.43087	
4.63204	1	46	4.42745	1	43	3.63012	1	43	0	0	0	0.220135	0.218983	0.22155	0.220136	0.218303	0.221567	0.395772	0.393563	0.397797	0.395772	0.390117	0.3988	1.79786	1.79785	4.44677	
4.67328	1	45	4.4474	1	45	3.65213	1	45	0	0	0	0.225164	0.224647	0.225963	0.225164	0.22333	0.226657	0.404797	0.402063	0.407097	0.404799	0.399807	0.407767	1.79779	1.7978	4.4592	
4.71261	1	55	4.4654	1	47	3.66721	1	47	0	0	0	0.230132	0.228587	0.232	0.230132	0.228147	0.231783	0.413767	0.408927	0.41791	0.413769	0.408693	0.416877	1.79796	1.79796	4.47281	
4.75814	1	56	4.48799	1	47	3.68874	1	43	0	0	0	0.23507	0.23383	0.23663	0.235071	0.233253	0.23685	0.422628	0.418507	0.42607	0.42263	0.41788	0.425557	1.79788	1.79788	4.48927	
4.79882	1	50	4.50471	1	44	3.7077	1	44	0	0	0	0.24003	0.238893	0.242187	0.24003	0.238263	0.241727	0.43155	0.427747	0.436627	0.431552	0.427077	0.434527	1.7979	1.79791	4.49919	
4.84447	1	55	4.52555	1	48	3.72589	1	48	0	0	0	0.24505	0.244253	0.246043	0.24505	0.24346	0.246743	0.440688	0.436627	0.444483	0.44069	0.43589	0.443357	1.79836	1.79836	4.5167	
4.90597	1	57	4.547	1	48	3.74751	1	48	0	0	0	0.249961	0.248477	0.25131	0.24996	0.24841	0.251763	0.449549	0.445797	0.452603	0.449545	0.445397	0.452243	1.79847	1.79847	4.52816	
4.94837	1	55	4.56535	1	47	3.76628	1	45	0	0	0	0.254964	0.25383	0.256647	0.254963	0.25351	0.256927	0.458597	0.45551	0.46243	0.458595	0.454403	0.461633	1.79868	1.79867	4.54042	
5.0093	1	76	4.58696	1	44	3.79147	1	44	0	0	0	0.259973	0.2587	0.261123	0.259976	0.25846	0.261463	0.467604	0.46453	0.470857	0.467608	0.46303	0.470613	1.79867	1.79866	4.55455	
5.05474	1	57	4.60604	1	48	3.80618	1	47	0	0	0	0.265002	0.26314	0.266663	0.265003	0.263273	0.26632	0.476581	0.4737	0.478723	0.476583	0.472487	0.48008	1.79841	1.79841	4.57056	
5.13051	1	61	4.63131	1	49	3.83484	1	49	0	0	0	0.270024	0.26872	0.271523	0.270021	0.268423	0.271373	0.485605	0.481313	0.491187	0.485598	0.481623	0.488507	1.79838	1.79837	4.58729	
5.19722	1	61	4.65407	1	48	3.852	1	48	0	0	0	0.275017	0.274063	0.276677	0.275017	0.273437	0.27668	0.494525	0.490707	0.49701	0.494525	0.49064	0.497613	1.79816	1.79816	4.60205	
5.27212	1	61	4.67512	1	44	3.8785	1	43	0	0	0	0.280041	0.278987	0.28115	0.28004	0.27853	0.282013	0.503516	0.49919	0.50723	0.503516	0.50048	0.507263	1.79801	1.79802	4.61844	
5.36856	1	59	4.70145	1	51	3.90241	1	51	0	0	0	0.285015	0.28285	0.286227	0.285016	0.283603	0.287003	0.512439	0.509477	0.517123	0.512441	0.50963	0.51614	1.79794	1.79794	4.63398	
5.4211	1	68	4.72067	1	46	3.91655	1	46	0	0	0	0.290035	0.288213	0.29115	0.290035	0.288327	0.292363	0.521427	0.518177	0.52464	0.521424	0.517837	0.526017	1.79781	1.7978	4.64745	
5.52421	1	61	4.74901	1	46	3.9504	1	46	0	0	0	0.295025	0.293633	0.29691	0.295024	0.293253	0.297367	0.530447	0.52501	0.53639	0.530445	0.527	0.534877	1.79797	1.79797	4.66744	
5.63097	1	66	4.77214	1	58	3.97449	1	58	0	0	0	0.300039	0.298963	0.301397	0.300036	0.297633	0.302247	0.539366	0.534617	0.545557	0.539361	0.53534	0.54306	1.79766	1.79766	4.68341	
5.71915	1	72	4.79674	1	60	3.99377	1	60	0	0	0	0.305054	0.30396	0.306623	0.305054	0.302197	0.306977	0.548402	0.545333	0.551867	0.548399	0.5434	0.551887	1.79772	1.79771	4.70023	
5.8415	1	77	4.8294	1	64	4.02906	1	61	0	0	0	0.310057	0.30876	0.311037	0.310058	0.30722	0.311847	0.557393	0.555433	0.56053	0.557397	0.552417	0.56142	1.79771	1.79772	4.72337	
5.94178	1	76	4.85055	1	63	4.04864	1	63	0	0	0	0.315018	0.3131	0.315813	0.31502	0.312307	0.316803	0.56651	0.56362	0.569487	0.566511	0.561713	0.570617	1.79834	1.79833	4.73609	
6.11371	1	71	4.88248	1	54	4.08247	1	50	0	0	0	0.319978	0.318667	0.321327	0.319978	0.317407	0.321707	0.575376	0.57096	0.578647	0.575375	0.570833	0.579307	1.79817	1.79817	4.75915	
6.25266	1	95	4.90536	1	56	4.1008	1	52	0	0	0	0.324963	0.323333	0.32657	0.324965	0.323083	0.326607	0.584288	0.579693	0.590617	0.584292	0.580013	0.58823	1.79801	1.79802	4.77609	
6.44677	1	100	4.93738	1	54	4.12988	1	50	0	0	0	0.329995	0.328477	0.331403	0.329995	0.328283	0.331563	0.593321	0.589803	0.597323	0.593321	0.589667	0.597213	1.79797	1.79797	4.79621	
6.58406	1	116	4.96281	1	53	4.15781	1	53	0	0	0	0.33498	0.33369	0.336843	0.334976	0.332953	0.33651	0.602199	0.596837	0.608647	0.602189	0.598893	0.606733	1.79772	1.7977	4.81467	
6.81574	1	89	4.99867	1	61	4.19428	1	58	0	0	0	0.339972	0.3384	0.341493	0.33998	0.33778	0.341587	0.611186	0.606573	0.61572	0.611197	0.607567	0.616453	1.79775	1.79774	4.839	
7.02946	1	95	5.02622	1	56	4.22436	1	55	0	0	0	0.344972	0.34323	0.347067	0.344964	0.342763	0.346703	0.620326	0.61706	0.624693	0.620312	0.616937	0.62553	1.79819	1.79819	4.85474	
7.30091	1	93	5.06118	1	62	4.25533	1	58	0	0	0	0.350013	0.348187	0.352047	0.350009	0.347753	0.351607	0.629309	0.624293	0.634783	0.629298	0.625767	0.634887	1.79796	1.79795	4.8796	
7.5584	1	91	5.09095	1	54	4.28492	1	54	0	0	0	0.354954	0.353333	0.35686	0.354957	0.352637	0.356587	0.638292	0.63419	0.642183	0.6383	0.634623	0.64397	1.79824	1.79824	4.9002	
7.77393	1	106	5.11842	1	69	4.3143	1	69	0	0	0	0.35996	0.35773	0.361793	0.359964	0.358003	0.361543	0.647306	0.642303	0.65166	0.647316	0.644043	0.65254	1.79827	1.79828	4.91869	
8.15484	1	108	5.14549	1	63	4.33997	1	63	0	0	0	0.364936	0.363277	0.366163	0.364943	0.362913	0.366453	0.656224	0.650983	0.659817	0.656234	0.65274	0.661887	1.79819	1.79818	4.93607	
8.59812	1	126	5.187	1	57	4.38491	1	57	0	0	0	0.369957	0.368493	0.371237	0.369964	0.368	0.371413	0.665191	0.659613	0.66898	0.665201	0.661447	0.670687	1.79802	1.79802	4.96579	
9.0533	1	144	5.2164	1	59	4.40919	1	57	0	0	0	0.374921	0.373173	0.376247	0.37492	0.372757	0.37672	0.674083	0.66984	0.677047	0.674077	0.670147	0.67996	1.79793	1.79792	4.98119	
9.58116	1	130	5.24601	1	62	4.43917	1	58	0	0	0	0.379932	0.37863	0.381637	0.379941	0.377517	0.381583	0.683162	0.678603	0.68721	0.683186	0.678573	0.688743	1.79812	1.79814	4.99922	
10.2454	1	157	5.29401	1	60	4.49101	1	60	0	0	0	0.384976	0.38337	0.386727	0.384976	0.382383	0.386743	0.692235	0.688357	0.69705	0.692236	0.687503	0.69788	1.79813	1.79813	5.03262	
10.9991	1	177	5.32686	1	61	4.51959	1	61	0	0	0	0.389952	0.38869	0.39126	0.38995	0.387597	0.392163	0.701052	0.69886	0.705543	0.701046	0.69593	0.706987	1.79779	1.79778	5.05555	
11.8979	1	178	5.36092	1	74	4.55697	1	74	0	0	0	0.395009	0.393167	0.397207	0.395008	0.392747	0.396777	0.710141	0.7045	0.715577	0.710141	0.705073	0.71639	1.79778	1.79779	5.07745	
12.9396	1	301	5.40367	1	67	4.59868	1	66	0	0	0	0.399829	0.397825	0.4019	0.39984	0.397595	0.401235	0.71891	0.715205	0.722692	0.718924	0.714505	0.724565	1.79804	1.79803	5.10357	
14.2166	1	184	5.43888	1	73	4.63834	1	73	0	0	0	0.405089	0.40309	0.406393	0.40509	0.40292	0.4067	0.728214	0.72333	0.731237	0.728218	0.72316	0.734257	1.79766	1.79767	5.12636	
16.4165	1	274	5.48245	1	75	4.68552	1	75	0	0	0	0.410108	0.408213	0.411807	0.410106	0.407943	0.41198	0.737305	0.733977	0.74122	0.737306	0.731717	0.74299	1.79783	1.79784	5.14917	
18.3122	1	293	5.52184	1	60	4.7145	1	60	0	0	0	0.415085	0.4142	0.416767	0.415087	0.412963	0.416883	0.746271	0.74253	0.750153	0.746277	0.7419	0.751983	1.79788	1.79788	5.17679	
21.3078	1	359	5.56119	1	69	4.75604	1	67	0	0	0	0.419946	0.418776	0.420528	0.419949	0.418282	0.421088	0.755537	0.753384	0.758064	0.755547	0.751914	0.758486	1.79913	1.79914	5.19784	
25.6584	1	443	5.60124	1	71	4.79922	1	71	0	0	0	0.424891	0.423528	0.426208	0.42489	0.422667	0.426407	0.76419	0.760308	0.768778	0.764195	0.7603	0.76964	1.79856	1.79857	5.22423	
33.3523	1	452	5.64874	1	68	4.84608	1	68	0	0	0	0.429885	0.428762	0.43119	0.4299	0.427777	0.431457	0.773227	0.769395	0.778465	0.773257	0.76915	0.779385	1.79868	1.79869	5.25238	
83.3555	1	2322	5.6949	1	88	4.89674	1	84	0	0	0	0.434803	0.433186	0.436023	0.434751	0.43337	0.436219	0.782717	0.779409	0.786189	0.782626	0.778026	0.786584	1.80017	1.80017	5.279	
483.451	1	11642	5.73094	1	81	4.93379	1	81	0	0	0	0.439811	0.43903	0.440757	0.439484	0.43813	0.440866	0.791717	0.789394	0.793877	0.791133	0.786507	0.79504	1.80013	1.80014	5.29994	
