5.67266	1	27	5.67262	1	27	4.87099	1	24	0	0	0	0.00500944	0.00481333	0.00537	0.00500963	0.00476667	0.00527667	0.00902426	0.00836	0.0097	0.00902444	0.00841	0.00979	1.80145	1.80142	5.86574	
5.69105	1	28	5.69086	1	28	4.90129	1	27	0	0	0	0.0100156	0.00958	0.0103633	0.0100158	0.00966	0.01036	0.0179669	0.0170767	0.01929	0.0179673	0.0169767	0.0188133	1.79389	1.79389	5.88686	
5.71813	1	34	5.71776	1	29	4.9116	1	27	0	0	0	0.0150248	0.0147433	0.0153633	0.0150248	0.01453	0.0155933	0.0270787	0.02621	0.0282267	0.0270785	0.0256767	0.0281133	1.80227	1.80225	5.89962	
5.73641	1	30	5.73563	1	30	4.93957	1	28	0	0	0	0.0200294	0.0195733	0.0204833	0.0200293	0.0194367	0.02046	0.0361017	0.03482	0.03747	0.0361015	0.0348833	0.03697	1.80243	1.80244	5.91338	
5.7582	1	28	5.75704	1	28	4.95156	1	28	0	0	0	0.0250398	0.02455	0.02571	0.0250397	0.0243567	0.02568	0.045065	0.0431633	0.04679	0.0450644	0.0436767	0.0462867	1.79973	1.79971	5.93142	
5.78591	1	32	5.78421	1	32	4.98088	1	28	0	0	0	0.0300205	0.0293167	0.03071	0.0300204	0.02932	0.0309767	0.053939	0.05216	0.05671	0.0539383	0.05198	0.0562167	1.79674	1.79672	5.95693	
5.80059	1	44	5.79818	1	44	4.99924	1	44	0	0	0	0.0350522	0.0343233	0.0359	0.0350524	0.0344567	0.03582	0.0629789	0.0616333	0.0645833	0.0629796	0.0608567	0.0645933	1.79672	1.79673	5.96491	
5.84719	1	46	5.84411	1	46	5.04557	1	44	0	0	0	0.040068	0.0390933	0.0406967	0.0400677	0.0391033	0.0408333	0.0720991	0.0704867	0.0734233	0.0720981	0.06957	0.0736733	1.79942	1.79941	6.00228	
5.86326	1	44	5.85884	1	44	5.05103	1	44	0	0	0	0.0450581	0.0442933	0.0457767	0.0450576	0.0440967	0.04587	0.0811127	0.0797533	0.0828533	0.0811117	0.0784967	0.08297	1.80018	1.80018	6.01111	
5.89677	1	41	5.8909	1	41	5.08985	1	41	0	0	0	0.0500217	0.0487567	0.0509467	0.0500217	0.0493733	0.0507833	0.0900502	0.0881833	0.09202	0.0900514	0.0883467	0.0917	1.80022	1.80025	6.037	
5.93227	1	47	5.92507	1	47	5.12104	1	43	0	0	0	0.0550323	0.0539667	0.0556767	0.0550321	0.0542733	0.05593	0.0991091	0.0962733	0.10075	0.0991093	0.0976	0.10056	1.80093	1.80093	6.0642	
5.96185	1	44	5.95288	1	44	5.15413	1	44	0	0	0	0.0600379	0.0593933	0.0606533	0.0600382	0.0591267	0.06096	0.108072	0.106227	0.109853	0.108073	0.106	0.110067	1.80006	1.80006	6.08744	
5.99724	1	48	5.98604	1	48	5.17845	1	48	0	0	0	0.0650536	0.06429	0.06615	0.0650531	0.06385	0.06621	0.117117	0.115213	0.119887	0.117116	0.11533	0.12005	1.80032	1.80031	6.11369	
6.02533	1	44	6.01266	1	44	5.20893	1	44	0	0	0	0.0700849	0.0689333	0.07118	0.0700854	0.06876	0.0712	0.126167	0.122813	0.1305	0.126168	0.124187	0.129033	1.8002	1.8002	6.13421	
6.0576	1	44	6.04278	1	44	5.2396	1	44	0	0	0	0.0750781	0.0741533	0.0764	0.075078	0.0737567	0.0762933	0.135155	0.133503	0.1391	0.135155	0.132967	0.138167	1.80019	1.8002	6.1589	
6.09537	1	49	6.07716	1	49	5.27665	1	45	0	0	0	0.0800624	0.0790333	0.08136	0.0800628	0.0786933	0.08127	0.14403	0.141993	0.147117	0.144031	0.14128	0.147383	1.79897	1.79897	6.18693	
6.12057	1	49	6.09979	1	49	5.29497	1	45	0	0	0	0.085074	0.08423	0.0861	0.0850746	0.0840733	0.0861933	0.152955	0.150533	0.155413	0.152957	0.14969	0.15735	1.7979	1.79791	6.20589	
6.16271	1	49	6.13733	1	49	5.3394	1	45	0	0	0	0.0900288	0.0886833	0.09116	0.0900286	0.0887433	0.0913267	0.161933	0.159097	0.16421	0.161932	0.15885	0.165367	1.79868	1.79868	6.2335	
6.1908	1	49	6.16165	1	49	5.35546	1	49	0	0	0	0.0949906	0.0940733	0.0958	0.0949919	0.0939733	0.09609	0.170812	0.16884	0.173533	0.170815	0.167713	0.17434	1.7982	1.79821	6.25334	
6.23117	1	51	6.19804	1	51	5.39874	1	47	0	0	0	0.0999519	0.0989267	0.101233	0.0999525	0.09896	0.100933	0.179701	0.17786	0.182513	0.179702	0.177043	0.18279	1.79788	1.79787	6.28269	
6.277	1	50	6.23843	1	50	5.44184	1	50	0	0	0	0.104957	0.10329	0.106063	0.104958	0.103597	0.106207	0.188719	0.183857	0.192097	0.18872	0.1856	0.191727	1.79805	1.79805	6.31654	
6.30659	1	52	6.26312	1	52	5.46705	1	52	0	0	0	0.109978	0.10837	0.111287	0.109978	0.10896	0.11111	0.197757	0.194433	0.20158	0.197756	0.194687	0.200527	1.79815	1.79815	6.33344	
6.35403	1	48	6.30379	1	48	5.50725	1	47	0	0	0	0.114971	0.114233	0.115927	0.114972	0.113957	0.116063	0.206789	0.20462	0.20985	0.206791	0.204023	0.209907	1.79862	1.79863	6.36579	
6.39891	1	56	6.34079	1	56	5.53557	1	56	0	0	0	0.119963	0.118933	0.121267	0.119962	0.118863	0.12093	0.215744	0.213673	0.218337	0.215742	0.21322	0.218877	1.79841	1.79842	6.39562	
6.44126	1	60	6.37534	1	60	5.56866	1	60	0	0	0	0.12496	0.124007	0.126467	0.12496	0.123623	0.126063	0.22467	0.221757	0.227573	0.224671	0.221603	0.228197	1.79794	1.79794	6.42252	
6.48305	1	55	6.40907	1	52	5.6112	1	51	0	0	0	0.129951	0.1285	0.131707	0.12995	0.128843	0.13084	0.233679	0.230983	0.237067	0.233677	0.230867	0.236437	1.79821	1.7982	6.45024	
6.53016	1	64	6.44743	1	64	5.64728	1	64	0	0	0	0.134938	0.132837	0.13634	0.134938	0.133733	0.136113	0.242565	0.23857	0.246477	0.242564	0.23957	0.245393	1.79761	1.7976	6.48119	
6.58679	1	51	6.49409	1	51	5.69176	1	51	0	0	0	0.139974	0.138413	0.141527	0.139973	0.13873	0.141313	0.251717	0.248757	0.255927	0.251717	0.249313	0.25495	1.79832	1.79832	6.51641	
6.63218	1	66	6.52806	1	65	5.72431	1	65	0	0	0	0.144993	0.143973	0.146357	0.144993	0.143863	0.146273	0.260677	0.257997	0.26469	0.260676	0.257533	0.26414	1.79786	1.79785	6.54322	
6.68588	1	67	6.56919	1	67	5.76518	1	63	0	0	0	0.150014	0.148767	0.15161	0.150013	0.148993	0.151407	0.26966	0.266963	0.273637	0.269657	0.266773	0.27388	1.79757	1.79756	6.5749	
6.74232	1	64	6.61269	1	64	5.8053	1	63	0	0	0	0.155007	0.154067	0.156567	0.155008	0.15401	0.156447	0.278695	0.27478	0.28164	0.278695	0.275513	0.28279	1.79795	1.79794	6.61	
6.7966	1	64	6.65116	1	64	5.84396	1	64	0	0	0	0.160027	0.158423	0.161443	0.160026	0.158953	0.161433	0.287781	0.28443	0.291333	0.28778	0.28509	0.2917	1.79832	1.79833	6.63868	
6.86215	1	79	6.69546	1	79	5.885	1	75	0	0	0	0.165054	0.163497	0.166517	0.165052	0.16409	0.16664	0.296749	0.29227	0.30058	0.296748	0.293577	0.30151	1.79789	1.7979	6.67185	
6.91573	1	59	6.73395	1	59	5.92439	1	55	0	0	0	0.170043	0.168767	0.171523	0.170043	0.169003	0.171303	0.30578	0.30196	0.308907	0.305781	0.30249	0.310487	1.79825	1.79826	6.70277	
6.98175	1	71	6.78241	1	71	5.9758	1	71	0	0	0	0.175029	0.173657	0.176527	0.175028	0.173753	0.176417	0.314646	0.31122	0.31796	0.314646	0.311597	0.319643	1.79768	1.79769	6.74226	
7.04758	1	64	6.82205	1	64	6.01339	1	62	0	0	0	0.180067	0.178727	0.181527	0.180066	0.17888	0.181747	0.323696	0.319473	0.327477	0.323693	0.32042	0.328933	1.79764	1.79764	6.77128	
7.11736	1	76	6.86869	1	76	6.05842	1	72	0	0	0	0.185055	0.183543	0.187057	0.185056	0.18364	0.186813	0.332704	0.329007	0.33915	0.332704	0.330013	0.33784	1.79786	1.79786	6.80678	
7.18916	1	69	6.9114	1	69	6.10432	1	69	0	0	0	0.190055	0.18884	0.19198	0.190054	0.188523	0.191823	0.341738	0.338803	0.345173	0.341735	0.338893	0.347143	1.7981	1.79809	6.83832	
7.27835	1	65	6.96404	1	64	6.15469	1	64	0	0	0	0.195036	0.19355	0.196373	0.195035	0.19395	0.19686	0.350767	0.34755	0.35478	0.350766	0.348173	0.356207	1.79848	1.79848	6.87802	
7.35311	1	77	7.00673	1	77	6.19325	1	77	0	0	0	0.20004	0.198487	0.201357	0.200038	0.199103	0.201377	0.359774	0.356763	0.363087	0.35977	0.35713	0.364483	1.79851	1.79851	6.91088	
7.43663	1	71	7.0556	1	71	6.24223	1	71	0	0	0	0.205014	0.20302	0.20652	0.205013	0.203927	0.206427	0.368754	0.364733	0.372213	0.368753	0.365183	0.37307	1.79868	1.79868	6.94783	
7.54105	1	67	7.11429	1	67	6.30369	1	67	0	0	0	0.210012	0.207983	0.211307	0.210011	0.208833	0.211263	0.377687	0.373273	0.380663	0.377685	0.374697	0.382783	1.79841	1.7984	6.992	
7.61799	1	78	7.15319	1	78	6.3433	1	74	0	0	0	0.215014	0.213137	0.216643	0.215013	0.213703	0.216547	0.386696	0.382117	0.391037	0.386698	0.3837	0.392933	1.79847	1.79848	7.01999	
7.74474	1	85	7.21493	1	85	6.39613	1	81	0	0	0	0.22001	0.217873	0.221443	0.22001	0.218803	0.22168	0.395713	0.393053	0.400143	0.395715	0.39208	0.40217	1.79861	1.79862	7.06625	
7.84156	1	76	7.26116	1	71	6.44502	1	71	0	0	0	0.225003	0.223097	0.227323	0.225002	0.223493	0.226997	0.404714	0.39975	0.409843	0.404712	0.401107	0.411477	1.7987	1.7987	7.10099	
7.96431	1	76	7.31837	1	76	6.49865	1	76	0	0	0	0.229991	0.22858	0.23186	0.22999	0.22844	0.23197	0.413713	0.410183	0.417063	0.413713	0.410173	0.42107	1.79882	1.79883	7.14252	
8.08576	1	78	7.36511	1	77	6.54743	1	73	0	0	0	0.234977	0.232753	0.23683	0.234977	0.23371	0.237127	0.422807	0.41897	0.428337	0.422808	0.41896	0.430247	1.79935	1.79936	7.17428	
8.23459	1	79	7.42206	1	69	6.60381	1	69	0	0	0	0.239974	0.238357	0.241893	0.239974	0.23851	0.24214	0.43185	0.427963	0.43553	0.431849	0.42857	0.439267	1.79957	1.79956	7.21526	
8.39059	1	78	7.48965	1	77	6.67421	1	77	0	0	0	0.245002	0.243273	0.246437	0.245	0.24341	0.247417	0.440908	0.436773	0.44694	0.440906	0.436927	0.448753	1.79961	1.79962	7.26712	
8.53691	1	88	7.54155	1	88	6.71748	1	88	0	0	0	0.249998	0.248337	0.251723	0.249997	0.248393	0.252003	0.449973	0.445773	0.454517	0.449969	0.446017	0.457787	1.7999	1.7999	7.30328	
8.72925	1	102	7.59939	1	97	6.77762	1	93	0	0	0	0.254989	0.253587	0.256213	0.25499	0.253193	0.25678	0.458966	0.455963	0.463193	0.45897	0.4543	0.4667	1.79994	1.79995	7.34319	
8.9093	1	109	7.65669	1	79	6.834	1	79	0	0	0	0.260028	0.257863	0.26172	0.260026	0.257947	0.26185	0.468043	0.463033	0.472427	0.468042	0.462173	0.475537	1.79997	1.79998	7.38098	
9.11216	1	97	7.72027	1	81	6.894	1	81	0	0	0	0.265043	0.263033	0.266827	0.265039	0.263007	0.26675	0.477219	0.47344	0.482867	0.477211	0.47142	0.483187	1.80053	1.80053	7.42612	
9.35317	1	99	7.77415	1	81	6.94893	1	77	0	0	0	0.270057	0.267837	0.272223	0.270056	0.267863	0.271813	0.486352	0.480563	0.492557	0.48635	0.479937	0.49237	1.80092	1.80092	7.46227	
9.65982	1	99	7.84403	1	99	7.02231	1	99	0	0	0	0.275054	0.273117	0.276673	0.275048	0.272937	0.276953	0.495317	0.489917	0.49931	0.495306	0.490187	0.50075	1.8008	1.8008	7.50991	
9.95781	1	106	7.91473	1	82	7.0866	1	82	0	0	0	0.280032	0.278193	0.281973	0.280028	0.278083	0.282277	0.50427	0.499767	0.509557	0.504265	0.498657	0.510167	1.80076	1.80077	7.55869	
10.2657	1	104	7.97416	1	78	7.14912	1	78	0	0	0	0.284989	0.283087	0.286957	0.284984	0.282883	0.28682	0.51318	0.509597	0.51684	0.513167	0.507237	0.518963	1.8007	1.80069	7.59714	
10.6447	1	133	8.04595	1	86	7.21709	1	82	0	0	0	0.289954	0.28736	0.29219	0.289949	0.28802	0.29171	0.522195	0.515267	0.525813	0.522187	0.51616	0.526603	1.80096	1.80096	7.64613	
10.994	1	118	8.10514	1	83	7.26688	1	83	0	0	0	0.294998	0.293597	0.296197	0.294992	0.292367	0.296823	0.531287	0.528073	0.535893	0.531276	0.523553	0.5354	1.80098	1.80099	7.68362	
11.5305	1	115	8.17706	1	81	7.34145	1	79	0	0	0	0.299987	0.298603	0.301757	0.299985	0.29758	0.301663	0.540268	0.53642	0.546413	0.540264	0.53282	0.544573	1.80097	1.80097	7.73014	
12.1875	1	152	8.25691	1	81	7.42796	1	79	0	0	0	0.304968	0.30381	0.306113	0.304969	0.30248	0.306773	0.54917	0.545257	0.55547	0.549173	0.54176	0.55351	1.80074	1.80075	7.78227	
12.8382	1	131	8.32246	1	86	7.4908	1	86	0	0	0	0.309956	0.30863	0.31171	0.30995	0.30746	0.31161	0.558222	0.551857	0.563367	0.558205	0.55038	0.562477	1.80097	1.80095	7.82268	
13.5632	1	158	8.39528	1	114	7.56421	1	114	0	0	0	0.314953	0.313787	0.316497	0.314953	0.312103	0.31688	0.567104	0.56321	0.572703	0.567101	0.558247	0.571827	1.8006	1.80059	7.8666	
14.5626	1	171	8.46972	1	93	7.63436	1	93	0	0	0	0.319973	0.317903	0.32173	0.319973	0.317457	0.32199	0.576162	0.571353	0.58171	0.576163	0.568387	0.580673	1.80066	1.80066	7.91226	
15.8409	1	194	8.553	1	95	7.71947	1	95	0	0	0	0.324962	0.32338	0.32659	0.324961	0.32245	0.327017	0.585205	0.580163	0.592547	0.5852	0.577537	0.58967	1.80084	1.80083	7.96255	
17.5215	1	245	8.64051	1	98	7.8046	1	98	0	0	0	0.329943	0.32771	0.331607	0.329939	0.32728	0.332	0.594233	0.58903	0.59867	0.594228	0.586557	0.598663	1.80102	1.80103	8.01493	
19.5092	1	325	8.72601	1	94	7.89275	1	94	0	0	0	0.33491	0.333053	0.336577	0.33491	0.332463	0.337113	0.603167	0.59966	0.607147	0.603169	0.59635	0.60732	1.80098	1.80099	8.06526	
22.1287	1	237	8.81147	1	86	7.98178	1	84	0	0	0	0.339897	0.338687	0.341427	0.339896	0.337287	0.34195	0.612167	0.60741	0.61504	0.612162	0.604727	0.616463	1.80103	1.80103	8.11168	
26.3767	1	332	8.90244	1	111	8.07263	1	111	0	0	0	0.344997	0.343297	0.346923	0.344997	0.34268	0.347275	0.620957	0.617332	0.626583	0.620955	0.615692	0.625375	1.79989	1.79988	8.16346	
32.6625	1	342	9.00889	1	113	8.17961	1	113	0	0	0	0.349898	0.34771	0.351407	0.349904	0.347257	0.351693	0.630219	0.623853	0.63571	0.630234	0.62143	0.634347	1.80115	1.80116	8.2207	
42.9276	1	497	9.10351	1	106	8.2749	1	106	0	0	0	0.354895	0.352887	0.357917	0.354893	0.352493	0.356963	0.639027	0.634837	0.64413	0.639011	0.630227	0.642927	1.80061	1.80057	8.27019	
68.0138	1	704	9.20946	1	108	8.3785	1	108	0	0	0	0.359899	0.35784	0.361253	0.359929	0.357627	0.361797	0.647981	0.642693	0.652327	0.648032	0.639473	0.652767	1.80045	1.80045	8.32357	
561.816	1	15036	9.3469	1	137	8.52657	1	133	0	0	0	0.364988	0.363696	0.366347	0.364755	0.363371	0.366893	0.65714	0.654877	0.65951	0.656733	0.651744	0.661456	1.80045	1.80048	8.39177	
