14.9667	1	70	14.9667	1	70	14.1604	1	70	0	0	0	0.00498339	0.00460333	0.00538667	0.00498346	0.00455667	0.00546667	0.0089563	0.00821667	0.00986667	0.00895643	0.00789	0.00981	1.79723	1.79723	15.1638	
17.9164	1	187	17.6337	1	187	16.8242	1	187	0	0	0	0.169982	0.16839	0.171893	0.16998	0.167097	0.171747	0.305826	0.299963	0.31143	0.305824	0.301567	0.312023	1.79917	1.79918	17.5505	
18.1981	1	211	17.8455	1	211	17.0339	1	211	0	0	0	0.179982	0.17798	0.182083	0.179981	0.177253	0.18199	0.323818	0.31814	0.328417	0.323816	0.319483	0.329667	1.79917	1.79917	17.7368	
18.5002	1	209	18.0598	1	209	17.2514	1	209	0	0	0	0.18996	0.187713	0.191863	0.189959	0.187267	0.19176	0.341715	0.336363	0.346783	0.341714	0.337527	0.347327	1.79888	1.79889	17.9244	
18.8476	1	218	18.2963	1	218	17.4835	1	218	0	0	0	0.199974	0.19831	0.20187	0.199973	0.197273	0.201503	0.35981	0.354907	0.36456	0.359808	0.35588	0.365027	1.79928	1.79928	18.1304	
19.2147	1	210	18.526	1	209	17.7077	1	209	0	0	0	0.209974	0.207767	0.21207	0.209974	0.2076	0.211823	0.377791	0.370473	0.382073	0.377789	0.372637	0.383103	1.79922	1.79922	18.3282	
19.6324	1	244	18.7646	1	243	17.9486	1	243	0	0	0	0.219993	0.218353	0.222333	0.219992	0.217807	0.221917	0.395841	0.39064	0.40244	0.39584	0.390377	0.400533	1.79934	1.79934	18.5314	
20.1092	1	214	19.018	1	213	18.1983	1	213	0	0	0	0.229992	0.227607	0.232167	0.229992	0.22747	0.232263	0.413887	0.408027	0.42042	0.413888	0.409227	0.41926	1.79957	1.79958	18.7481	
20.6599	1	251	19.2759	1	251	18.4505	1	251	0	0	0	0.239993	0.23768	0.241783	0.239992	0.23721	0.24265	0.431894	0.42694	0.43712	0.431892	0.426713	0.43767	1.79961	1.79961	18.9659	
21.3143	1	255	19.5331	1	255	18.7076	1	255	0	0	0	0.25001	0.24766	0.25191	0.250009	0.247467	0.252397	0.44993	0.444347	0.455793	0.449929	0.445213	0.456157	1.79965	1.79965	19.1786	
22.1349	1	270	19.8175	1	257	18.989	1	257	0	0	0	0.260026	0.258207	0.262287	0.260026	0.257507	0.26263	0.467997	0.46099	0.473107	0.467997	0.463253	0.474217	1.79981	1.79981	19.4138	
23.1303	1	246	20.087	1	228	19.2518	1	228	0	0	0	0.270017	0.267937	0.2724	0.270016	0.26758	0.272403	0.485957	0.48078	0.490887	0.485958	0.480587	0.492603	1.79973	1.79974	19.6327	
24.49	1	259	20.3803	1	224	19.5457	1	222	0	0	0	0.280016	0.278103	0.28299	0.280018	0.27786	0.282533	0.503957	0.497733	0.511083	0.503961	0.497747	0.511013	1.79975	1.79975	19.8676	
26.4055	1	274	20.6779	1	265	19.8388	1	261	0	0	0	0.290022	0.28751	0.292563	0.290021	0.288113	0.292853	0.522	0.515587	0.528123	0.521997	0.51554	0.52895	1.79986	1.79986	20.1017	
29.4872	1	334	20.9971	1	287	20.1592	1	287	0	0	0	0.300016	0.297723	0.302303	0.30002	0.297907	0.303	0.540008	0.53431	0.546087	0.540014	0.53446	0.547333	1.79993	1.79993	20.3494	
35.1915	1	501	21.3131	1	266	20.4756	1	266	0	0	0	0.310031	0.307737	0.312257	0.310032	0.307387	0.31299	0.558069	0.55126	0.56413	0.558069	0.55262	0.564883	1.80004	1.80004	20.5867	
51.7171	1	1128	21.6215	1	299	20.7877	1	299	0	0	0	0.320039	0.316353	0.322273	0.32004	0.317147	0.323187	0.57606	0.56902	0.581337	0.576061	0.570847	0.583363	1.79997	1.79997	20.8125	
1727.73	1	28123	21.9069	1	367	21.0648	1	363	0	0	0	0.330002	0.328334	0.331417	0.329235	0.326967	0.331057	0.593948	0.589709	0.59845	0.59256	0.588244	0.596997	1.79983	1.79981	21.0241	
