5.30947	1	27	5.30945	1	27	4.51673	1	24	0	0	0	0.00500944	0.00481333	0.00537	0.00500954	0.00476667	0.00527667	0.00902426	0.00836	0.0097	0.00902435	0.00841	0.00979	1.80145	1.80143	5.50512	
5.30982	1	29	5.30978	1	29	4.51791	1	29	0	0	0	0.0100156	0.00958	0.0103633	0.0100158	0.00966	0.01036	0.0179669	0.0170767	0.01929	0.0179673	0.0169767	0.0188133	1.79389	1.79389	5.5089	
5.32632	1	29	5.32597	1	28	4.52384	1	26	0	0	0	0.0150248	0.0147433	0.0153633	0.0150249	0.01453	0.0155933	0.0270787	0.02621	0.0282267	0.0270786	0.0256767	0.0281133	1.80227	1.80225	5.5134	
5.33615	1	30	5.33577	1	30	4.53208	1	30	0	0	0	0.0200294	0.0195733	0.0204833	0.0200293	0.0194367	0.02046	0.0361017	0.03482	0.03747	0.0361015	0.0348833	0.03697	1.80243	1.80244	5.51964	
5.33966	1	44	5.33916	1	44	4.53556	1	40	0	0	0	0.0250398	0.02455	0.02571	0.0250397	0.0243567	0.02568	0.045065	0.0431633	0.04679	0.0450644	0.0436767	0.0462867	1.79973	1.79971	5.52277	
5.35019	1	32	5.34897	1	32	4.54887	1	29	0	0	0	0.0300205	0.0293167	0.03071	0.0300204	0.02932	0.0309767	0.053939	0.05216	0.05671	0.0539383	0.05198	0.0562167	1.79674	1.79672	5.53217	
5.3575	1	40	5.35584	1	40	4.5573	1	40	0	0	0	0.0350522	0.0343233	0.0359	0.0350522	0.0344567	0.03582	0.0629789	0.0616333	0.0645833	0.0629791	0.0608567	0.0645933	1.79672	1.79672	5.5345	
5.38428	1	44	5.38238	1	44	4.5813	1	42	0	0	0	0.040068	0.0390933	0.0406967	0.0400677	0.0391033	0.0408333	0.0720991	0.0704867	0.0734233	0.0720982	0.06957	0.0736733	1.79942	1.79941	5.5556	
5.39364	1	40	5.39108	1	40	4.58295	1	40	0	0	0	0.0450581	0.0442933	0.0457767	0.0450578	0.0440967	0.04587	0.0811127	0.0797533	0.0828533	0.0811119	0.0784967	0.08297	1.80018	1.80017	5.5602	
5.4126	1	44	5.40906	1	44	4.60937	1	41	0	0	0	0.0500217	0.0487567	0.0509467	0.0500213	0.04937	0.0507833	0.0900502	0.0881833	0.09202	0.0900506	0.0883433	0.0917033	1.80022	1.80024	5.57395	
5.42782	1	47	5.42384	1	47	4.6211	1	43	0	0	0	0.0550323	0.0539667	0.0556767	0.0550322	0.0542733	0.05593	0.0991091	0.0962733	0.10075	0.0991095	0.0976	0.10056	1.80093	1.80094	5.58481	
5.44273	1	60	5.43782	1	60	4.63799	1	60	0	0	0	0.0600379	0.0593933	0.0606533	0.0600382	0.0591267	0.06096	0.108072	0.106227	0.109853	0.108073	0.106	0.110067	1.80006	1.80006	5.59629	
5.46262	1	44	5.45652	1	44	4.65294	1	44	0	0	0	0.0650536	0.06429	0.06615	0.0650532	0.06385	0.06621	0.117117	0.115213	0.119887	0.117116	0.11533	0.12005	1.80032	1.80031	5.60928	
5.48361	1	44	5.47668	1	44	4.67559	1	42	0	0	0	0.0700849	0.0689333	0.07118	0.0700856	0.06876	0.0712067	0.126167	0.122813	0.1305	0.126168	0.124177	0.129037	1.8002	1.8002	5.62616	
5.49534	1	48	5.48729	1	48	4.68679	1	44	0	0	0	0.0750781	0.0741533	0.0764	0.0750779	0.0737567	0.0762933	0.135155	0.133503	0.1391	0.135156	0.132967	0.138167	1.80019	1.80021	5.63356	
5.51879	1	46	5.50864	1	46	4.71036	1	42	0	0	0	0.0800624	0.0790333	0.08136	0.0800628	0.0786933	0.08127	0.14403	0.141993	0.147117	0.144031	0.14128	0.147383	1.79897	1.79897	5.65189	
5.52918	1	70	5.51816	1	70	4.71492	1	66	0	0	0	0.085074	0.08423	0.0861	0.0850744	0.0840733	0.0861933	0.152955	0.150533	0.155413	0.152956	0.14969	0.157347	1.7979	1.79791	5.65934	
5.5506	1	50	5.53666	1	50	4.74029	1	47	0	0	0	0.0900288	0.0886833	0.09116	0.0900289	0.0887433	0.0913267	0.161933	0.159097	0.16421	0.161933	0.15885	0.165367	1.79868	1.79867	5.67281	
5.56991	1	49	5.5544	1	49	4.75121	1	48	0	0	0	0.0949906	0.0940733	0.0958	0.0949913	0.0939733	0.09609	0.170812	0.16884	0.173533	0.170814	0.167713	0.17434	1.7982	1.79821	5.68653	
5.58445	1	54	5.56745	1	54	4.77275	1	50	0	0	0	0.0999519	0.0989267	0.101233	0.0999531	0.09896	0.100933	0.179701	0.17786	0.182513	0.179702	0.177043	0.18279	1.79788	1.79787	5.69735	
5.61628	1	52	5.59611	1	52	4.80309	1	52	0	0	0	0.104957	0.10329	0.106063	0.104958	0.103597	0.106207	0.188719	0.183857	0.192097	0.18872	0.1856	0.191727	1.79805	1.79805	5.72046	
5.63022	1	50	5.60693	1	50	4.81199	1	49	0	0	0	0.109978	0.10837	0.111287	0.109978	0.10896	0.11111	0.197757	0.194433	0.20158	0.197756	0.19469	0.200523	1.79815	1.79815	5.72772	
5.66223	1	49	5.63523	1	49	4.83834	1	49	0	0	0	0.114971	0.114233	0.115927	0.114971	0.113957	0.116063	0.206789	0.20462	0.20985	0.20679	0.20402	0.209907	1.79862	1.79863	5.75084	
5.683	1	51	5.65369	1	51	4.85289	1	47	0	0	0	0.119963	0.118933	0.121267	0.119962	0.118863	0.120933	0.215744	0.213673	0.218337	0.215742	0.21322	0.21888	1.79841	1.79842	5.76548	
5.70753	1	59	5.67452	1	59	4.87235	1	59	0	0	0	0.12496	0.124007	0.126467	0.12496	0.123623	0.126063	0.22467	0.221757	0.227573	0.22467	0.221603	0.228197	1.79794	1.79794	5.78213	
5.72951	1	53	5.69135	1	53	4.89396	1	53	0	0	0	0.129951	0.1285	0.131707	0.129951	0.128843	0.13084	0.233679	0.230983	0.237067	0.233677	0.230867	0.236437	1.79821	1.7982	5.79492	
5.75701	1	65	5.71458	1	65	4.91655	1	63	0	0	0	0.134938	0.132837	0.13634	0.134938	0.13373	0.136113	0.242565	0.23857	0.246477	0.242564	0.23957	0.245393	1.79761	1.7976	5.81407	
5.78916	1	53	5.74109	1	53	4.94618	1	52	0	0	0	0.139974	0.138413	0.141527	0.139974	0.13873	0.141313	0.251717	0.248757	0.255927	0.251718	0.249313	0.25495	1.79832	1.79832	5.83491	
5.81151	1	60	5.75929	1	60	4.95911	1	60	0	0	0	0.144993	0.143973	0.146357	0.144993	0.14386	0.14627	0.260677	0.257997	0.26469	0.260676	0.25753	0.264137	1.79786	1.79785	5.84902	
5.84177	1	65	5.78238	1	65	4.97882	1	65	0	0	0	0.150014	0.148767	0.15161	0.150013	0.148997	0.15141	0.26966	0.266963	0.273637	0.269659	0.266767	0.27388	1.79757	1.79757	5.86784	
5.87573	1	69	5.8113	1	69	5.00963	1	65	0	0	0	0.155007	0.154067	0.156567	0.155008	0.15401	0.156447	0.278695	0.27478	0.28164	0.278694	0.275513	0.28279	1.79795	1.79794	5.89147	
5.90615	1	63	5.8339	1	63	5.03397	1	63	0	0	0	0.160027	0.158423	0.161443	0.160026	0.158953	0.161433	0.287781	0.28443	0.291333	0.28778	0.2851	0.2917	1.79832	1.79833	5.90852	
5.94641	1	66	5.86333	1	66	5.05968	1	63	0	0	0	0.165054	0.163497	0.166517	0.165052	0.16409	0.16664	0.296749	0.29227	0.30058	0.296748	0.293577	0.30151	1.79789	1.7979	5.93182	
5.97123	1	69	5.88357	1	69	5.08121	1	69	0	0	0	0.170043	0.168767	0.171523	0.170043	0.169	0.171303	0.30578	0.30196	0.308907	0.30578	0.30248	0.310497	1.79825	1.79826	5.94809	
6.01414	1	68	5.91557	1	68	5.11418	1	64	0	0	0	0.175029	0.173657	0.176527	0.175028	0.173753	0.176417	0.314646	0.31122	0.31796	0.314646	0.31158	0.319643	1.79768	1.79769	5.97476	
6.04604	1	65	5.93663	1	65	5.13195	1	62	0	0	0	0.180067	0.178727	0.181527	0.180066	0.178877	0.181747	0.323696	0.319473	0.327477	0.323695	0.320407	0.328933	1.79764	1.79764	5.99103	
6.07982	1	69	5.96147	1	65	5.16221	1	61	0	0	0	0.185055	0.183543	0.187057	0.185055	0.183637	0.186813	0.332704	0.329007	0.33915	0.332704	0.330023	0.33784	1.79786	1.79786	6.01109	
6.12508	1	66	5.9904	1	66	5.18777	1	64	0	0	0	0.190055	0.18884	0.19198	0.190056	0.188533	0.191827	0.341738	0.338803	0.345173	0.341738	0.338883	0.347147	1.7981	1.79809	6.03273	
6.16935	1	62	6.02243	1	62	5.2178	1	62	0	0	0	0.195036	0.19355	0.196373	0.195035	0.19395	0.196857	0.350767	0.34755	0.35478	0.350766	0.348177	0.356203	1.79848	1.79847	6.0587	
6.21125	1	71	6.04917	1	71	5.24911	1	67	0	0	0	0.20004	0.198487	0.201357	0.200038	0.199103	0.201377	0.359774	0.356763	0.363087	0.35977	0.35713	0.364483	1.79851	1.79851	6.07939	
6.25291	1	67	6.07795	1	66	5.27379	1	66	0	0	0	0.205014	0.20302	0.20652	0.205013	0.203927	0.206423	0.368754	0.364733	0.372213	0.368752	0.365183	0.373077	1.79868	1.79868	6.10232	
6.3067	1	73	6.10999	1	73	5.30401	1	72	0	0	0	0.210012	0.207983	0.211307	0.210011	0.208837	0.211263	0.377687	0.373273	0.380663	0.377686	0.3747	0.382783	1.79841	1.79841	6.1277	
6.35208	1	72	6.13946	1	72	5.33821	1	68	0	0	0	0.215014	0.213137	0.216643	0.215014	0.213707	0.216547	0.386696	0.382117	0.391037	0.386696	0.3837	0.392933	1.79847	1.79847	6.1515	
6.40879	1	89	6.17594	1	89	5.36749	1	89	0	0	0	0.22001	0.217873	0.221443	0.22001	0.218803	0.22168	0.395713	0.393053	0.400143	0.395714	0.39208	0.40217	1.79861	1.79862	6.18194	
6.45908	1	83	6.20232	1	72	5.39972	1	68	0	0	0	0.225003	0.223097	0.227323	0.225002	0.223497	0.227	0.404714	0.39975	0.409843	0.404713	0.401107	0.411477	1.7987	1.7987	6.20149	
6.52001	1	70	6.23593	1	66	5.42772	1	66	0	0	0	0.229991	0.22858	0.23186	0.229991	0.228443	0.231973	0.413713	0.410183	0.417063	0.413714	0.41018	0.42108	1.79882	1.79883	6.22886	
6.57635	1	68	6.26757	1	68	5.46386	1	67	0	0	0	0.234977	0.232753	0.23683	0.234975	0.2337	0.23713	0.422807	0.41897	0.428337	0.422804	0.41895	0.430243	1.79935	1.79936	6.25323	
6.64299	1	69	6.30504	1	68	5.49368	1	66	0	0	0	0.239974	0.238357	0.241893	0.239972	0.238503	0.24213	0.43185	0.427963	0.43553	0.431847	0.428583	0.439267	1.79957	1.79957	6.28252	
6.71425	1	70	6.34305	1	70	5.5391	1	70	0	0	0	0.245002	0.243273	0.246437	0.245001	0.243407	0.24742	0.440908	0.436773	0.44694	0.440907	0.436927	0.448763	1.79961	1.79961	6.31336	
6.77779	1	70	6.37524	1	68	5.56411	1	68	0	0	0	0.249998	0.248337	0.251723	0.249997	0.24839	0.25201	0.449973	0.445773	0.454517	0.449969	0.44602	0.4578	1.7999	1.7999	6.33712	
6.85458	1	70	6.40818	1	70	5.60064	1	67	0	0	0	0.254989	0.253587	0.256213	0.254989	0.25319	0.256777	0.458966	0.455963	0.463193	0.458967	0.454297	0.46668	1.79994	1.79995	6.3635	
6.92558	1	84	6.44147	1	80	5.63217	1	80	0	0	0	0.260028	0.257863	0.26172	0.260027	0.257947	0.26186	0.468043	0.463033	0.472427	0.468044	0.462173	0.475533	1.79997	1.79998	6.3891	
7.0205	1	77	6.48284	1	73	5.67271	1	72	0	0	0	0.265043	0.263033	0.266827	0.265041	0.26301	0.266757	0.477219	0.47344	0.482867	0.477216	0.47141	0.4832	1.80053	1.80053	6.4213	
7.11419	1	83	6.51567	1	78	5.70736	1	78	0	0	0	0.270057	0.267837	0.272223	0.270057	0.26787	0.271813	0.486352	0.480563	0.492557	0.486351	0.479937	0.492363	1.80092	1.80092	6.44515	
7.21542	1	76	6.56127	1	69	5.75261	1	68	0	0	0	0.275054	0.273117	0.276673	0.27505	0.272937	0.276957	0.495317	0.489917	0.49931	0.495309	0.490177	0.50074	1.8008	1.8008	6.48296	
7.33615	1	90	6.60466	1	83	5.79141	1	83	0	0	0	0.280032	0.278193	0.281973	0.28003	0.27809	0.282273	0.50427	0.499767	0.509557	0.504267	0.498663	0.51017	1.80076	1.80076	6.51623	
7.42981	1	92	6.6393	1	88	5.83002	1	88	0	0	0	0.284989	0.283087	0.286957	0.284986	0.282893	0.28683	0.51318	0.509597	0.51684	0.513172	0.507243	0.51897	1.8007	1.80069	6.54432	
7.52645	1	86	6.67353	1	85	5.86218	1	85	0	0	0	0.289954	0.28736	0.29219	0.289951	0.288027	0.291713	0.522195	0.515267	0.525813	0.52219	0.516177	0.526607	1.80096	1.80096	6.5696	
7.64738	1	85	6.71036	1	78	5.89242	1	78	0	0	0	0.294998	0.293597	0.296197	0.294993	0.292357	0.296827	0.531287	0.528073	0.535893	0.531279	0.523533	0.53541	1.80098	1.80099	6.59772	
7.81157	1	99	6.76044	1	81	5.94454	1	77	0	0	0	0.299987	0.298603	0.301757	0.299986	0.29757	0.301663	0.540268	0.53642	0.546413	0.540265	0.53281	0.544573	1.80097	1.80097	6.63593	
7.95496	1	91	6.80048	1	79	5.98347	1	75	0	0	0	0.304968	0.30381	0.306113	0.304969	0.302477	0.30677	0.54917	0.545257	0.55547	0.54917	0.541757	0.553493	1.80074	1.80074	6.66623	
8.13787	1	94	6.84482	1	75	6.03013	1	75	0	0	0	0.309956	0.30863	0.31171	0.309952	0.307463	0.311603	0.558222	0.551857	0.563367	0.558212	0.550397	0.562497	1.80097	1.80096	6.70014	
8.31763	1	99	6.88772	1	85	6.07555	1	85	0	0	0	0.314953	0.313787	0.316497	0.31495	0.312097	0.316877	0.567104	0.56321	0.572703	0.567097	0.55823	0.571823	1.8006	1.80059	6.73279	
8.51599	1	102	6.93542	1	82	6.11765	1	82	0	0	0	0.319973	0.317903	0.32173	0.319974	0.317467	0.321983	0.576162	0.571353	0.58171	0.576163	0.568393	0.58067	1.80066	1.80066	6.77119	
8.7129	1	109	6.97531	1	90	6.15967	1	90	0	0	0	0.324962	0.32338	0.32659	0.324961	0.322443	0.327017	0.585205	0.580163	0.592547	0.5852	0.577547	0.589647	1.80084	1.80083	6.80093	
9.00533	1	127	7.0299	1	85	6.2103	1	85	0	0	0	0.329943	0.32771	0.331607	0.329943	0.327277	0.33201	0.594233	0.58903	0.59867	0.594235	0.586543	0.598673	1.80102	1.80102	6.84278	
9.26802	1	123	7.08243	1	94	6.26535	1	94	0	0	0	0.33491	0.333053	0.336577	0.33491	0.332473	0.337117	0.603167	0.59966	0.607147	0.603168	0.59636	0.60733	1.80098	1.80098	6.88248	
9.56145	1	107	7.12687	1	94	6.30844	1	92	0	0	0	0.339897	0.338687	0.341427	0.339891	0.33728	0.341963	0.612167	0.60741	0.61504	0.612156	0.604713	0.616447	1.80103	1.80103	6.91404	
9.89282	1	138	7.17288	1	95	6.35094	1	95	0	0	0	0.344896	0.34305	0.3465	0.344893	0.342253	0.346913	0.62126	0.6164	0.62698	0.621256	0.613143	0.624907	1.8013	1.8013	6.94947	
10.3527	1	181	7.22643	1	99	6.4092	1	99	0	0	0	0.349898	0.34771	0.351407	0.349903	0.34726	0.3517	0.630219	0.623853	0.63571	0.630228	0.621447	0.634383	1.80115	1.80115	6.98667	
10.709	1	173	7.27571	1	89	6.45704	1	89	0	0	0	0.354895	0.352887	0.357917	0.354888	0.352497	0.35697	0.639027	0.634837	0.64413	0.639014	0.63024	0.642947	1.80061	1.80061	7.02549	
11.2676	1	183	7.32295	1	104	6.49686	1	100	0	0	0	0.359899	0.35784	0.361253	0.359898	0.35763	0.361787	0.647981	0.642693	0.652327	0.647978	0.63943	0.652697	1.80045	1.80045	7.05961	
11.8218	1	158	7.38385	1	95	6.5641	1	95	0	0	0	0.364938	0.36341	0.367063	0.364931	0.362743	0.36705	0.657031	0.652657	0.66001	0.657018	0.648947	0.66196	1.80039	1.80039	7.10545	
12.649	1	202	7.43257	1	91	6.61283	1	90	0	0	0	0.369924	0.367643	0.371713	0.369921	0.367867	0.37217	0.665994	0.662677	0.669873	0.665986	0.658493	0.671	1.80036	1.80035	7.13982	
13.4875	1	171	7.49778	1	104	6.67411	1	100	0	0	0	0.374913	0.372687	0.37728	0.374912	0.37274	0.377193	0.675014	0.668907	0.681593	0.675012	0.668033	0.67972	1.80045	1.80045	7.18886	
14.6212	1	200	7.55812	1	111	6.73659	1	111	0	0	0	0.379897	0.377713	0.38151	0.379898	0.37765	0.382403	0.683877	0.679563	0.688183	0.683878	0.67696	0.688733	1.80016	1.80016	7.23161	
15.9701	1	214	7.61353	1	98	6.78865	1	98	0	0	0	0.384872	0.382893	0.387417	0.38487	0.383073	0.38749	0.69283	0.687147	0.697557	0.692821	0.68606	0.697983	1.80016	1.80014	7.27037	
17.718	1	269	7.66699	1	101	6.84866	1	101	0	0	0	0.389883	0.388113	0.391127	0.389882	0.38794	0.392297	0.701851	0.697087	0.707547	0.701852	0.6949	0.70736	1.80016	1.80017	7.30712	
20.0919	1	347	7.73271	1	104	6.91356	1	100	0	0	0	0.39487	0.392503	0.396357	0.394872	0.392753	0.39702	0.71081	0.70551	0.71599	0.710808	0.704267	0.715697	1.80011	1.8001	7.35408	
23.5003	1	378	7.8019	1	103	6.98474	1	99	0	0	0	0.399962	0.398425	0.401608	0.399967	0.397987	0.402517	0.720166	0.715905	0.724803	0.72017	0.712135	0.726368	1.80059	1.80057	7.39949	
29.1235	1	537	7.86217	1	122	7.04486	1	118	0	0	0	0.404997	0.402938	0.40678	0.404976	0.40308	0.407492	0.729335	0.724782	0.73312	0.729294	0.721535	0.735287	1.80084	1.80083	7.43918	
37.4987	1	520	7.92739	1	121	7.11049	1	117	0	0	0	0.410014	0.40882	0.411755	0.410013	0.408253	0.412573	0.738327	0.734005	0.741807	0.738327	0.730518	0.7447	1.80074	1.80074	7.48569	
60.4142	1	1263	7.9782	1	129	7.16	1	129	0	0	0	0.414996	0.413899	0.416111	0.414992	0.413406	0.416796	0.747139	0.744711	0.75208	0.747131	0.742093	0.752516	1.80035	1.80035	7.51989	
586.002	1	8780	8.0406	1	123	7.2298	1	123	0	0	0	0.420002	0.418609	0.421334	0.419739	0.418169	0.421186	0.75613	0.751329	0.759643	0.755655	0.750197	0.760959	1.8003	1.8003	7.56245	
