2.88411	1	8	2.88306	1	8	2.88306	1	8	0	0	0	0.00992292	0.0091	0.0112667	0.00992083	0.0086	0.0108333	0.00992292	0.0091	0.0112667	0.00992083	0.0086	0.0108333	1	1	3.88306	
2.90005	1	8	2.89922	1	8	2.89954	1	8	0	0	0	0.0201354	0.0188667	0.0217	0.0201333	0.0184	0.0216333	0.0201354	0.0188667	0.0217	0.0201333	0.0184	0.0216333	1	1	3.89912	
2.87225	1	11	2.87086	1	11	2.87102	1	11	0	0	0	0.0299896	0.0283667	0.0318667	0.0299917	0.0287333	0.0323333	0.0299896	0.0283667	0.0318667	0.0299917	0.0287333	0.0323333	1	1	3.87086	
2.86707	1	12	2.86505	1	12	2.86559	1	12	0	0	0	0.0401063	0.0385667	0.0419	0.0401063	0.0384	0.0419	0.0401063	0.0385667	0.0419	0.0401063	0.0384	0.0419	1	1	3.86484	
2.87751	1	12	2.87535	1	12	2.87549	1	12	0	0	0	0.0501896	0.0482	0.0528667	0.0501896	0.0477333	0.0532	0.0501896	0.0482	0.0528667	0.0501896	0.0477333	0.0532	1	1	3.87526	
2.88089	1	10	2.87851	1	10	2.87857	1	10	0	0	0	0.0603771	0.0582333	0.0635	0.0603833	0.0571667	0.0629667	0.0603771	0.0582333	0.0635	0.0603833	0.0571667	0.0629667	1	1	3.8784	
2.89106	1	12	2.88765	1	12	2.88771	1	12	0	0	0	0.0703167	0.0682333	0.0740667	0.0703208	0.0672333	0.0731667	0.0703167	0.0682333	0.0740667	0.0703208	0.0672333	0.0731667	1	1	3.88741	
2.89234	1	12	2.88851	1	12	2.8888	1	12	0	0	0	0.0804833	0.0782	0.0842333	0.0804896	0.0773667	0.0840333	0.0804833	0.0782	0.0842333	0.0804896	0.0773667	0.0840333	1	1	3.88836	
2.89807	1	12	2.89349	1	12	2.89378	1	12	0	0	0	0.0902333	0.0876	0.0949667	0.0902479	0.0874333	0.0928333	0.0902333	0.0876	0.0949667	0.0902479	0.0874333	0.0928333	1	1	3.89326	
2.90093	1	12	2.89551	1	12	2.89574	1	12	0	0	0	0.100373	0.0977667	0.104467	0.100383	0.0968333	0.103033	0.100373	0.0977667	0.104467	0.100383	0.0968333	0.103033	1	1	3.89533	
2.90765	1	12	2.90258	1	12	2.90276	1	12	0	0	0	0.110113	0.107767	0.114633	0.110123	0.108133	0.113967	0.110113	0.107767	0.114633	0.110123	0.108133	0.113967	1	1	3.90228	
2.91854	1	12	2.91301	1	12	2.91288	1	12	0	0	0	0.120129	0.117067	0.124867	0.12014	0.1153	0.124	0.120129	0.117067	0.124867	0.12014	0.1153	0.124	1	1	3.9127	
2.92034	1	13	2.91358	1	12	2.91372	1	12	0	0	0	0.130342	0.126633	0.134433	0.13036	0.124633	0.134533	0.130342	0.126633	0.134433	0.13036	0.124633	0.134533	1	1	3.91329	
2.92168	1	13	2.91374	1	13	2.91384	1	13	0	0	0	0.14034	0.1367	0.145267	0.140348	0.137567	0.144167	0.14034	0.1367	0.145267	0.140348	0.137567	0.144167	1	1	3.91347	
2.93996	1	13	2.93179	1	12	2.93186	1	12	0	0	0	0.150237	0.1459	0.155733	0.150254	0.146767	0.1557	0.150237	0.1459	0.155733	0.150254	0.146767	0.1557	1	1	3.93133	
2.9369	1	13	2.92716	1	13	2.9273	1	13	0	0	0	0.159967	0.154367	0.1663	0.159981	0.156333	0.1641	0.159967	0.154367	0.1663	0.159981	0.156333	0.1641	1	1	3.92676	
2.95111	1	12	2.94122	1	12	2.94126	1	12	0	0	0	0.169842	0.164833	0.175667	0.169862	0.1659	0.1751	0.169842	0.164833	0.175667	0.169862	0.1659	0.1751	1	1	3.94068	
2.95526	1	12	2.94409	1	12	2.94409	1	12	0	0	0	0.179825	0.1744	0.186	0.179848	0.1741	0.1827	0.179825	0.1744	0.186	0.179848	0.1741	0.1827	1	1	3.94372	
2.95745	1	14	2.94486	1	13	2.94475	1	13	0	0	0	0.189817	0.184467	0.1956	0.189844	0.186733	0.1931	0.189817	0.184467	0.1956	0.189844	0.186733	0.1931	1	1	3.94452	
2.96848	1	14	2.95454	1	12	2.95468	1	12	0	0	0	0.199869	0.1934	0.2052	0.199894	0.196133	0.202967	0.199869	0.1934	0.2052	0.199894	0.196133	0.202967	1	1	3.95407	
2.97376	1	13	2.95862	1	12	2.95894	1	12	0	0	0	0.20989	0.204167	0.215133	0.209919	0.204633	0.213633	0.20989	0.204167	0.215133	0.209919	0.204633	0.213633	1	1	3.95816	
2.99057	1	16	2.97379	1	16	2.97379	1	16	0	0	0	0.219781	0.215167	0.225467	0.219806	0.211733	0.224833	0.219781	0.215167	0.225467	0.219806	0.211733	0.224833	1	1	3.9731	
2.99607	1	14	2.97832	1	14	2.97859	1	14	0	0	0	0.229696	0.224633	0.2354	0.229719	0.224933	0.233567	0.229696	0.224633	0.2354	0.229719	0.224933	0.233567	1	1	3.97759	
3.01187	1	16	2.99225	1	16	2.99225	1	16	0	0	0	0.239669	0.2349	0.245667	0.239683	0.235467	0.2454	0.239669	0.2349	0.245667	0.239683	0.235467	0.2454	1	1	3.99159	
3.02571	1	13	3.00508	1	12	3.00533	1	12	0	0	0	0.249798	0.245467	0.254767	0.249827	0.245467	0.2549	0.249798	0.245467	0.254767	0.249827	0.245467	0.2549	1	1	4.00427	
3.02882	1	16	3.00629	1	16	3.00651	1	16	0	0	0	0.259594	0.255433	0.264533	0.259617	0.253867	0.264567	0.259594	0.255433	0.264533	0.259617	0.253867	0.264567	1	1	4.00563	
3.04649	1	14	3.02162	1	14	3.0218	1	14	0	0	0	0.26954	0.2651	0.275667	0.269571	0.2642	0.275333	0.26954	0.2651	0.275667	0.269571	0.2642	0.275333	1	1	4.02077	
3.05735	1	16	3.0306	1	16	3.03066	1	16	0	0	0	0.279729	0.275033	0.286233	0.279756	0.2747	0.283167	0.279729	0.275033	0.286233	0.279756	0.2747	0.283167	1	1	4.02984	
3.07237	1	18	3.04307	1	18	3.04327	1	18	0	0	0	0.289615	0.2851	0.296567	0.289642	0.285233	0.294067	0.289615	0.2851	0.296567	0.289642	0.285233	0.294067	1	1	4.04234	
3.07858	1	16	3.04672	1	16	3.04682	1	16	0	0	0	0.299681	0.294867	0.3054	0.29971	0.293967	0.306233	0.299681	0.294867	0.3054	0.29971	0.293967	0.306233	1	1	4.04587	
3.09007	1	16	3.05415	1	16	3.05429	1	16	0	0	0	0.309604	0.305067	0.315667	0.309623	0.304333	0.313	0.309604	0.305067	0.315667	0.309623	0.304333	0.313	1	1	4.05316	
3.111	1	16	3.07209	1	16	3.07217	1	16	0	0	0	0.319421	0.3153	0.325933	0.31944	0.314167	0.326567	0.319421	0.3153	0.325933	0.31944	0.314167	0.326567	1	1	4.07101	
3.12272	1	19	3.08268	1	18	3.08291	1	18	0	0	0	0.329415	0.324933	0.3361	0.329427	0.3253	0.336	0.329415	0.324933	0.3361	0.329427	0.3253	0.336	1	1	4.08156	
3.14204	1	16	3.09843	1	16	3.09862	1	16	0	0	0	0.339217	0.3345	0.345733	0.339238	0.3342	0.345	0.339217	0.3345	0.345733	0.339238	0.3342	0.345	1	1	4.0973	
3.15807	1	16	3.11	1	16	3.11008	1	16	0	0	0	0.349271	0.343967	0.3562	0.349283	0.341633	0.355133	0.349271	0.343967	0.3562	0.349283	0.341633	0.355133	1	1	4.10882	
3.17421	1	19	3.12068	1	19	3.12078	1	19	0	0	0	0.359258	0.3535	0.3672	0.359275	0.3539	0.3658	0.359258	0.3535	0.3672	0.359275	0.3539	0.3658	1	1	4.11927	
3.19081	1	18	3.13012	1	18	3.13031	1	18	0	0	0	0.369567	0.364267	0.3781	0.369594	0.3628	0.376133	0.369567	0.364267	0.3781	0.369594	0.3628	0.376133	1	1	4.12879	
3.20229	1	15	3.14089	1	15	3.14092	1	15	0	0	0	0.379606	0.374667	0.387667	0.379617	0.375333	0.384933	0.379606	0.374667	0.387667	0.379617	0.375333	0.384933	1	1	4.13938	
3.22769	1	19	3.1591	1	19	3.15929	1	19	0	0	0	0.389754	0.385367	0.3965	0.389775	0.381033	0.395267	0.389754	0.385367	0.3965	0.389775	0.381033	0.395267	1	1	4.15752	
3.23951	1	17	3.16697	1	16	3.16717	1	16	0	0	0	0.399781	0.395467	0.406667	0.399798	0.391167	0.405267	0.399781	0.395467	0.406667	0.399798	0.391167	0.405267	1	1	4.16528	
3.26689	1	21	3.18596	1	17	3.1858	1	17	0	0	0	0.409765	0.405433	0.416067	0.409754	0.405767	0.415567	0.409765	0.405433	0.416067	0.409754	0.405767	0.415567	1	1	4.18424	
3.28595	1	23	3.19868	1	23	3.1988	1	23	0	0	0	0.419729	0.415733	0.426467	0.419744	0.4102	0.426733	0.419729	0.415733	0.426467	0.419744	0.4102	0.426733	1	1	4.19684	
3.30409	1	18	3.21308	1	18	3.21305	1	18	0	0	0	0.429908	0.426933	0.436	0.429904	0.424733	0.437	0.429908	0.426933	0.436	0.429904	0.424733	0.437	1	1	4.21112	
3.33067	1	22	3.22586	1	21	3.22593	1	21	0	0	0	0.440048	0.436367	0.4466	0.44006	0.433867	0.4467	0.440048	0.436367	0.4466	0.44006	0.433867	0.4467	1	1	4.22403	
3.35663	1	18	3.24205	1	16	3.24218	1	16	0	0	0	0.450021	0.4468	0.4568	0.450029	0.442967	0.4613	0.450021	0.4468	0.4568	0.450029	0.442967	0.4613	1	1	4.23989	
3.38779	1	21	3.26055	1	16	3.26066	1	16	0	0	0	0.460192	0.456167	0.468167	0.460202	0.451333	0.472067	0.460192	0.456167	0.468167	0.460202	0.451333	0.472067	1	1	4.258	
3.39547	1	25	3.26066	1	22	3.26072	1	22	0	0	0	0.47045	0.4659	0.4778	0.470456	0.4641	0.4781	0.47045	0.4659	0.4778	0.470456	0.4641	0.4781	1	1	4.25811	
3.43273	1	20	3.28419	1	18	3.28427	1	18	0	0	0	0.480369	0.4752	0.487867	0.480358	0.475933	0.487767	0.480369	0.4752	0.487867	0.480358	0.475933	0.487767	1	1	4.28151	
3.46899	1	25	3.30102	1	24	3.30112	1	24	0	0	0	0.490358	0.4858	0.499167	0.490344	0.481033	0.496567	0.490358	0.4858	0.499167	0.490344	0.481033	0.496567	1	1	4.29811	
3.49687	1	22	3.31201	1	20	3.31192	1	20	0	0	0	0.500392	0.4952	0.510367	0.500377	0.4914	0.508467	0.500392	0.4952	0.510367	0.500377	0.4914	0.508467	1	1	4.3089	
3.53127	1	23	3.33145	1	20	3.33172	1	20	0	0	0	0.510146	0.504667	0.5203	0.510133	0.501233	0.5192	0.510146	0.504667	0.5203	0.510133	0.501233	0.5192	1	1	4.3285	
3.5586	1	22	3.34143	1	21	3.34144	1	21	0	0	0	0.520217	0.514267	0.53	0.5202	0.512233	0.5265	0.520217	0.514267	0.53	0.5202	0.512233	0.5265	1	1	4.338	
3.61495	1	28	3.36957	1	27	3.36979	1	27	0	0	0	0.530154	0.524033	0.5396	0.530144	0.5257	0.539067	0.530154	0.524033	0.5396	0.530144	0.5257	0.539067	1	1	4.36612	
3.6495	1	25	3.37881	1	23	3.37918	1	23	0	0	0	0.540154	0.535067	0.549	0.540133	0.5268	0.549467	0.540154	0.535067	0.549	0.540133	0.5268	0.549467	1	1	4.37517	
3.68495	1	29	3.39038	1	20	3.39053	1	20	0	0	0	0.550031	0.544467	0.5586	0.550008	0.5425	0.559833	0.550031	0.544467	0.5586	0.550008	0.5425	0.559833	1	1	4.38661	
3.72441	1	25	3.39955	1	21	3.39959	1	21	0	0	0	0.560129	0.553933	0.568633	0.560123	0.554167	0.571567	0.560129	0.553933	0.568633	0.560123	0.554167	0.571567	1	1	4.39514	
3.79426	1	28	3.4193	1	21	3.41955	1	21	0	0	0	0.57025	0.563667	0.578667	0.570227	0.563733	0.578467	0.57025	0.563667	0.578667	0.570227	0.563733	0.578467	1	1	4.41495	
3.8363	1	26	3.43994	1	24	3.43984	1	24	0	0	0	0.580067	0.573533	0.588933	0.580054	0.5728	0.587533	0.580067	0.573533	0.588933	0.580054	0.5728	0.587533	1	1	4.43515	
3.89276	1	29	3.45087	1	23	3.45076	1	23	0	0	0	0.58985	0.584	0.598667	0.589846	0.578133	0.600533	0.58985	0.584	0.598667	0.589846	0.578133	0.600533	1	1	4.44595	
3.9624	1	28	3.46994	1	22	3.47005	1	22	0	0	0	0.600015	0.5946	0.607967	0.599996	0.590433	0.607267	0.600015	0.5946	0.607967	0.599996	0.590433	0.607267	1	1	4.46491	
4.0745	1	26	3.49883	1	23	3.49885	1	23	0	0	0	0.609783	0.6043	0.617367	0.609756	0.601533	0.620033	0.609783	0.6043	0.617367	0.609756	0.601533	0.620033	1	1	4.49322	
4.14898	1	32	3.50219	1	24	3.50226	1	24	0	0	0	0.619815	0.613133	0.627067	0.619804	0.6122	0.627633	0.619815	0.613133	0.627067	0.619804	0.6122	0.627633	1	1	4.49648	
4.2561	1	32	3.52026	1	30	3.5204	1	30	0	0	0	0.629885	0.623133	0.637167	0.629881	0.622033	0.636433	0.629885	0.623133	0.637167	0.629881	0.622033	0.636433	1	1	4.51396	
4.35342	1	34	3.53316	1	32	3.53326	1	32	0	0	0	0.63989	0.633933	0.646667	0.639877	0.633867	0.646633	0.63989	0.633933	0.646667	0.639877	0.633867	0.646633	1	1	4.52642	
4.55007	1	35	3.55646	1	23	3.55666	1	23	0	0	0	0.65014	0.644633	0.657733	0.650106	0.6439	0.659633	0.65014	0.644633	0.657733	0.650106	0.6439	0.659633	1	1	4.54967	
4.75018	1	47	3.57618	1	30	3.57634	1	30	0	0	0	0.660092	0.653967	0.668167	0.660077	0.654233	0.666567	0.660092	0.653967	0.668167	0.660077	0.654233	0.666567	1	1	4.56904	
4.99704	1	45	3.59167	1	32	3.59192	1	32	0	0	0	0.670171	0.663933	0.677867	0.670148	0.6661	0.676267	0.670171	0.663933	0.677867	0.670148	0.6661	0.676267	1	1	4.58396	
5.34508	1	48	3.61001	1	29	3.60998	1	29	0	0	0	0.680292	0.6738	0.686733	0.680258	0.669933	0.690733	0.680292	0.6738	0.686733	0.680258	0.669933	0.690733	1	1	4.60203	
5.73733	1	65	3.61632	1	24	3.61637	1	24	0	0	0	0.690075	0.684433	0.697333	0.690019	0.680367	0.6996	0.690075	0.684433	0.697333	0.690019	0.680367	0.6996	1	1	4.6073	
6.45218	1	82	3.63844	1	32	3.63852	1	32	0	0	0	0.700169	0.695575	0.706675	0.700211	0.692075	0.707	0.700169	0.695575	0.706675	0.700211	0.692075	0.707	1	1	4.62933	
7.92189	1	110	3.65443	1	30	3.65439	1	30	0	0	0	0.709798	0.705867	0.7137	0.709786	0.703483	0.715867	0.709798	0.705867	0.7137	0.709786	0.703483	0.715867	1	1	4.64436	
15.8826	1	249	3.67482	1	38	3.67491	1	38	0	0	0	0.719839	0.71602	0.72406	0.719815	0.7106	0.72706	0.719839	0.71602	0.72406	0.719815	0.7106	0.72706	1	1	4.66457	
133.581	1	2008	3.69251	1	53	3.69083	1	53	0	0	0	0.729621	0.725929	0.731871	0.728344	0.723143	0.733286	0.729621	0.725929	0.731871	0.728344	0.723143	0.733286	1	1	4.68111	
456.4	1	4873	3.70459	1	36	3.69919	1	36	0	0	0	0.739682	0.7365	0.742157	0.734879	0.724129	0.741457	0.739682	0.7365	0.742157	0.734879	0.724129	0.741457	1	1	4.6932	
