3.94646	1	8	3.9431	1	8	3.94332	1	8	0	0	0	0.00992292	0.0091	0.0112667	0.00992292	0.00873333	0.0108	0.00992292	0.0091	0.0112667	0.00992292	0.00873333	0.0108	1	1	4.94289	
3.96999	1	12	3.95737	1	12	3.95737	1	12	0	0	0	0.0201354	0.0188667	0.0217	0.0201292	0.0191333	0.0212	0.0201354	0.0188667	0.0217	0.0201292	0.0191333	0.0212	1	1	4.95696	
3.95596	1	12	3.93803	1	12	3.93798	1	12	0	0	0	0.0299896	0.0283667	0.0318667	0.0299896	0.0277333	0.0326	0.0299896	0.0283667	0.0318667	0.0299896	0.0277333	0.0326	1	1	4.93741	
3.96172	1	12	3.93372	1	12	3.93358	1	12	0	0	0	0.0401063	0.0385667	0.0419	0.0401063	0.0380667	0.0442667	0.0401063	0.0385667	0.0419	0.0401063	0.0380667	0.0442667	1	1	4.93247	
3.98377	1	13	3.9489	1	12	3.94895	1	12	0	0	0	0.0501896	0.0482	0.0528667	0.0501896	0.0481667	0.0519667	0.0501896	0.0482	0.0528667	0.0501896	0.0481667	0.0519667	1	1	4.94766	
3.98323	1	12	3.94113	1	12	3.94157	1	12	0	0	0	0.0603771	0.0582333	0.0635	0.0603833	0.0581667	0.0634333	0.0603771	0.0582333	0.0635	0.0603833	0.0581667	0.0634333	1	1	4.93899	
3.99227	1	13	3.94436	1	12	3.94476	1	12	0	0	0	0.0703167	0.0682333	0.0740667	0.0703229	0.0644667	0.0734667	0.0703167	0.0682333	0.0740667	0.0703229	0.0644667	0.0734667	1	1	4.9422	
4.00844	1	15	3.95144	1	15	3.95143	1	15	0	0	0	0.0804833	0.0782	0.0842333	0.0804854	0.0764	0.0845667	0.0804833	0.0782	0.0842333	0.0804854	0.0764	0.0845667	1	1	4.94911	
4.0392	1	16	3.97156	1	16	3.97171	1	16	0	0	0	0.0902333	0.0876	0.0949667	0.0902458	0.0875333	0.0957667	0.0902333	0.0876	0.0949667	0.0902458	0.0875333	0.0957667	1	1	4.96867	
4.04436	1	15	3.96739	1	15	3.96761	1	15	0	0	0	0.100373	0.0977667	0.104467	0.100388	0.0975667	0.105067	0.100373	0.0977667	0.104467	0.100388	0.0975667	0.105067	1	1	4.96432	
4.06779	1	19	3.97792	1	19	3.97798	1	19	0	0	0	0.110113	0.107767	0.114633	0.110123	0.107833	0.1132	0.110113	0.107767	0.114633	0.110123	0.107833	0.1132	1	1	4.97457	
4.0743	1	14	3.97577	1	14	3.97589	1	14	0	0	0	0.120129	0.117067	0.124867	0.12015	0.116267	0.1234	0.120129	0.117067	0.124867	0.12015	0.116267	0.1234	1	1	4.97175	
4.09891	1	17	3.98442	1	17	3.98445	1	17	0	0	0	0.130342	0.126633	0.134433	0.13036	0.1264	0.133833	0.130342	0.126633	0.134433	0.13036	0.1264	0.133833	1	1	4.98004	
4.12063	1	16	3.99273	1	16	3.9927	1	16	0	0	0	0.14034	0.1367	0.145267	0.140348	0.136367	0.142733	0.14034	0.1367	0.145267	0.140348	0.136367	0.142733	1	1	4.98762	
4.12728	1	20	3.98701	1	20	3.987	1	20	0	0	0	0.150237	0.1459	0.155733	0.150254	0.147667	0.1551	0.150237	0.1459	0.155733	0.150254	0.147667	0.1551	1	1	4.98143	
4.14848	1	20	3.99215	1	20	3.9922	1	20	0	0	0	0.159967	0.154367	0.1663	0.159988	0.156933	0.162667	0.159967	0.154367	0.1663	0.159988	0.156933	0.162667	1	1	4.98595	
4.17202	1	19	3.99568	1	19	3.99572	1	19	0	0	0	0.169842	0.164833	0.175667	0.16986	0.165967	0.1737	0.169842	0.164833	0.175667	0.16986	0.165967	0.1737	1	1	4.98952	
4.19628	1	19	4.00421	1	19	4.00442	1	19	0	0	0	0.179825	0.1744	0.186	0.17985	0.1751	0.184167	0.179825	0.1744	0.186	0.17985	0.1751	0.184167	1	1	4.99665	
4.22444	1	21	4.00845	1	20	4.00864	1	20	0	0	0	0.189817	0.184467	0.1956	0.18985	0.1866	0.193433	0.189817	0.184467	0.1956	0.18985	0.1866	0.193433	1	1	5.00007	
4.24417	1	21	4.00978	1	20	4.00962	1	20	0	0	0	0.199869	0.1934	0.2052	0.199898	0.192267	0.2056	0.199869	0.1934	0.2052	0.199898	0.192267	0.2056	1	1	5.00153	
4.28427	1	27	4.01982	1	27	4.01992	1	27	0	0	0	0.20989	0.204167	0.215133	0.2099	0.205233	0.214767	0.20989	0.204167	0.215133	0.2099	0.205233	0.214767	1	1	5.01148	
4.29436	1	20	4.00834	1	20	4.00839	1	20	0	0	0	0.219781	0.215167	0.225467	0.219812	0.2154	0.225667	0.219781	0.215167	0.225467	0.219812	0.2154	0.225667	1	1	4.9983	
4.32332	1	26	4.0128	1	26	4.01319	1	26	0	0	0	0.229696	0.224633	0.2354	0.229717	0.2263	0.235367	0.229696	0.224633	0.2354	0.229717	0.2263	0.235367	1	1	5.00157	
4.36576	1	21	4.02052	1	20	4.02096	1	20	0	0	0	0.239669	0.2349	0.245667	0.2397	0.235933	0.242867	0.239669	0.2349	0.245667	0.2397	0.235933	0.242867	1	1	5.00851	
4.41804	1	25	4.03476	1	24	4.03504	1	24	0	0	0	0.249798	0.245467	0.254767	0.249829	0.244933	0.255133	0.249798	0.245467	0.254767	0.249829	0.244933	0.255133	1	1	5.02297	
4.45973	1	25	4.04943	1	24	4.04967	1	24	0	0	0	0.259594	0.255433	0.264533	0.259619	0.254933	0.267733	0.259594	0.255433	0.264533	0.259619	0.254933	0.267733	1	1	5.03635	
4.48948	1	26	4.0443	1	25	4.04449	1	25	0	0	0	0.26954	0.2651	0.275667	0.269575	0.264733	0.274167	0.26954	0.2651	0.275667	0.269575	0.264733	0.274167	1	1	5.03013	
4.56882	1	23	4.0551	1	20	4.05533	1	20	0	0	0	0.279729	0.275033	0.286233	0.27976	0.2706	0.286233	0.279729	0.275033	0.286233	0.27976	0.2706	0.286233	1	1	5.04011	
4.6291	1	25	4.06434	1	23	4.06425	1	23	0	0	0	0.289615	0.2851	0.296567	0.289635	0.285133	0.2948	0.289615	0.2851	0.296567	0.289635	0.285133	0.2948	1	1	5.04805	
4.69777	1	27	4.07123	1	27	4.07156	1	27	0	0	0	0.299681	0.294867	0.3054	0.299685	0.294933	0.305633	0.299681	0.294867	0.3054	0.299685	0.294933	0.305633	1	1	5.0532	
4.78397	1	27	4.08605	1	27	4.08599	1	27	0	0	0	0.309604	0.305067	0.315667	0.309623	0.305667	0.312533	0.309604	0.305067	0.315667	0.309623	0.305667	0.312533	1	1	5.06756	
4.86245	1	28	4.09608	1	24	4.09615	1	24	0	0	0	0.319421	0.3153	0.325933	0.319446	0.312633	0.323167	0.319421	0.3153	0.325933	0.319446	0.312633	0.323167	1	1	5.07631	
4.92198	1	30	4.09136	1	29	4.09147	1	29	0	0	0	0.329415	0.324933	0.3361	0.329429	0.322667	0.337767	0.329415	0.324933	0.3361	0.329429	0.322667	0.337767	1	1	5.06998	
5.04113	1	38	4.09965	1	36	4.09966	1	36	0	0	0	0.339217	0.3345	0.345733	0.33924	0.334467	0.347333	0.339217	0.3345	0.345733	0.33924	0.334467	0.347333	1	1	5.0768	
5.18201	1	44	4.11208	1	29	4.11239	1	29	0	0	0	0.349271	0.343967	0.3562	0.349279	0.344833	0.3533	0.349271	0.343967	0.3562	0.349279	0.344833	0.3533	1	1	5.08917	
5.35425	1	33	4.12543	1	27	4.12546	1	27	0	0	0	0.359258	0.3535	0.3672	0.359246	0.3547	0.363067	0.359258	0.3535	0.3672	0.359246	0.3547	0.363067	1	1	5.1005	
5.5452	1	42	4.13225	1	30	4.13275	1	30	0	0	0	0.369567	0.364267	0.3781	0.369571	0.3633	0.3744	0.369567	0.364267	0.3781	0.369571	0.3633	0.3744	1	1	5.10615	
5.78398	1	48	4.14486	1	27	4.14517	1	27	0	0	0	0.379606	0.374667	0.387667	0.379592	0.372433	0.3832	0.379606	0.374667	0.387667	0.379592	0.372433	0.3832	1	1	5.11498	
5.98854	1	44	4.15061	1	28	4.15072	1	28	0	0	0	0.389754	0.385367	0.3965	0.38975	0.3854	0.396233	0.389754	0.385367	0.3965	0.38975	0.3854	0.396233	1	1	5.11912	
6.45372	1	68	4.17021	1	35	4.17032	1	35	0	0	0	0.399781	0.395467	0.406667	0.39979	0.3945	0.4079	0.399781	0.395467	0.406667	0.39979	0.3945	0.4079	1	1	5.13732	
6.93706	1	65	4.17883	1	28	4.17897	1	28	0	0	0	0.409966	0.404825	0.414225	0.40997	0.40535	0.4141	0.409966	0.404825	0.414225	0.40997	0.40535	0.4141	1	1	5.14269	
7.66218	1	76	4.1928	1	34	4.19281	1	34	0	0	0	0.419729	0.415733	0.426467	0.419729	0.411767	0.425167	0.419729	0.415733	0.426467	0.419729	0.411767	0.425167	1	1	5.15285	
8.93239	1	104	4.20732	1	52	4.20744	1	52	0	0	0	0.429991	0.425675	0.4347	0.43	0.4219	0.43795	0.429991	0.425675	0.4347	0.43	0.4219	0.43795	1	1	5.16593	
11.8687	1	202	4.20389	1	36	4.20392	1	36	0	0	0	0.439645	0.436467	0.443033	0.439599	0.43615	0.442483	0.439645	0.436467	0.443033	0.439599	0.43615	0.442483	1	1	5.16071	
54.8794	1	737	4.22331	1	38	4.22326	1	38	0	0	0	0.450087	0.44665	0.455725	0.450023	0.44595	0.453975	0.450087	0.44665	0.455725	0.450023	0.44595	0.453975	1	1	5.17752	
442.541	1	5388	4.23472	1	49	4.23318	1	49	0	0	0	0.459645	0.456657	0.462786	0.456957	0.451871	0.462457	0.459645	0.456657	0.462786	0.456957	0.451871	0.462457	1	1	5.18622	
