3.8396	1	12	3.83498	1	12	3.83498	1	12	0	0	0	0.00992292	0.0091	0.0112667	0.00991875	0.0089	0.0107333	0.00992292	0.0091	0.0112667	0.00991875	0.0089	0.0107333	1	1	4.83456	
3.87894	1	12	3.86715	1	12	3.86727	1	12	0	0	0	0.0201354	0.0188667	0.0217	0.0201292	0.0188	0.0216333	0.0201354	0.0188667	0.0217	0.0201292	0.0188	0.0216333	1	1	4.86684	
3.90399	1	13	3.88399	1	12	3.88382	1	12	0	0	0	0.0299896	0.0283667	0.0318667	0.0299896	0.0284667	0.0317667	0.0299896	0.0283667	0.0318667	0.0299896	0.0284667	0.0317667	1	1	4.88239	
3.88858	1	14	3.8612	1	14	3.86108	1	14	0	0	0	0.0401063	0.0385667	0.0419	0.0401063	0.0387	0.0421333	0.0401063	0.0385667	0.0419	0.0401063	0.0387	0.0421333	1	1	4.86006	
3.89702	1	12	3.86319	1	12	3.86364	1	12	0	0	0	0.0501896	0.0482	0.0528667	0.0501896	0.0471	0.0537333	0.0501896	0.0482	0.0528667	0.0501896	0.0471	0.0537333	1	1	4.86177	
3.90442	1	13	3.86125	1	13	3.8615	1	13	0	0	0	0.0603771	0.0582333	0.0635	0.0603833	0.0572	0.0632	0.0603771	0.0582333	0.0635	0.0603833	0.0572	0.0632	1	1	4.85925	
3.9179	1	16	3.86869	1	16	3.86895	1	16	0	0	0	0.0703167	0.0682333	0.0740667	0.0703292	0.0674667	0.0726	0.0703167	0.0682333	0.0740667	0.0703292	0.0674667	0.0726	1	1	4.86644	
3.94116	1	15	3.88106	1	15	3.88123	1	15	0	0	0	0.0804833	0.0782	0.0842333	0.0804938	0.0769667	0.0826667	0.0804833	0.0782	0.0842333	0.0804938	0.0769667	0.0826667	1	1	4.87821	
3.96063	1	14	3.89082	1	14	3.89102	1	14	0	0	0	0.0902333	0.0876	0.0949667	0.09025	0.0858667	0.0939	0.0902333	0.0876	0.0949667	0.09025	0.0858667	0.0939	1	1	4.88733	
3.97887	1	15	3.89819	1	15	3.89816	1	15	0	0	0	0.100373	0.0977667	0.104467	0.100383	0.0977667	0.102767	0.100373	0.0977667	0.104467	0.100383	0.0977667	0.102767	1	1	4.89491	
3.98082	1	14	3.88657	1	14	3.88662	1	14	0	0	0	0.110113	0.107767	0.114633	0.110127	0.1033	0.114533	0.110113	0.107767	0.114633	0.110127	0.1033	0.114533	1	1	4.88205	
4.00191	1	16	3.89917	1	16	3.89922	1	16	0	0	0	0.120129	0.117067	0.124867	0.120148	0.1156	0.123667	0.120129	0.117067	0.124867	0.120148	0.1156	0.123667	1	1	4.89537	
4.00994	1	18	3.89392	1	18	3.89398	1	18	0	0	0	0.130342	0.126633	0.134433	0.130352	0.126833	0.134733	0.130342	0.126633	0.134433	0.130352	0.126833	0.134733	1	1	4.88885	
4.02604	1	20	3.8996	1	20	3.89972	1	20	0	0	0	0.14034	0.1367	0.145267	0.140352	0.136867	0.1438	0.14034	0.1367	0.145267	0.140352	0.136867	0.1438	1	1	4.89389	
4.05096	1	19	3.90483	1	19	3.90483	1	19	0	0	0	0.150237	0.1459	0.155733	0.15025	0.1476	0.1533	0.150237	0.1459	0.155733	0.15025	0.1476	0.1533	1	1	4.89956	
4.07334	1	19	3.91156	1	19	3.91169	1	19	0	0	0	0.159967	0.154367	0.1663	0.159985	0.155333	0.1638	0.159967	0.154367	0.1663	0.159985	0.155333	0.1638	1	1	4.90593	
4.09473	1	18	3.9123	1	17	3.91239	1	17	0	0	0	0.169842	0.164833	0.175667	0.169858	0.166733	0.1732	0.169842	0.164833	0.175667	0.169858	0.166733	0.1732	1	1	4.90506	
4.11998	1	25	3.92088	1	23	3.92107	1	23	0	0	0	0.179825	0.1744	0.186	0.179852	0.1766	0.1842	0.179825	0.1744	0.186	0.179852	0.1766	0.1842	1	1	4.91294	
4.14263	1	20	3.92375	1	20	3.92413	1	20	0	0	0	0.189817	0.184467	0.1956	0.189848	0.185867	0.193767	0.189817	0.184467	0.1956	0.189848	0.185867	0.193767	1	1	4.91551	
4.16994	1	23	3.92569	1	23	3.92572	1	23	0	0	0	0.199869	0.1934	0.2052	0.199902	0.194767	0.2057	0.199869	0.1934	0.2052	0.199902	0.194767	0.2057	1	1	4.9173	
4.19434	1	20	3.9302	1	20	3.93039	1	20	0	0	0	0.20989	0.204167	0.215133	0.209919	0.205433	0.213833	0.20989	0.204167	0.215133	0.209919	0.205433	0.213833	1	1	4.92069	
4.23391	1	26	3.93851	1	26	3.93853	1	26	0	0	0	0.219781	0.215167	0.225467	0.21981	0.2153	0.225667	0.219781	0.215167	0.225467	0.21981	0.2153	0.225667	1	1	4.92768	
4.27796	1	23	3.95246	1	20	3.9526	1	20	0	0	0	0.229696	0.224633	0.2354	0.229725	0.2266	0.233167	0.229696	0.224633	0.2354	0.229725	0.2266	0.233167	1	1	4.94106	
4.29659	1	20	3.94451	1	20	3.94475	1	20	0	0	0	0.239669	0.2349	0.245667	0.239694	0.2341	0.244467	0.239669	0.2349	0.245667	0.239694	0.2341	0.244467	1	1	4.93299	
4.36415	1	25	3.9642	1	24	3.96428	1	24	0	0	0	0.249798	0.245467	0.254767	0.249837	0.247033	0.2527	0.249798	0.245467	0.254767	0.249837	0.247033	0.2527	1	1	4.95064	
4.40754	1	22	3.9694	1	22	3.9694	1	22	0	0	0	0.259594	0.255433	0.264533	0.259625	0.2559	0.2633	0.259594	0.255433	0.264533	0.259625	0.2559	0.2633	1	1	4.95638	
4.4572	1	23	3.97379	1	22	3.97384	1	22	0	0	0	0.26954	0.2651	0.275667	0.269562	0.2651	0.279	0.26954	0.2651	0.275667	0.269562	0.2651	0.279	1	1	4.9586	
4.52819	1	26	3.98343	1	24	3.9835	1	24	0	0	0	0.279729	0.275033	0.286233	0.279763	0.273367	0.286233	0.279729	0.275033	0.286233	0.279763	0.273367	0.286233	1	1	4.9673	
4.58225	1	26	3.99191	1	24	3.99193	1	24	0	0	0	0.289615	0.2851	0.296567	0.289631	0.283133	0.297367	0.289615	0.2851	0.296567	0.289631	0.283133	0.297367	1	1	4.97492	
4.64976	1	25	3.99845	1	22	3.99842	1	22	0	0	0	0.299681	0.294867	0.3054	0.299694	0.294133	0.3056	0.299681	0.294867	0.3054	0.299694	0.294133	0.3056	1	1	4.97975	
4.71845	1	31	3.99666	1	31	3.99672	1	31	0	0	0	0.309604	0.305067	0.315667	0.309617	0.3052	0.3157	0.309604	0.305067	0.315667	0.309617	0.3052	0.3157	1	1	4.97734	
4.80846	1	30	4.00455	1	28	4.00457	1	28	0	0	0	0.319421	0.3153	0.325933	0.319425	0.3149	0.3256	0.319421	0.3153	0.325933	0.319425	0.3149	0.3256	1	1	4.98454	
4.93884	1	43	4.02828	1	31	4.02873	1	31	0	0	0	0.329415	0.324933	0.3361	0.329427	0.325833	0.334567	0.329415	0.324933	0.3361	0.329427	0.325833	0.334567	1	1	5.00585	
5.02906	1	32	4.02189	1	28	4.02194	1	28	0	0	0	0.339217	0.3345	0.345733	0.339217	0.334	0.343267	0.339217	0.3345	0.345733	0.339217	0.334	0.343267	1	1	4.99823	
5.1567	1	33	4.03053	1	28	4.03094	1	28	0	0	0	0.349271	0.343967	0.3562	0.349273	0.344433	0.354067	0.349271	0.343967	0.3562	0.349273	0.344433	0.354067	1	1	5.00495	
5.33691	1	43	4.03786	1	29	4.03802	1	29	0	0	0	0.359258	0.3535	0.3672	0.35926	0.354533	0.368967	0.359258	0.3535	0.3672	0.35926	0.354533	0.368967	1	1	5.01215	
5.54148	1	39	4.04697	1	28	4.04727	1	28	0	0	0	0.369567	0.364267	0.3781	0.369585	0.362467	0.377867	0.369567	0.364267	0.3781	0.369585	0.362467	0.377867	1	1	5.01922	
5.72885	1	52	4.058	1	31	4.0581	1	31	0	0	0	0.379606	0.374667	0.387667	0.379631	0.375	0.386033	0.379606	0.374667	0.387667	0.379631	0.375	0.386033	1	1	5.02808	
6.14763	1	60	4.07926	1	30	4.0792	1	30	0	0	0	0.389754	0.385367	0.3965	0.38974	0.380367	0.3958	0.389754	0.385367	0.3965	0.38974	0.380367	0.3958	1	1	5.04641	
6.5105	1	59	4.08425	1	34	4.08451	1	34	0	0	0	0.399781	0.395467	0.406667	0.399777	0.396367	0.4064	0.399781	0.395467	0.406667	0.399777	0.396367	0.4064	1	1	5.04965	
7.25735	1	85	4.10001	1	27	4.10008	1	27	0	0	0	0.409765	0.405433	0.416067	0.409744	0.404167	0.413767	0.409765	0.405433	0.416067	0.409744	0.404167	0.413767	1	1	5.06163	
8.05487	1	118	4.10953	1	32	4.10989	1	32	0	0	0	0.419729	0.415733	0.426467	0.41975	0.4132	0.427933	0.419729	0.415733	0.426467	0.41975	0.4132	0.427933	1	1	5.07006	
9.63037	1	156	4.11806	1	37	4.11819	1	37	0	0	0	0.429908	0.426933	0.436	0.429902	0.424933	0.439733	0.429908	0.426933	0.436	0.429902	0.424933	0.439733	1	1	5.07521	
13.4516	1	209	4.13319	1	43	4.13337	1	43	0	0	0	0.439912	0.43524	0.4447	0.439836	0.43596	0.44384	0.439912	0.43524	0.4447	0.439836	0.43596	0.44384	1	1	5.08682	
186.622	1	2671	4.14745	1	43	4.1466	1	43	0	0	0	0.449617	0.446957	0.452186	0.448108	0.444514	0.4519	0.449617	0.446957	0.452186	0.448108	0.444514	0.4519	1	1	5.0978	
666.262	1	9658	4.14923	1	38	4.14557	1	38	0	0	0	0.459645	0.456657	0.462786	0.455554	0.452057	0.459571	0.459645	0.456657	0.462786	0.455554	0.452057	0.459571	1	1	5.09907	
