3.87886	1	7	3.87886	1	7	3.87909	1	7	0	0	0	0.00992292	0.0091	0.0112667	0.00992083	0.0091	0.0112667	0.00992292	0.0091	0.0112667	0.00992083	0.0091	0.0112667	1	1	4.87886	
3.87874	1	7	3.87874	1	7	3.87885	1	7	0	0	0	0.0201354	0.0188667	0.0217	0.0201312	0.0188667	0.0217	0.0201354	0.0188667	0.0217	0.0201312	0.0188667	0.0217	1	1	4.87874	
3.88295	1	7	3.88295	1	7	3.88303	1	7	0	0	0	0.0299896	0.0283667	0.0318667	0.0299875	0.0283667	0.0318667	0.0299896	0.0283667	0.0318667	0.0299875	0.0283667	0.0318667	1	1	4.88295	
3.87798	1	7	3.87798	1	7	3.87805	1	7	0	0	0	0.0401063	0.0385667	0.0419	0.0401063	0.0385667	0.0419333	0.0401063	0.0385667	0.0419	0.0401063	0.0385667	0.0419333	1	1	4.87798	
3.87738	1	7	3.87738	1	7	3.87754	1	7	0	0	0	0.0501896	0.0482	0.0528667	0.0501896	0.0482333	0.0528667	0.0501896	0.0482	0.0528667	0.0501896	0.0482333	0.0528667	1	1	4.87738	
3.8812	1	7	3.8812	1	7	3.88148	1	7	0	0	0	0.0603771	0.0582333	0.0635	0.0603812	0.0582333	0.0635	0.0603771	0.0582333	0.0635	0.0603812	0.0582333	0.0635	1	1	4.8812	
3.87784	1	7	3.87784	1	7	3.87804	1	7	0	0	0	0.0703167	0.0682333	0.0740667	0.0703208	0.0682333	0.0740667	0.0703167	0.0682333	0.0740667	0.0703208	0.0682333	0.0740667	1	1	4.87784	
3.87616	1	7	3.87616	1	7	3.87634	1	7	0	0	0	0.0804833	0.0782	0.0842333	0.0804854	0.0782333	0.0842333	0.0804833	0.0782	0.0842333	0.0804854	0.0782333	0.0842333	1	1	4.87616	
3.87445	1	7	3.87445	1	7	3.87461	1	7	0	0	0	0.0902333	0.0876	0.0949667	0.0902396	0.0876333	0.0949667	0.0902333	0.0876	0.0949667	0.0902396	0.0876333	0.0949667	1	1	4.87445	
3.87561	1	7	3.87561	1	7	3.87578	1	7	0	0	0	0.100373	0.0977667	0.104467	0.100383	0.0977667	0.104467	0.100373	0.0977667	0.104467	0.100383	0.0977667	0.104467	1	1	4.87561	
3.87454	1	7	3.87454	1	7	3.87468	1	7	0	0	0	0.110113	0.107767	0.114633	0.110123	0.107767	0.114633	0.110113	0.107767	0.114633	0.110123	0.107767	0.114633	1	1	4.87454	
3.87709	1	7	3.87709	1	7	3.87725	1	7	0	0	0	0.120129	0.117067	0.124867	0.120142	0.117133	0.124867	0.120129	0.117067	0.124867	0.120142	0.117133	0.124867	1	1	4.87709	
3.87609	1	7	3.87609	1	7	3.87629	1	7	0	0	0	0.130342	0.126633	0.134433	0.130354	0.1267	0.134433	0.130342	0.126633	0.134433	0.130354	0.1267	0.134433	1	1	4.87609	
3.87625	1	7	3.87625	1	7	3.87639	1	7	0	0	0	0.14034	0.1367	0.145267	0.140348	0.136767	0.145267	0.14034	0.1367	0.145267	0.140348	0.136767	0.145267	1	1	4.87625	
3.87284	1	7	3.87284	1	7	3.87301	1	7	0	0	0	0.150237	0.1459	0.155733	0.150244	0.145967	0.155733	0.150237	0.1459	0.155733	0.150244	0.145967	0.155733	1	1	4.87284	
3.87363	1	7	3.87363	1	7	3.8738	1	7	0	0	0	0.159967	0.154367	0.1663	0.159977	0.154433	0.1663	0.159967	0.154367	0.1663	0.159977	0.154433	0.1663	1	1	4.87363	
3.87334	1	7	3.87334	1	7	3.87346	1	7	0	0	0	0.169842	0.164833	0.175667	0.169856	0.1649	0.175667	0.169842	0.164833	0.175667	0.169856	0.1649	0.175667	1	1	4.87334	
3.8736	1	7	3.8736	1	7	3.8737	1	7	0	0	0	0.179825	0.1744	0.186	0.179844	0.1745	0.186	0.179825	0.1744	0.186	0.179844	0.1745	0.186	1	1	4.8736	
3.87496	1	7	3.87496	1	7	3.87512	1	7	0	0	0	0.189817	0.184467	0.1956	0.189837	0.184567	0.1956	0.189817	0.184467	0.1956	0.189837	0.184567	0.1956	1	1	4.87496	
3.87324	1	7	3.87324	1	7	3.87338	1	7	0	0	0	0.199869	0.1934	0.2052	0.199892	0.1935	0.2052	0.199869	0.1934	0.2052	0.199892	0.1935	0.2052	1	1	4.87324	
3.87382	1	7	3.87382	1	7	3.87398	1	7	0	0	0	0.20989	0.204167	0.215133	0.209913	0.204267	0.215133	0.20989	0.204167	0.215133	0.209913	0.204267	0.215133	1	1	4.87382	
3.87349	1	7	3.87349	1	7	3.87361	1	7	0	0	0	0.219781	0.215167	0.225467	0.219802	0.215267	0.225467	0.219781	0.215167	0.225467	0.219802	0.215267	0.225467	1	1	4.87349	
3.87466	1	7	3.87466	1	7	3.87478	1	7	0	0	0	0.229696	0.224633	0.2354	0.229719	0.224733	0.2354	0.229696	0.224633	0.2354	0.229719	0.224733	0.2354	1	1	4.87466	
3.87411	1	7	3.87411	1	7	3.87423	1	7	0	0	0	0.239669	0.2349	0.245667	0.239692	0.235	0.245667	0.239669	0.2349	0.245667	0.239692	0.235	0.245667	1	1	4.87411	
3.87461	1	7	3.87461	1	7	3.87476	1	7	0	0	0	0.249798	0.245467	0.254767	0.249823	0.245567	0.254767	0.249798	0.245467	0.254767	0.249823	0.245567	0.254767	1	1	4.87461	
3.87631	1	7	3.87631	1	7	3.87646	1	7	0	0	0	0.259594	0.255433	0.264533	0.259617	0.255467	0.264533	0.259594	0.255433	0.264533	0.259617	0.255467	0.264533	1	1	4.87631	
3.87457	1	7	3.87457	1	7	3.87471	1	7	0	0	0	0.26954	0.2651	0.275667	0.26956	0.265067	0.275667	0.26954	0.2651	0.275667	0.26956	0.265067	0.275667	1	1	4.87457	
3.87424	1	7	3.87424	1	7	3.87437	1	7	0	0	0	0.279729	0.275033	0.286233	0.279746	0.274967	0.286233	0.279729	0.275033	0.286233	0.279746	0.274967	0.286233	1	1	4.87424	
3.87475	1	7	3.87475	1	7	3.87486	1	7	0	0	0	0.289615	0.2851	0.296567	0.289627	0.285033	0.296567	0.289615	0.2851	0.296567	0.289627	0.285033	0.296567	1	1	4.87475	
3.8766	1	7	3.8766	1	7	3.87669	1	7	0	0	0	0.299681	0.294867	0.3054	0.29969	0.2948	0.3054	0.299681	0.294867	0.3054	0.29969	0.2948	0.3054	1	1	4.8766	
3.87604	1	7	3.87604	1	7	3.87615	1	7	0	0	0	0.309604	0.305067	0.315667	0.309613	0.305	0.315667	0.309604	0.305067	0.315667	0.309613	0.305	0.315667	1	1	4.87604	
3.87477	1	7	3.87477	1	7	3.87488	1	7	0	0	0	0.319421	0.3153	0.325933	0.319427	0.315233	0.325933	0.319421	0.3153	0.325933	0.319427	0.315233	0.325933	1	1	4.87477	
3.87523	1	7	3.87523	1	7	3.87535	1	7	0	0	0	0.329415	0.324933	0.3361	0.329419	0.324867	0.3361	0.329415	0.324933	0.3361	0.329419	0.324867	0.3361	1	1	4.87523	
3.8745	1	7	3.8745	1	7	3.87462	1	7	0	0	0	0.339217	0.3345	0.345733	0.339221	0.3346	0.345733	0.339217	0.3345	0.345733	0.339221	0.3346	0.345733	1	1	4.8745	
3.87494	1	7	3.87494	1	7	3.87504	1	7	0	0	0	0.349271	0.343967	0.3562	0.349275	0.344067	0.3562	0.349271	0.343967	0.3562	0.349275	0.344067	0.3562	1	1	4.87494	
3.87506	1	7	3.87506	1	7	3.87518	1	7	0	0	0	0.359258	0.3535	0.3672	0.359262	0.3536	0.3672	0.359258	0.3535	0.3672	0.359262	0.3536	0.3672	1	1	4.87506	
3.87419	1	7	3.87419	1	7	3.87432	1	7	0	0	0	0.369567	0.364267	0.3781	0.369569	0.364367	0.3781	0.369567	0.364267	0.3781	0.369569	0.364367	0.3781	1	1	4.87419	
3.87437	1	7	3.87437	1	7	3.87449	1	7	0	0	0	0.379606	0.374667	0.387667	0.379608	0.374767	0.387667	0.379606	0.374667	0.387667	0.379608	0.374767	0.387667	1	1	4.87437	
3.87398	1	7	3.87398	1	7	3.87409	1	7	0	0	0	0.389754	0.385367	0.3965	0.389754	0.385467	0.3965	0.389754	0.385367	0.3965	0.389754	0.385467	0.3965	1	1	4.87398	
3.87397	1	7	3.87397	1	7	3.87408	1	7	0	0	0	0.399781	0.395467	0.406667	0.399779	0.395533	0.406667	0.399781	0.395467	0.406667	0.399779	0.395533	0.406667	1	1	4.87397	
3.87506	1	7	3.87506	1	7	3.87517	1	7	0	0	0	0.409765	0.405433	0.416067	0.40976	0.4055	0.416067	0.409765	0.405433	0.416067	0.40976	0.4055	0.416067	1	1	4.87506	
3.87434	1	7	3.87434	1	7	3.87446	1	7	0	0	0	0.419729	0.415733	0.426467	0.419723	0.4158	0.426467	0.419729	0.415733	0.426467	0.419723	0.4158	0.426467	1	1	4.87434	
3.87398	1	7	3.87398	1	7	3.87408	1	7	0	0	0	0.429908	0.426933	0.436	0.429896	0.426967	0.436	0.429908	0.426933	0.436	0.429896	0.426967	0.436	1	1	4.87398	
3.8741	1	7	3.8741	1	7	3.87421	1	7	0	0	0	0.440048	0.436367	0.4466	0.440038	0.4364	0.4466	0.440048	0.436367	0.4466	0.440038	0.4364	0.4466	1	1	4.8741	
3.87398	1	7	3.87398	1	7	3.8741	1	7	0	0	0	0.450021	0.4468	0.4568	0.450012	0.446833	0.4568	0.450021	0.4468	0.4568	0.450012	0.446833	0.4568	1	1	4.87398	
3.87321	1	7	3.87321	1	7	3.87334	1	7	0	0	0	0.460192	0.456167	0.468167	0.460183	0.456267	0.468167	0.460192	0.456167	0.468167	0.460183	0.456267	0.468167	1	1	4.87321	
3.87291	1	7	3.87291	1	7	3.87304	1	7	0	0	0	0.47045	0.4659	0.4778	0.470433	0.466	0.4778	0.47045	0.4659	0.4778	0.470433	0.466	0.4778	1	1	4.87291	
3.87277	1	7	3.87277	1	7	3.8729	1	7	0	0	0	0.480369	0.4752	0.487867	0.480348	0.4753	0.487867	0.480369	0.4752	0.487867	0.480348	0.4753	0.487867	1	1	4.87277	
3.87176	1	7	3.87176	1	7	3.8719	1	7	0	0	0	0.490358	0.4858	0.499167	0.490335	0.485867	0.499167	0.490358	0.4858	0.499167	0.490335	0.485867	0.499167	1	1	4.87176	
3.87136	1	7	3.87136	1	7	3.87147	1	7	0	0	0	0.500392	0.4952	0.510367	0.500369	0.495267	0.510367	0.500392	0.4952	0.510367	0.500369	0.495267	0.510367	1	1	4.87136	
3.87149	1	7	3.87149	1	7	3.8716	1	7	0	0	0	0.510146	0.504667	0.5203	0.510125	0.504733	0.5203	0.510146	0.504667	0.5203	0.510125	0.504733	0.5203	1	1	4.87149	
3.87147	1	7	3.87147	1	7	3.87157	1	7	0	0	0	0.520217	0.514267	0.53	0.520198	0.514333	0.53	0.520217	0.514267	0.53	0.520198	0.514333	0.53	1	1	4.87147	
3.87168	1	7	3.87168	1	7	3.87176	1	7	0	0	0	0.530154	0.524033	0.5396	0.530138	0.5241	0.5396	0.530154	0.524033	0.5396	0.530138	0.5241	0.5396	1	1	4.87168	
3.87131	1	7	3.87131	1	7	3.87138	1	7	0	0	0	0.540154	0.535067	0.549	0.54014	0.535133	0.549	0.540154	0.535067	0.549	0.54014	0.535133	0.549	1	1	4.87131	
3.87074	1	7	3.87074	1	7	3.8708	1	7	0	0	0	0.550031	0.544467	0.5586	0.550017	0.5445	0.5586	0.550031	0.544467	0.5586	0.550017	0.5445	0.5586	1	1	4.87074	
3.87087	1	7	3.87087	1	7	3.87093	1	7	0	0	0	0.560129	0.553933	0.568633	0.560113	0.553967	0.568633	0.560129	0.553933	0.568633	0.560113	0.553967	0.568633	1	1	4.87087	
3.87113	1	7	3.87113	1	7	3.8712	1	7	0	0	0	0.57025	0.563667	0.578667	0.570227	0.5637	0.578667	0.57025	0.563667	0.578667	0.570227	0.5637	0.578667	1	1	4.87113	
3.87065	1	7	3.87065	1	7	3.87072	1	7	0	0	0	0.580067	0.573533	0.588933	0.580044	0.573567	0.588933	0.580067	0.573533	0.588933	0.580044	0.573567	0.588933	1	1	4.87065	
3.87147	1	7	3.87147	1	7	3.87154	1	7	0	0	0	0.58985	0.584	0.598667	0.589827	0.584033	0.598667	0.58985	0.584	0.598667	0.589827	0.584033	0.598667	1	1	4.87147	
3.87216	1	7	3.87216	1	7	3.87222	1	7	0	0	0	0.600015	0.5946	0.607967	0.599994	0.594633	0.607933	0.600015	0.5946	0.607967	0.599994	0.594633	0.607933	1	1	4.87216	
3.8726	1	7	3.8726	1	7	3.87267	1	7	0	0	0	0.609783	0.6043	0.617367	0.60976	0.604333	0.617333	0.609783	0.6043	0.617367	0.60976	0.604333	0.617333	1	1	4.8726	
3.87217	1	7	3.87217	1	7	3.87222	1	7	0	0	0	0.619815	0.613133	0.627067	0.61979	0.613167	0.627033	0.619815	0.613133	0.627067	0.61979	0.613167	0.627033	1	1	4.87217	
3.87181	1	7	3.87181	1	7	3.87186	1	7	0	0	0	0.629885	0.623133	0.637167	0.62986	0.623133	0.637133	0.629885	0.623133	0.637167	0.62986	0.623133	0.637133	1	1	4.87181	
3.87201	1	7	3.87201	1	7	3.87206	1	7	0	0	0	0.63989	0.633933	0.646667	0.639865	0.633933	0.646633	0.63989	0.633933	0.646667	0.639865	0.633933	0.646633	1	1	4.87201	
3.87117	1	7	3.87117	1	7	3.87123	1	7	0	0	0	0.65014	0.644633	0.657733	0.650112	0.644633	0.6577	0.65014	0.644633	0.657733	0.650112	0.644633	0.6577	1	1	4.87117	
3.87125	1	7	3.87125	1	7	3.87132	1	7	0	0	0	0.660092	0.653967	0.668167	0.660065	0.653967	0.668133	0.660092	0.653967	0.668167	0.660065	0.653967	0.668133	1	1	4.87125	
3.87169	1	7	3.87169	1	7	3.87176	1	7	0	0	0	0.670171	0.663933	0.677867	0.670148	0.663933	0.677833	0.670171	0.663933	0.677867	0.670148	0.663933	0.677833	1	1	4.87169	
3.87176	1	7	3.87176	1	7	3.87184	1	7	0	0	0	0.680292	0.6738	0.686733	0.680267	0.6738	0.6867	0.680292	0.6738	0.686733	0.680267	0.6738	0.6867	1	1	4.87176	
3.87161	1	7	3.87161	1	7	3.87167	1	7	0	0	0	0.690075	0.684433	0.697333	0.69005	0.6844	0.6973	0.690075	0.684433	0.697333	0.69005	0.6844	0.6973	1	1	4.87161	
3.8718	1	7	3.8718	1	7	3.87186	1	7	0	0	0	0.700092	0.694	0.706967	0.700071	0.693967	0.706933	0.700092	0.694	0.706967	0.700071	0.693967	0.706933	1	1	4.8718	
3.87199	1	7	3.87199	1	7	3.87204	1	7	0	0	0	0.709954	0.7034	0.716467	0.709935	0.703367	0.716433	0.709954	0.7034	0.716467	0.709935	0.703367	0.716433	1	1	4.87199	
3.87253	1	7	3.87253	1	7	3.8726	1	7	0	0	0	0.719827	0.7137	0.7253	0.71981	0.713667	0.725267	0.719827	0.7137	0.7253	0.71981	0.713667	0.725267	1	1	4.87253	
3.87204	1	7	3.87204	1	7	3.8721	1	7	0	0	0	0.729708	0.724067	0.734867	0.729692	0.724033	0.734833	0.729708	0.724067	0.734867	0.729692	0.724033	0.734833	1	1	4.87204	
3.87262	1	7	3.87262	1	7	3.87268	1	7	0	0	0	0.739906	0.734667	0.744933	0.739888	0.734633	0.7449	0.739906	0.734667	0.744933	0.739888	0.734633	0.7449	1	1	4.87262	
3.8726	1	7	3.8726	1	7	3.87266	1	7	0	0	0	0.749865	0.745067	0.754633	0.749846	0.745033	0.7546	0.749865	0.745067	0.754633	0.749846	0.745033	0.7546	1	1	4.8726	
3.8728	1	7	3.8728	1	7	3.87286	1	7	0	0	0	0.759725	0.754933	0.7651	0.759704	0.7549	0.765067	0.759725	0.754933	0.7651	0.759704	0.7549	0.765067	1	1	4.8728	
3.8731	1	7	3.8731	1	7	3.87316	1	7	0	0	0	0.769635	0.764033	0.775533	0.769613	0.764033	0.7755	0.769635	0.764033	0.775533	0.769613	0.764033	0.7755	1	1	4.8731	
3.87347	1	7	3.87347	1	7	3.87354	1	7	0	0	0	0.779442	0.7742	0.7853	0.779419	0.774167	0.785267	0.779442	0.7742	0.7853	0.779419	0.774167	0.785267	1	1	4.87347	
3.87377	1	7	3.87377	1	7	3.87387	1	7	0	0	0	0.78939	0.7845	0.795233	0.789367	0.784467	0.7952	0.78939	0.7845	0.795233	0.789367	0.784467	0.7952	1	1	4.87377	
3.87388	1	7	3.87388	1	7	3.87397	1	7	0	0	0	0.799481	0.793967	0.806067	0.79946	0.793933	0.806033	0.799481	0.793967	0.806067	0.79946	0.793933	0.806033	1	1	4.87388	
3.87433	1	7	3.87433	1	7	3.8744	1	7	0	0	0	0.809767	0.804233	0.8156	0.809744	0.804167	0.815567	0.809767	0.804233	0.8156	0.809744	0.804167	0.815567	1	1	4.87433	
3.87455	1	7	3.87455	1	7	3.87463	1	7	0	0	0	0.81989	0.814767	0.8251	0.819865	0.8147	0.825067	0.81989	0.814767	0.8251	0.819865	0.8147	0.825067	1	1	4.87455	
3.8748	1	7	3.8748	1	7	3.87486	1	7	0	0	0	0.829783	0.8241	0.8353	0.829758	0.824067	0.835267	0.829783	0.8241	0.8353	0.829758	0.824067	0.835267	1	1	4.8748	
3.87456	1	7	3.87456	1	7	3.87464	1	7	0	0	0	0.839946	0.834733	0.8448	0.839923	0.8347	0.844767	0.839946	0.834733	0.8448	0.839923	0.8347	0.844767	1	1	4.87456	
3.87457	1	7	3.87457	1	7	3.87465	1	7	0	0	0	0.850094	0.844567	0.854533	0.850069	0.844533	0.8545	0.850094	0.844567	0.854533	0.850069	0.844533	0.8545	1	1	4.87457	
3.87498	1	7	3.87498	1	7	3.87506	1	7	0	0	0	0.860204	0.854933	0.864	0.860177	0.8549	0.863967	0.860204	0.854933	0.864	0.860177	0.8549	0.863967	1	1	4.87498	
3.87496	1	7	3.87496	1	7	3.87505	1	7	0	0	0	0.870398	0.865333	0.873567	0.870371	0.8653	0.873533	0.870398	0.865333	0.873567	0.870371	0.8653	0.873533	1	1	4.87496	
3.87511	1	7	3.87511	1	7	3.87521	1	7	0	0	0	0.880267	0.875	0.8834	0.880242	0.874967	0.883367	0.880267	0.875	0.8834	0.880242	0.874967	0.883367	1	1	4.87511	
3.87479	1	7	3.87479	1	7	3.87488	1	7	0	0	0	0.890556	0.8859	0.8926	0.890531	0.885867	0.892567	0.890556	0.8859	0.8926	0.890531	0.885867	0.892567	1	1	4.87479	
3.87447	1	7	3.87447	1	7	3.87458	1	7	0	0	0	0.900446	0.896233	0.902767	0.900429	0.8962	0.902733	0.900446	0.896233	0.902767	0.900429	0.8962	0.902733	1	1	4.87447	
3.87436	1	7	3.87436	1	7	3.87446	1	7	0	0	0	0.910406	0.906467	0.913267	0.91039	0.906433	0.913233	0.910406	0.906467	0.913267	0.91039	0.906433	0.913233	1	1	4.87436	
3.87407	1	7	3.87407	1	7	3.87418	1	7	0	0	0	0.920362	0.916433	0.923067	0.92035	0.9164	0.923033	0.920362	0.916433	0.923067	0.92035	0.9164	0.923033	1	1	4.87407	
3.87455	1	7	3.87455	1	7	3.87466	1	7	0	0	0	0.930244	0.9268	0.932367	0.930231	0.926767	0.932367	0.930244	0.9268	0.932367	0.930231	0.926767	0.932367	1	1	4.87455	
3.87473	1	7	3.87473	1	7	3.87483	1	7	0	0	0	0.940154	0.937233	0.942833	0.940144	0.9372	0.942833	0.940154	0.937233	0.942833	0.940144	0.9372	0.942833	1	1	4.87473	
3.87469	1	7	3.87469	1	7	3.8748	1	7	0	0	0	0.950179	0.947133	0.952133	0.950171	0.9471	0.952133	0.950179	0.947133	0.952133	0.950171	0.9471	0.952133	1	1	4.87469	
3.87493	1	7	3.87493	1	7	3.87504	1	7	0	0	0	0.96034	0.958333	0.962233	0.960333	0.9583	0.962233	0.96034	0.958333	0.962233	0.960333	0.9583	0.962233	1	1	4.87493	
3.87515	1	7	3.87515	1	7	3.87525	1	7	0	0	0	0.970213	0.968467	0.971667	0.970206	0.968433	0.971667	0.970213	0.968467	0.971667	0.970206	0.968433	0.971667	1	1	4.87515	
3.87493	1	7	3.87493	1	7	3.87502	1	7	0	0	0	0.980219	0.978867	0.981167	0.980215	0.978867	0.981167	0.980219	0.978867	0.981167	0.980215	0.978867	0.981167	1	1	4.87493	
3.87483	1	7	3.87483	1	7	3.87493	1	7	0	0	0	0.989923	0.9892	0.990667	0.989923	0.9892	0.990667	0.989923	0.9892	0.990667	0.989923	0.9892	0.990667	1	1	4.87483	
3.875	1	7	3.875	1	7	3.87511	1	7	0	0	0	1	1	1	1	1	1	1	1	1	1	1	1	1	1	4.875	
