2.88306	1	8	2.88306	1	8	2.88306	1	8	0	0	0	0.00992292	0.0091	0.0112667	0.00992083	0.0086	0.0108333	0.00992292	0.0091	0.0112667	0.00992083	0.0086	0.0108333	1	1	3.88306	
2.89922	1	8	2.89922	1	8	2.89954	1	8	0	0	0	0.0201354	0.0188667	0.0217	0.0201333	0.0184	0.0216333	0.0201354	0.0188667	0.0217	0.0201333	0.0184	0.0216333	1	1	3.89912	
2.87058	1	10	2.87058	1	10	2.87075	1	10	0	0	0	0.0299896	0.0283667	0.0318667	0.0299917	0.0287333	0.0323333	0.0299896	0.0283667	0.0318667	0.0299917	0.0287333	0.0323333	1	1	3.87058	
2.86453	1	8	2.86453	1	8	2.86507	1	8	0	0	0	0.0401063	0.0385667	0.0419	0.0401063	0.0384	0.0419	0.0401063	0.0385667	0.0419	0.0401063	0.0384	0.0419	1	1	3.86432	
2.87323	1	8	2.87323	1	8	2.87337	1	8	0	0	0	0.0501896	0.0482	0.0528667	0.0501896	0.0477333	0.0532	0.0501896	0.0482	0.0528667	0.0501896	0.0477333	0.0532	1	1	3.87311	
2.87654	1	10	2.87654	1	10	2.8766	1	10	0	0	0	0.0603771	0.0582333	0.0635	0.0603833	0.0571667	0.0629667	0.0603771	0.0582333	0.0635	0.0603833	0.0571667	0.0629667	1	1	3.87647	
2.8867	1	11	2.8867	1	11	2.88676	1	11	0	0	0	0.0703167	0.0682333	0.0740667	0.0703208	0.0672333	0.0731667	0.0703167	0.0682333	0.0740667	0.0703208	0.0672333	0.0731667	1	1	3.88641	
2.88634	1	11	2.88634	1	11	2.88663	1	11	0	0	0	0.0804833	0.0782	0.0842333	0.0804896	0.0773667	0.0840333	0.0804833	0.0782	0.0842333	0.0804896	0.0773667	0.0840333	1	1	3.88623	
2.89255	1	11	2.89255	1	11	2.89284	1	11	0	0	0	0.0902333	0.0876	0.0949667	0.0902479	0.0874333	0.0928333	0.0902333	0.0876	0.0949667	0.0902479	0.0874333	0.0928333	1	1	3.89225	
2.89323	1	11	2.89323	1	11	2.89346	1	11	0	0	0	0.100373	0.0977667	0.104467	0.100383	0.0968333	0.103033	0.100373	0.0977667	0.104467	0.100383	0.0968333	0.103033	1	1	3.89309	
2.90107	1	11	2.90107	1	11	2.90125	1	11	0	0	0	0.110113	0.107767	0.114633	0.110123	0.108133	0.113967	0.110113	0.107767	0.114633	0.110123	0.108133	0.113967	1	1	3.9008	
2.91081	1	12	2.91081	1	12	2.91068	1	12	0	0	0	0.120129	0.117067	0.124867	0.12014	0.1153	0.124	0.120129	0.117067	0.124867	0.12014	0.1153	0.124	1	1	3.91051	
2.91217	1	12	2.91217	1	12	2.91231	1	12	0	0	0	0.130342	0.126633	0.134433	0.13036	0.124633	0.134533	0.130342	0.126633	0.134433	0.13036	0.124633	0.134533	1	1	3.91182	
2.91341	1	13	2.91341	1	13	2.91351	1	13	0	0	0	0.14034	0.1367	0.145267	0.140348	0.137567	0.144167	0.14034	0.1367	0.145267	0.140348	0.137567	0.144167	1	1	3.91314	
2.92838	1	11	2.92838	1	11	2.92845	1	11	0	0	0	0.150237	0.1459	0.155733	0.150254	0.146767	0.1557	0.150237	0.1459	0.155733	0.150254	0.146767	0.1557	1	1	3.928	
2.92428	1	12	2.92428	1	12	2.92442	1	12	0	0	0	0.159967	0.154367	0.1663	0.159981	0.156333	0.1641	0.159967	0.154367	0.1663	0.159981	0.156333	0.1641	1	1	3.92392	
2.94028	1	12	2.94028	1	12	2.94031	1	12	0	0	0	0.169842	0.164833	0.175667	0.169862	0.1659	0.1751	0.169842	0.164833	0.175667	0.169862	0.1659	0.1751	1	1	3.93975	
2.94292	1	13	2.94292	1	13	2.94292	1	13	0	0	0	0.179825	0.1744	0.186	0.179848	0.1741	0.1827	0.179825	0.1744	0.186	0.179848	0.1741	0.1827	1	1	3.94254	
2.94311	1	13	2.94311	1	13	2.943	1	13	0	0	0	0.189817	0.184467	0.1956	0.189844	0.186733	0.1931	0.189817	0.184467	0.1956	0.189844	0.186733	0.1931	1	1	3.94276	
2.95515	1	14	2.95515	1	14	2.95528	1	14	0	0	0	0.199869	0.1934	0.2052	0.199896	0.196133	0.202967	0.199869	0.1934	0.2052	0.199896	0.196133	0.202967	1	1	3.95472	
2.95687	1	12	2.95687	1	12	2.95713	1	12	0	0	0	0.20989	0.204167	0.215133	0.209917	0.204633	0.213633	0.20989	0.204167	0.215133	0.209917	0.204633	0.213633	1	1	3.95634	
2.97118	1	14	2.97118	1	14	2.97121	1	14	0	0	0	0.219781	0.215167	0.225467	0.219808	0.211733	0.224867	0.219781	0.215167	0.225467	0.219808	0.211733	0.224867	1	1	3.97071	
2.97743	1	14	2.97743	1	14	2.97771	1	14	0	0	0	0.229696	0.224633	0.2354	0.229719	0.224933	0.233567	0.229696	0.224633	0.2354	0.229719	0.224933	0.233567	1	1	3.9769	
2.99212	1	13	2.99212	1	13	2.99212	1	13	0	0	0	0.239669	0.2349	0.245667	0.239683	0.235467	0.2454	0.239669	0.2349	0.245667	0.239683	0.235467	0.2454	1	1	3.9916	
3.00209	1	12	3.00209	1	12	3.00222	1	12	0	0	0	0.249798	0.245467	0.254767	0.249825	0.245467	0.2549	0.249798	0.245467	0.254767	0.249825	0.245467	0.2549	1	1	4.0015	
3.00669	1	15	3.00669	1	15	3.00694	1	15	0	0	0	0.259594	0.255433	0.264533	0.259617	0.253867	0.264567	0.259594	0.255433	0.264533	0.259617	0.253867	0.264567	1	1	4.00613	
3.01767	1	14	3.01767	1	14	3.01788	1	14	0	0	0	0.26954	0.2651	0.275667	0.269571	0.2642	0.275333	0.26954	0.2651	0.275667	0.269571	0.2642	0.275333	1	1	4.01706	
3.0301	1	14	3.0301	1	14	3.03016	1	14	0	0	0	0.279729	0.275033	0.286233	0.279756	0.2747	0.283167	0.279729	0.275033	0.286233	0.279756	0.2747	0.283167	1	1	4.02937	
3.04084	1	14	3.04084	1	14	3.04101	1	14	0	0	0	0.289615	0.2851	0.296567	0.289642	0.285233	0.294067	0.289615	0.2851	0.296567	0.289642	0.285233	0.294067	1	1	4.04028	
3.04464	1	14	3.04464	1	14	3.04472	1	14	0	0	0	0.299681	0.294867	0.3054	0.299712	0.293967	0.306233	0.299681	0.294867	0.3054	0.299712	0.293967	0.306233	1	1	4.04396	
3.05383	1	15	3.05383	1	15	3.05401	1	15	0	0	0	0.309604	0.305067	0.315667	0.309623	0.304333	0.313	0.309604	0.305067	0.315667	0.309623	0.304333	0.313	1	1	4.05309	
3.073	1	13	3.073	1	13	3.07313	1	13	0	0	0	0.319421	0.3153	0.325933	0.319437	0.314167	0.326567	0.319421	0.3153	0.325933	0.319437	0.314167	0.326567	1	1	4.07231	
3.08243	1	14	3.08243	1	14	3.08254	1	14	0	0	0	0.329415	0.324933	0.3361	0.329425	0.3253	0.336	0.329415	0.324933	0.3361	0.329425	0.3253	0.336	1	1	4.08165	
3.10187	1	16	3.10187	1	16	3.10207	1	16	0	0	0	0.339217	0.3345	0.345733	0.339238	0.3342	0.345	0.339217	0.3345	0.345733	0.339238	0.3342	0.345	1	1	4.10105	
3.11158	1	16	3.11158	1	16	3.11165	1	16	0	0	0	0.349271	0.343967	0.3562	0.349281	0.341633	0.355133	0.349271	0.343967	0.3562	0.349281	0.341633	0.355133	1	1	4.11077	
3.12187	1	14	3.12187	1	14	3.12201	1	14	0	0	0	0.359258	0.3535	0.3672	0.359273	0.3539	0.3658	0.359258	0.3535	0.3672	0.359273	0.3539	0.3658	1	1	4.12093	
3.13511	1	15	3.13511	1	15	3.13541	1	15	0	0	0	0.369567	0.364267	0.3781	0.369594	0.3628	0.376133	0.369567	0.364267	0.3781	0.369594	0.3628	0.376133	1	1	4.13419	
3.145	1	15	3.145	1	15	3.14505	1	15	0	0	0	0.379606	0.374667	0.387667	0.379617	0.375333	0.384933	0.379606	0.374667	0.387667	0.379617	0.375333	0.384933	1	1	4.14384	
3.15832	1	15	3.15832	1	15	3.15856	1	15	0	0	0	0.389754	0.385367	0.3965	0.389779	0.381067	0.395267	0.389754	0.385367	0.3965	0.389779	0.381067	0.395267	1	1	4.15747	
3.16862	1	17	3.16862	1	17	3.16884	1	17	0	0	0	0.399781	0.395467	0.406667	0.399798	0.391167	0.4053	0.399781	0.395467	0.406667	0.399798	0.391167	0.4053	1	1	4.16751	
3.19223	1	16	3.19223	1	16	3.19218	1	16	0	0	0	0.409765	0.405433	0.416067	0.409769	0.4058	0.4156	0.409765	0.405433	0.416067	0.409769	0.4058	0.4156	1	1	4.19122	
3.20127	1	16	3.20127	1	16	3.20142	1	16	0	0	0	0.419729	0.415733	0.426467	0.419748	0.4102	0.426733	0.419729	0.415733	0.426467	0.419748	0.4102	0.426733	1	1	4.20023	
3.21788	1	16	3.21788	1	16	3.21776	1	16	0	0	0	0.429908	0.426933	0.436	0.429912	0.424733	0.437	0.429908	0.426933	0.436	0.429912	0.424733	0.437	1	1	4.21683	
3.237	1	15	3.237	1	15	3.23713	1	15	0	0	0	0.440048	0.436367	0.4466	0.440058	0.433867	0.4467	0.440048	0.436367	0.4466	0.440058	0.433867	0.4467	1	1	4.23605	
3.24522	1	16	3.24522	1	16	3.2452	1	16	0	0	0	0.450021	0.4468	0.4568	0.450029	0.442967	0.4613	0.450021	0.4468	0.4568	0.450029	0.442967	0.4613	1	1	4.24411	
3.26843	1	16	3.26843	1	16	3.26853	1	16	0	0	0	0.460192	0.456167	0.468167	0.460204	0.451333	0.472067	0.460192	0.456167	0.468167	0.460204	0.451333	0.472067	1	1	4.26726	
3.26947	1	15	3.26947	1	15	3.26953	1	15	0	0	0	0.47045	0.4659	0.4778	0.470452	0.4641	0.478067	0.47045	0.4659	0.4778	0.470452	0.4641	0.478067	1	1	4.26825	
3.29114	1	17	3.29114	1	17	3.2913	1	17	0	0	0	0.480369	0.4752	0.487867	0.48036	0.4759	0.487767	0.480369	0.4752	0.487867	0.48036	0.4759	0.487767	1	1	4.28986	
3.31113	1	20	3.31111	1	20	3.31111	1	20	0	0	0	0.490358	0.4858	0.499167	0.490348	0.481033	0.496567	0.490358	0.4858	0.499167	0.490348	0.481033	0.496567	1	1	4.30986	
3.32363	1	19	3.32363	1	19	3.32352	1	19	0	0	0	0.500392	0.4952	0.510367	0.500379	0.4914	0.508467	0.500392	0.4952	0.510367	0.500379	0.4914	0.508467	1	1	4.32229	
3.34364	1	18	3.34364	1	18	3.34388	1	18	0	0	0	0.510146	0.504667	0.5203	0.510129	0.501267	0.5192	0.510146	0.504667	0.5203	0.510129	0.501267	0.5192	1	1	4.34234	
3.3574	1	18	3.3574	1	18	3.35744	1	18	0	0	0	0.520217	0.514267	0.53	0.520215	0.512233	0.5265	0.520217	0.514267	0.53	0.520215	0.512233	0.5265	1	1	4.35603	
3.37925	1	17	3.37925	1	17	3.3795	1	17	0	0	0	0.530154	0.524033	0.5396	0.53015	0.5257	0.5391	0.530154	0.524033	0.5396	0.53015	0.5257	0.5391	1	1	4.37798	
3.40112	1	21	3.4011	1	21	3.4014	1	21	0	0	0	0.540154	0.535067	0.549	0.540142	0.5268	0.5495	0.540154	0.535067	0.549	0.540142	0.5268	0.5495	1	1	4.39981	
3.41209	1	16	3.41207	1	16	3.41243	1	16	0	0	0	0.550031	0.544467	0.5586	0.550031	0.5425	0.559867	0.550031	0.544467	0.5586	0.550031	0.5425	0.559867	1	1	4.41063	
3.42867	1	16	3.42867	1	16	3.4288	1	16	0	0	0	0.560129	0.553933	0.568633	0.560129	0.554167	0.5716	0.560129	0.553933	0.568633	0.560129	0.554167	0.5716	1	1	4.42726	
3.44271	1	19	3.44267	1	19	3.44291	1	19	0	0	0	0.57025	0.563667	0.578667	0.57024	0.563767	0.5785	0.57025	0.563667	0.578667	0.57024	0.563767	0.5785	1	1	4.44118	
3.45892	1	17	3.45891	1	17	3.45891	1	17	0	0	0	0.580067	0.573533	0.588933	0.580056	0.572767	0.5875	0.580067	0.573533	0.588933	0.580056	0.572767	0.5875	1	1	4.45741	
3.4757	1	19	3.4757	1	19	3.47569	1	19	0	0	0	0.58985	0.584	0.598667	0.589842	0.578167	0.600533	0.58985	0.584	0.598667	0.589842	0.578167	0.600533	1	1	4.47418	
3.49788	1	20	3.49784	1	20	3.4979	1	20	0	0	0	0.600015	0.5946	0.607967	0.6	0.5904	0.607267	0.600015	0.5946	0.607967	0.6	0.5904	0.607267	1	1	4.49636	
3.52509	1	18	3.52501	1	18	3.52496	1	18	0	0	0	0.609783	0.6043	0.617367	0.60979	0.601567	0.620067	0.609783	0.6043	0.617367	0.60979	0.601567	0.620067	1	1	4.52351	
3.54105	1	18	3.54097	1	18	3.54112	1	18	0	0	0	0.619815	0.613133	0.627067	0.619817	0.612167	0.627667	0.619815	0.613133	0.627067	0.619817	0.612167	0.627667	1	1	4.5395	
3.55917	1	20	3.5591	1	20	3.5591	1	20	0	0	0	0.629885	0.623133	0.637167	0.629881	0.622033	0.6364	0.629885	0.623133	0.637167	0.629881	0.622033	0.6364	1	1	4.55749	
3.5667	1	19	3.56666	1	19	3.56688	1	19	0	0	0	0.63989	0.633933	0.646667	0.639885	0.633867	0.646633	0.63989	0.633933	0.646667	0.639885	0.633867	0.646633	1	1	4.56496	
3.59408	1	19	3.59398	1	19	3.5942	1	19	0	0	0	0.65014	0.644633	0.657733	0.650127	0.644	0.659633	0.65014	0.644633	0.657733	0.650127	0.644	0.659633	1	1	4.59217	
3.61276	1	22	3.61262	1	22	3.61283	1	22	0	0	0	0.660092	0.653967	0.668167	0.660075	0.654267	0.6666	0.660092	0.653967	0.668167	0.660075	0.654267	0.6666	1	1	4.61079	
3.62845	1	18	3.62834	1	18	3.62838	1	18	0	0	0	0.670171	0.663933	0.677867	0.670173	0.6661	0.676367	0.670171	0.663933	0.677867	0.670173	0.6661	0.676367	1	1	4.62646	
3.65312	1	19	3.65296	1	19	3.65307	1	19	0	0	0	0.680292	0.6738	0.686733	0.680281	0.67	0.690733	0.680292	0.6738	0.686733	0.680281	0.67	0.690733	1	1	4.65111	
3.66301	1	21	3.66281	1	21	3.66306	1	21	0	0	0	0.690075	0.684433	0.697333	0.690054	0.6804	0.699733	0.690075	0.684433	0.697333	0.690054	0.6804	0.699733	1	1	4.66094	
3.6886	1	20	3.6884	1	20	3.68857	1	20	0	0	0	0.700092	0.694	0.706967	0.700083	0.693667	0.7071	0.700092	0.694	0.706967	0.700083	0.693667	0.7071	1	1	4.68668	
3.69372	1	19	3.69355	1	19	3.69386	1	19	0	0	0	0.709954	0.7034	0.716467	0.709958	0.7029	0.719967	0.709954	0.7034	0.716467	0.709958	0.7029	0.719967	1	1	4.6917	
3.72987	1	22	3.72961	1	22	3.72977	1	22	0	0	0	0.719827	0.7137	0.7253	0.719831	0.712	0.726067	0.719827	0.7137	0.7253	0.719831	0.712	0.726067	1	1	4.72767	
3.74872	1	27	3.74858	1	27	3.74881	1	27	0	0	0	0.729708	0.724067	0.734867	0.729702	0.722033	0.737167	0.729708	0.724067	0.734867	0.729702	0.722033	0.737167	1	1	4.74675	
3.7703	1	22	3.77	1	22	3.77026	1	22	0	0	0	0.739906	0.734667	0.744933	0.739888	0.730133	0.747967	0.739906	0.734667	0.744933	0.739888	0.730133	0.747967	1	1	4.76801	
3.79908	1	22	3.79867	1	22	3.79871	1	22	0	0	0	0.749865	0.745067	0.754633	0.74984	0.743433	0.758767	0.749865	0.745067	0.754633	0.74984	0.743433	0.758767	1	1	4.79652	
3.81713	1	22	3.81671	1	22	3.81684	1	22	0	0	0	0.759725	0.754933	0.7651	0.7597	0.751633	0.770933	0.759725	0.754933	0.7651	0.7597	0.751633	0.770933	1	1	4.81465	
3.83098	1	22	3.8304	1	22	3.83052	1	22	0	0	0	0.769635	0.764033	0.775533	0.769633	0.7588	0.7778	0.769635	0.764033	0.775533	0.769633	0.7588	0.7778	1	1	4.82819	
3.85844	1	22	3.85772	1	22	3.85781	1	22	0	0	0	0.779442	0.7742	0.7853	0.779421	0.766733	0.787533	0.779442	0.7742	0.7853	0.779421	0.766733	0.787533	1	1	4.85556	
3.87263	1	25	3.8718	1	25	3.87183	1	25	0	0	0	0.78939	0.7845	0.795233	0.789373	0.779867	0.797067	0.78939	0.7845	0.795233	0.789373	0.779867	0.797067	1	1	4.86953	
3.89876	1	22	3.89792	1	22	3.89807	1	22	0	0	0	0.799481	0.793967	0.806067	0.799477	0.789833	0.8092	0.799481	0.793967	0.806067	0.799477	0.789833	0.8092	1	1	4.89562	
3.92419	1	21	3.92298	1	21	3.92317	1	21	0	0	0	0.809767	0.804233	0.8156	0.809721	0.799733	0.825767	0.809767	0.804233	0.8156	0.809721	0.799733	0.825767	1	1	4.92075	
3.93982	1	22	3.93816	1	22	3.9385	1	22	0	0	0	0.81989	0.814767	0.8251	0.819844	0.810033	0.832667	0.81989	0.814767	0.8251	0.819844	0.810033	0.832667	1	1	4.936	
3.97364	1	24	3.97214	1	24	3.97248	1	24	0	0	0	0.829783	0.8241	0.8353	0.829775	0.819467	0.839733	0.829783	0.8241	0.8353	0.829775	0.819467	0.839733	1	1	4.96978	
3.99435	1	22	3.99285	1	22	3.99323	1	22	0	0	0	0.839946	0.834733	0.8448	0.839952	0.832833	0.846967	0.839946	0.834733	0.8448	0.839952	0.832833	0.846967	1	1	4.99058	
4.01389	1	23	4.01236	1	23	4.01272	1	23	0	0	0	0.850094	0.844567	0.854533	0.850065	0.839033	0.8574	0.850094	0.844567	0.854533	0.850065	0.839033	0.8574	1	1	5.0098	
4.03453	1	26	4.03202	1	26	4.03233	1	26	0	0	0	0.860204	0.854933	0.864	0.860165	0.8542	0.868967	0.860204	0.854933	0.864	0.860165	0.8542	0.868967	1	1	5.02962	
4.06861	1	23	4.06538	1	23	4.06568	1	23	0	0	0	0.870398	0.865333	0.873567	0.870363	0.864433	0.881233	0.870398	0.865333	0.873567	0.870363	0.864433	0.881233	1	1	5.06278	
4.09271	1	24	4.08894	1	24	4.08922	1	24	0	0	0	0.880267	0.875	0.8834	0.880262	0.870267	0.887767	0.880267	0.875	0.8834	0.880262	0.870267	0.887767	1	1	5.08614	
4.10577	1	23	4.10171	1	23	4.10187	1	23	0	0	0	0.890556	0.8859	0.8926	0.890546	0.8836	0.902367	0.890556	0.8859	0.8926	0.890546	0.8836	0.902367	1	1	5.09927	
4.13398	1	21	4.12945	1	21	4.12973	1	21	0	0	0	0.900446	0.896233	0.902767	0.900427	0.8955	0.910867	0.900446	0.896233	0.902767	0.900427	0.8955	0.910867	1	1	5.12671	
4.16756	1	23	4.16126	1	23	4.16167	1	23	0	0	0	0.910406	0.906467	0.913267	0.910433	0.904633	0.9149	0.910406	0.906467	0.913267	0.910433	0.904633	0.9149	1	1	5.15849	
4.1852	1	26	4.17786	1	26	4.17817	1	26	0	0	0	0.920362	0.916433	0.923067	0.920377	0.9087	0.9263	0.920362	0.916433	0.923067	0.920377	0.9087	0.9263	1	1	5.17509	
4.21431	1	27	4.2041	1	27	4.2043	1	27	0	0	0	0.930244	0.9268	0.932367	0.930242	0.923567	0.938533	0.930244	0.9268	0.932367	0.930242	0.923567	0.938533	1	1	5.20125	
4.25003	1	25	4.23682	1	25	4.23697	1	25	0	0	0	0.940154	0.937233	0.942833	0.940142	0.933267	0.9472	0.940154	0.937233	0.942833	0.940142	0.933267	0.9472	1	1	5.23385	
4.28212	1	24	4.26558	1	24	4.26582	1	24	0	0	0	0.950179	0.947133	0.952133	0.950173	0.942333	0.9593	0.950179	0.947133	0.952133	0.950173	0.942333	0.9593	1	1	5.26283	
4.31094	1	25	4.28714	1	25	4.28753	1	25	0	0	0	0.96034	0.958333	0.962233	0.960092	0.950467	0.965567	0.96034	0.958333	0.962233	0.960092	0.950467	0.965567	1	1	5.28438	
4.35637	1	26	4.31422	1	26	4.31462	1	26	0	0	0	0.970213	0.968467	0.971667	0.970154	0.963	0.978067	0.970213	0.968467	0.971667	0.970154	0.963	0.978067	1	1	5.31133	
4.39273	1	25	4.33041	1	25	4.3305	1	25	0	0	0	0.980219	0.978867	0.981167	0.980354	0.962467	0.988533	0.980219	0.978867	0.981167	0.980354	0.962467	0.988533	1	1	5.32727	
4.55611	1	26	4.38332	1	24	4.38379	1	24	0	0	0	0.989923	0.9892	0.990667	0.990458	0.985167	0.9988	0.989923	0.9892	0.990667	0.990458	0.985167	0.9988	1	1	5.38028	
83.112	3	372	4.42652	1	70	4.42592	1	70	0	0	0	1	1	1	0.998358	0.9956	1	1	1	1	0.998358	0.9956	1	1	1	5.42347	
