4.2427	3	10	4.23788	3	10	4.23804	3	10	0	0	0	0.00992292	0.0091	0.0112667	0.00992292	0.0091	0.0112667	0.00992292	0.0091	0.0112667	0.00992292	0.0091	0.0112667	1	1	5.23788	
4.26922	3	10	4.25473	3	10	4.25481	3	10	0	0	0	0.0201354	0.0188667	0.0217	0.0201333	0.0188667	0.0217	0.0201354	0.0188667	0.0217	0.0201333	0.0188667	0.0217	1	1	5.25473	
4.27912	3	10	4.25683	3	10	4.25691	3	10	0	0	0	0.0299896	0.0283667	0.0318667	0.0299917	0.0283667	0.0318667	0.0299896	0.0283667	0.0318667	0.0299917	0.0283667	0.0318667	1	1	5.25683	
4.29344	3	12	4.26321	3	10	4.26326	3	10	0	0	0	0.0401063	0.0385667	0.0419	0.0401104	0.0386	0.0419333	0.0401063	0.0385667	0.0419	0.0401104	0.0386	0.0419333	1	1	5.26321	
4.31007	3	12	4.2723	3	10	4.27237	3	10	0	0	0	0.0501896	0.0482	0.0528667	0.0501938	0.0482333	0.0528667	0.0501896	0.0482	0.0528667	0.0501938	0.0482333	0.0528667	1	1	5.2723	
4.32438	3	12	4.27863	3	10	4.27868	3	10	0	0	0	0.0603771	0.0582333	0.0635	0.0603875	0.0582667	0.0635	0.0603771	0.0582333	0.0635	0.0603875	0.0582667	0.0635	1	1	5.27863	
4.33752	3	12	4.28268	3	10	4.28276	3	10	0	0	0	0.0703167	0.0682333	0.0740667	0.0703271	0.0682667	0.0741	0.0703167	0.0682333	0.0740667	0.0703271	0.0682667	0.0741	1	1	5.28268	
4.35735	3	12	4.29359	3	10	4.29365	3	10	0	0	0	0.0804833	0.0782	0.0842333	0.0804938	0.0782333	0.0842667	0.0804833	0.0782	0.0842333	0.0804938	0.0782333	0.0842667	1	1	5.29359	
4.37479	3	12	4.30186	3	10	4.30189	3	10	0	0	0	0.0902333	0.0876	0.0949667	0.0902479	0.0876333	0.095	0.0902333	0.0876	0.0949667	0.0902479	0.0876333	0.095	1	1	5.30186	
4.3905	3	12	4.30704	3	10	4.30707	3	10	0	0	0	0.100373	0.0977667	0.104467	0.10039	0.0978	0.104467	0.100373	0.0977667	0.104467	0.10039	0.0978	0.104467	1	1	5.30704	
4.40837	3	12	4.31375	3	10	4.31373	3	10	0	0	0	0.110113	0.107767	0.114633	0.110129	0.1078	0.114633	0.110113	0.107767	0.114633	0.110129	0.1078	0.114633	1	1	5.31375	
4.42486	3	12	4.31922	3	10	4.3192	3	10	0	0	0	0.120129	0.117067	0.124867	0.120148	0.117133	0.124867	0.120129	0.117067	0.124867	0.120148	0.117133	0.124867	1	1	5.31922	
4.44518	3	13	4.32728	3	10	4.32724	3	10	0	0	0	0.130342	0.126633	0.134433	0.13036	0.1267	0.134433	0.130342	0.126633	0.134433	0.13036	0.1267	0.134433	1	1	5.32728	
4.46583	3	14	4.33419	3	10	4.33418	3	10	0	0	0	0.14034	0.1367	0.145267	0.140356	0.136767	0.145267	0.14034	0.1367	0.145267	0.140356	0.136767	0.145267	1	1	5.33419	
4.48728	3	14	4.34077	3	10	4.34073	3	10	0	0	0	0.150237	0.1459	0.155733	0.150254	0.145967	0.155733	0.150237	0.1459	0.155733	0.150254	0.145967	0.155733	1	1	5.34077	
4.51354	3	14	4.35022	3	10	4.35018	3	10	0	0	0	0.159967	0.154367	0.1663	0.15999	0.154433	0.1663	0.159967	0.154367	0.1663	0.15999	0.154433	0.1663	1	1	5.35022	
4.53644	3	14	4.35626	3	10	4.35632	3	10	0	0	0	0.169842	0.164833	0.175667	0.169869	0.1649	0.175667	0.169842	0.164833	0.175667	0.169869	0.1649	0.175667	1	1	5.35626	
4.56469	3	15	4.36399	3	10	4.3641	3	10	0	0	0	0.179825	0.1744	0.186	0.179856	0.1745	0.186	0.179825	0.1744	0.186	0.179856	0.1745	0.186	1	1	5.36399	
4.59028	3	15	4.3701	3	10	4.37016	3	10	0	0	0	0.189817	0.184467	0.1956	0.18985	0.184567	0.1956	0.189817	0.184467	0.1956	0.18985	0.184567	0.1956	1	1	5.3701	
4.62252	3	15	4.38059	3	10	4.38067	3	10	0	0	0	0.199869	0.1934	0.2052	0.199904	0.1935	0.2052	0.199869	0.1934	0.2052	0.199904	0.1935	0.2052	1	1	5.38059	
4.65564	3	15	4.38802	3	10	4.38798	3	10	0	0	0	0.20989	0.204167	0.215133	0.209923	0.204267	0.215133	0.20989	0.204167	0.215133	0.209923	0.204267	0.215133	1	1	5.38802	
4.68677	3	21	4.39302	3	10	4.39301	3	10	0	0	0	0.219781	0.215167	0.225467	0.219812	0.215267	0.225467	0.219781	0.215167	0.225467	0.219812	0.215267	0.225467	1	1	5.39302	
4.72581	3	21	4.40106	3	10	4.401	3	10	0	0	0	0.229696	0.224633	0.2354	0.229729	0.224733	0.2354	0.229696	0.224633	0.2354	0.229729	0.224733	0.2354	1	1	5.40106	
4.76292	3	21	4.40756	3	10	4.40747	3	10	0	0	0	0.239669	0.2349	0.245667	0.239702	0.235	0.245667	0.239669	0.2349	0.245667	0.239702	0.235	0.245667	1	1	5.40756	
4.81411	3	21	4.4183	3	10	4.41819	3	10	0	0	0	0.249798	0.245467	0.254767	0.249835	0.245567	0.254767	0.249798	0.245467	0.254767	0.249835	0.245567	0.254767	1	1	5.4183	
4.85747	3	21	4.42518	3	10	4.42513	3	10	0	0	0	0.259594	0.255433	0.264533	0.259629	0.2555	0.264533	0.259594	0.255433	0.264533	0.259629	0.2555	0.264533	1	1	5.42518	
4.91811	3	23	4.4352	3	10	4.43514	3	10	0	0	0	0.26954	0.2651	0.275667	0.269573	0.265067	0.275667	0.26954	0.2651	0.275667	0.269573	0.265067	0.275667	1	1	5.4352	
4.99229	3	23	4.44568	3	10	4.44561	3	10	0	0	0	0.279729	0.275033	0.286233	0.279758	0.275	0.286233	0.279729	0.275033	0.286233	0.279758	0.275	0.286233	1	1	5.44568	
5.06719	3	23	4.45262	3	10	4.45269	3	10	0	0	0	0.289615	0.2851	0.296567	0.289642	0.285067	0.296567	0.289615	0.2851	0.296567	0.289642	0.285067	0.296567	1	1	5.45262	
5.14812	3	30	4.46047	3	10	4.46043	3	10	0	0	0	0.299681	0.294867	0.3054	0.299704	0.294833	0.3054	0.299681	0.294867	0.3054	0.299704	0.294833	0.3054	1	1	5.46047	
5.26008	3	32	4.46816	3	10	4.46822	3	10	0	0	0	0.309604	0.305067	0.315667	0.309627	0.305033	0.315667	0.309604	0.305067	0.315667	0.309627	0.305033	0.315667	1	1	5.46816	
5.40708	3	40	4.48061	3	10	4.48068	3	10	0	0	0	0.319421	0.3153	0.325933	0.319433	0.315267	0.3259	0.319421	0.3153	0.325933	0.319433	0.315267	0.3259	1	1	5.48061	
5.56529	3	47	4.48699	3	10	4.48699	3	10	0	0	0	0.329415	0.324933	0.3361	0.329423	0.3249	0.336067	0.329415	0.324933	0.3361	0.329423	0.3249	0.336067	1	1	5.48699	
5.78741	3	47	4.49794	3	10	4.49787	3	10	0	0	0	0.339217	0.3345	0.345733	0.339231	0.3346	0.3457	0.339217	0.3345	0.345733	0.339231	0.3346	0.3457	1	1	5.49794	
6.13027	3	65	4.50483	3	10	4.50482	3	10	0	0	0	0.349271	0.343967	0.3562	0.349275	0.344067	0.356233	0.349271	0.343967	0.3562	0.349275	0.344067	0.356233	1	1	5.50483	
6.59739	3	81	4.5169	3	10	4.51685	3	10	0	0	0	0.359258	0.3535	0.3672	0.359269	0.3536	0.367167	0.359258	0.3535	0.3672	0.359269	0.3536	0.367167	1	1	5.5169	
7.47807	3	109	4.52172	3	10	4.52148	3	10	0	0	0	0.369567	0.364267	0.3781	0.369565	0.364367	0.378133	0.369567	0.364267	0.3781	0.369565	0.364367	0.378133	1	1	5.52172	
10.3587	3	179	4.53161	3	10	4.53149	3	10	0	0	0	0.379636	0.37588	0.38452	0.379615	0.3759	0.38456	0.379636	0.37588	0.38452	0.379615	0.3759	0.38456	1	1	5.53161	
146.188	3	2022	4.54206	3	10	4.54009	3	10	0	0	0	0.389599	0.387757	0.391943	0.388914	0.3827	0.392071	0.389599	0.387757	0.391943	0.388914	0.3827	0.392071	1	1	5.54206	
812.815	3	10904	4.54922	3	10	4.54359	3	10	0	0	0	0.399578	0.397786	0.401886	0.394944	0.3603	0.401829	0.399578	0.397786	0.401886	0.394944	0.3603	0.401829	1	1	5.54922	
