3.83393	1	8	3.83393	1	8	3.83393	1	8	0	0	0	0.00992292	0.0091	0.0112667	0.00991875	0.0089	0.0107333	0.00992292	0.0091	0.0112667	0.00991875	0.0089	0.0107333	1	1	4.83372	
3.85804	1	8	3.85804	1	8	3.85816	1	8	0	0	0	0.0201354	0.0188667	0.0217	0.0201292	0.0188	0.0216333	0.0201354	0.0188667	0.0217	0.0201292	0.0188	0.0216333	1	1	4.85753	
3.87169	1	8	3.87169	1	8	3.87153	1	8	0	0	0	0.0299896	0.0283667	0.0318667	0.0299896	0.0284667	0.0317667	0.0299896	0.0283667	0.0318667	0.0299896	0.0284667	0.0317667	1	1	4.87044	
3.85357	1	8	3.85357	1	8	3.85344	1	8	0	0	0	0.0401063	0.0385667	0.0419	0.0401063	0.0387	0.0421333	0.0401063	0.0385667	0.0419	0.0401063	0.0387	0.0421333	1	1	4.85216	
3.85285	1	14	3.85285	1	14	3.85331	1	14	0	0	0	0.0501896	0.0482	0.0528667	0.0501896	0.0471	0.0537333	0.0501896	0.0482	0.0528667	0.0501896	0.0471	0.0537333	1	1	4.85131	
3.85301	1	12	3.85301	1	12	3.85326	1	12	0	0	0	0.0603771	0.0582333	0.0635	0.0603833	0.0572	0.0632	0.0603771	0.0582333	0.0635	0.0603833	0.0572	0.0632	1	1	4.85111	
3.85518	1	14	3.85518	1	14	3.85545	1	14	0	0	0	0.0703167	0.0682333	0.0740667	0.0703292	0.0674667	0.0726	0.0703167	0.0682333	0.0740667	0.0703292	0.0674667	0.0726	1	1	4.85245	
3.86527	1	12	3.86527	1	12	3.8654	1	12	0	0	0	0.0804833	0.0782	0.0842333	0.0804938	0.0769667	0.0826667	0.0804833	0.0782	0.0842333	0.0804938	0.0769667	0.0826667	1	1	4.86252	
3.86833	1	13	3.86833	1	13	3.86836	1	13	0	0	0	0.0902333	0.0876	0.0949667	0.09025	0.0858667	0.0939	0.0902333	0.0876	0.0949667	0.09025	0.0858667	0.0939	1	1	4.86479	
3.87347	1	13	3.87347	1	13	3.87345	1	13	0	0	0	0.100373	0.0977667	0.104467	0.100381	0.0977667	0.102767	0.100373	0.0977667	0.104467	0.100381	0.0977667	0.102767	1	1	4.86996	
3.85479	1	13	3.85479	1	13	3.85475	1	13	0	0	0	0.110113	0.107767	0.114633	0.110129	0.1033	0.114533	0.110113	0.107767	0.114633	0.110129	0.1033	0.114533	1	1	4.85095	
3.87709	1	13	3.87709	1	13	3.87716	1	13	0	0	0	0.120129	0.117067	0.124867	0.120148	0.1156	0.123667	0.120129	0.117067	0.124867	0.120148	0.1156	0.123667	1	1	4.87283	
3.86798	1	14	3.86798	1	14	3.86805	1	14	0	0	0	0.130342	0.126633	0.134433	0.130352	0.126833	0.134733	0.130342	0.126633	0.134433	0.130352	0.126833	0.134733	1	1	4.86289	
3.87456	1	14	3.87456	1	14	3.87457	1	14	0	0	0	0.14034	0.1367	0.145267	0.140354	0.136867	0.1438	0.14034	0.1367	0.145267	0.140354	0.136867	0.1438	1	1	4.8691	
3.87513	1	14	3.87513	1	14	3.87512	1	14	0	0	0	0.150237	0.1459	0.155733	0.150252	0.1476	0.1533	0.150237	0.1459	0.155733	0.150252	0.1476	0.1533	1	1	4.86997	
3.88378	1	15	3.88378	1	15	3.88395	1	15	0	0	0	0.159967	0.154367	0.1663	0.159988	0.155333	0.1638	0.159967	0.154367	0.1663	0.159988	0.155333	0.1638	1	1	4.87824	
3.87698	1	14	3.87698	1	14	3.8771	1	14	0	0	0	0.169842	0.164833	0.175667	0.169858	0.166733	0.1732	0.169842	0.164833	0.175667	0.169858	0.166733	0.1732	1	1	4.87032	
3.88573	1	14	3.88573	1	14	3.88607	1	14	0	0	0	0.179825	0.1744	0.186	0.179852	0.1766	0.1842	0.179825	0.1744	0.186	0.179852	0.1766	0.1842	1	1	4.87874	
3.88378	1	14	3.88378	1	14	3.88401	1	14	0	0	0	0.189817	0.184467	0.1956	0.189848	0.185867	0.193733	0.189817	0.184467	0.1956	0.189848	0.185867	0.193733	1	1	4.87639	
3.88633	1	14	3.88633	1	14	3.8864	1	14	0	0	0	0.199869	0.1934	0.2052	0.1999	0.194767	0.2057	0.199869	0.1934	0.2052	0.1999	0.194767	0.2057	1	1	4.87873	
3.89227	1	14	3.89227	1	14	3.89243	1	14	0	0	0	0.20989	0.204167	0.215133	0.209915	0.205433	0.213833	0.20989	0.204167	0.215133	0.209915	0.205433	0.213833	1	1	4.88409	
3.89663	1	14	3.89663	1	14	3.89667	1	14	0	0	0	0.219781	0.215167	0.225467	0.219808	0.2153	0.225667	0.219781	0.215167	0.225467	0.219808	0.2153	0.225667	1	1	4.88768	
3.90332	1	15	3.90332	1	15	3.90355	1	15	0	0	0	0.229696	0.224633	0.2354	0.229727	0.2266	0.2332	0.229696	0.224633	0.2354	0.229727	0.2266	0.2332	1	1	4.89383	
3.89364	1	15	3.89364	1	15	3.89393	1	15	0	0	0	0.239669	0.2349	0.245667	0.239696	0.2341	0.244467	0.239669	0.2349	0.245667	0.239696	0.2341	0.244467	1	1	4.88395	
3.91049	1	14	3.91049	1	14	3.91056	1	14	0	0	0	0.249798	0.245467	0.254767	0.249842	0.247033	0.2527	0.249798	0.245467	0.254767	0.249842	0.247033	0.2527	1	1	4.90045	
3.91475	1	18	3.91475	1	18	3.91469	1	18	0	0	0	0.259594	0.255433	0.264533	0.259617	0.255867	0.2633	0.259594	0.255433	0.264533	0.259617	0.255867	0.2633	1	1	4.90419	
3.91351	1	19	3.91351	1	19	3.91363	1	19	0	0	0	0.26954	0.2651	0.275667	0.269569	0.2651	0.279	0.26954	0.2651	0.275667	0.269569	0.2651	0.279	1	1	4.9023	
3.92715	1	18	3.92715	1	18	3.9271	1	18	0	0	0	0.279729	0.275033	0.286233	0.27976	0.273367	0.286233	0.279729	0.275033	0.286233	0.27976	0.273367	0.286233	1	1	4.91548	
3.92884	1	14	3.92884	1	14	3.929	1	14	0	0	0	0.289615	0.2851	0.296567	0.28964	0.283133	0.297367	0.289615	0.2851	0.296567	0.28964	0.283133	0.297367	1	1	4.91653	
3.9383	1	15	3.9383	1	15	3.93835	1	15	0	0	0	0.299681	0.294867	0.3054	0.299696	0.294167	0.3056	0.299681	0.294867	0.3054	0.299696	0.294167	0.3056	1	1	4.92512	
3.93592	1	14	3.93591	1	14	3.93597	1	14	0	0	0	0.309604	0.305067	0.315667	0.309617	0.3052	0.315733	0.309604	0.305067	0.315667	0.309617	0.3052	0.315733	1	1	4.92203	
3.93917	1	15	3.93917	1	15	3.93921	1	15	0	0	0	0.319421	0.3153	0.325933	0.319435	0.3149	0.3256	0.319421	0.3153	0.325933	0.319435	0.3149	0.3256	1	1	4.9259	
3.95536	1	19	3.95536	1	19	3.95573	1	19	0	0	0	0.329415	0.324933	0.3361	0.329429	0.325833	0.3346	0.329415	0.324933	0.3361	0.329429	0.325833	0.3346	1	1	4.94139	
3.95408	1	18	3.95408	1	18	3.95417	1	18	0	0	0	0.339217	0.3345	0.345733	0.339227	0.334	0.343267	0.339217	0.3345	0.345733	0.339227	0.334	0.343267	1	1	4.93951	
3.95896	1	20	3.95896	1	20	3.95926	1	20	0	0	0	0.349271	0.343967	0.3562	0.34929	0.344433	0.3541	0.349271	0.343967	0.3562	0.34929	0.344433	0.3541	1	1	4.94326	
3.95702	1	15	3.95701	1	15	3.95706	1	15	0	0	0	0.359258	0.3535	0.3672	0.359267	0.354533	0.369	0.359258	0.3535	0.3672	0.359267	0.354533	0.369	1	1	4.94148	
3.97075	1	19	3.97075	1	19	3.971	1	19	0	0	0	0.369567	0.364267	0.3781	0.369581	0.362467	0.377867	0.369567	0.364267	0.3781	0.369581	0.362467	0.377867	1	1	4.95464	
3.9692	1	19	3.96918	1	19	3.96916	1	19	0	0	0	0.379606	0.374667	0.387667	0.379627	0.375	0.386033	0.379606	0.374667	0.387667	0.379627	0.375	0.386033	1	1	4.9522	
3.97667	1	19	3.97666	1	19	3.97672	1	19	0	0	0	0.389754	0.385367	0.3965	0.38976	0.3804	0.395867	0.389754	0.385367	0.3965	0.38976	0.3804	0.395867	1	1	4.95955	
3.98457	1	19	3.98456	1	19	3.98461	1	19	0	0	0	0.399781	0.395467	0.406667	0.399785	0.396433	0.406433	0.399781	0.395467	0.406667	0.399785	0.396433	0.406433	1	1	4.96637	
3.99793	1	20	3.9979	1	20	3.99788	1	20	0	0	0	0.409765	0.405433	0.416067	0.409781	0.4041	0.4138	0.409765	0.405433	0.416067	0.409781	0.4041	0.4138	1	1	4.98007	
4.00239	1	18	4.00238	1	18	4.00269	1	18	0	0	0	0.419729	0.415733	0.426467	0.41975	0.413233	0.427867	0.419729	0.415733	0.426467	0.41975	0.413233	0.427867	1	1	4.98345	
4.0056	1	20	4.00559	1	20	4.00574	1	20	0	0	0	0.429908	0.426933	0.436	0.429923	0.425	0.439733	0.429908	0.426933	0.436	0.429923	0.425	0.439733	1	1	4.98553	
4.01108	1	19	4.01108	1	19	4.01133	1	19	0	0	0	0.440048	0.436367	0.4466	0.44006	0.436733	0.4448	0.440048	0.436367	0.4466	0.44006	0.436733	0.4448	1	1	4.99049	
4.02497	1	19	4.02489	1	19	4.02503	1	19	0	0	0	0.450021	0.4468	0.4568	0.450023	0.440067	0.46	0.450021	0.4468	0.4568	0.450023	0.440067	0.46	1	1	5.00325	
4.02783	1	19	4.0278	1	19	4.02782	1	19	0	0	0	0.460192	0.456167	0.468167	0.460196	0.450667	0.467433	0.460192	0.456167	0.468167	0.460196	0.450667	0.467433	1	1	5.00594	
4.03947	1	21	4.03946	1	21	4.0395	1	21	0	0	0	0.47045	0.4659	0.4778	0.470452	0.466233	0.4756	0.47045	0.4659	0.4778	0.470452	0.466233	0.4756	1	1	5.0169	
4.04612	1	20	4.04608	1	20	4.04629	1	20	0	0	0	0.480369	0.4752	0.487867	0.48036	0.475267	0.486	0.480369	0.4752	0.487867	0.48036	0.475267	0.486	1	1	5.02271	
4.0478	1	20	4.04775	1	20	4.04769	1	20	0	0	0	0.490358	0.4858	0.499167	0.490352	0.485867	0.4992	0.490358	0.4858	0.499167	0.490352	0.485867	0.4992	1	1	5.02408	
4.05907	1	20	4.05901	1	20	4.05909	1	20	0	0	0	0.500392	0.4952	0.510367	0.500392	0.491	0.51	0.500392	0.4952	0.510367	0.500392	0.491	0.51	1	1	5.03421	
4.06626	1	22	4.06621	1	22	4.06641	1	22	0	0	0	0.510146	0.504667	0.5203	0.510144	0.502967	0.514867	0.510146	0.504667	0.5203	0.510144	0.502967	0.514867	1	1	5.04072	
4.07895	1	21	4.07887	1	21	4.07907	1	21	0	0	0	0.520217	0.514267	0.53	0.520198	0.512633	0.525733	0.520217	0.514267	0.53	0.520198	0.512633	0.525733	1	1	5.05348	
4.07955	1	21	4.07952	1	21	4.07956	1	21	0	0	0	0.530154	0.524033	0.5396	0.53015	0.524533	0.5402	0.530154	0.524033	0.5396	0.53015	0.524533	0.5402	1	1	5.05304	
4.09564	1	20	4.09556	1	20	4.09565	1	20	0	0	0	0.540154	0.535067	0.549	0.54014	0.5337	0.547167	0.540154	0.535067	0.549	0.54014	0.5337	0.547167	1	1	5.06806	
4.10672	1	21	4.10666	1	21	4.10701	1	21	0	0	0	0.550031	0.544467	0.5586	0.550037	0.5421	0.556067	0.550031	0.544467	0.5586	0.550037	0.5421	0.556067	1	1	5.07902	
4.11221	1	21	4.11215	1	21	4.11233	1	21	0	0	0	0.560129	0.553933	0.568633	0.560113	0.553567	0.564467	0.560129	0.553933	0.568633	0.560113	0.553567	0.564467	1	1	5.08435	
4.12336	1	26	4.12326	1	26	4.1234	1	26	0	0	0	0.57025	0.563667	0.578667	0.570231	0.564533	0.5817	0.57025	0.563667	0.578667	0.570231	0.564533	0.5817	1	1	5.09376	
4.13368	1	23	4.1336	1	23	4.13372	1	23	0	0	0	0.580067	0.573533	0.588933	0.580058	0.572433	0.586733	0.580067	0.573533	0.588933	0.580058	0.572433	0.586733	1	1	5.10372	
4.15661	1	29	4.15651	1	29	4.15659	1	29	0	0	0	0.58985	0.584	0.598667	0.589848	0.582567	0.599033	0.58985	0.584	0.598667	0.589848	0.582567	0.599033	1	1	5.12573	
4.16129	1	23	4.16111	1	23	4.16124	1	23	0	0	0	0.600015	0.5946	0.607967	0.6	0.594	0.6048	0.600015	0.5946	0.607967	0.6	0.594	0.6048	1	1	5.12948	
4.17118	1	28	4.171	1	28	4.17128	1	28	0	0	0	0.609783	0.6043	0.617367	0.609775	0.603167	0.622567	0.609783	0.6043	0.617367	0.609775	0.603167	0.622567	1	1	5.13874	
4.18252	1	23	4.18234	1	23	4.18233	1	23	0	0	0	0.619815	0.613133	0.627067	0.619777	0.612767	0.6257	0.619815	0.613133	0.627067	0.619777	0.612767	0.6257	1	1	5.1488	
4.19039	1	21	4.19006	1	21	4.19014	1	21	0	0	0	0.629885	0.623133	0.637167	0.629869	0.624367	0.6364	0.629885	0.623133	0.637167	0.629869	0.624367	0.6364	1	1	5.15545	
4.20054	1	21	4.20026	1	21	4.20045	1	21	0	0	0	0.63989	0.633933	0.646667	0.639865	0.632967	0.6452	0.63989	0.633933	0.646667	0.639865	0.632967	0.6452	1	1	5.16577	
4.21708	1	22	4.21681	1	22	4.2172	1	22	0	0	0	0.65014	0.644633	0.657733	0.650121	0.6463	0.653833	0.65014	0.644633	0.657733	0.650121	0.6463	0.653833	1	1	5.17993	
4.21506	1	21	4.21473	1	21	4.21497	1	21	0	0	0	0.660092	0.653967	0.668167	0.660069	0.650467	0.667567	0.660092	0.653967	0.668167	0.660069	0.650467	0.667567	1	1	5.17868	
4.23334	1	24	4.23304	1	24	4.23291	1	24	0	0	0	0.670171	0.663933	0.677867	0.670165	0.662667	0.674067	0.670171	0.663933	0.677867	0.670165	0.662667	0.674067	1	1	5.19684	
4.24072	1	22	4.24028	1	22	4.24027	1	22	0	0	0	0.680292	0.6738	0.686733	0.680279	0.672133	0.6853	0.680292	0.6738	0.686733	0.680279	0.672133	0.6853	1	1	5.20165	
4.25719	1	22	4.2568	1	22	4.25673	1	22	0	0	0	0.690075	0.684433	0.697333	0.690058	0.679867	0.6967	0.690075	0.684433	0.697333	0.690058	0.679867	0.6967	1	1	5.21761	
4.27663	1	23	4.27592	1	23	4.27612	1	23	0	0	0	0.700092	0.694	0.706967	0.700108	0.692433	0.705433	0.700092	0.694	0.706967	0.700108	0.692433	0.705433	1	1	5.23586	
4.28923	1	22	4.28858	1	22	4.28851	1	22	0	0	0	0.709954	0.7034	0.716467	0.709946	0.701267	0.722333	0.709954	0.7034	0.716467	0.709946	0.701267	0.722333	1	1	5.24695	
4.30007	1	29	4.29922	1	29	4.29919	1	29	0	0	0	0.719827	0.7137	0.7253	0.719804	0.708933	0.726733	0.719827	0.7137	0.7253	0.719804	0.708933	0.726733	1	1	5.25713	
4.30636	1	22	4.30548	1	22	4.30561	1	22	0	0	0	0.729708	0.724067	0.734867	0.729702	0.7217	0.7372	0.729708	0.724067	0.734867	0.729702	0.7217	0.7372	1	1	5.26206	
4.31972	1	22	4.31865	1	22	4.3187	1	22	0	0	0	0.739906	0.734667	0.744933	0.739883	0.734833	0.746167	0.739906	0.734667	0.744933	0.739883	0.734833	0.746167	1	1	5.27507	
4.34248	1	28	4.34125	1	28	4.34141	1	28	0	0	0	0.749865	0.745067	0.754633	0.74985	0.742	0.756467	0.749865	0.745067	0.754633	0.74985	0.742	0.756467	1	1	5.2971	
4.3596	1	26	4.35835	1	26	4.35857	1	26	0	0	0	0.759725	0.754933	0.7651	0.759717	0.7499	0.771767	0.759725	0.754933	0.7651	0.759717	0.7499	0.771767	1	1	5.3124	
4.37572	1	22	4.37437	1	22	4.37434	1	22	0	0	0	0.769635	0.764033	0.775533	0.769627	0.760133	0.779	0.769635	0.764033	0.775533	0.769627	0.760133	0.779	1	1	5.32873	
4.38878	1	26	4.38695	1	26	4.38692	1	26	0	0	0	0.779442	0.7742	0.7853	0.779429	0.773833	0.787567	0.779442	0.7742	0.7853	0.779429	0.773833	0.787567	1	1	5.33776	
4.39474	1	23	4.39285	1	23	4.39296	1	23	0	0	0	0.78939	0.7845	0.795233	0.789371	0.779867	0.798533	0.78939	0.7845	0.795233	0.789371	0.779867	0.798533	1	1	5.34269	
4.41414	1	27	4.41177	1	27	4.41176	1	27	0	0	0	0.799481	0.793967	0.806067	0.79946	0.788767	0.809567	0.799481	0.793967	0.806067	0.79946	0.788767	0.809567	1	1	5.36202	
4.42677	1	28	4.42449	1	28	4.42427	1	28	0	0	0	0.809767	0.804233	0.8156	0.80971	0.801333	0.817867	0.809767	0.804233	0.8156	0.80971	0.801333	0.817867	1	1	5.37299	
4.44832	1	27	4.44559	1	27	4.44621	1	27	0	0	0	0.81989	0.814767	0.8251	0.819835	0.810133	0.8306	0.81989	0.814767	0.8251	0.819835	0.810133	0.8306	1	1	5.39417	
4.47579	1	27	4.47247	1	27	4.47256	1	27	0	0	0	0.829783	0.8241	0.8353	0.829779	0.8185	0.841633	0.829783	0.8241	0.8353	0.829779	0.8185	0.841633	1	1	5.41922	
4.47019	1	28	4.4665	1	28	4.46686	1	28	0	0	0	0.839946	0.834733	0.8448	0.839933	0.833167	0.848867	0.839946	0.834733	0.8448	0.839933	0.833167	0.848867	1	1	5.41105	
4.50954	1	27	4.50458	1	27	4.50469	1	27	0	0	0	0.850094	0.844567	0.854533	0.850046	0.843	0.860167	0.850094	0.844567	0.854533	0.850046	0.843	0.860167	1	1	5.44864	
4.5225	1	28	4.51719	1	28	4.51737	1	28	0	0	0	0.860204	0.854933	0.864	0.860229	0.852033	0.871267	0.860204	0.854933	0.864	0.860229	0.852033	0.871267	1	1	5.46067	
4.54358	1	33	4.53737	1	33	4.53736	1	33	0	0	0	0.870398	0.865333	0.873567	0.870383	0.861533	0.884367	0.870398	0.865333	0.873567	0.870383	0.861533	0.884367	1	1	5.47981	
4.56468	1	29	4.55712	1	29	4.55735	1	29	0	0	0	0.880267	0.875	0.8834	0.880265	0.8683	0.889067	0.880267	0.875	0.8834	0.880265	0.8683	0.889067	1	1	5.49799	
4.58454	1	26	4.57665	1	26	4.57681	1	26	0	0	0	0.890556	0.8859	0.8926	0.890523	0.8857	0.901267	0.890556	0.8859	0.8926	0.890523	0.8857	0.901267	1	1	5.5153	
4.60782	1	29	4.59694	1	29	4.59722	1	29	0	0	0	0.900446	0.896233	0.902767	0.900433	0.8928	0.9082	0.900446	0.896233	0.902767	0.900433	0.8928	0.9082	1	1	5.53657	
4.62651	1	30	4.61465	1	30	4.61494	1	30	0	0	0	0.910406	0.906467	0.913267	0.910402	0.898433	0.9245	0.910406	0.906467	0.913267	0.910402	0.898433	0.9245	1	1	5.55382	
4.64518	1	29	4.62927	1	29	4.62956	1	29	0	0	0	0.920362	0.916433	0.923067	0.92044	0.9123	0.934	0.920362	0.916433	0.923067	0.92044	0.9123	0.934	1	1	5.56672	
4.65516	1	28	4.63735	1	28	4.63758	1	28	0	0	0	0.930244	0.9268	0.932367	0.930265	0.919	0.9406	0.930244	0.9268	0.932367	0.930265	0.919	0.9406	1	1	5.57401	
4.70468	1	28	4.68188	1	28	4.68245	1	28	0	0	0	0.940154	0.937233	0.942833	0.940175	0.927267	0.9491	0.940154	0.937233	0.942833	0.940175	0.927267	0.9491	1	1	5.61443	
4.7255	1	28	4.69288	1	28	4.69306	1	28	0	0	0	0.950179	0.947133	0.952133	0.950208	0.940533	0.960167	0.950179	0.947133	0.952133	0.950208	0.940533	0.960167	1	1	5.62542	
4.75947	1	28	4.71769	1	28	4.71794	1	28	0	0	0	0.96034	0.958333	0.962233	0.960331	0.951133	0.969867	0.96034	0.958333	0.962233	0.960331	0.951133	0.969867	1	1	5.65019	
4.80286	1	29	4.74143	1	29	4.74173	1	29	0	0	0	0.970213	0.968467	0.971667	0.970246	0.962133	0.982967	0.970213	0.968467	0.971667	0.970246	0.962133	0.982967	1	1	5.67205	
4.87291	1	28	4.76462	1	28	4.76508	1	28	0	0	0	0.980219	0.978867	0.981167	0.980181	0.9716	0.988133	0.980219	0.978867	0.981167	0.980181	0.9716	0.988133	1	1	5.69419	
5.03386	1	28	4.78169	1	28	4.78406	1	28	0	0	0	0.989923	0.9892	0.990667	0.989665	0.976867	0.9983	0.989923	0.9892	0.990667	0.989665	0.976867	0.9983	1	1	5.70917	
154.532	39	433	4.8828	1	68	4.88262	1	68	0	0	0	1	1	1	0.996736	0.988614	1	1	1	1	0.996736	0.988614	1	1	1	5.80647	
