4.25089	2	8	4.25089	2	8	4.25168	2	8	0	0	0	0.00992292	0.0091	0.0112667	0.00992292	0.0091	0.0112667	0.00992292	0.0091	0.0112667	0.00992292	0.0091	0.0112667	1	1	5.24984	
4.26839	2	9	4.26839	2	9	4.26914	2	9	0	0	0	0.0201354	0.0188667	0.0217	0.0201333	0.0188667	0.0217	0.0201354	0.0188667	0.0217	0.0201333	0.0188667	0.0217	1	1	5.26591	
4.26266	2	9	4.26266	2	9	4.26299	2	9	0	0	0	0.0299896	0.0283667	0.0318667	0.0299917	0.0283667	0.0318667	0.0299896	0.0283667	0.0318667	0.0299917	0.0283667	0.0318667	1	1	5.25898	
4.26227	2	9	4.26227	2	9	4.2625	2	9	0	0	0	0.0401063	0.0385667	0.0419	0.0401104	0.0386	0.0419333	0.0401063	0.0385667	0.0419	0.0401104	0.0386	0.0419333	1	1	5.25734	
4.25478	2	9	4.25478	2	9	4.25512	2	9	0	0	0	0.0501896	0.0482	0.0528667	0.0501938	0.0482333	0.0528667	0.0501896	0.0482	0.0528667	0.0501938	0.0482333	0.0528667	1	1	5.24831	
4.25989	2	9	4.25989	2	9	4.26014	2	9	0	0	0	0.0603771	0.0582333	0.0635	0.0603875	0.0582667	0.0635	0.0603771	0.0582333	0.0635	0.0603875	0.0582667	0.0635	1	1	5.25196	
4.26126	2	9	4.26126	2	9	4.2615	2	9	0	0	0	0.0703167	0.0682333	0.0740667	0.0703271	0.0682667	0.0741	0.0703167	0.0682333	0.0740667	0.0703271	0.0682667	0.0741	1	1	5.25178	
4.26545	2	9	4.26545	2	9	4.26566	2	9	0	0	0	0.0804833	0.0782	0.0842333	0.0804938	0.0782333	0.0842667	0.0804833	0.0782	0.0842333	0.0804938	0.0782333	0.0842667	1	1	5.2543	
4.27318	2	9	4.27316	2	9	4.27341	2	9	0	0	0	0.0902333	0.0876	0.0949667	0.0902479	0.0876333	0.095	0.0902333	0.0876	0.0949667	0.0902479	0.0876333	0.095	1	1	5.26011	
4.28421	2	9	4.28417	2	9	4.2844	2	9	0	0	0	0.100373	0.0977667	0.104467	0.100392	0.0978	0.1045	0.100373	0.0977667	0.104467	0.100392	0.0978	0.1045	1	1	5.26875	
4.29343	2	10	4.29337	2	10	4.29353	2	10	0	0	0	0.110113	0.107767	0.114633	0.110131	0.1078	0.114667	0.110113	0.107767	0.114633	0.110131	0.1078	0.114667	1	1	5.2757	
4.30089	2	10	4.30077	2	10	4.30096	2	10	0	0	0	0.120129	0.117067	0.124867	0.120148	0.1171	0.1249	0.120129	0.117067	0.124867	0.120148	0.1171	0.1249	1	1	5.28102	
4.31198	2	10	4.31173	2	10	4.31187	2	10	0	0	0	0.130342	0.126633	0.134433	0.13036	0.126667	0.134467	0.130342	0.126633	0.134433	0.13036	0.126667	0.134467	1	1	5.2902	
4.31877	2	10	4.31848	2	10	4.31857	2	10	0	0	0	0.14034	0.1367	0.145267	0.140356	0.136733	0.1453	0.14034	0.1367	0.145267	0.140356	0.136733	0.1453	1	1	5.29485	
4.32924	2	10	4.32894	2	10	4.32898	2	10	0	0	0	0.150237	0.1459	0.155733	0.150254	0.145933	0.155767	0.150237	0.1459	0.155733	0.150254	0.145933	0.155767	1	1	5.3031	
4.33762	2	10	4.33718	2	10	4.33735	2	10	0	0	0	0.159967	0.154367	0.1663	0.159992	0.1544	0.166333	0.159967	0.154367	0.1663	0.159992	0.1544	0.166333	1	1	5.3091	
4.3524	2	10	4.35177	2	10	4.35203	2	10	0	0	0	0.169842	0.164833	0.175667	0.169871	0.164867	0.1757	0.169842	0.164833	0.175667	0.169871	0.164867	0.1757	1	1	5.32091	
4.36259	2	11	4.36183	2	11	4.36213	2	11	0	0	0	0.179825	0.1744	0.186	0.179858	0.174467	0.186033	0.179825	0.1744	0.186	0.179858	0.174467	0.186033	1	1	5.32787	
4.37307	2	11	4.37218	2	11	4.37242	2	11	0	0	0	0.189817	0.184467	0.1956	0.18985	0.184533	0.195633	0.189817	0.184467	0.1956	0.18985	0.184533	0.195633	1	1	5.33554	
4.38737	2	11	4.38614	2	11	4.38638	2	11	0	0	0	0.199869	0.1934	0.2052	0.199904	0.193467	0.205233	0.199869	0.1934	0.2052	0.199904	0.193467	0.205233	1	1	5.34575	
4.40167	2	11	4.40017	2	11	4.40037	2	11	0	0	0	0.20989	0.204167	0.215133	0.209925	0.204233	0.215167	0.20989	0.204167	0.215133	0.209925	0.204233	0.215167	1	1	5.35666	
4.41581	2	11	4.41408	2	11	4.41433	2	11	0	0	0	0.219781	0.215167	0.225467	0.219815	0.215233	0.2255	0.219781	0.215167	0.225467	0.219815	0.215233	0.2255	1	1	5.36671	
4.42992	2	11	4.42785	2	11	4.428	2	11	0	0	0	0.229696	0.224633	0.2354	0.229731	0.2247	0.235433	0.229696	0.224633	0.2354	0.229731	0.2247	0.235433	1	1	5.37684	
4.4437	2	11	4.44108	2	11	4.44121	2	11	0	0	0	0.239669	0.2349	0.245667	0.239704	0.234967	0.2457	0.239669	0.2349	0.245667	0.239704	0.234967	0.2457	1	1	5.38593	
4.46116	2	12	4.45797	2	12	4.45809	2	12	0	0	0	0.249798	0.245467	0.254767	0.24984	0.245533	0.2548	0.249798	0.245467	0.254767	0.24984	0.245533	0.2548	1	1	5.39752	
4.47909	2	12	4.47533	2	12	4.47547	2	12	0	0	0	0.259594	0.255433	0.264533	0.259635	0.2555	0.264567	0.259594	0.255433	0.264533	0.259635	0.2555	0.264567	1	1	5.41037	
4.49685	2	12	4.4925	2	12	4.49265	2	12	0	0	0	0.26954	0.2651	0.275667	0.269579	0.265067	0.2757	0.26954	0.2651	0.275667	0.269579	0.265067	0.2757	1	1	5.4222	
4.51394	2	12	4.50899	2	12	4.50912	2	12	0	0	0	0.279729	0.275033	0.286233	0.279765	0.275	0.286267	0.279729	0.275033	0.286233	0.279765	0.275	0.286267	1	1	5.43287	
4.53078	2	12	4.52499	2	12	4.52502	2	12	0	0	0	0.289615	0.2851	0.296567	0.289652	0.285067	0.2966	0.289615	0.2851	0.296567	0.289652	0.285067	0.2966	1	1	5.44224	
4.55264	2	12	4.5457	2	12	4.54575	2	12	0	0	0	0.299681	0.294867	0.3054	0.299712	0.294833	0.305433	0.299681	0.294867	0.3054	0.299712	0.294833	0.305433	1	1	5.45578	
4.57271	2	13	4.56485	2	13	4.5649	2	13	0	0	0	0.309604	0.305067	0.315667	0.309635	0.305033	0.3157	0.309604	0.305067	0.315667	0.309635	0.305033	0.3157	1	1	5.46639	
4.5906	2	13	4.58191	2	13	4.58201	2	13	0	0	0	0.319421	0.3153	0.325933	0.319448	0.315267	0.325967	0.319421	0.3153	0.325933	0.319448	0.315267	0.325967	1	1	5.47587	
4.61003	2	13	4.60031	2	13	4.60048	2	13	0	0	0	0.329415	0.324933	0.3361	0.329437	0.3249	0.336133	0.329415	0.324933	0.3361	0.329437	0.3249	0.336133	1	1	5.48489	
4.63334	2	13	4.62202	2	13	4.62225	2	13	0	0	0	0.339217	0.3345	0.345733	0.339238	0.3346	0.345767	0.339217	0.3345	0.345733	0.339238	0.3346	0.345767	1	1	5.49598	
4.65761	2	14	4.64482	2	13	4.64509	2	13	0	0	0	0.349271	0.343967	0.3562	0.349285	0.344067	0.356233	0.349271	0.343967	0.3562	0.349285	0.344067	0.356233	1	1	5.50676	
4.68599	2	14	4.67139	2	14	4.67164	2	14	0	0	0	0.359258	0.3535	0.3672	0.359275	0.3536	0.367233	0.359258	0.3535	0.3672	0.359275	0.3536	0.367233	1	1	5.51749	
4.71744	2	17	4.70059	2	17	4.70097	2	17	0	0	0	0.369567	0.364267	0.3781	0.369583	0.364367	0.378167	0.369567	0.364267	0.3781	0.369583	0.364367	0.378167	1	1	5.5292	
4.7529	2	18	4.73426	2	18	4.73459	2	18	0	0	0	0.379606	0.374667	0.387667	0.379623	0.374767	0.387733	0.379606	0.374667	0.387667	0.379623	0.374767	0.387733	1	1	5.54053	
4.79028	2	19	4.76936	2	19	4.76966	2	19	0	0	0	0.389754	0.385367	0.3965	0.389767	0.385467	0.396567	0.389754	0.385367	0.3965	0.389767	0.385467	0.396567	1	1	5.55069	
4.83604	2	20	4.81217	2	20	4.81259	2	20	0	0	0	0.399781	0.395467	0.406667	0.399788	0.395533	0.406733	0.399781	0.395467	0.406667	0.399788	0.395533	0.406733	1	1	5.5623	
4.88898	2	21	4.86224	2	21	4.8626	2	21	0	0	0	0.409765	0.405433	0.416067	0.409769	0.4055	0.416133	0.409765	0.405433	0.416067	0.409769	0.4055	0.416133	1	1	5.57293	
4.95394	2	21	4.92388	2	21	4.92461	2	21	0	0	0	0.419729	0.415733	0.426467	0.419729	0.4158	0.426533	0.419729	0.415733	0.426467	0.419729	0.4158	0.426533	1	1	5.58376	
5.03222	2	26	4.99842	2	26	4.99908	2	26	0	0	0	0.429908	0.426933	0.436	0.429902	0.426967	0.436067	0.429908	0.426933	0.436	0.429902	0.426967	0.436067	1	1	5.5943	
5.14601	2	28	5.10824	2	28	5.10891	2	28	0	0	0	0.440048	0.436367	0.4466	0.440044	0.4364	0.446667	0.440048	0.436367	0.4466	0.440044	0.4364	0.446667	1	1	5.60618	
5.29457	2	30	5.25211	2	30	5.25314	2	30	0	0	0	0.450021	0.4468	0.4568	0.450012	0.446833	0.456867	0.450021	0.4468	0.4568	0.450012	0.446833	0.456867	1	1	5.61783	
5.52353	2	34	5.47672	2	34	5.47785	2	34	0	0	0	0.460192	0.456167	0.468167	0.460179	0.4563	0.468233	0.460192	0.456167	0.468167	0.460179	0.4563	0.468233	1	1	5.62664	
5.96757	2	41	5.91586	2	41	5.91677	2	41	0	0	0	0.47045	0.4659	0.4778	0.470433	0.466033	0.477867	0.47045	0.4659	0.4778	0.470433	0.466033	0.477867	1	1	5.63677	
6.86679	2	57	6.80867	2	57	6.80874	2	57	0	0	0	0.480369	0.4752	0.487867	0.480344	0.475333	0.4879	0.480369	0.4752	0.487867	0.480344	0.475333	0.4879	1	1	5.64653	
12.1907	2	145	12.1243	2	144	12.1279	2	144	0	0	0	0.489827	0.487357	0.492929	0.48984	0.487357	0.492929	0.489827	0.487357	0.492929	0.48984	0.487357	0.492929	1	1	5.65607	
175.456	2	1833	175.382	2	1832	177.546	2	1873	0	0	0	0.499629	0.497471	0.503814	0.498458	0.489971	0.503814	0.499629	0.497471	0.503814	0.498458	0.489971	0.503814	1	1	5.66553	
513.761	2	4116	513.677	2	4114	530.25	2	4280	0	0	0	0.509601	0.507243	0.5139	0.505766	0.489257	0.513871	0.509601	0.507243	0.5139	0.505766	0.489257	0.513871	1	1	5.6763	
