2.88306	1	8	2.88306	1	8	2.88306	1	8	0	0	0	0.00992292	0.0091	0.0112667	0.00992083	0.0086	0.0108333	0.00992292	0.0091	0.0112667	0.00992083	0.0086	0.0108333	1	1	3.88306	
2.89922	1	8	2.89922	1	8	2.89954	1	8	0	0	0	0.0201354	0.0188667	0.0217	0.0201333	0.0184	0.0216333	0.0201354	0.0188667	0.0217	0.0201333	0.0184	0.0216333	1	1	3.89912	
2.87058	1	10	2.87058	1	10	2.87075	1	10	0	0	0	0.0299896	0.0283667	0.0318667	0.0299917	0.0287333	0.0323333	0.0299896	0.0283667	0.0318667	0.0299917	0.0287333	0.0323333	1	1	3.87058	
2.86453	1	8	2.86453	1	8	2.86507	1	8	0	0	0	0.0401063	0.0385667	0.0419	0.0401063	0.0384	0.0419	0.0401063	0.0385667	0.0419	0.0401063	0.0384	0.0419	1	1	3.86432	
2.87323	1	8	2.87323	1	8	2.87337	1	8	0	0	0	0.0501896	0.0482	0.0528667	0.0501896	0.0477333	0.0532	0.0501896	0.0482	0.0528667	0.0501896	0.0477333	0.0532	1	1	3.87311	
2.87654	1	10	2.87654	1	10	2.8766	1	10	0	0	0	0.0603771	0.0582333	0.0635	0.0603833	0.0571667	0.0629667	0.0603771	0.0582333	0.0635	0.0603833	0.0571667	0.0629667	1	1	3.87647	
2.8867	1	11	2.8867	1	11	2.88676	1	11	0	0	0	0.0703167	0.0682333	0.0740667	0.0703208	0.0672333	0.0731667	0.0703167	0.0682333	0.0740667	0.0703208	0.0672333	0.0731667	1	1	3.88641	
2.88634	1	11	2.88634	1	11	2.88663	1	11	0	0	0	0.0804833	0.0782	0.0842333	0.0804896	0.0773667	0.0840333	0.0804833	0.0782	0.0842333	0.0804896	0.0773667	0.0840333	1	1	3.88623	
2.89255	1	11	2.89255	1	11	2.89284	1	11	0	0	0	0.0902333	0.0876	0.0949667	0.0902479	0.0874333	0.0928333	0.0902333	0.0876	0.0949667	0.0902479	0.0874333	0.0928333	1	1	3.89225	
2.89323	1	11	2.89323	1	11	2.89346	1	11	0	0	0	0.100373	0.0977667	0.104467	0.100383	0.0968333	0.103033	0.100373	0.0977667	0.104467	0.100383	0.0968333	0.103033	1	1	3.89309	
2.90107	1	11	2.90107	1	11	2.90125	1	11	0	0	0	0.110113	0.107767	0.114633	0.110123	0.108133	0.113967	0.110113	0.107767	0.114633	0.110123	0.108133	0.113967	1	1	3.9008	
2.91081	1	12	2.91081	1	12	2.91068	1	12	0	0	0	0.120129	0.117067	0.124867	0.12014	0.1153	0.124	0.120129	0.117067	0.124867	0.12014	0.1153	0.124	1	1	3.91051	
2.91217	1	12	2.91217	1	12	2.91231	1	12	0	0	0	0.130342	0.126633	0.134433	0.13036	0.124633	0.134533	0.130342	0.126633	0.134433	0.13036	0.124633	0.134533	1	1	3.91182	
2.91341	1	13	2.91341	1	13	2.91351	1	13	0	0	0	0.14034	0.1367	0.145267	0.140348	0.137567	0.144167	0.14034	0.1367	0.145267	0.140348	0.137567	0.144167	1	1	3.91314	
2.92832	1	11	2.92832	1	11	2.92839	1	11	0	0	0	0.150237	0.1459	0.155733	0.150254	0.146767	0.1557	0.150237	0.1459	0.155733	0.150254	0.146767	0.1557	1	1	3.92795	
2.92428	1	12	2.92428	1	12	2.92442	1	12	0	0	0	0.159967	0.154367	0.1663	0.159981	0.156333	0.1641	0.159967	0.154367	0.1663	0.159981	0.156333	0.1641	1	1	3.92392	
2.94028	1	12	2.94028	1	12	2.94031	1	12	0	0	0	0.169842	0.164833	0.175667	0.169862	0.1659	0.1751	0.169842	0.164833	0.175667	0.169862	0.1659	0.1751	1	1	3.93975	
2.94292	1	13	2.94292	1	13	2.94292	1	13	0	0	0	0.179825	0.1744	0.186	0.179848	0.1741	0.1827	0.179825	0.1744	0.186	0.179848	0.1741	0.1827	1	1	3.94254	
2.94312	1	13	2.94311	1	13	2.943	1	13	0	0	0	0.189817	0.184467	0.1956	0.189844	0.186733	0.1931	0.189817	0.184467	0.1956	0.189844	0.186733	0.1931	1	1	3.94276	
2.95515	1	14	2.95515	1	14	2.95528	1	14	0	0	0	0.199869	0.1934	0.2052	0.199896	0.196133	0.202967	0.199869	0.1934	0.2052	0.199896	0.196133	0.202967	1	1	3.95472	
2.95688	1	12	2.95687	1	12	2.95713	1	12	0	0	0	0.20989	0.204167	0.215133	0.209917	0.204633	0.213633	0.20989	0.204167	0.215133	0.209917	0.204633	0.213633	1	1	3.95634	
2.97119	1	14	2.97118	1	14	2.97121	1	14	0	0	0	0.219781	0.215167	0.225467	0.219808	0.211733	0.224867	0.219781	0.215167	0.225467	0.219808	0.211733	0.224867	1	1	3.97071	
2.9775	1	14	2.97749	1	14	2.97776	1	14	0	0	0	0.229696	0.224633	0.2354	0.229719	0.224933	0.233567	0.229696	0.224633	0.2354	0.229719	0.224933	0.233567	1	1	3.97697	
2.99213	1	13	2.99213	1	13	2.99214	1	13	0	0	0	0.239669	0.2349	0.245667	0.239683	0.235467	0.2454	0.239669	0.2349	0.245667	0.239683	0.235467	0.2454	1	1	3.99162	
3.00207	1	12	3.00206	1	12	3.00218	1	12	0	0	0	0.249798	0.245467	0.254767	0.249825	0.245467	0.2549	0.249798	0.245467	0.254767	0.249825	0.245467	0.2549	1	1	4.00147	
3.00673	1	15	3.00673	1	15	3.00697	1	15	0	0	0	0.259594	0.255433	0.264533	0.259617	0.253867	0.264567	0.259594	0.255433	0.264533	0.259617	0.253867	0.264567	1	1	4.00616	
3.01768	1	14	3.01765	1	14	3.01786	1	14	0	0	0	0.26954	0.2651	0.275667	0.269571	0.2642	0.275333	0.26954	0.2651	0.275667	0.269571	0.2642	0.275333	1	1	4.01704	
3.03016	1	14	3.03014	1	14	3.0302	1	14	0	0	0	0.279729	0.275033	0.286233	0.279756	0.2747	0.283167	0.279729	0.275033	0.286233	0.279756	0.2747	0.283167	1	1	4.02942	
3.04084	1	14	3.04076	1	14	3.04092	1	14	0	0	0	0.289615	0.2851	0.296567	0.289642	0.285233	0.294067	0.289615	0.2851	0.296567	0.289642	0.285233	0.294067	1	1	4.0402	
3.04466	1	14	3.0446	1	14	3.04468	1	14	0	0	0	0.299681	0.294867	0.3054	0.299712	0.293967	0.306233	0.299681	0.294867	0.3054	0.299712	0.293967	0.306233	1	1	4.04392	
3.05385	1	15	3.05379	1	15	3.05397	1	15	0	0	0	0.309604	0.305067	0.315667	0.309623	0.304333	0.313	0.309604	0.305067	0.315667	0.309623	0.304333	0.313	1	1	4.05304	
3.07297	1	13	3.07296	1	13	3.07309	1	13	0	0	0	0.319421	0.3153	0.325933	0.319437	0.314167	0.326567	0.319421	0.3153	0.325933	0.319437	0.314167	0.326567	1	1	4.07227	
3.08244	1	14	3.0824	1	14	3.08252	1	14	0	0	0	0.329415	0.324933	0.3361	0.329425	0.3253	0.336	0.329415	0.324933	0.3361	0.329425	0.3253	0.336	1	1	4.08162	
3.10186	1	16	3.10175	1	16	3.10195	1	16	0	0	0	0.339217	0.3345	0.345733	0.339238	0.3342	0.345	0.339217	0.3345	0.345733	0.339238	0.3342	0.345	1	1	4.10092	
3.11142	1	16	3.11129	1	16	3.11136	1	16	0	0	0	0.349271	0.343967	0.3562	0.349281	0.341633	0.355133	0.349271	0.343967	0.3562	0.349281	0.341633	0.355133	1	1	4.11046	
3.12241	1	14	3.12217	1	14	3.12231	1	14	0	0	0	0.359258	0.3535	0.3672	0.359273	0.3539	0.3658	0.359258	0.3535	0.3672	0.359273	0.3539	0.3658	1	1	4.12123	
3.1349	1	15	3.1347	1	15	3.135	1	15	0	0	0	0.369567	0.364267	0.3781	0.369594	0.3628	0.376133	0.369567	0.364267	0.3781	0.369594	0.3628	0.376133	1	1	4.13379	
3.14497	1	15	3.1448	1	15	3.14485	1	15	0	0	0	0.379606	0.374667	0.387667	0.379617	0.375333	0.384933	0.379606	0.374667	0.387667	0.379617	0.375333	0.384933	1	1	4.14364	
3.15837	1	15	3.15814	1	15	3.15837	1	15	0	0	0	0.389754	0.385367	0.3965	0.389779	0.381067	0.395267	0.389754	0.385367	0.3965	0.389779	0.381067	0.395267	1	1	4.15729	
3.16882	1	17	3.16861	1	17	3.16883	1	17	0	0	0	0.399781	0.395467	0.406667	0.399798	0.391167	0.4053	0.399781	0.395467	0.406667	0.399798	0.391167	0.4053	1	1	4.16748	
3.1924	1	16	3.19211	1	16	3.19206	1	16	0	0	0	0.409765	0.405433	0.416067	0.409769	0.4058	0.4156	0.409765	0.405433	0.416067	0.409769	0.4058	0.4156	1	1	4.19109	
3.20135	1	16	3.20097	1	16	3.20112	1	16	0	0	0	0.419729	0.415733	0.426467	0.419748	0.4102	0.426733	0.419729	0.415733	0.426467	0.419748	0.4102	0.426733	1	1	4.1999	
3.21817	1	16	3.21784	1	16	3.21772	1	16	0	0	0	0.429908	0.426933	0.436	0.429912	0.424733	0.437	0.429908	0.426933	0.436	0.429912	0.424733	0.437	1	1	4.21678	
3.23732	1	15	3.23688	1	15	3.23701	1	15	0	0	0	0.440048	0.436367	0.4466	0.440058	0.433867	0.4467	0.440048	0.436367	0.4466	0.440058	0.433867	0.4467	1	1	4.23592	
3.24504	1	16	3.2446	1	16	3.24459	1	16	0	0	0	0.450021	0.4468	0.4568	0.450029	0.442967	0.4613	0.450021	0.4468	0.4568	0.450029	0.442967	0.4613	1	1	4.24347	
3.26862	1	16	3.26783	1	16	3.26789	1	16	0	0	0	0.460192	0.456167	0.468167	0.460204	0.451333	0.472067	0.460192	0.456167	0.468167	0.460204	0.451333	0.472067	1	1	4.26658	
3.26995	1	15	3.26935	1	15	3.26941	1	15	0	0	0	0.47045	0.4659	0.4778	0.470452	0.4641	0.478067	0.47045	0.4659	0.4778	0.470452	0.4641	0.478067	1	1	4.2681	
3.29141	1	17	3.29067	1	17	3.29084	1	17	0	0	0	0.480369	0.4752	0.487867	0.48036	0.4759	0.487767	0.480369	0.4752	0.487867	0.48036	0.4759	0.487767	1	1	4.28939	
3.31192	1	20	3.31092	1	20	3.31092	1	20	0	0	0	0.490358	0.4858	0.499167	0.490348	0.481033	0.496567	0.490358	0.4858	0.499167	0.490348	0.481033	0.496567	1	1	4.30961	
3.32459	1	19	3.3236	1	19	3.3235	1	19	0	0	0	0.500392	0.4952	0.510367	0.500379	0.4914	0.508467	0.500392	0.4952	0.510367	0.500379	0.4914	0.508467	1	1	4.32222	
3.34424	1	18	3.34304	1	18	3.34328	1	18	0	0	0	0.510146	0.504667	0.5203	0.510129	0.501267	0.5192	0.510146	0.504667	0.5203	0.510129	0.501267	0.5192	1	1	4.34166	
3.35747	1	18	3.35623	1	18	3.35628	1	18	0	0	0	0.520217	0.514267	0.53	0.520215	0.512233	0.5265	0.520217	0.514267	0.53	0.520215	0.512233	0.5265	1	1	4.35483	
3.38062	1	17	3.37885	1	17	3.37909	1	17	0	0	0	0.530154	0.524033	0.5396	0.530148	0.5257	0.539067	0.530154	0.524033	0.5396	0.530148	0.5257	0.539067	1	1	4.3775	
3.40168	1	21	3.39994	1	21	3.40028	1	21	0	0	0	0.540154	0.535067	0.549	0.540142	0.5268	0.5495	0.540154	0.535067	0.549	0.540142	0.5268	0.5495	1	1	4.39858	
3.41318	1	16	3.41105	1	16	3.4114	1	16	0	0	0	0.550031	0.544467	0.5586	0.550031	0.5425	0.559867	0.550031	0.544467	0.5586	0.550031	0.5425	0.559867	1	1	4.40948	
3.42942	1	17	3.42718	1	17	3.42731	1	17	0	0	0	0.560129	0.553933	0.568633	0.560129	0.554167	0.5716	0.560129	0.553933	0.568633	0.560129	0.554167	0.5716	1	1	4.42572	
3.44393	1	19	3.44162	1	19	3.44185	1	19	0	0	0	0.57025	0.563667	0.578667	0.57024	0.563767	0.5785	0.57025	0.563667	0.578667	0.57024	0.563767	0.5785	1	1	4.44003	
3.45898	1	17	3.45609	1	17	3.45611	1	17	0	0	0	0.580067	0.573533	0.588933	0.580056	0.572767	0.5875	0.580067	0.573533	0.588933	0.580056	0.572767	0.5875	1	1	4.45455	
3.47738	1	19	3.47448	1	19	3.47447	1	19	0	0	0	0.58985	0.584	0.598667	0.589842	0.578167	0.600533	0.58985	0.584	0.598667	0.589842	0.578167	0.600533	1	1	4.47286	
3.50048	1	19	3.49681	1	19	3.49685	1	19	0	0	0	0.600015	0.5946	0.607967	0.6	0.5904	0.607267	0.600015	0.5946	0.607967	0.6	0.5904	0.607267	1	1	4.49515	
3.52692	1	18	3.52321	1	18	3.52318	1	18	0	0	0	0.609783	0.6043	0.617367	0.60979	0.601567	0.620067	0.609783	0.6043	0.617367	0.60979	0.601567	0.620067	1	1	4.52156	
3.5421	1	18	3.53765	1	18	3.53782	1	18	0	0	0	0.619815	0.613133	0.627067	0.619817	0.612167	0.627667	0.619815	0.613133	0.627067	0.619817	0.612167	0.627667	1	1	4.53599	
3.56051	1	20	3.5558	1	20	3.5558	1	20	0	0	0	0.629885	0.623133	0.637167	0.629879	0.622033	0.6364	0.629885	0.623133	0.637167	0.629879	0.622033	0.6364	1	1	4.55402	
3.56895	1	19	3.56341	1	19	3.56363	1	19	0	0	0	0.63989	0.633933	0.646667	0.639885	0.633867	0.646633	0.63989	0.633933	0.646667	0.639885	0.633867	0.646633	1	1	4.56147	
3.59872	1	19	3.59188	1	19	3.59208	1	19	0	0	0	0.65014	0.644633	0.657733	0.650127	0.644	0.659633	0.65014	0.644633	0.657733	0.650127	0.644	0.659633	1	1	4.58987	
3.61679	1	22	3.60981	1	22	3.60999	1	22	0	0	0	0.660092	0.653967	0.668167	0.660073	0.654267	0.6666	0.660092	0.653967	0.668167	0.660073	0.654267	0.6666	1	1	4.60775	
3.63256	1	18	3.62498	1	18	3.625	1	18	0	0	0	0.670171	0.663933	0.677867	0.670173	0.6661	0.676367	0.670171	0.663933	0.677867	0.670173	0.6661	0.676367	1	1	4.6229	
3.65776	1	19	3.64807	1	19	3.6482	1	19	0	0	0	0.680292	0.6738	0.686733	0.680281	0.67	0.690733	0.680292	0.6738	0.686733	0.680281	0.67	0.690733	1	1	4.64598	
3.66973	1	20	3.66019	1	20	3.66046	1	20	0	0	0	0.690075	0.684433	0.697333	0.690056	0.6804	0.699733	0.690075	0.684433	0.697333	0.690056	0.6804	0.699733	1	1	4.65804	
3.69678	1	20	3.68585	1	20	3.68603	1	20	0	0	0	0.700092	0.694	0.706967	0.700085	0.693667	0.7071	0.700092	0.694	0.706967	0.700085	0.693667	0.7071	1	1	4.68382	
3.70665	1	20	3.69439	1	20	3.69471	1	20	0	0	0	0.709954	0.7034	0.716467	0.709958	0.7029	0.719967	0.709954	0.7034	0.716467	0.709958	0.7029	0.719967	1	1	4.69218	
3.73731	1	22	3.72413	1	22	3.72432	1	22	0	0	0	0.719827	0.7137	0.7253	0.719831	0.712	0.726067	0.719827	0.7137	0.7253	0.719831	0.712	0.726067	1	1	4.72179	
3.76044	1	20	3.74472	1	20	3.74493	1	20	0	0	0	0.729708	0.724067	0.734867	0.729704	0.722033	0.737167	0.729708	0.724067	0.734867	0.729704	0.722033	0.737167	1	1	4.74245	
3.78241	1	22	3.76511	1	22	3.76538	1	22	0	0	0	0.739906	0.734667	0.744933	0.73989	0.730133	0.748	0.739906	0.734667	0.744933	0.73989	0.730133	0.748	1	1	4.76277	
3.81095	1	20	3.79159	1	20	3.7917	1	20	0	0	0	0.749865	0.745067	0.754633	0.749829	0.743433	0.758767	0.749865	0.745067	0.754633	0.749829	0.743433	0.758767	1	1	4.78898	
3.83233	1	21	3.81021	1	21	3.81023	1	21	0	0	0	0.759725	0.754933	0.7651	0.759698	0.751633	0.770933	0.759725	0.754933	0.7651	0.759698	0.751633	0.770933	1	1	4.80766	
3.84965	1	21	3.82474	1	21	3.82487	1	21	0	0	0	0.769635	0.764033	0.775533	0.769627	0.7588	0.7778	0.769635	0.764033	0.775533	0.769627	0.7588	0.7778	1	1	4.822	
3.87874	1	21	3.85218	1	21	3.85224	1	21	0	0	0	0.779442	0.7742	0.7853	0.779423	0.766733	0.787533	0.779442	0.7742	0.7853	0.779423	0.766733	0.787533	1	1	4.84945	
3.89875	1	21	3.86818	1	21	3.86824	1	21	0	0	0	0.78939	0.7845	0.795233	0.789373	0.7799	0.797033	0.78939	0.7845	0.795233	0.789373	0.7799	0.797033	1	1	4.86523	
3.92389	1	21	3.89233	1	21	3.8925	1	21	0	0	0	0.799481	0.793967	0.806067	0.799473	0.7898	0.8092	0.799481	0.793967	0.806067	0.799473	0.7898	0.8092	1	1	4.88931	
3.9516	1	24	3.91217	1	24	3.9125	1	24	0	0	0	0.809767	0.804233	0.8156	0.809717	0.799733	0.8257	0.809767	0.804233	0.8156	0.809717	0.799733	0.8257	1	1	4.90917	
3.9738	1	21	3.92827	1	21	3.92867	1	21	0	0	0	0.81989	0.814767	0.8251	0.819842	0.810033	0.832633	0.81989	0.814767	0.8251	0.819842	0.810033	0.832633	1	1	4.92514	
4.01628	1	22	3.96498	1	22	3.96521	1	22	0	0	0	0.829783	0.8241	0.8353	0.829773	0.819467	0.839733	0.829783	0.8241	0.8353	0.829773	0.819467	0.839733	1	1	4.96174	
4.04484	1	22	3.98648	1	22	3.98663	1	22	0	0	0	0.839946	0.834733	0.8448	0.839935	0.8328	0.846933	0.839946	0.834733	0.8448	0.839935	0.8328	0.846933	1	1	4.98331	
4.0736	1	22	4.009	1	22	4.00948	1	22	0	0	0	0.850094	0.844567	0.854533	0.850067	0.839067	0.8574	0.850094	0.844567	0.854533	0.850067	0.839067	0.8574	1	1	5.00533	
4.1013	1	21	4.02365	1	21	4.02416	1	21	0	0	0	0.860204	0.854933	0.864	0.860169	0.8542	0.869	0.860204	0.854933	0.864	0.860169	0.8542	0.869	1	1	5.02024	
4.1469	1	22	4.05193	1	22	4.05218	1	22	0	0	0	0.870398	0.865333	0.873567	0.870358	0.864433	0.881233	0.870398	0.865333	0.873567	0.870358	0.864433	0.881233	1	1	5.04804	
4.19427	1	25	4.08639	1	25	4.0866	1	25	0	0	0	0.880267	0.875	0.8834	0.880258	0.870267	0.887767	0.880267	0.875	0.8834	0.880258	0.870267	0.887767	1	1	5.08249	
4.21594	1	21	4.09158	1	21	4.09176	1	21	0	0	0	0.890556	0.8859	0.8926	0.890552	0.8836	0.9024	0.890556	0.8859	0.8926	0.890552	0.8836	0.9024	1	1	5.08799	
4.28469	1	24	4.12819	1	24	4.12861	1	24	0	0	0	0.900446	0.896233	0.902767	0.900427	0.8955	0.9109	0.900446	0.896233	0.902767	0.900427	0.8955	0.9109	1	1	5.12403	
4.33183	1	23	4.14584	1	23	4.14623	1	23	0	0	0	0.910406	0.906467	0.913267	0.910429	0.904633	0.9149	0.910406	0.906467	0.913267	0.910429	0.904633	0.9149	1	1	5.14162	
4.40602	1	22	4.17015	1	22	4.17031	1	22	0	0	0	0.920362	0.916433	0.923067	0.92036	0.908667	0.926267	0.920362	0.916433	0.923067	0.92036	0.908667	0.926267	1	1	5.16591	
4.50835	1	23	4.1955	1	23	4.19572	1	23	0	0	0	0.930244	0.9268	0.932367	0.930231	0.923533	0.938533	0.930244	0.9268	0.932367	0.930231	0.923533	0.938533	1	1	5.19091	
4.66306	1	26	4.22758	1	26	4.22793	1	26	0	0	0	0.940154	0.937233	0.942833	0.940142	0.933233	0.947167	0.940154	0.937233	0.942833	0.940142	0.933233	0.947167	1	1	5.22281	
5.01309	1	29	4.25421	1	25	4.25457	1	25	0	0	0	0.950179	0.947133	0.952133	0.950137	0.942367	0.959133	0.950179	0.947133	0.952133	0.950137	0.942367	0.959133	1	1	5.24956	
5.98631	1	45	4.27609	1	29	4.2762	1	29	0	0	0	0.960239	0.958775	0.961975	0.960156	0.952125	0.9649	0.960239	0.958775	0.961975	0.960156	0.952125	0.9649	1	1	5.27135	
76.1462	1	916	4.30731	1	37	4.30539	1	37	0	0	0	0.969929	0.968829	0.971157	0.968856	0.961871	0.976286	0.969929	0.968829	0.971157	0.968856	0.961871	0.976286	1	1	5.30235	
227.044	1	2136	4.33701	1	47	4.33249	1	49	0	0	0	0.980043	0.9793	0.980871	0.976705	0.969157	0.983629	0.980043	0.9793	0.980871	0.976705	0.969157	0.983629	1	1	5.33188	
