3.94667	1	8	3.94667	1	8	3.94689	1	8	0	0	0	0.00992292	0.0091	0.0112667	0.00992292	0.00873333	0.0108	0.00992292	0.0091	0.0112667	0.00992292	0.00873333	0.0108	1	1	4.94625	
3.94837	1	8	3.94837	1	8	3.94837	1	8	0	0	0	0.0201354	0.0188667	0.0217	0.0201292	0.0191333	0.0212	0.0201354	0.0188667	0.0217	0.0201292	0.0191333	0.0212	1	1	4.94765	
3.93199	1	12	3.93199	1	12	3.93193	1	12	0	0	0	0.0299896	0.0283667	0.0318667	0.0299896	0.0277333	0.0326	0.0299896	0.0283667	0.0318667	0.0299896	0.0277333	0.0326	1	1	4.93102	
3.92006	1	11	3.92	1	11	3.91987	1	11	0	0	0	0.0401063	0.0385667	0.0419	0.0401063	0.0380667	0.0442667	0.0401063	0.0385667	0.0419	0.0401063	0.0380667	0.0442667	1	1	4.91855	
3.93935	1	12	3.93935	1	12	3.93941	1	12	0	0	0	0.0501896	0.0482	0.0528667	0.0501896	0.0481667	0.0519667	0.0501896	0.0482	0.0528667	0.0501896	0.0481667	0.0519667	1	1	4.93786	
3.93761	1	12	3.93761	1	12	3.93805	1	12	0	0	0	0.0603771	0.0582333	0.0635	0.0603833	0.0581667	0.0634333	0.0603771	0.0582333	0.0635	0.0603833	0.0581667	0.0634333	1	1	4.93561	
3.93183	1	13	3.93183	1	13	3.93224	1	13	0	0	0	0.0703167	0.0682333	0.0740667	0.0703229	0.0644667	0.0734667	0.0703167	0.0682333	0.0740667	0.0703229	0.0644667	0.0734667	1	1	4.92975	
3.93197	1	13	3.93195	1	13	3.93194	1	13	0	0	0	0.0804833	0.0782	0.0842333	0.0804854	0.0764	0.0845667	0.0804833	0.0782	0.0842333	0.0804854	0.0764	0.0845667	1	1	4.92933	
3.95355	1	13	3.95348	1	13	3.95363	1	13	0	0	0	0.0902333	0.0876	0.0949667	0.0902479	0.0875667	0.0957667	0.0902333	0.0876	0.0949667	0.0902479	0.0875667	0.0957667	1	1	4.95001	
3.94745	1	13	3.94736	1	13	3.94759	1	13	0	0	0	0.100373	0.0977667	0.104467	0.100388	0.0975667	0.105067	0.100373	0.0977667	0.104467	0.100388	0.0975667	0.105067	1	1	4.94448	
3.95389	1	13	3.95385	1	13	3.95393	1	13	0	0	0	0.110113	0.107767	0.114633	0.110125	0.107833	0.1132	0.110113	0.107767	0.114633	0.110125	0.107833	0.1132	1	1	4.94998	
3.95517	1	13	3.95512	1	13	3.95528	1	13	0	0	0	0.120129	0.117067	0.124867	0.12015	0.116267	0.1234	0.120129	0.117067	0.124867	0.12015	0.116267	0.1234	1	1	4.95104	
3.9548	1	14	3.95464	1	14	3.95467	1	14	0	0	0	0.130342	0.126633	0.134433	0.130358	0.1264	0.1338	0.130342	0.126633	0.134433	0.130358	0.1264	0.1338	1	1	4.95018	
3.96906	1	14	3.96899	1	14	3.96891	1	14	0	0	0	0.14034	0.1367	0.145267	0.14035	0.136367	0.142733	0.14034	0.1367	0.145267	0.14035	0.136367	0.142733	1	1	4.96375	
3.95705	1	14	3.95679	1	14	3.95674	1	14	0	0	0	0.150237	0.1459	0.155733	0.150254	0.147667	0.1551	0.150237	0.1459	0.155733	0.150254	0.147667	0.1551	1	1	4.95137	
3.96415	1	14	3.96391	1	14	3.96389	1	14	0	0	0	0.159967	0.154367	0.1663	0.159988	0.156933	0.162667	0.159967	0.154367	0.1663	0.159988	0.156933	0.162667	1	1	4.95823	
3.96347	1	14	3.96313	1	14	3.96317	1	14	0	0	0	0.169842	0.164833	0.175667	0.169862	0.165967	0.1737	0.169842	0.164833	0.175667	0.169862	0.165967	0.1737	1	1	4.9569	
3.96872	1	14	3.96833	1	14	3.9684	1	14	0	0	0	0.179825	0.1744	0.186	0.179852	0.1751	0.184167	0.179825	0.1744	0.186	0.179852	0.1751	0.184167	1	1	4.96159	
3.9729	1	14	3.97244	1	14	3.97263	1	14	0	0	0	0.189817	0.184467	0.1956	0.189848	0.1866	0.1934	0.189817	0.184467	0.1956	0.189848	0.1866	0.1934	1	1	4.96527	
3.96992	1	14	3.96942	1	14	3.96932	1	14	0	0	0	0.199869	0.1934	0.2052	0.199896	0.1923	0.2056	0.199869	0.1934	0.2052	0.199896	0.1923	0.2056	1	1	4.9623	
3.98083	1	14	3.98023	1	14	3.98027	1	14	0	0	0	0.20989	0.204167	0.215133	0.209904	0.205233	0.214767	0.20989	0.204167	0.215133	0.209904	0.205233	0.214767	1	1	4.97317	
3.96747	1	14	3.96666	1	14	3.9667	1	14	0	0	0	0.219781	0.215167	0.225467	0.219806	0.2154	0.225667	0.219781	0.215167	0.225467	0.219806	0.2154	0.225667	1	1	4.95832	
3.97018	1	14	3.9695	1	14	3.96975	1	14	0	0	0	0.229696	0.224633	0.2354	0.229721	0.2263	0.235367	0.229696	0.224633	0.2354	0.229721	0.2263	0.235367	1	1	4.9607	
3.97613	1	14	3.9753	1	14	3.97551	1	14	0	0	0	0.239669	0.2349	0.245667	0.239702	0.235933	0.242867	0.239669	0.2349	0.245667	0.239702	0.235933	0.242867	1	1	4.96616	
3.98923	1	15	3.98814	1	15	3.9883	1	15	0	0	0	0.249798	0.245467	0.254767	0.249831	0.244933	0.255167	0.249798	0.245467	0.254767	0.249831	0.244933	0.255167	1	1	4.97862	
3.99877	1	20	3.99777	1	20	3.99815	1	20	0	0	0	0.259594	0.255433	0.264533	0.259623	0.254933	0.267733	0.259594	0.255433	0.264533	0.259623	0.254933	0.267733	1	1	4.98787	
3.99066	1	20	3.98926	1	20	3.98953	1	20	0	0	0	0.26954	0.2651	0.275667	0.269571	0.264733	0.274167	0.26954	0.2651	0.275667	0.269571	0.264733	0.274167	1	1	4.97901	
4.00065	1	17	3.99932	1	17	3.99952	1	17	0	0	0	0.279729	0.275033	0.286233	0.279758	0.2706	0.286233	0.279729	0.275033	0.286233	0.279758	0.2706	0.286233	1	1	4.98806	
4.01247	1	15	4.01092	1	15	4.01093	1	15	0	0	0	0.289615	0.2851	0.296567	0.289637	0.285167	0.294767	0.289615	0.2851	0.296567	0.289637	0.285167	0.294767	1	1	4.99942	
4.00959	1	17	4.00749	1	17	4.00777	1	17	0	0	0	0.299681	0.294867	0.3054	0.299694	0.294933	0.305667	0.299681	0.294867	0.3054	0.299694	0.294933	0.305667	1	1	4.99492	
4.02925	1	20	4.02721	1	20	4.02724	1	20	0	0	0	0.309604	0.305067	0.315667	0.309627	0.305667	0.312533	0.309604	0.305067	0.315667	0.309627	0.305667	0.312533	1	1	5.01405	
4.02713	1	19	4.02464	1	19	4.02462	1	19	0	0	0	0.319421	0.3153	0.325933	0.319446	0.312667	0.323167	0.319421	0.3153	0.325933	0.319446	0.312667	0.323167	1	1	5.01162	
4.02669	1	20	4.02401	1	20	4.02413	1	20	0	0	0	0.329415	0.324933	0.3361	0.329437	0.322667	0.337833	0.329415	0.324933	0.3361	0.329437	0.322667	0.337833	1	1	5.0104	
4.03651	1	19	4.03369	1	18	4.03365	1	18	0	0	0	0.339217	0.3345	0.345733	0.339238	0.3345	0.347333	0.339217	0.3345	0.345733	0.339238	0.3345	0.347333	1	1	5.01919	
4.04343	1	21	4.04018	1	21	4.04031	1	21	0	0	0	0.349271	0.343967	0.3562	0.349277	0.344833	0.3533	0.349271	0.343967	0.3562	0.349277	0.344833	0.3533	1	1	5.02576	
4.05548	1	18	4.05155	1	18	4.05157	1	18	0	0	0	0.359258	0.3535	0.3672	0.359269	0.354767	0.363067	0.359258	0.3535	0.3672	0.359269	0.354767	0.363067	1	1	5.0361	
4.05651	1	18	4.05276	1	18	4.05303	1	18	0	0	0	0.369567	0.364267	0.3781	0.369579	0.363267	0.3744	0.369567	0.364267	0.3781	0.369579	0.363267	0.3744	1	1	5.03601	
4.06857	1	15	4.064	1	15	4.06418	1	15	0	0	0	0.379606	0.374667	0.387667	0.37961	0.3725	0.3832	0.379606	0.374667	0.387667	0.37961	0.3725	0.3832	1	1	5.04752	
4.07059	1	20	4.06605	1	20	4.06623	1	20	0	0	0	0.389754	0.385367	0.3965	0.389769	0.3854	0.3962	0.389754	0.385367	0.3965	0.389769	0.3854	0.3962	1	1	5.04907	
4.08281	1	20	4.0775	1	20	4.07751	1	20	0	0	0	0.399781	0.395467	0.406667	0.39979	0.394467	0.407867	0.399781	0.395467	0.406667	0.39979	0.394467	0.407867	1	1	5.0594	
4.08635	1	20	4.0808	1	20	4.08082	1	20	0	0	0	0.409765	0.405433	0.416067	0.409779	0.405467	0.4148	0.409765	0.405433	0.416067	0.409779	0.405467	0.4148	1	1	5.06186	
4.0904	1	18	4.08383	1	18	4.08397	1	18	0	0	0	0.419729	0.415733	0.426467	0.419733	0.4118	0.425233	0.419729	0.415733	0.426467	0.419733	0.4118	0.425233	1	1	5.06383	
4.10251	1	20	4.09573	1	20	4.09584	1	20	0	0	0	0.429908	0.426933	0.436	0.429912	0.4213	0.4375	0.429908	0.426933	0.436	0.429912	0.4213	0.4375	1	1	5.07658	
4.11052	1	20	4.10298	1	20	4.10325	1	20	0	0	0	0.440048	0.436367	0.4466	0.440048	0.4363	0.4444	0.440048	0.436367	0.4466	0.440048	0.4363	0.4444	1	1	5.08157	
4.12089	1	21	4.11286	1	21	4.11308	1	21	0	0	0	0.450021	0.4468	0.4568	0.450044	0.443933	0.4558	0.450021	0.4468	0.4568	0.450044	0.443933	0.4558	1	1	5.0916	
4.12279	1	19	4.114	1	19	4.11412	1	19	0	0	0	0.460192	0.456167	0.468167	0.460196	0.454	0.4654	0.460192	0.456167	0.468167	0.460196	0.454	0.4654	1	1	5.09266	
4.13106	1	21	4.12086	1	21	4.12093	1	21	0	0	0	0.47045	0.4659	0.4778	0.470448	0.463267	0.476067	0.47045	0.4659	0.4778	0.470448	0.463267	0.476067	1	1	5.09969	
4.14668	1	21	4.13603	1	21	4.13626	1	21	0	0	0	0.480369	0.4752	0.487867	0.480356	0.474267	0.485767	0.480369	0.4752	0.487867	0.480356	0.474267	0.485767	1	1	5.11335	
4.15206	1	20	4.14031	1	20	4.14034	1	20	0	0	0	0.490358	0.4858	0.499167	0.490333	0.4828	0.495333	0.490358	0.4858	0.499167	0.490333	0.4828	0.495333	1	1	5.11715	
4.16062	1	21	4.14738	1	21	4.14757	1	21	0	0	0	0.500392	0.4952	0.510367	0.500373	0.492133	0.5099	0.500392	0.4952	0.510367	0.500373	0.492133	0.5099	1	1	5.12395	
4.16581	1	20	4.15164	1	20	4.15155	1	20	0	0	0	0.510146	0.504667	0.5203	0.510154	0.504333	0.522567	0.510146	0.504667	0.5203	0.510154	0.504333	0.522567	1	1	5.12645	
4.17615	1	20	4.16147	1	20	4.16153	1	20	0	0	0	0.520217	0.514267	0.53	0.520202	0.511667	0.527767	0.520217	0.514267	0.53	0.520202	0.511667	0.527767	1	1	5.13584	
4.1816	1	21	4.16574	1	21	4.16581	1	21	0	0	0	0.530154	0.524033	0.5396	0.530154	0.521433	0.534133	0.530154	0.524033	0.5396	0.530154	0.521433	0.534133	1	1	5.13939	
4.19865	1	19	4.18102	1	19	4.1809	1	19	0	0	0	0.540154	0.535067	0.549	0.540148	0.530933	0.545667	0.540154	0.535067	0.549	0.540148	0.530933	0.545667	1	1	5.1539	
4.21167	1	21	4.19194	1	21	4.19211	1	21	0	0	0	0.550031	0.544467	0.5586	0.550031	0.544167	0.5548	0.550031	0.544467	0.5586	0.550031	0.544167	0.5548	1	1	5.16431	
4.22325	1	22	4.2029	1	22	4.20305	1	22	0	0	0	0.560129	0.553933	0.568633	0.560123	0.553733	0.577933	0.560129	0.553933	0.568633	0.560123	0.553733	0.577933	1	1	5.1739	
4.23961	1	22	4.21684	1	22	4.217	1	22	0	0	0	0.57025	0.563667	0.578667	0.570248	0.561333	0.577967	0.57025	0.563667	0.578667	0.570248	0.561333	0.577967	1	1	5.18789	
4.24295	1	21	4.2173	1	21	4.21741	1	21	0	0	0	0.580067	0.573533	0.588933	0.58005	0.575433	0.586167	0.580067	0.573533	0.588933	0.58005	0.575433	0.586167	1	1	5.18731	
4.25652	1	21	4.23025	1	21	4.23031	1	21	0	0	0	0.58985	0.584	0.598667	0.589829	0.583467	0.597633	0.58985	0.584	0.598667	0.589829	0.583467	0.597633	1	1	5.1993	
4.26832	1	22	4.23904	1	22	4.23931	1	22	0	0	0	0.600015	0.5946	0.607967	0.600004	0.591467	0.6081	0.600015	0.5946	0.607967	0.600004	0.591467	0.6081	1	1	5.20697	
4.28664	1	21	4.25512	1	21	4.25517	1	21	0	0	0	0.609783	0.6043	0.617367	0.609775	0.601833	0.6174	0.609783	0.6043	0.617367	0.609775	0.601833	0.6174	1	1	5.22305	
4.30265	1	21	4.26773	1	21	4.26804	1	21	0	0	0	0.619815	0.613133	0.627067	0.619806	0.611367	0.6246	0.619815	0.613133	0.627067	0.619806	0.611367	0.6246	1	1	5.23444	
4.31214	1	24	4.27315	1	24	4.27334	1	24	0	0	0	0.629885	0.623133	0.637167	0.629877	0.622133	0.6358	0.629885	0.623133	0.637167	0.629877	0.622133	0.6358	1	1	5.23948	
4.32837	1	21	4.28815	1	21	4.28825	1	21	0	0	0	0.63989	0.633933	0.646667	0.639865	0.630733	0.645033	0.63989	0.633933	0.646667	0.639865	0.630733	0.645033	1	1	5.25307	
4.34654	1	22	4.30237	1	22	4.30262	1	22	0	0	0	0.65014	0.644633	0.657733	0.650108	0.645467	0.6584	0.65014	0.644633	0.657733	0.650108	0.645467	0.6584	1	1	5.26667	
4.35376	1	21	4.3058	1	21	4.30578	1	21	0	0	0	0.660092	0.653967	0.668167	0.660079	0.6487	0.669633	0.660092	0.653967	0.668167	0.660079	0.6487	0.669633	1	1	5.26936	
4.38209	1	24	4.32726	1	24	4.32727	1	24	0	0	0	0.670171	0.663933	0.677867	0.670148	0.658333	0.676067	0.670171	0.663933	0.677867	0.670148	0.658333	0.676067	1	1	5.2898	
4.39641	1	22	4.33682	1	22	4.33703	1	22	0	0	0	0.680292	0.6738	0.686733	0.680267	0.673267	0.686067	0.680292	0.6738	0.686733	0.680267	0.673267	0.686067	1	1	5.29717	
4.4142	1	26	4.34966	1	26	4.3498	1	26	0	0	0	0.690075	0.684433	0.697333	0.690052	0.685767	0.695633	0.690075	0.684433	0.697333	0.690052	0.685767	0.695633	1	1	5.31001	
4.42907	1	21	4.36078	1	21	4.36086	1	21	0	0	0	0.700092	0.694	0.706967	0.700073	0.6919	0.708767	0.700092	0.694	0.706967	0.700073	0.6919	0.708767	1	1	5.32027	
4.4525	1	27	4.37573	1	27	4.37593	1	27	0	0	0	0.709954	0.7034	0.716467	0.709958	0.7018	0.716067	0.709954	0.7034	0.716467	0.709958	0.7018	0.716067	1	1	5.33326	
4.47266	1	24	4.38632	1	24	4.38645	1	24	0	0	0	0.719827	0.7137	0.7253	0.719815	0.710067	0.728267	0.719827	0.7137	0.7253	0.719815	0.710067	0.728267	1	1	5.34452	
4.49271	1	21	4.40305	1	21	4.40307	1	21	0	0	0	0.729708	0.724067	0.734867	0.729715	0.7209	0.743467	0.729708	0.724067	0.734867	0.729715	0.7209	0.743467	1	1	5.35866	
4.52119	1	22	4.42121	1	22	4.42128	1	22	0	0	0	0.739906	0.734667	0.744933	0.739906	0.7334	0.749667	0.739906	0.734667	0.744933	0.739906	0.7334	0.749667	1	1	5.37728	
4.5487	1	28	4.43708	1	28	4.43717	1	28	0	0	0	0.749865	0.745067	0.754633	0.749846	0.743	0.756533	0.749865	0.745067	0.754633	0.749846	0.743	0.756533	1	1	5.39066	
4.56736	1	22	4.44155	1	22	4.44157	1	22	0	0	0	0.759725	0.754933	0.7651	0.759704	0.7484	0.772	0.759725	0.754933	0.7651	0.759704	0.7484	0.772	1	1	5.39459	
4.599	1	22	4.46402	1	22	4.46434	1	22	0	0	0	0.769635	0.764033	0.775533	0.769598	0.761733	0.778133	0.769635	0.764033	0.775533	0.769598	0.761733	0.778133	1	1	5.41382	
4.63269	1	26	4.47863	1	26	4.47874	1	26	0	0	0	0.779442	0.7742	0.7853	0.779417	0.767733	0.788733	0.779442	0.7742	0.7853	0.779417	0.767733	0.788733	1	1	5.42934	
4.65388	1	28	4.48487	1	28	4.48513	1	28	0	0	0	0.78939	0.7845	0.795233	0.78934	0.781367	0.796233	0.78939	0.7845	0.795233	0.78934	0.781367	0.796233	1	1	5.43455	
4.69699	1	23	4.50236	1	23	4.50243	1	23	0	0	0	0.799481	0.793967	0.806067	0.799465	0.786767	0.811767	0.799481	0.793967	0.806067	0.799465	0.786767	0.811767	1	1	5.44992	
4.74423	1	23	4.52181	1	22	4.52198	1	22	0	0	0	0.809767	0.804233	0.8156	0.80974	0.801267	0.818533	0.809767	0.804233	0.8156	0.80974	0.801267	0.818533	1	1	5.46802	
4.77705	1	31	4.53217	1	30	4.53247	1	30	0	0	0	0.81989	0.814767	0.8251	0.819869	0.8111	0.827767	0.81989	0.814767	0.8251	0.819869	0.8111	0.827767	1	1	5.47857	
4.83562	1	23	4.54886	1	23	4.54893	1	23	0	0	0	0.829783	0.8241	0.8353	0.829777	0.814233	0.838167	0.829783	0.8241	0.8353	0.829777	0.814233	0.838167	1	1	5.49388	
4.91298	1	24	4.57434	1	24	4.57471	1	24	0	0	0	0.839946	0.834733	0.8448	0.839919	0.835167	0.848567	0.839946	0.834733	0.8448	0.839919	0.835167	0.848567	1	1	5.51879	
4.97667	1	23	4.58689	1	23	4.58709	1	23	0	0	0	0.850094	0.844567	0.854533	0.850031	0.8439	0.861267	0.850094	0.844567	0.854533	0.850031	0.8439	0.861267	1	1	5.52844	
5.06362	1	24	4.60555	1	24	4.6059	1	24	0	0	0	0.860204	0.854933	0.864	0.860173	0.845733	0.869067	0.860204	0.854933	0.864	0.860173	0.845733	0.869067	1	1	5.5468	
5.18188	1	27	4.61669	1	27	4.61679	1	27	0	0	0	0.870398	0.865333	0.873567	0.87039	0.863233	0.88	0.870398	0.865333	0.873567	0.87039	0.863233	0.88	1	1	5.55786	
5.36924	1	26	4.64853	1	24	4.64857	1	24	0	0	0	0.880267	0.875	0.8834	0.880256	0.871133	0.887267	0.880267	0.875	0.8834	0.880256	0.871133	0.887267	1	1	5.58446	
5.6045	1	27	4.66669	1	27	4.66741	1	27	0	0	0	0.890556	0.8859	0.8926	0.890625	0.883167	0.9002	0.890556	0.8859	0.8926	0.890625	0.883167	0.9002	1	1	5.60231	
6.17207	1	37	4.68654	1	27	4.68676	1	27	0	0	0	0.900446	0.896233	0.902767	0.900396	0.887767	0.911667	0.900446	0.896233	0.902767	0.900396	0.887767	0.911667	1	1	5.62007	
8.38069	1	94	4.71511	1	28	4.71509	1	28	0	0	0	0.910125	0.90866	0.91194	0.910049	0.90282	0.9185	0.910125	0.90866	0.91194	0.910049	0.90282	0.9185	1	1	5.64788	
67.4096	1	859	4.73303	1	34	4.73276	1	34	0	0	0	0.919857	0.918386	0.921714	0.919103	0.913214	0.923743	0.919857	0.918386	0.921714	0.919103	0.913214	0.923743	1	1	5.66176	
216.95	1	2540	4.75969	1	41	4.75803	1	41	0	0	0	0.929842	0.928357	0.931843	0.926686	0.921429	0.933343	0.929842	0.928357	0.931843	0.926686	0.921429	0.933343	1	1	5.68688	
