4.25089	2	8	4.24984	2	8	4.25063	2	8	0	0	0	0.00992292	0.0091	0.0112667	0.00992292	0.0091	0.0112667	0.00992292	0.0091	0.0112667	0.00992292	0.0091	0.0112667	1	1	5.24984	
4.2686	2	8	4.26591	2	8	4.26665	2	8	0	0	0	0.0201354	0.0188667	0.0217	0.0201333	0.0188667	0.0217	0.0201354	0.0188667	0.0217	0.0201333	0.0188667	0.0217	1	1	5.26591	
4.26287	2	8	4.25905	2	8	4.25938	2	8	0	0	0	0.0299896	0.0283667	0.0318667	0.0299917	0.0283667	0.0318667	0.0299896	0.0283667	0.0318667	0.0299917	0.0283667	0.0318667	1	1	5.25898	
4.2631	2	10	4.2578	2	10	4.25804	2	10	0	0	0	0.0401063	0.0385667	0.0419	0.0401104	0.0386	0.0419333	0.0401063	0.0385667	0.0419	0.0401104	0.0386	0.0419333	1	1	5.25765	
4.25649	2	11	4.24918	2	11	4.24952	2	11	0	0	0	0.0501896	0.0482	0.0528667	0.0501938	0.0482333	0.0528667	0.0501896	0.0482	0.0528667	0.0501938	0.0482333	0.0528667	1	1	5.24881	
4.2629	2	11	4.25396	2	11	4.25421	2	11	0	0	0	0.0603771	0.0582333	0.0635	0.0603875	0.0582667	0.0635	0.0603771	0.0582333	0.0635	0.0603875	0.0582667	0.0635	1	1	5.25341	
4.26588	2	11	4.25504	2	11	4.25528	2	11	0	0	0	0.0703167	0.0682333	0.0740667	0.0703271	0.0682667	0.0741	0.0703167	0.0682333	0.0740667	0.0703271	0.0682667	0.0741	1	1	5.25444	
4.27164	2	10	4.25831	2	10	4.25852	2	10	0	0	0	0.0804833	0.0782	0.0842333	0.0804938	0.0782333	0.0842667	0.0804833	0.0782	0.0842333	0.0804938	0.0782333	0.0842667	1	1	5.25766	
4.28142	2	10	4.26528	2	10	4.26554	2	10	0	0	0	0.0902333	0.0876	0.0949667	0.0902479	0.0876333	0.095	0.0902333	0.0876	0.0949667	0.0902479	0.0876333	0.095	1	1	5.2645	
4.2938	2	10	4.27423	2	10	4.27444	2	10	0	0	0	0.100373	0.0977667	0.104467	0.100392	0.0978	0.1045	0.100373	0.0977667	0.104467	0.100392	0.0978	0.1045	1	1	5.27344	
4.30575	2	11	4.28263	2	10	4.28277	2	10	0	0	0	0.110113	0.107767	0.114633	0.110131	0.1078	0.114667	0.110113	0.107767	0.114633	0.110131	0.1078	0.114667	1	1	5.28168	
4.31568	2	11	4.28858	2	10	4.28876	2	10	0	0	0	0.120129	0.117067	0.124867	0.120148	0.1171	0.1249	0.120129	0.117067	0.124867	0.120148	0.1171	0.1249	1	1	5.28754	
4.32866	2	12	4.29845	2	12	4.29857	2	12	0	0	0	0.130342	0.126633	0.134433	0.13036	0.126667	0.134467	0.130342	0.126633	0.134433	0.13036	0.126667	0.134467	1	1	5.29733	
4.33882	2	12	4.30471	2	12	4.30478	2	12	0	0	0	0.14034	0.1367	0.145267	0.140356	0.136733	0.1453	0.14034	0.1367	0.145267	0.140356	0.136733	0.1453	1	1	5.30304	
4.35237	2	12	4.31392	2	12	4.31395	2	12	0	0	0	0.150237	0.1459	0.155733	0.150254	0.145933	0.155767	0.150237	0.1459	0.155733	0.150254	0.145933	0.155767	1	1	5.31212	
4.36733	2	12	4.32446	2	12	4.32462	2	12	0	0	0	0.159967	0.154367	0.1663	0.159992	0.1544	0.166333	0.159967	0.154367	0.1663	0.159992	0.1544	0.166333	1	1	5.32212	
4.38856	2	14	4.33934	2	12	4.33957	2	12	0	0	0	0.169842	0.164833	0.175667	0.169871	0.164867	0.1757	0.169842	0.164833	0.175667	0.169871	0.164867	0.1757	1	1	5.33664	
4.40476	2	14	4.34901	2	12	4.34924	2	12	0	0	0	0.179825	0.1744	0.186	0.179858	0.174467	0.186033	0.179825	0.1744	0.186	0.179858	0.174467	0.186033	1	1	5.34566	
4.42365	2	14	4.36082	2	12	4.361	2	12	0	0	0	0.189817	0.184467	0.1956	0.18985	0.184533	0.195633	0.189817	0.184467	0.1956	0.18985	0.184533	0.195633	1	1	5.35714	
4.44688	2	16	4.3754	2	12	4.37558	2	12	0	0	0	0.199869	0.1934	0.2052	0.199904	0.193467	0.205233	0.199869	0.1934	0.2052	0.199904	0.193467	0.205233	1	1	5.3711	
4.47126	2	16	4.39122	2	12	4.39135	2	12	0	0	0	0.20989	0.204167	0.215133	0.209925	0.204233	0.215167	0.20989	0.204167	0.215133	0.209925	0.204233	0.215167	1	1	5.38629	
4.49597	2	17	4.40628	2	12	4.40647	2	12	0	0	0	0.219781	0.215167	0.225467	0.219815	0.215233	0.2255	0.219781	0.215167	0.225467	0.219815	0.215233	0.2255	1	1	5.40068	
4.52659	2	17	4.42405	2	12	4.42414	2	12	0	0	0	0.229696	0.224633	0.2354	0.229731	0.2247	0.235433	0.229696	0.224633	0.2354	0.229731	0.2247	0.235433	1	1	5.41731	
4.5551	2	17	4.44144	2	12	4.44151	2	12	0	0	0	0.239669	0.2349	0.245667	0.239706	0.234967	0.2457	0.239669	0.2349	0.245667	0.239706	0.234967	0.2457	1	1	5.43338	
4.58998	2	18	4.46109	2	13	4.4612	2	13	0	0	0	0.249798	0.245467	0.254767	0.249842	0.245533	0.2548	0.249798	0.245467	0.254767	0.249842	0.245533	0.2548	1	1	5.45163	
4.62634	2	18	4.48281	2	14	4.48294	2	14	0	0	0	0.259594	0.255433	0.264533	0.259638	0.2555	0.264567	0.259594	0.255433	0.264533	0.259638	0.2555	0.264567	1	1	5.47213	
4.67049	2	26	4.50824	2	14	4.50837	2	14	0	0	0	0.26954	0.2651	0.275667	0.269581	0.265067	0.2757	0.26954	0.2651	0.275667	0.269581	0.265067	0.2757	1	1	5.49541	
4.71159	2	26	4.52903	2	20	4.52915	2	20	0	0	0	0.279729	0.275033	0.286233	0.279765	0.275	0.286267	0.279729	0.275033	0.286233	0.279765	0.275	0.286267	1	1	5.51425	
4.75924	2	25	4.55324	2	20	4.55325	2	20	0	0	0	0.289615	0.2851	0.296567	0.28965	0.285067	0.2966	0.289615	0.2851	0.296567	0.28965	0.285067	0.2966	1	1	5.5356	
4.82218	2	24	4.58732	2	20	4.58736	2	20	0	0	0	0.299681	0.294867	0.3054	0.299708	0.294833	0.305433	0.299681	0.294867	0.3054	0.299708	0.294833	0.305433	1	1	5.56542	
4.88861	2	26	4.62097	2	20	4.62101	2	20	0	0	0	0.309604	0.305067	0.315667	0.309629	0.305033	0.3157	0.309604	0.305067	0.315667	0.309629	0.305033	0.3157	1	1	5.5952	
4.96126	2	27	4.65531	2	20	4.65549	2	20	0	0	0	0.319421	0.3153	0.325933	0.319437	0.315267	0.325967	0.319421	0.3153	0.325933	0.319437	0.315267	0.325967	1	1	5.62501	
5.04378	2	32	4.69133	2	20	4.69172	2	20	0	0	0	0.329415	0.324933	0.3361	0.329427	0.3249	0.336133	0.329415	0.324933	0.3361	0.329427	0.3249	0.336133	1	1	5.65673	
5.14303	2	32	4.73832	2	21	4.73854	2	21	0	0	0	0.339217	0.3345	0.345733	0.339227	0.3346	0.345767	0.339217	0.3345	0.345733	0.339227	0.3346	0.345767	1	1	5.69818	
5.2658	2	40	4.78577	2	20	4.78608	2	20	0	0	0	0.349271	0.343967	0.3562	0.349277	0.344067	0.356233	0.349271	0.343967	0.3562	0.349277	0.344067	0.356233	1	1	5.73927	
5.43594	2	47	4.85043	2	26	4.85063	2	26	0	0	0	0.359258	0.3535	0.3672	0.359265	0.3536	0.367233	0.359258	0.3535	0.3672	0.359265	0.3536	0.367233	1	1	5.79361	
5.65929	2	64	4.92234	2	22	4.92261	2	22	0	0	0	0.369567	0.364267	0.3781	0.369573	0.364333	0.378167	0.369567	0.364267	0.3781	0.369573	0.364333	0.378167	1	1	5.85324	
5.97597	2	70	5.01691	2	36	5.01708	2	36	0	0	0	0.379606	0.374667	0.387667	0.379615	0.374733	0.387733	0.379606	0.374667	0.387667	0.379615	0.374733	0.387733	1	1	5.92834	
6.52757	2	79	5.12591	2	30	5.1258	2	30	0	0	0	0.389754	0.385367	0.3965	0.389754	0.385433	0.396567	0.389754	0.385367	0.3965	0.389754	0.385433	0.396567	1	1	6.01331	
7.64984	2	124	5.23022	2	28	5.23044	2	28	0	0	0	0.399781	0.395467	0.406667	0.39979	0.395533	0.406733	0.399781	0.395467	0.406667	0.39979	0.395533	0.406733	1	1	6.09283	
13.7253	2	266	5.36147	2	31	5.3616	2	31	0	0	0	0.409486	0.40575	0.41175	0.409443	0.405767	0.411717	0.409486	0.40575	0.41175	0.409443	0.405767	0.411717	1	1	6.19109	
477.225	2	5937	5.46035	2	36	5.45982	2	36	0	0	0	0.419588	0.417557	0.421529	0.416673	0.395543	0.421529	0.419588	0.417557	0.421529	0.416673	0.395543	0.421529	1	1	6.26033	
