3.94667	1	8	3.94667	1	8	3.94689	1	8	0	0	0	0.00992292	0.0091	0.0112667	0.00992292	0.00873333	0.0108	0.00992292	0.0091	0.0112667	0.00992292	0.00873333	0.0108	1	1	4.94625	
3.94837	1	8	3.94837	1	8	3.94837	1	8	0	0	0	0.0201354	0.0188667	0.0217	0.0201292	0.0191333	0.0212	0.0201354	0.0188667	0.0217	0.0201292	0.0191333	0.0212	1	1	4.94765	
3.93199	1	12	3.93199	1	12	3.93193	1	12	0	0	0	0.0299896	0.0283667	0.0318667	0.0299896	0.0277333	0.0326	0.0299896	0.0283667	0.0318667	0.0299896	0.0277333	0.0326	1	1	4.93102	
3.92	1	11	3.92	1	11	3.91987	1	11	0	0	0	0.0401063	0.0385667	0.0419	0.0401063	0.0380667	0.0442667	0.0401063	0.0385667	0.0419	0.0401063	0.0380667	0.0442667	1	1	4.91855	
3.93931	1	12	3.93931	1	12	3.93937	1	12	0	0	0	0.0501896	0.0482	0.0528667	0.0501896	0.0481667	0.0519667	0.0501896	0.0482	0.0528667	0.0501896	0.0481667	0.0519667	1	1	4.93786	
3.93761	1	12	3.93761	1	12	3.93805	1	12	0	0	0	0.0603771	0.0582333	0.0635	0.0603833	0.0581667	0.0634333	0.0603771	0.0582333	0.0635	0.0603833	0.0581667	0.0634333	1	1	4.93561	
3.93183	1	13	3.93183	1	13	3.93224	1	13	0	0	0	0.0703167	0.0682333	0.0740667	0.0703229	0.0644667	0.0734667	0.0703167	0.0682333	0.0740667	0.0703229	0.0644667	0.0734667	1	1	4.92975	
3.932	1	13	3.932	1	13	3.932	1	13	0	0	0	0.0804833	0.0782	0.0842333	0.0804854	0.0764	0.0845667	0.0804833	0.0782	0.0842333	0.0804854	0.0764	0.0845667	1	1	4.92938	
3.95338	1	13	3.95338	1	13	3.95354	1	13	0	0	0	0.0902333	0.0876	0.0949667	0.0902479	0.0875667	0.0957667	0.0902333	0.0876	0.0949667	0.0902479	0.0875667	0.0957667	1	1	4.94992	
3.94745	1	13	3.94745	1	13	3.94768	1	13	0	0	0	0.100373	0.0977667	0.104467	0.100388	0.0975667	0.105067	0.100373	0.0977667	0.104467	0.100388	0.0975667	0.105067	1	1	4.94456	
3.95376	1	13	3.95376	1	13	3.95383	1	13	0	0	0	0.110113	0.107767	0.114633	0.110125	0.107833	0.1132	0.110113	0.107767	0.114633	0.110125	0.107833	0.1132	1	1	4.94986	
3.95515	1	13	3.95515	1	13	3.95531	1	13	0	0	0	0.120129	0.117067	0.124867	0.12015	0.116267	0.1234	0.120129	0.117067	0.124867	0.12015	0.116267	0.1234	1	1	4.95108	
3.95488	1	14	3.95488	1	14	3.95491	1	14	0	0	0	0.130342	0.126633	0.134433	0.130358	0.1264	0.1338	0.130342	0.126633	0.134433	0.130358	0.1264	0.1338	1	1	4.9504	
3.96902	1	14	3.96902	1	14	3.96894	1	14	0	0	0	0.14034	0.1367	0.145267	0.14035	0.136367	0.142733	0.14034	0.1367	0.145267	0.14035	0.136367	0.142733	1	1	4.96375	
3.95692	1	14	3.95692	1	14	3.95686	1	14	0	0	0	0.150237	0.1459	0.155733	0.150254	0.147667	0.1551	0.150237	0.1459	0.155733	0.150254	0.147667	0.1551	1	1	4.95151	
3.96386	1	14	3.96386	1	14	3.96384	1	14	0	0	0	0.159967	0.154367	0.1663	0.159988	0.156933	0.162667	0.159967	0.154367	0.1663	0.159988	0.156933	0.162667	1	1	4.95821	
3.96308	1	14	3.96308	1	14	3.96312	1	14	0	0	0	0.169842	0.164833	0.175667	0.169862	0.165967	0.1737	0.169842	0.164833	0.175667	0.169862	0.165967	0.1737	1	1	4.95685	
3.9683	1	14	3.9683	1	14	3.96838	1	14	0	0	0	0.179825	0.1744	0.186	0.179852	0.1751	0.184167	0.179825	0.1744	0.186	0.179852	0.1751	0.184167	1	1	4.96159	
3.97239	1	14	3.97239	1	14	3.97258	1	14	0	0	0	0.189817	0.184467	0.1956	0.189848	0.1866	0.1934	0.189817	0.184467	0.1956	0.189848	0.1866	0.1934	1	1	4.96521	
3.96963	1	14	3.96963	1	14	3.96952	1	14	0	0	0	0.199869	0.1934	0.2052	0.199896	0.1923	0.2056	0.199869	0.1934	0.2052	0.199896	0.1923	0.2056	1	1	4.96249	
3.98044	1	14	3.98044	1	14	3.98047	1	14	0	0	0	0.20989	0.204167	0.215133	0.209904	0.205233	0.214767	0.20989	0.204167	0.215133	0.209904	0.205233	0.214767	1	1	4.97339	
3.96707	1	14	3.96707	1	14	3.96711	1	14	0	0	0	0.219781	0.215167	0.225467	0.219806	0.2154	0.225667	0.219781	0.215167	0.225467	0.219806	0.2154	0.225667	1	1	4.95883	
3.96939	1	14	3.96939	1	14	3.96964	1	14	0	0	0	0.229696	0.224633	0.2354	0.229721	0.2263	0.235367	0.229696	0.224633	0.2354	0.229721	0.2263	0.235367	1	1	4.96057	
3.97592	1	14	3.97592	1	14	3.97613	1	14	0	0	0	0.239669	0.2349	0.245667	0.239702	0.235933	0.242867	0.239669	0.2349	0.245667	0.239702	0.235933	0.242867	1	1	4.96677	
3.98818	1	15	3.98818	1	15	3.98835	1	15	0	0	0	0.249798	0.245467	0.254767	0.249831	0.244933	0.255167	0.249798	0.245467	0.254767	0.249831	0.244933	0.255167	1	1	4.9787	
3.99838	1	20	3.99838	1	20	3.99872	1	20	0	0	0	0.259594	0.255433	0.264533	0.259623	0.254933	0.267733	0.259594	0.255433	0.264533	0.259623	0.254933	0.267733	1	1	4.98849	
3.98991	1	20	3.98991	1	20	3.99017	1	20	0	0	0	0.26954	0.2651	0.275667	0.269571	0.264733	0.274167	0.26954	0.2651	0.275667	0.269571	0.264733	0.274167	1	1	4.97955	
3.99981	1	17	3.99981	1	17	4.00001	1	17	0	0	0	0.279729	0.275033	0.286233	0.279758	0.2706	0.286233	0.279729	0.275033	0.286233	0.279758	0.2706	0.286233	1	1	4.9886	
4.01182	1	14	4.01182	1	14	4.01183	1	14	0	0	0	0.289615	0.2851	0.296567	0.289637	0.285167	0.294767	0.289615	0.2851	0.296567	0.289637	0.285167	0.294767	1	1	5.00035	
4.00876	1	17	4.00876	1	17	4.00903	1	17	0	0	0	0.299681	0.294867	0.3054	0.299694	0.294933	0.305667	0.299681	0.294867	0.3054	0.299694	0.294933	0.305667	1	1	4.99624	
4.02688	1	20	4.02688	1	20	4.02692	1	20	0	0	0	0.309604	0.305067	0.315667	0.309627	0.305667	0.312533	0.309604	0.305067	0.315667	0.309627	0.305667	0.312533	1	1	5.01373	
4.02529	1	19	4.02529	1	19	4.02527	1	19	0	0	0	0.319421	0.3153	0.325933	0.319446	0.312667	0.323167	0.319421	0.3153	0.325933	0.319446	0.312667	0.323167	1	1	5.0122	
4.02484	1	20	4.02484	1	20	4.02495	1	20	0	0	0	0.329415	0.324933	0.3361	0.329437	0.322667	0.337833	0.329415	0.324933	0.3361	0.329437	0.322667	0.337833	1	1	5.01128	
4.03587	1	20	4.03585	1	20	4.03582	1	20	0	0	0	0.339217	0.3345	0.345733	0.339238	0.3345	0.347333	0.339217	0.3345	0.345733	0.339238	0.3345	0.347333	1	1	5.0214	
4.0414	1	21	4.04138	1	21	4.0415	1	21	0	0	0	0.349271	0.343967	0.3562	0.349277	0.344833	0.3533	0.349271	0.343967	0.3562	0.349277	0.344833	0.3533	1	1	5.02681	
4.05271	1	18	4.05271	1	18	4.05273	1	18	0	0	0	0.359258	0.3535	0.3672	0.359269	0.354767	0.363067	0.359258	0.3535	0.3672	0.359269	0.354767	0.363067	1	1	5.03737	
4.0539	1	18	4.0539	1	18	4.05416	1	18	0	0	0	0.369567	0.364267	0.3781	0.369579	0.363267	0.3744	0.369567	0.364267	0.3781	0.369579	0.363267	0.3744	1	1	5.03711	
4.0648	1	15	4.0648	1	15	4.06498	1	15	0	0	0	0.379606	0.374667	0.387667	0.37961	0.3725	0.3832	0.379606	0.374667	0.387667	0.37961	0.3725	0.3832	1	1	5.04828	
4.06675	1	20	4.06675	1	20	4.06693	1	20	0	0	0	0.389754	0.385367	0.3965	0.389769	0.3854	0.3962	0.389754	0.385367	0.3965	0.389769	0.3854	0.3962	1	1	5.04985	
4.0802	1	20	4.0802	1	20	4.0802	1	20	0	0	0	0.399781	0.395467	0.406667	0.39979	0.394467	0.407867	0.399781	0.395467	0.406667	0.39979	0.394467	0.407867	1	1	5.06215	
4.08253	1	20	4.08251	1	20	4.08253	1	20	0	0	0	0.409765	0.405433	0.416067	0.409779	0.405467	0.4148	0.409765	0.405433	0.416067	0.409779	0.405467	0.4148	1	1	5.06362	
4.08698	1	19	4.08695	1	19	4.08709	1	19	0	0	0	0.419729	0.415733	0.426467	0.419735	0.4118	0.425233	0.419729	0.415733	0.426467	0.419735	0.4118	0.425233	1	1	5.06701	
4.09709	1	20	4.09708	1	20	4.09719	1	20	0	0	0	0.429908	0.426933	0.436	0.429912	0.4213	0.4375	0.429908	0.426933	0.436	0.429912	0.4213	0.4375	1	1	5.07789	
4.10584	1	20	4.10581	1	20	4.10607	1	20	0	0	0	0.440048	0.436367	0.4466	0.440048	0.4363	0.4444	0.440048	0.436367	0.4466	0.440048	0.4363	0.4444	1	1	5.0847	
4.11819	1	21	4.11816	1	21	4.11838	1	21	0	0	0	0.450021	0.4468	0.4568	0.450044	0.443933	0.4558	0.450021	0.4468	0.4568	0.450044	0.443933	0.4558	1	1	5.0973	
4.11648	1	19	4.11647	1	19	4.11661	1	19	0	0	0	0.460192	0.456167	0.468167	0.460196	0.454	0.4654	0.460192	0.456167	0.468167	0.460196	0.454	0.4654	1	1	5.09533	
4.12392	1	21	4.1239	1	21	4.12394	1	21	0	0	0	0.47045	0.4659	0.4778	0.470448	0.463267	0.476067	0.47045	0.4659	0.4778	0.470448	0.463267	0.476067	1	1	5.103	
4.14101	1	21	4.14098	1	21	4.14124	1	21	0	0	0	0.480369	0.4752	0.487867	0.480356	0.474267	0.485767	0.480369	0.4752	0.487867	0.480356	0.474267	0.485767	1	1	5.11871	
4.14435	1	20	4.14432	1	20	4.14436	1	20	0	0	0	0.490358	0.4858	0.499167	0.490331	0.4828	0.495333	0.490358	0.4858	0.499167	0.490331	0.4828	0.495333	1	1	5.12159	
4.15	1	23	4.14995	1	23	4.15013	1	23	0	0	0	0.500392	0.4952	0.510367	0.500373	0.492133	0.5099	0.500392	0.4952	0.510367	0.500373	0.492133	0.5099	1	1	5.12658	
4.15704	1	20	4.15697	1	20	4.15687	1	20	0	0	0	0.510146	0.504667	0.5203	0.510154	0.504333	0.522567	0.510146	0.504667	0.5203	0.510154	0.504333	0.522567	1	1	5.13211	
4.16866	1	20	4.16861	1	20	4.16867	1	20	0	0	0	0.520217	0.514267	0.53	0.520202	0.511667	0.527767	0.520217	0.514267	0.53	0.520202	0.511667	0.527767	1	1	5.1431	
4.17247	1	21	4.17241	1	21	4.17248	1	21	0	0	0	0.530154	0.524033	0.5396	0.530154	0.521433	0.534133	0.530154	0.524033	0.5396	0.530154	0.521433	0.534133	1	1	5.14677	
4.18801	1	20	4.18796	1	20	4.18787	1	20	0	0	0	0.540154	0.535067	0.549	0.54015	0.530933	0.545667	0.540154	0.535067	0.549	0.54015	0.530933	0.545667	1	1	5.16111	
4.19916	1	22	4.19906	1	22	4.19923	1	22	0	0	0	0.550031	0.544467	0.5586	0.550033	0.544167	0.5548	0.550031	0.544467	0.5586	0.550033	0.544167	0.5548	1	1	5.17183	
4.2107	1	22	4.21062	1	22	4.21075	1	22	0	0	0	0.560129	0.553933	0.568633	0.560123	0.553733	0.577933	0.560129	0.553933	0.568633	0.560123	0.553733	0.577933	1	1	5.18209	
4.2234	1	22	4.22325	1	22	4.22341	1	22	0	0	0	0.57025	0.563667	0.578667	0.570248	0.561333	0.577967	0.57025	0.563667	0.578667	0.570248	0.561333	0.577967	1	1	5.19473	
4.22505	1	21	4.22495	1	21	4.22511	1	21	0	0	0	0.580067	0.573533	0.588933	0.580052	0.575433	0.586167	0.580067	0.573533	0.588933	0.580052	0.575433	0.586167	1	1	5.19511	
4.23963	1	22	4.23953	1	22	4.23958	1	22	0	0	0	0.58985	0.584	0.598667	0.589825	0.583467	0.597633	0.58985	0.584	0.598667	0.589825	0.583467	0.597633	1	1	5.20934	
4.24604	1	22	4.24589	1	22	4.24616	1	22	0	0	0	0.600015	0.5946	0.607967	0.60001	0.591467	0.6081	0.600015	0.5946	0.607967	0.60001	0.591467	0.6081	1	1	5.21438	
4.26188	1	21	4.26173	1	21	4.26179	1	21	0	0	0	0.609783	0.6043	0.617367	0.609779	0.601833	0.6174	0.609783	0.6043	0.617367	0.609779	0.601833	0.6174	1	1	5.23052	
4.27502	1	21	4.27478	1	21	4.27514	1	21	0	0	0	0.619815	0.613133	0.627067	0.619806	0.611367	0.6246	0.619815	0.613133	0.627067	0.619806	0.611367	0.6246	1	1	5.24227	
4.28298	1	21	4.28265	1	21	4.28283	1	21	0	0	0	0.629885	0.623133	0.637167	0.629881	0.622133	0.635833	0.629885	0.623133	0.637167	0.629881	0.622133	0.635833	1	1	5.24959	
4.29734	1	21	4.29707	1	21	4.29715	1	21	0	0	0	0.63989	0.633933	0.646667	0.639865	0.630733	0.645033	0.63989	0.633933	0.646667	0.639865	0.630733	0.645033	1	1	5.26284	
4.31515	1	22	4.3148	1	22	4.31511	1	22	0	0	0	0.65014	0.644633	0.657733	0.650104	0.645467	0.658367	0.65014	0.644633	0.657733	0.650104	0.645467	0.658367	1	1	5.28033	
4.31999	1	27	4.31969	1	27	4.31967	1	27	0	0	0	0.660092	0.653967	0.668167	0.660083	0.6487	0.669633	0.660092	0.653967	0.668167	0.660083	0.6487	0.669633	1	1	5.28458	
4.33812	1	24	4.33771	1	24	4.33778	1	24	0	0	0	0.670171	0.663933	0.677867	0.67015	0.658333	0.676067	0.670171	0.663933	0.677867	0.67015	0.658333	0.676067	1	1	5.3014	
4.34793	1	22	4.34743	1	22	4.34762	1	22	0	0	0	0.680292	0.6738	0.686733	0.680269	0.673267	0.6861	0.680292	0.6738	0.686733	0.680269	0.673267	0.6861	1	1	5.30956	
4.36162	1	27	4.36113	1	27	4.36133	1	27	0	0	0	0.690075	0.684433	0.697333	0.690052	0.685733	0.695633	0.690075	0.684433	0.697333	0.690052	0.685733	0.695633	1	1	5.32301	
4.37558	1	28	4.37495	1	28	4.37517	1	28	0	0	0	0.700092	0.694	0.706967	0.700075	0.6919	0.708767	0.700092	0.694	0.706967	0.700075	0.6919	0.708767	1	1	5.3358	
4.38915	1	28	4.3884	1	28	4.38868	1	28	0	0	0	0.709954	0.7034	0.716467	0.709963	0.701833	0.716067	0.709954	0.7034	0.716467	0.709963	0.701833	0.716067	1	1	5.34733	
4.39955	1	22	4.39868	1	22	4.39882	1	22	0	0	0	0.719827	0.7137	0.7253	0.719815	0.710067	0.7283	0.719827	0.7137	0.7253	0.719815	0.710067	0.7283	1	1	5.35863	
4.41818	1	27	4.41732	1	27	4.4174	1	27	0	0	0	0.729708	0.724067	0.734867	0.729717	0.7209	0.743467	0.729708	0.724067	0.734867	0.729717	0.7209	0.743467	1	1	5.37461	
4.43541	1	22	4.43439	1	22	4.43449	1	22	0	0	0	0.739906	0.734667	0.744933	0.739908	0.7334	0.749667	0.739906	0.734667	0.744933	0.739908	0.7334	0.749667	1	1	5.39195	
4.45542	1	28	4.45401	1	28	4.45411	1	28	0	0	0	0.749865	0.745067	0.754633	0.749852	0.743	0.756533	0.749865	0.745067	0.754633	0.749852	0.743	0.756533	1	1	5.41004	
4.46266	1	22	4.46115	1	22	4.46119	1	22	0	0	0	0.759725	0.754933	0.7651	0.759706	0.7484	0.772033	0.759725	0.754933	0.7651	0.759706	0.7484	0.772033	1	1	5.41633	
4.48258	1	31	4.48105	1	31	4.48116	1	31	0	0	0	0.769635	0.764033	0.775533	0.769596	0.761733	0.778133	0.769635	0.764033	0.775533	0.769596	0.761733	0.778133	1	1	5.43275	
4.50118	1	26	4.49922	1	26	4.49932	1	26	0	0	0	0.779442	0.7742	0.7853	0.779425	0.767767	0.788733	0.779442	0.7742	0.7853	0.779425	0.767767	0.788733	1	1	5.45097	
4.50792	1	23	4.50591	1	23	4.50619	1	23	0	0	0	0.78939	0.7845	0.795233	0.789348	0.781333	0.796267	0.78939	0.7845	0.795233	0.789348	0.781333	0.796267	1	1	5.45761	
4.52233	1	30	4.51954	1	30	4.51966	1	30	0	0	0	0.799481	0.793967	0.806067	0.799467	0.786767	0.811767	0.799481	0.793967	0.806067	0.799467	0.786767	0.811767	1	1	5.47118	
4.53781	1	23	4.53456	1	23	4.5349	1	23	0	0	0	0.809767	0.804233	0.8156	0.809754	0.8013	0.818533	0.809767	0.804233	0.8156	0.809754	0.8013	0.818533	1	1	5.4861	
4.55617	1	28	4.55353	1	28	4.55386	1	28	0	0	0	0.81989	0.814767	0.8251	0.819869	0.811133	0.827833	0.81989	0.814767	0.8251	0.819869	0.811133	0.827833	1	1	5.50423	
4.57766	1	28	4.57352	1	28	4.5736	1	28	0	0	0	0.829783	0.8241	0.8353	0.829775	0.814233	0.8382	0.829783	0.8241	0.8353	0.829775	0.814233	0.8382	1	1	5.5225	
4.60018	1	29	4.59643	1	29	4.59661	1	29	0	0	0	0.839946	0.834733	0.8448	0.839925	0.835133	0.848633	0.839946	0.834733	0.8448	0.839925	0.835133	0.848633	1	1	5.54421	
4.61368	1	26	4.60897	1	26	4.60907	1	26	0	0	0	0.850094	0.844567	0.854533	0.850031	0.8439	0.861267	0.850094	0.844567	0.854533	0.850031	0.8439	0.861267	1	1	5.55567	
4.63665	1	29	4.63041	1	29	4.63083	1	29	0	0	0	0.860204	0.854933	0.864	0.860173	0.845733	0.869067	0.860204	0.854933	0.864	0.860173	0.845733	0.869067	1	1	5.57689	
4.64845	1	27	4.64236	1	27	4.64264	1	27	0	0	0	0.870398	0.865333	0.873567	0.870402	0.863267	0.880067	0.870398	0.865333	0.873567	0.870402	0.863267	0.880067	1	1	5.58736	
4.67884	1	29	4.67133	1	29	4.67141	1	29	0	0	0	0.880267	0.875	0.8834	0.880256	0.8711	0.887267	0.880267	0.875	0.8834	0.880256	0.8711	0.887267	1	1	5.6131	
4.70218	1	25	4.69311	1	25	4.6934	1	25	0	0	0	0.890556	0.8859	0.8926	0.89064	0.883267	0.900167	0.890556	0.8859	0.8926	0.89064	0.883267	0.900167	1	1	5.63577	
4.70821	1	29	4.69789	1	29	4.69821	1	29	0	0	0	0.900446	0.896233	0.902767	0.900417	0.887733	0.9117	0.900446	0.896233	0.902767	0.900417	0.887733	0.9117	1	1	5.6386	
4.74118	1	29	4.7258	1	29	4.72646	1	29	0	0	0	0.910406	0.906467	0.913267	0.91046	0.901767	0.9213	0.910406	0.906467	0.913267	0.91046	0.901767	0.9213	1	1	5.66604	
4.77251	1	28	4.75631	1	28	4.75661	1	28	0	0	0	0.920362	0.916433	0.923067	0.920335	0.911833	0.9273	0.920362	0.916433	0.923067	0.920335	0.911833	0.9273	1	1	5.69563	
4.79653	1	28	4.77783	1	28	4.77813	1	28	0	0	0	0.930244	0.9268	0.932367	0.930227	0.919133	0.944467	0.930244	0.9268	0.932367	0.930227	0.919133	0.944467	1	1	5.71501	
4.82469	1	28	4.79362	1	28	4.79408	1	28	0	0	0	0.940154	0.937233	0.942833	0.940158	0.9316	0.9479	0.940154	0.937233	0.942833	0.940158	0.9316	0.9479	1	1	5.72822	
4.85176	1	34	4.81914	1	34	4.81899	1	34	0	0	0	0.950179	0.947133	0.952133	0.950156	0.9439	0.957833	0.950179	0.947133	0.952133	0.950156	0.9439	0.957833	1	1	5.75178	
4.89304	1	29	4.84457	1	29	4.84535	1	29	0	0	0	0.96034	0.958333	0.962233	0.960275	0.951533	0.9686	0.96034	0.958333	0.962233	0.960275	0.951533	0.9686	1	1	5.7778	
4.93218	1	29	4.85826	1	29	4.85886	1	29	0	0	0	0.970213	0.968467	0.971667	0.97016	0.959633	0.9791	0.970213	0.968467	0.971667	0.97016	0.959633	0.9791	1	1	5.79228	
4.99941	1	29	4.88052	1	29	4.88086	1	29	0	0	0	0.980219	0.978867	0.981167	0.980242	0.9648	0.9928	0.980219	0.978867	0.981167	0.980242	0.9648	0.9928	1	1	5.8132	
5.24037	1	29	4.9153	1	29	4.91526	1	29	0	0	0	0.989923	0.9892	0.990667	0.989827	0.9784	0.9997	0.989923	0.9892	0.990667	0.989827	0.9784	0.9997	1	1	5.84645	
164.172	46	424	4.98971	1	65	4.98854	1	65	0	0	0	1	1	1	0.996762	0.990457	1	1	1	1	0.996762	0.990457	1	1	1	5.91734	
