3.87844	1	7	3.87844	1	7	3.87867	1	7	0	0	0	0.00992292	0.0091	0.0112667	0.00992083	0.0091	0.0112667	0.00992292	0.0091	0.0112667	0.00992083	0.0091	0.0112667	1	1	4.87844	
3.87853	1	7	3.87853	1	7	3.87865	1	7	0	0	0	0.0201354	0.0188667	0.0217	0.0201312	0.0188667	0.0217	0.0201354	0.0188667	0.0217	0.0201312	0.0188667	0.0217	1	1	4.87853	
3.88225	1	7	3.88225	1	7	3.88234	1	7	0	0	0	0.0299896	0.0283667	0.0318667	0.0299875	0.0283667	0.0318667	0.0299896	0.0283667	0.0318667	0.0299875	0.0283667	0.0318667	1	1	4.88225	
3.87705	1	7	3.87705	1	7	3.87712	1	7	0	0	0	0.0401063	0.0385667	0.0419	0.0401063	0.0385667	0.0419333	0.0401063	0.0385667	0.0419	0.0401063	0.0385667	0.0419333	1	1	4.87705	
3.87639	1	7	3.87639	1	7	3.87654	1	7	0	0	0	0.0501896	0.0482	0.0528667	0.0501896	0.0482333	0.0528667	0.0501896	0.0482	0.0528667	0.0501896	0.0482333	0.0528667	1	1	4.87639	
3.88016	1	7	3.88016	1	7	3.88044	1	7	0	0	0	0.0603771	0.0582333	0.0635	0.0603812	0.0582333	0.0635	0.0603771	0.0582333	0.0635	0.0603812	0.0582333	0.0635	1	1	4.88016	
3.87642	1	7	3.87642	1	7	3.87662	1	7	0	0	0	0.0703167	0.0682333	0.0740667	0.0703208	0.0682333	0.0740667	0.0703167	0.0682333	0.0740667	0.0703208	0.0682333	0.0740667	1	1	4.87642	
3.87409	1	7	3.87409	1	7	3.87427	1	7	0	0	0	0.0804833	0.0782	0.0842333	0.0804854	0.0782333	0.0842333	0.0804833	0.0782	0.0842333	0.0804854	0.0782333	0.0842333	1	1	4.87409	
3.87195	1	7	3.87195	1	7	3.87212	1	7	0	0	0	0.0902333	0.0876	0.0949667	0.0902396	0.0876333	0.0949667	0.0902333	0.0876	0.0949667	0.0902396	0.0876333	0.0949667	1	1	4.87195	
3.87266	1	7	3.87266	1	7	3.87284	1	7	0	0	0	0.100373	0.0977667	0.104467	0.100383	0.0977667	0.104467	0.100373	0.0977667	0.104467	0.100383	0.0977667	0.104467	1	1	4.87266	
3.8711	1	7	3.8711	1	7	3.87124	1	7	0	0	0	0.110113	0.107767	0.114633	0.110123	0.107767	0.114633	0.110113	0.107767	0.114633	0.110123	0.107767	0.114633	1	1	4.8711	
3.87307	1	7	3.87307	1	7	3.87323	1	7	0	0	0	0.120129	0.117067	0.124867	0.120142	0.117133	0.124867	0.120129	0.117067	0.124867	0.120142	0.117133	0.124867	1	1	4.87307	
3.87165	1	7	3.87165	1	7	3.87184	1	7	0	0	0	0.130342	0.126633	0.134433	0.130354	0.1267	0.134433	0.130342	0.126633	0.134433	0.130354	0.1267	0.134433	1	1	4.87165	
3.87055	1	7	3.87055	1	7	3.87069	1	7	0	0	0	0.14034	0.1367	0.145267	0.140348	0.136767	0.145267	0.14034	0.1367	0.145267	0.140348	0.136767	0.145267	1	1	4.87055	
3.86621	1	7	3.86621	1	7	3.86639	1	7	0	0	0	0.150237	0.1459	0.155733	0.150244	0.145967	0.155733	0.150237	0.1459	0.155733	0.150244	0.145967	0.155733	1	1	4.86621	
3.8659	1	7	3.8659	1	7	3.86607	1	7	0	0	0	0.159967	0.154367	0.1663	0.159977	0.154433	0.1663	0.159967	0.154367	0.1663	0.159977	0.154433	0.1663	1	1	4.8659	
3.8648	1	7	3.8648	1	7	3.86493	1	7	0	0	0	0.169842	0.164833	0.175667	0.169856	0.1649	0.175667	0.169842	0.164833	0.175667	0.169856	0.1649	0.175667	1	1	4.8648	
3.86392	1	7	3.86392	1	7	3.86401	1	7	0	0	0	0.179825	0.1744	0.186	0.179844	0.1745	0.186	0.179825	0.1744	0.186	0.179844	0.1745	0.186	1	1	4.86392	
3.86435	1	7	3.86435	1	7	3.86452	1	7	0	0	0	0.189817	0.184467	0.1956	0.189837	0.184567	0.1956	0.189817	0.184467	0.1956	0.189837	0.184567	0.1956	1	1	4.86435	
3.86215	1	7	3.86215	1	7	3.86229	1	7	0	0	0	0.199869	0.1934	0.2052	0.199892	0.1935	0.2052	0.199869	0.1934	0.2052	0.199892	0.1935	0.2052	1	1	4.86215	
3.86179	1	7	3.86179	1	7	3.86196	1	7	0	0	0	0.20989	0.204167	0.215133	0.209913	0.204267	0.215133	0.20989	0.204167	0.215133	0.209913	0.204267	0.215133	1	1	4.86179	
3.86052	1	7	3.86052	1	7	3.86065	1	7	0	0	0	0.219781	0.215167	0.225467	0.219802	0.215267	0.225467	0.219781	0.215167	0.225467	0.219802	0.215267	0.225467	1	1	4.86052	
3.86073	1	7	3.86073	1	7	3.86086	1	7	0	0	0	0.229696	0.224633	0.2354	0.229719	0.224733	0.2354	0.229696	0.224633	0.2354	0.229719	0.224733	0.2354	1	1	4.86073	
3.8596	1	7	3.8596	1	7	3.85972	1	7	0	0	0	0.239669	0.2349	0.245667	0.239692	0.235	0.245667	0.239669	0.2349	0.245667	0.239692	0.235	0.245667	1	1	4.8596	
3.85928	1	7	3.85928	1	7	3.85944	1	7	0	0	0	0.249798	0.245467	0.254767	0.249825	0.245567	0.254767	0.249798	0.245467	0.254767	0.249825	0.245567	0.254767	1	1	4.85928	
3.86015	1	7	3.86015	1	7	3.8603	1	7	0	0	0	0.259594	0.255433	0.264533	0.259619	0.255467	0.264533	0.259594	0.255433	0.264533	0.259619	0.255467	0.264533	1	1	4.86015	
3.85753	1	7	3.85753	1	7	3.85768	1	7	0	0	0	0.26954	0.2651	0.275667	0.269562	0.265067	0.275667	0.26954	0.2651	0.275667	0.269562	0.265067	0.275667	1	1	4.85753	
3.85642	1	7	3.85642	1	7	3.85656	1	7	0	0	0	0.279729	0.275033	0.286233	0.279748	0.274967	0.286233	0.279729	0.275033	0.286233	0.279748	0.274967	0.286233	1	1	4.85642	
3.85581	1	7	3.85581	1	7	3.85592	1	7	0	0	0	0.289615	0.2851	0.296567	0.289629	0.285033	0.296567	0.289615	0.2851	0.296567	0.289629	0.285033	0.296567	1	1	4.85581	
3.85633	1	7	3.85633	1	7	3.85643	1	7	0	0	0	0.299681	0.294867	0.3054	0.299692	0.2948	0.3054	0.299681	0.294867	0.3054	0.299692	0.2948	0.3054	1	1	4.85633	
3.85473	1	7	3.85473	1	7	3.85486	1	7	0	0	0	0.309604	0.305067	0.315667	0.309615	0.305	0.315667	0.309604	0.305067	0.315667	0.309615	0.305	0.315667	1	1	4.85473	
3.85215	1	7	3.85215	1	7	3.85227	1	7	0	0	0	0.319421	0.3153	0.325933	0.319429	0.315233	0.325933	0.319421	0.3153	0.325933	0.319429	0.315233	0.325933	1	1	4.85215	
3.85137	1	7	3.85137	1	7	3.85151	1	7	0	0	0	0.329415	0.324933	0.3361	0.329421	0.324867	0.3361	0.329415	0.324933	0.3361	0.329421	0.324867	0.3361	1	1	4.85137	
3.84954	1	7	3.84954	1	7	3.84967	1	7	0	0	0	0.339217	0.3345	0.345733	0.339223	0.3346	0.345733	0.339217	0.3345	0.345733	0.339223	0.3346	0.345733	1	1	4.84954	
3.84897	1	7	3.84897	1	7	3.84909	1	7	0	0	0	0.349271	0.343967	0.3562	0.349277	0.344067	0.3562	0.349271	0.343967	0.3562	0.349277	0.344067	0.3562	1	1	4.84897	
3.84804	1	7	3.84804	1	7	3.84819	1	7	0	0	0	0.359258	0.3535	0.3672	0.359265	0.3536	0.3672	0.359258	0.3535	0.3672	0.359265	0.3536	0.3672	1	1	4.84804	
3.84608	1	7	3.84608	1	7	3.84621	1	7	0	0	0	0.369567	0.364267	0.3781	0.369571	0.364367	0.3781	0.369567	0.364267	0.3781	0.369571	0.364367	0.3781	1	1	4.84608	
3.84472	1	7	3.84472	1	7	3.84485	1	7	0	0	0	0.379606	0.374667	0.387667	0.37961	0.374767	0.387667	0.379606	0.374667	0.387667	0.37961	0.374767	0.387667	1	1	4.84472	
3.84304	1	7	3.84304	1	7	3.84317	1	7	0	0	0	0.389754	0.385367	0.3965	0.389756	0.385467	0.3965	0.389754	0.385367	0.3965	0.389756	0.385467	0.3965	1	1	4.84304	
3.84177	1	7	3.84177	1	7	3.84189	1	7	0	0	0	0.399781	0.395467	0.406667	0.399781	0.395533	0.406667	0.399781	0.395467	0.406667	0.399781	0.395533	0.406667	1	1	4.84177	
3.84144	1	7	3.84144	1	7	3.84157	1	7	0	0	0	0.409765	0.405433	0.416067	0.409762	0.4055	0.416067	0.409765	0.405433	0.416067	0.409762	0.4055	0.416067	1	1	4.84144	
3.83956	1	7	3.83956	1	7	3.83969	1	7	0	0	0	0.419729	0.415733	0.426467	0.419725	0.4158	0.426467	0.419729	0.415733	0.426467	0.419725	0.4158	0.426467	1	1	4.83956	
3.83789	1	7	3.83789	1	7	3.83799	1	7	0	0	0	0.429908	0.426933	0.436	0.429898	0.426967	0.436	0.429908	0.426933	0.436	0.429898	0.426967	0.436	1	1	4.83789	
3.83669	1	7	3.83669	1	7	3.83682	1	7	0	0	0	0.440048	0.436367	0.4466	0.44004	0.4364	0.4466	0.440048	0.436367	0.4466	0.44004	0.4364	0.4466	1	1	4.83669	
3.83555	1	7	3.83555	1	7	3.83568	1	7	0	0	0	0.450021	0.4468	0.4568	0.450015	0.446833	0.4568	0.450021	0.4468	0.4568	0.450015	0.446833	0.4568	1	1	4.83555	
3.83328	1	7	3.83328	1	7	3.83342	1	7	0	0	0	0.460192	0.456167	0.468167	0.460185	0.456267	0.468167	0.460192	0.456167	0.468167	0.460185	0.456267	0.468167	1	1	4.83328	
3.83186	1	7	3.83186	1	7	3.83201	1	7	0	0	0	0.47045	0.4659	0.4778	0.470435	0.466	0.4778	0.47045	0.4659	0.4778	0.470435	0.466	0.4778	1	1	4.83186	
3.83032	1	7	3.83032	1	7	3.83046	1	7	0	0	0	0.480369	0.4752	0.487867	0.48035	0.4753	0.487867	0.480369	0.4752	0.487867	0.48035	0.4753	0.487867	1	1	4.83032	
3.828	1	7	3.828	1	7	3.82815	1	7	0	0	0	0.490358	0.4858	0.499167	0.490337	0.485867	0.499167	0.490358	0.4858	0.499167	0.490337	0.485867	0.499167	1	1	4.828	
3.82637	1	7	3.82637	1	7	3.82648	1	7	0	0	0	0.500392	0.4952	0.510367	0.500371	0.495267	0.510367	0.500392	0.4952	0.510367	0.500371	0.495267	0.510367	1	1	4.82637	
3.82519	1	7	3.82519	1	7	3.8253	1	7	0	0	0	0.510146	0.504667	0.5203	0.510127	0.504733	0.5203	0.510146	0.504667	0.5203	0.510127	0.504733	0.5203	1	1	4.82519	
3.82411	1	7	3.82411	1	7	3.82421	1	7	0	0	0	0.520217	0.514267	0.53	0.5202	0.514333	0.53	0.520217	0.514267	0.53	0.5202	0.514333	0.53	1	1	4.82411	
3.82292	1	7	3.82292	1	7	3.82301	1	7	0	0	0	0.530154	0.524033	0.5396	0.53014	0.5241	0.5396	0.530154	0.524033	0.5396	0.53014	0.5241	0.5396	1	1	4.82292	
3.8214	1	7	3.8214	1	7	3.82147	1	7	0	0	0	0.540154	0.535067	0.549	0.540142	0.535133	0.549	0.540154	0.535067	0.549	0.540142	0.535133	0.549	1	1	4.8214	
3.81947	1	7	3.81947	1	7	3.81954	1	7	0	0	0	0.550031	0.544467	0.5586	0.550019	0.5445	0.5586	0.550031	0.544467	0.5586	0.550019	0.5445	0.5586	1	1	4.81947	
3.81833	1	7	3.81833	1	7	3.81839	1	7	0	0	0	0.560129	0.553933	0.568633	0.560115	0.553967	0.568633	0.560129	0.553933	0.568633	0.560115	0.553967	0.568633	1	1	4.81833	
3.81719	1	7	3.81719	1	7	3.81726	1	7	0	0	0	0.57025	0.563667	0.578667	0.570229	0.5637	0.578667	0.57025	0.563667	0.578667	0.570229	0.5637	0.578667	1	1	4.81719	
3.81547	1	7	3.81547	1	7	3.81554	1	7	0	0	0	0.580067	0.573533	0.588933	0.580046	0.573567	0.588933	0.580067	0.573533	0.588933	0.580046	0.573567	0.588933	1	1	4.81547	
3.81521	1	7	3.81521	1	7	3.81528	1	7	0	0	0	0.58985	0.584	0.598667	0.589829	0.584033	0.598667	0.58985	0.584	0.598667	0.589829	0.584033	0.598667	1	1	4.81521	
3.81437	1	7	3.81437	1	7	3.81444	1	7	0	0	0	0.600015	0.5946	0.607967	0.599996	0.594633	0.607933	0.600015	0.5946	0.607967	0.599996	0.594633	0.607933	1	1	4.81437	
3.81364	1	7	3.81364	1	7	3.81372	1	7	0	0	0	0.609783	0.6043	0.617367	0.609762	0.604333	0.617333	0.609783	0.6043	0.617367	0.609762	0.604333	0.617333	1	1	4.81364	
3.81183	1	7	3.81183	1	7	3.8119	1	7	0	0	0	0.619815	0.613133	0.627067	0.61979	0.613167	0.627033	0.619815	0.613133	0.627067	0.61979	0.613167	0.627033	1	1	4.81183	
3.81027	1	7	3.81027	1	7	3.81034	1	7	0	0	0	0.629885	0.623133	0.637167	0.62986	0.623133	0.637133	0.629885	0.623133	0.637167	0.62986	0.623133	0.637133	1	1	4.81027	
3.80885	1	7	3.80885	1	7	3.80891	1	7	0	0	0	0.63989	0.633933	0.646667	0.639865	0.633933	0.646633	0.63989	0.633933	0.646667	0.639865	0.633933	0.646633	1	1	4.80885	
3.80642	1	7	3.80642	1	7	3.80649	1	7	0	0	0	0.65014	0.644633	0.657733	0.650112	0.644633	0.6577	0.65014	0.644633	0.657733	0.650112	0.644633	0.6577	1	1	4.80642	
3.80516	1	7	3.80516	1	7	3.80523	1	7	0	0	0	0.660092	0.653967	0.668167	0.660065	0.653967	0.668133	0.660092	0.653967	0.668167	0.660065	0.653967	0.668133	1	1	4.80516	
3.80395	1	7	3.80395	1	7	3.80403	1	7	0	0	0	0.670171	0.663933	0.677867	0.670148	0.663933	0.677833	0.670171	0.663933	0.677867	0.670148	0.663933	0.677833	1	1	4.80395	
3.80271	1	7	3.80271	1	7	3.80279	1	7	0	0	0	0.680292	0.6738	0.686733	0.680267	0.6738	0.6867	0.680292	0.6738	0.686733	0.680267	0.6738	0.6867	1	1	4.80271	
3.8012	1	7	3.8012	1	7	3.80127	1	7	0	0	0	0.690075	0.684433	0.697333	0.69005	0.6844	0.6973	0.690075	0.684433	0.697333	0.69005	0.6844	0.6973	1	1	4.8012	
3.80014	1	7	3.80014	1	7	3.8002	1	7	0	0	0	0.700092	0.694	0.706967	0.700071	0.693967	0.706933	0.700092	0.694	0.706967	0.700071	0.693967	0.706933	1	1	4.80014	
3.79887	1	7	3.79887	1	7	3.79893	1	7	0	0	0	0.709954	0.7034	0.716467	0.709935	0.703367	0.716433	0.709954	0.7034	0.716467	0.709935	0.703367	0.716433	1	1	4.79887	
3.79792	1	7	3.79792	1	7	3.798	1	7	0	0	0	0.719827	0.7137	0.7253	0.71981	0.713667	0.725267	0.719827	0.7137	0.7253	0.71981	0.713667	0.725267	1	1	4.79792	
3.79628	1	7	3.79628	1	7	3.79636	1	7	0	0	0	0.729708	0.724067	0.734867	0.729692	0.724033	0.734833	0.729708	0.724067	0.734867	0.729692	0.724033	0.734833	1	1	4.79628	
3.7953	1	7	3.7953	1	7	3.79538	1	7	0	0	0	0.739906	0.734667	0.744933	0.739888	0.734633	0.7449	0.739906	0.734667	0.744933	0.739888	0.734633	0.7449	1	1	4.7953	
3.79335	1	7	3.79335	1	7	3.79343	1	7	0	0	0	0.749865	0.745067	0.754633	0.749846	0.745033	0.7546	0.749865	0.745067	0.754633	0.749846	0.745033	0.7546	1	1	4.79335	
3.79205	1	7	3.79205	1	7	3.79214	1	7	0	0	0	0.759725	0.754933	0.7651	0.759704	0.7549	0.765067	0.759725	0.754933	0.7651	0.759704	0.7549	0.765067	1	1	4.79205	
3.79082	1	7	3.79082	1	7	3.7909	1	7	0	0	0	0.769635	0.764033	0.775533	0.769613	0.764033	0.7755	0.769635	0.764033	0.775533	0.769613	0.764033	0.7755	1	1	4.79082	
3.78988	1	7	3.78988	1	7	3.78997	1	7	0	0	0	0.779442	0.7742	0.7853	0.779419	0.774167	0.785267	0.779442	0.7742	0.7853	0.779419	0.774167	0.785267	1	1	4.78988	
3.78865	1	7	3.78865	1	7	3.78876	1	7	0	0	0	0.78939	0.7845	0.795233	0.789367	0.784467	0.7952	0.78939	0.7845	0.795233	0.789367	0.784467	0.7952	1	1	4.78865	
3.78703	1	7	3.78703	1	7	3.78713	1	7	0	0	0	0.799481	0.793967	0.806067	0.79946	0.793933	0.806033	0.799481	0.793967	0.806067	0.79946	0.793933	0.806033	1	1	4.78703	
3.78561	1	7	3.78561	1	7	3.78571	1	7	0	0	0	0.809767	0.804233	0.8156	0.809744	0.804167	0.815567	0.809767	0.804233	0.8156	0.809744	0.804167	0.815567	1	1	4.78561	
3.78424	1	7	3.78424	1	7	3.78434	1	7	0	0	0	0.81989	0.814767	0.8251	0.819867	0.8147	0.825067	0.81989	0.814767	0.8251	0.819867	0.8147	0.825067	1	1	4.78424	
3.78264	1	7	3.78264	1	7	3.78273	1	7	0	0	0	0.829783	0.8241	0.8353	0.829758	0.824067	0.835267	0.829783	0.8241	0.8353	0.829758	0.824067	0.835267	1	1	4.78264	
3.78106	1	7	3.78106	1	7	3.78116	1	7	0	0	0	0.839946	0.834733	0.8448	0.839923	0.8347	0.844767	0.839946	0.834733	0.8448	0.839923	0.8347	0.844767	1	1	4.78106	
3.77929	1	7	3.77929	1	7	3.77938	1	7	0	0	0	0.850094	0.844567	0.854533	0.850069	0.844533	0.8545	0.850094	0.844567	0.854533	0.850069	0.844533	0.8545	1	1	4.77929	
3.77787	1	7	3.77787	1	7	3.77797	1	7	0	0	0	0.860204	0.854933	0.864	0.860177	0.8549	0.863967	0.860204	0.854933	0.864	0.860177	0.8549	0.863967	1	1	4.77787	
3.77606	1	7	3.77606	1	7	3.77616	1	7	0	0	0	0.870398	0.865333	0.873567	0.870371	0.8653	0.873533	0.870398	0.865333	0.873567	0.870371	0.8653	0.873533	1	1	4.77606	
3.77441	1	7	3.77441	1	7	3.77451	1	7	0	0	0	0.880267	0.875	0.8834	0.880242	0.874967	0.883367	0.880267	0.875	0.8834	0.880242	0.874967	0.883367	1	1	4.77441	
3.77247	1	7	3.77247	1	7	3.77257	1	7	0	0	0	0.890556	0.8859	0.8926	0.890531	0.885867	0.892567	0.890556	0.8859	0.8926	0.890531	0.885867	0.892567	1	1	4.77247	
3.77049	1	7	3.77049	1	7	3.77059	1	7	0	0	0	0.900446	0.896233	0.902767	0.900427	0.8962	0.902733	0.900446	0.896233	0.902767	0.900427	0.8962	0.902733	1	1	4.77049	
3.7684	1	7	3.7684	1	7	3.7685	1	7	0	0	0	0.910406	0.906467	0.913267	0.910388	0.906433	0.913233	0.910406	0.906467	0.913267	0.910388	0.906433	0.913233	1	1	4.7684	
3.7663	1	7	3.7663	1	7	3.76641	1	7	0	0	0	0.920362	0.916433	0.923067	0.92035	0.9164	0.923033	0.920362	0.916433	0.923067	0.92035	0.9164	0.923033	1	1	4.7663	
3.76468	1	7	3.76468	1	7	3.76477	1	7	0	0	0	0.930244	0.9268	0.932367	0.930229	0.926767	0.932367	0.930244	0.9268	0.932367	0.930229	0.926767	0.932367	1	1	4.76468	
3.76286	1	7	3.76286	1	7	3.76297	1	7	0	0	0	0.940154	0.937233	0.942833	0.940142	0.9372	0.942833	0.940154	0.937233	0.942833	0.940142	0.9372	0.942833	1	1	4.76286	
3.76084	1	7	3.76084	1	7	3.76094	1	7	0	0	0	0.950179	0.947133	0.952133	0.950167	0.9471	0.952133	0.950179	0.947133	0.952133	0.950167	0.9471	0.952133	1	1	4.76084	
3.75876	1	7	3.75876	1	7	3.75886	1	7	0	0	0	0.96034	0.958333	0.962233	0.960329	0.9583	0.962233	0.96034	0.958333	0.962233	0.960329	0.9583	0.962233	1	1	4.75876	
3.75685	1	7	3.75685	1	7	3.75695	1	7	0	0	0	0.970213	0.968467	0.971667	0.970202	0.968433	0.971667	0.970213	0.968467	0.971667	0.970202	0.968433	0.971667	1	1	4.75685	
3.7546	1	7	3.7546	1	7	3.75468	1	7	0	0	0	0.980219	0.978867	0.981167	0.980213	0.978867	0.981167	0.980219	0.978867	0.981167	0.980213	0.978867	0.981167	1	1	4.7546	
3.75224	1	7	3.75224	1	7	3.75233	1	7	0	0	0	0.989923	0.9892	0.990667	0.989921	0.9892	0.990667	0.989923	0.9892	0.990667	0.989921	0.9892	0.990667	1	1	4.75224	
3.75	1	7	3.75	1	7	3.7501	1	7	0	0	0	1	1	1	1	1	1	1	1	1	1	1	1	1	1	4.75	
