4.50178	4	6	4.50178	4	6	4.50168	4	6	0	0	0	0.00992292	0.0091	0.0112667	0.00992292	0.0091	0.0112667	0.00992292	0.0091	0.0112667	0.00992292	0.0091	0.0112667	1	1	5.50178	
4.50347	4	6	4.50347	4	6	4.50341	4	6	0	0	0	0.0201354	0.0188667	0.0217	0.0201312	0.0188667	0.0216667	0.0201354	0.0188667	0.0217	0.0201312	0.0188667	0.0216667	1	1	5.50347	
4.49601	4	6	4.49601	4	6	4.4959	4	6	0	0	0	0.0299896	0.0283667	0.0318667	0.0299896	0.0283667	0.0318333	0.0299896	0.0283667	0.0318667	0.0299896	0.0283667	0.0318333	1	1	5.49601	
4.49608	4	6	4.49608	4	6	4.49598	4	6	0	0	0	0.0401063	0.0385667	0.0419	0.0401083	0.0386	0.0419333	0.0401063	0.0385667	0.0419	0.0401083	0.0386	0.0419333	1	1	5.49608	
4.49853	4	6	4.49853	4	6	4.49842	4	6	0	0	0	0.0501896	0.0482	0.0528667	0.0501917	0.0482333	0.0528667	0.0501896	0.0482	0.0528667	0.0501917	0.0482333	0.0528667	1	1	5.49853	
4.5004	4	6	4.5004	4	6	4.50033	4	6	0	0	0	0.0603771	0.0582333	0.0635	0.0603812	0.0582667	0.0634667	0.0603771	0.0582333	0.0635	0.0603812	0.0582667	0.0634667	1	1	5.5004	
4.49775	4	6	4.49775	4	6	4.49791	4	6	0	0	0	0.0703167	0.0682333	0.0740667	0.070325	0.0682667	0.0741	0.0703167	0.0682333	0.0740667	0.070325	0.0682667	0.0741	1	1	5.49775	
4.50041	4	6	4.50041	4	6	4.5006	4	6	0	0	0	0.0804833	0.0782	0.0842333	0.0804938	0.0782333	0.0842667	0.0804833	0.0782	0.0842333	0.0804938	0.0782333	0.0842667	1	1	5.50041	
4.50023	4	6	4.50023	4	6	4.50036	4	6	0	0	0	0.0902333	0.0876	0.0949667	0.0902479	0.0876333	0.095	0.0902333	0.0876	0.0949667	0.0902479	0.0876333	0.095	1	1	5.50023	
4.5013	4	6	4.5013	4	6	4.50142	4	6	0	0	0	0.100373	0.0977667	0.104467	0.10039	0.0978	0.104467	0.100373	0.0977667	0.104467	0.10039	0.0978	0.104467	1	1	5.5013	
4.50176	4	6	4.50176	4	6	4.50186	4	6	0	0	0	0.110113	0.107767	0.114633	0.110129	0.1078	0.114633	0.110113	0.107767	0.114633	0.110129	0.1078	0.114633	1	1	5.50176	
4.50165	4	6	4.50165	4	6	4.50179	4	6	0	0	0	0.120129	0.117067	0.124867	0.120148	0.117133	0.124867	0.120129	0.117067	0.124867	0.120148	0.117133	0.124867	1	1	5.50165	
4.50131	4	6	4.50131	4	6	4.50143	4	6	0	0	0	0.130342	0.126633	0.134433	0.13036	0.1267	0.134433	0.130342	0.126633	0.134433	0.13036	0.1267	0.134433	1	1	5.50131	
4.50117	4	6	4.50117	4	6	4.50129	4	6	0	0	0	0.14034	0.1367	0.145267	0.140356	0.136767	0.145267	0.14034	0.1367	0.145267	0.140356	0.136767	0.145267	1	1	5.50117	
4.50098	4	6	4.50098	4	6	4.50112	4	6	0	0	0	0.150237	0.1459	0.155733	0.150254	0.145967	0.155733	0.150237	0.1459	0.155733	0.150254	0.145967	0.155733	1	1	5.50098	
4.50076	4	6	4.50076	4	6	4.50087	4	6	0	0	0	0.159967	0.154367	0.1663	0.159988	0.154433	0.1663	0.159967	0.154367	0.1663	0.159988	0.154433	0.1663	1	1	5.50076	
4.50061	4	6	4.50061	4	6	4.50077	4	6	0	0	0	0.169842	0.164833	0.175667	0.169867	0.1649	0.175667	0.169842	0.164833	0.175667	0.169867	0.1649	0.175667	1	1	5.50061	
4.50095	4	6	4.50095	4	6	4.50111	4	6	0	0	0	0.179825	0.1744	0.186	0.179852	0.1745	0.186	0.179825	0.1744	0.186	0.179852	0.1745	0.186	1	1	5.50095	
4.50044	4	6	4.50044	4	6	4.50058	4	6	0	0	0	0.189817	0.184467	0.1956	0.189846	0.184567	0.1956	0.189817	0.184467	0.1956	0.189846	0.184567	0.1956	1	1	5.50044	
4.50079	4	6	4.50079	4	6	4.50093	4	6	0	0	0	0.199869	0.1934	0.2052	0.1999	0.1935	0.2052	0.199869	0.1934	0.2052	0.1999	0.1935	0.2052	1	1	5.50079	
4.50032	4	6	4.50032	4	6	4.50045	4	6	0	0	0	0.20989	0.204167	0.215133	0.209921	0.204267	0.215133	0.20989	0.204167	0.215133	0.209921	0.204267	0.215133	1	1	5.50032	
4.49987	4	6	4.49987	4	6	4.5	4	6	0	0	0	0.219781	0.215167	0.225467	0.21981	0.215267	0.225467	0.219781	0.215167	0.225467	0.21981	0.215267	0.225467	1	1	5.49987	
4.50023	4	6	4.50023	4	6	4.50032	4	6	0	0	0	0.229696	0.224633	0.2354	0.229727	0.224733	0.2354	0.229696	0.224633	0.2354	0.229727	0.224733	0.2354	1	1	5.50023	
4.49975	4	6	4.49975	4	6	4.49985	4	6	0	0	0	0.239669	0.2349	0.245667	0.239702	0.235	0.245667	0.239669	0.2349	0.245667	0.239702	0.235	0.245667	1	1	5.49975	
4.50007	4	6	4.50007	4	6	4.50015	4	6	0	0	0	0.249798	0.245467	0.254767	0.249837	0.245567	0.254767	0.249798	0.245467	0.254767	0.249837	0.245567	0.254767	1	1	5.50007	
4.50012	4	6	4.50012	4	6	4.50022	4	6	0	0	0	0.259594	0.255433	0.264533	0.259633	0.2555	0.264533	0.259594	0.255433	0.264533	0.259633	0.2555	0.264533	1	1	5.50012	
4.50058	4	6	4.50058	4	6	4.50068	4	6	0	0	0	0.26954	0.2651	0.275667	0.269577	0.265033	0.275667	0.26954	0.2651	0.275667	0.269577	0.265033	0.275667	1	1	5.50058	
4.5009	4	6	4.5009	4	6	4.501	4	6	0	0	0	0.279729	0.275033	0.286233	0.279763	0.275	0.286233	0.279729	0.275033	0.286233	0.279763	0.275	0.286233	1	1	5.5009	
4.50069	4	6	4.50069	4	6	4.50079	4	6	0	0	0	0.289615	0.2851	0.296567	0.289646	0.285067	0.296567	0.289615	0.2851	0.296567	0.289646	0.285067	0.296567	1	1	5.50069	
4.50064	4	6	4.50064	4	6	4.50074	4	6	0	0	0	0.299681	0.294867	0.3054	0.29971	0.294833	0.3054	0.299681	0.294867	0.3054	0.29971	0.294833	0.3054	1	1	5.50064	
4.49993	4	6	4.49993	4	6	4.50001	4	6	0	0	0	0.309604	0.305067	0.315667	0.309633	0.305033	0.315667	0.309604	0.305067	0.315667	0.309633	0.305033	0.315667	1	1	5.49993	
4.50031	4	6	4.50031	4	6	4.50039	4	6	0	0	0	0.319421	0.3153	0.325933	0.319446	0.315267	0.3259	0.319421	0.3153	0.325933	0.319446	0.315267	0.3259	1	1	5.50031	
4.50019	4	6	4.50019	4	6	4.50027	4	6	0	0	0	0.329415	0.324933	0.3361	0.329435	0.3249	0.336067	0.329415	0.324933	0.3361	0.329435	0.3249	0.336067	1	1	5.50019	
4.50038	4	6	4.50038	4	6	4.50046	4	6	0	0	0	0.339217	0.3345	0.345733	0.339238	0.3346	0.3457	0.339217	0.3345	0.345733	0.339238	0.3346	0.3457	1	1	5.50038	
4.5004	4	6	4.5004	4	6	4.50049	4	6	0	0	0	0.349271	0.343967	0.3562	0.349292	0.344067	0.356167	0.349271	0.343967	0.3562	0.349292	0.344067	0.356167	1	1	5.5004	
4.50052	4	6	4.50052	4	6	4.50061	4	6	0	0	0	0.359258	0.3535	0.3672	0.359279	0.3536	0.367167	0.359258	0.3535	0.3672	0.359279	0.3536	0.367167	1	1	5.50052	
4.50005	4	6	4.50005	4	6	4.50014	4	6	0	0	0	0.369567	0.364267	0.3781	0.369588	0.364367	0.3781	0.369567	0.364267	0.3781	0.369588	0.364367	0.3781	1	1	5.50005	
4.50017	4	6	4.50017	4	6	4.50025	4	6	0	0	0	0.379606	0.374667	0.387667	0.379627	0.374767	0.387667	0.379606	0.374667	0.387667	0.379627	0.374767	0.387667	1	1	5.50017	
4.49981	4	6	4.49981	4	6	4.49989	4	6	0	0	0	0.389754	0.385367	0.3965	0.389773	0.385467	0.3965	0.389754	0.385367	0.3965	0.389773	0.385467	0.3965	1	1	5.49981	
4.50003	4	6	4.50003	4	6	4.50011	4	6	0	0	0	0.399781	0.395467	0.406667	0.399798	0.395533	0.406667	0.399781	0.395467	0.406667	0.399798	0.395533	0.406667	1	1	5.50003	
4.49985	4	6	4.49985	4	6	4.49992	4	6	0	0	0	0.409765	0.405433	0.416067	0.409779	0.4055	0.416067	0.409765	0.405433	0.416067	0.409779	0.4055	0.416067	1	1	5.49985	
4.4996	4	6	4.4996	4	6	4.49967	4	6	0	0	0	0.419729	0.415733	0.426467	0.419744	0.4158	0.426467	0.419729	0.415733	0.426467	0.419744	0.4158	0.426467	1	1	5.4996	
4.4992	4	6	4.4992	4	6	4.49927	4	6	0	0	0	0.429908	0.426933	0.436	0.429917	0.426967	0.436	0.429908	0.426933	0.436	0.429917	0.426967	0.436	1	1	5.4992	
4.49867	4	6	4.49867	4	6	4.49873	4	6	0	0	0	0.440048	0.436367	0.4466	0.440056	0.4364	0.4466	0.440048	0.436367	0.4466	0.440056	0.4364	0.4466	1	1	5.49867	
4.49882	4	6	4.49882	4	6	4.49888	4	6	0	0	0	0.450021	0.4468	0.4568	0.450031	0.446833	0.4568	0.450021	0.4468	0.4568	0.450031	0.446833	0.4568	1	1	5.49882	
4.49871	4	6	4.49871	4	6	4.49878	4	6	0	0	0	0.460192	0.456167	0.468167	0.460202	0.4563	0.468167	0.460192	0.456167	0.468167	0.460202	0.4563	0.468167	1	1	5.49871	
4.49903	4	6	4.49903	4	6	4.4991	4	6	0	0	0	0.47045	0.4659	0.4778	0.470456	0.466033	0.4778	0.47045	0.4659	0.4778	0.470456	0.466033	0.4778	1	1	5.49903	
4.49904	4	6	4.49904	4	6	4.4991	4	6	0	0	0	0.480369	0.4752	0.487867	0.480367	0.475333	0.487867	0.480369	0.4752	0.487867	0.480367	0.475333	0.487867	1	1	5.49904	
4.49901	4	6	4.49901	4	6	4.49908	4	6	0	0	0	0.490358	0.4858	0.499167	0.490354	0.4859	0.499167	0.490358	0.4858	0.499167	0.490354	0.4859	0.499167	1	1	5.49901	
4.49862	4	6	4.49862	4	6	4.49868	4	6	0	0	0	0.500392	0.4952	0.510367	0.500387	0.4953	0.510367	0.500392	0.4952	0.510367	0.500387	0.4953	0.510367	1	1	5.49862	
4.49817	4	6	4.49817	4	6	4.49823	4	6	0	0	0	0.510146	0.504667	0.5203	0.51014	0.504767	0.5203	0.510146	0.504667	0.5203	0.51014	0.504767	0.5203	1	1	5.49817	
4.49821	4	6	4.49821	4	6	4.49828	4	6	0	0	0	0.520217	0.514267	0.53	0.520212	0.514367	0.53	0.520217	0.514267	0.53	0.520212	0.514367	0.53	1	1	5.49821	
4.4983	4	6	4.4983	4	6	4.49836	4	6	0	0	0	0.530154	0.524033	0.5396	0.530156	0.524133	0.5396	0.530154	0.524033	0.5396	0.530156	0.524133	0.5396	1	1	5.4983	
4.49877	4	6	4.49877	4	6	4.49884	4	6	0	0	0	0.540154	0.535067	0.549	0.540158	0.535167	0.549	0.540154	0.535067	0.549	0.540158	0.535167	0.549	1	1	5.49877	
4.49892	4	6	4.49892	4	6	4.49899	4	6	0	0	0	0.550031	0.544467	0.5586	0.550035	0.544533	0.5586	0.550031	0.544467	0.5586	0.550035	0.544533	0.5586	1	1	5.49892	
4.49894	4	6	4.49894	4	6	4.499	4	6	0	0	0	0.560129	0.553933	0.568633	0.560129	0.554	0.568633	0.560129	0.553933	0.568633	0.560129	0.554	0.568633	1	1	5.49894	
4.4992	4	6	4.4992	4	6	4.49926	4	6	0	0	0	0.57025	0.563667	0.578667	0.570246	0.563733	0.578667	0.57025	0.563667	0.578667	0.570246	0.563733	0.578667	1	1	5.4992	
4.49927	4	6	4.49927	4	6	4.49932	4	6	0	0	0	0.580067	0.573533	0.588933	0.580063	0.5736	0.588933	0.580067	0.573533	0.588933	0.580063	0.5736	0.588933	1	1	5.49927	
4.49952	4	6	4.49952	4	6	4.49957	4	6	0	0	0	0.58985	0.584	0.598667	0.589846	0.584067	0.598667	0.58985	0.584	0.598667	0.589846	0.584067	0.598667	1	1	5.49952	
4.49947	4	6	4.49947	4	6	4.49952	4	6	0	0	0	0.600015	0.5946	0.607967	0.600012	0.594667	0.607933	0.600015	0.5946	0.607967	0.600012	0.594667	0.607933	1	1	5.49947	
4.49962	4	6	4.49962	4	6	4.49967	4	6	0	0	0	0.609783	0.6043	0.617367	0.609779	0.604367	0.617333	0.609783	0.6043	0.617367	0.609779	0.604367	0.617333	1	1	5.49962	
4.49964	4	6	4.49964	4	6	4.49968	4	6	0	0	0	0.619815	0.613133	0.627067	0.619808	0.6132	0.627033	0.619815	0.613133	0.627067	0.619808	0.6132	0.627033	1	1	5.49964	
4.49975	4	6	4.49975	4	6	4.49979	4	6	0	0	0	0.629885	0.623133	0.637167	0.629879	0.623167	0.637133	0.629885	0.623133	0.637167	0.629879	0.623167	0.637133	1	1	5.49975	
4.49974	4	6	4.49974	4	6	4.49979	4	6	0	0	0	0.63989	0.633933	0.646667	0.639883	0.633967	0.646633	0.63989	0.633933	0.646667	0.639883	0.633967	0.646633	1	1	5.49974	
4.50006	4	6	4.50006	4	6	4.5001	4	6	0	0	0	0.65014	0.644633	0.657733	0.650131	0.644667	0.6577	0.65014	0.644633	0.657733	0.650131	0.644667	0.6577	1	1	5.50006	
4.50003	4	6	4.50003	4	6	4.50006	4	6	0	0	0	0.660092	0.653967	0.668167	0.660083	0.654	0.668133	0.660092	0.653967	0.668167	0.660083	0.654	0.668133	1	1	5.50003	
4.49993	4	6	4.49993	4	6	4.49996	4	6	0	0	0	0.670171	0.663933	0.677867	0.670167	0.663967	0.677833	0.670171	0.663933	0.677867	0.670167	0.663967	0.677833	1	1	5.49993	
4.49998	4	6	4.49998	4	6	4.5	4	6	0	0	0	0.680292	0.6738	0.686733	0.680283	0.673833	0.6867	0.680292	0.6738	0.686733	0.680283	0.673833	0.6867	1	1	5.49998	
4.49986	4	6	4.49986	4	6	4.49989	4	6	0	0	0	0.690075	0.684433	0.697333	0.690067	0.684433	0.6973	0.690075	0.684433	0.697333	0.690067	0.684433	0.6973	1	1	5.49986	
4.49977	4	6	4.49977	4	6	4.49981	4	6	0	0	0	0.700092	0.694	0.706967	0.70009	0.694	0.706933	0.700092	0.694	0.706967	0.70009	0.694	0.706933	1	1	5.49977	
4.49987	4	6	4.49987	4	6	4.4999	4	6	0	0	0	0.709954	0.7034	0.716467	0.709954	0.7034	0.716433	0.709954	0.7034	0.716467	0.709954	0.7034	0.716433	1	1	5.49987	
4.49987	4	6	4.49987	4	6	4.4999	4	6	0	0	0	0.719827	0.7137	0.7253	0.719829	0.7137	0.725267	0.719827	0.7137	0.7253	0.719829	0.7137	0.725267	1	1	5.49987	
4.49991	4	6	4.49991	4	6	4.49994	4	6	0	0	0	0.729708	0.724067	0.734867	0.729712	0.724067	0.734867	0.729708	0.724067	0.734867	0.729712	0.724067	0.734867	1	1	5.49991	
4.49973	4	6	4.49973	4	6	4.49976	4	6	0	0	0	0.739906	0.734667	0.744933	0.739906	0.734667	0.7449	0.739906	0.734667	0.744933	0.739906	0.734667	0.7449	1	1	5.49973	
4.49981	4	6	4.49981	4	6	4.49985	4	6	0	0	0	0.749865	0.745067	0.754633	0.749867	0.745067	0.7546	0.749865	0.745067	0.754633	0.749867	0.745067	0.7546	1	1	5.49981	
4.49987	4	6	4.49987	4	6	4.4999	4	6	0	0	0	0.759725	0.754933	0.7651	0.759725	0.754933	0.765067	0.759725	0.754933	0.7651	0.759725	0.754933	0.765067	1	1	5.49987	
4.4995	4	6	4.4995	4	6	4.49953	4	6	0	0	0	0.769635	0.764033	0.775533	0.769633	0.764067	0.7755	0.769635	0.764033	0.775533	0.769633	0.764067	0.7755	1	1	5.4995	
4.4995	4	6	4.4995	4	6	4.49953	4	6	0	0	0	0.779442	0.7742	0.7853	0.779438	0.7742	0.785267	0.779442	0.7742	0.7853	0.779438	0.7742	0.785267	1	1	5.4995	
4.49933	4	6	4.49933	4	6	4.49936	4	6	0	0	0	0.78939	0.7845	0.795233	0.789385	0.7845	0.7952	0.78939	0.7845	0.795233	0.789385	0.7845	0.7952	1	1	5.49933	
4.49915	4	6	4.49915	4	6	4.49917	4	6	0	0	0	0.799481	0.793967	0.806067	0.799479	0.793967	0.806033	0.799481	0.793967	0.806067	0.799479	0.793967	0.806033	1	1	5.49915	
4.49914	4	6	4.49914	4	6	4.49916	4	6	0	0	0	0.809767	0.804233	0.8156	0.809763	0.8042	0.815567	0.809767	0.804233	0.8156	0.809763	0.8042	0.815567	1	1	5.49914	
4.49931	4	6	4.49931	4	6	4.49933	4	6	0	0	0	0.81989	0.814767	0.8251	0.819883	0.814733	0.825067	0.81989	0.814767	0.8251	0.819883	0.814733	0.825067	1	1	5.49931	
4.49924	4	6	4.49924	4	6	4.49927	4	6	0	0	0	0.829783	0.8241	0.8353	0.829777	0.8241	0.835267	0.829783	0.8241	0.8353	0.829777	0.8241	0.835267	1	1	5.49924	
4.49928	4	6	4.49928	4	6	4.49931	4	6	0	0	0	0.839946	0.834733	0.8448	0.839942	0.834733	0.844767	0.839946	0.834733	0.8448	0.839942	0.834733	0.844767	1	1	5.49928	
4.49919	4	6	4.49919	4	6	4.49922	4	6	0	0	0	0.850094	0.844567	0.854533	0.850085	0.844567	0.8545	0.850094	0.844567	0.854533	0.850085	0.844567	0.8545	1	1	5.49919	
4.49915	4	6	4.49915	4	6	4.49917	4	6	0	0	0	0.860204	0.854933	0.864	0.860194	0.854933	0.863967	0.860204	0.854933	0.864	0.860194	0.854933	0.863967	1	1	5.49915	
4.4993	4	6	4.4993	4	6	4.49932	4	6	0	0	0	0.870398	0.865333	0.873567	0.870385	0.865333	0.873533	0.870398	0.865333	0.873567	0.870385	0.865333	0.873533	1	1	5.4993	
4.49911	4	6	4.49911	4	6	4.49913	4	6	0	0	0	0.880267	0.875	0.8834	0.880256	0.875	0.883367	0.880267	0.875	0.8834	0.880256	0.875	0.883367	1	1	5.49911	
4.49938	4	6	4.49938	4	6	4.4994	4	6	0	0	0	0.890556	0.8859	0.8926	0.890544	0.8859	0.8926	0.890556	0.8859	0.8926	0.890544	0.8859	0.8926	1	1	5.49938	
4.4996	4	6	4.4996	4	6	4.49963	4	6	0	0	0	0.900446	0.896233	0.902767	0.90044	0.896233	0.902733	0.900446	0.896233	0.902767	0.90044	0.896233	0.902733	1	1	5.4996	
4.49958	4	6	4.49958	4	6	4.49961	4	6	0	0	0	0.910406	0.906467	0.913267	0.910402	0.906467	0.913233	0.910406	0.906467	0.913267	0.910402	0.906467	0.913233	1	1	5.49958	
4.49948	4	6	4.49948	4	6	4.49951	4	6	0	0	0	0.920362	0.916433	0.923067	0.92036	0.9164	0.923033	0.920362	0.916433	0.923067	0.92036	0.9164	0.923033	1	1	5.49948	
4.49951	4	6	4.49951	4	6	4.49954	4	6	0	0	0	0.930244	0.9268	0.932367	0.930238	0.926767	0.932367	0.930244	0.9268	0.932367	0.930238	0.926767	0.932367	1	1	5.49951	
4.49973	4	6	4.49973	4	6	4.49976	4	6	0	0	0	0.940154	0.937233	0.942833	0.940148	0.9372	0.942833	0.940154	0.937233	0.942833	0.940148	0.9372	0.942833	1	1	5.49973	
4.49977	4	6	4.49977	4	6	4.4998	4	6	0	0	0	0.950179	0.947133	0.952133	0.950173	0.9471	0.952133	0.950179	0.947133	0.952133	0.950173	0.9471	0.952133	1	1	5.49977	
4.49982	4	6	4.49982	4	6	4.49985	4	6	0	0	0	0.96034	0.958333	0.962233	0.960335	0.9583	0.962233	0.96034	0.958333	0.962233	0.960335	0.9583	0.962233	1	1	5.49982	
4.49994	4	6	4.49994	4	6	4.49997	4	6	0	0	0	0.970213	0.968467	0.971667	0.970208	0.968433	0.971667	0.970213	0.968467	0.971667	0.970208	0.968433	0.971667	1	1	5.49994	
4.50014	4	6	4.50014	4	6	4.50017	4	6	0	0	0	0.980219	0.978867	0.981167	0.980217	0.978867	0.981167	0.980219	0.978867	0.981167	0.980217	0.978867	0.981167	1	1	5.50014	
4.50006	4	6	4.50006	4	6	4.50009	4	6	0	0	0	0.989923	0.9892	0.990667	0.989925	0.9892	0.990667	0.989923	0.9892	0.990667	0.989925	0.9892	0.990667	1	1	5.50006	
4.5	4	6	4.5	4	6	4.50002	4	6	0	0	0	1	1	1	1	1	1	1	1	1	1	1	1	1	1	5.5	
