4.50199	4	6	4.50178	4	6	4.50168	4	6	0	0	0	0.00992292	0.0091	0.0112667	0.00992292	0.0091	0.0112667	0.00992292	0.0091	0.0112667	0.00992292	0.0091	0.0112667	1	1	5.50178	
4.50388	4	6	4.50347	4	6	4.50341	4	6	0	0	0	0.0201354	0.0188667	0.0217	0.0201312	0.0188667	0.0216667	0.0201354	0.0188667	0.0217	0.0201312	0.0188667	0.0216667	1	1	5.50347	
4.49733	4	6	4.49601	4	6	4.4959	4	6	0	0	0	0.0299896	0.0283667	0.0318667	0.0299896	0.0283667	0.0318333	0.0299896	0.0283667	0.0318667	0.0299896	0.0283667	0.0318333	1	1	5.49601	
4.49847	4	6	4.49608	4	6	4.49598	4	6	0	0	0	0.0401063	0.0385667	0.0419	0.0401083	0.0386	0.0419333	0.0401063	0.0385667	0.0419	0.0401083	0.0386	0.0419333	1	1	5.49608	
4.50268	4	6	4.49853	4	6	4.49842	4	6	0	0	0	0.0501896	0.0482	0.0528667	0.0501917	0.0482333	0.0528667	0.0501896	0.0482	0.0528667	0.0501917	0.0482333	0.0528667	1	1	5.49853	
4.50702	4	7	4.5004	4	6	4.50033	4	6	0	0	0	0.0603771	0.0582333	0.0635	0.0603812	0.0582667	0.0634667	0.0603771	0.0582333	0.0635	0.0603812	0.0582667	0.0634667	1	1	5.5004	
4.50587	4	7	4.49775	4	6	4.49791	4	6	0	0	0	0.0703167	0.0682333	0.0740667	0.070325	0.0682667	0.0741	0.0703167	0.0682333	0.0740667	0.070325	0.0682667	0.0741	1	1	5.49775	
4.51108	4	7	4.50041	4	6	4.5006	4	6	0	0	0	0.0804833	0.0782	0.0842333	0.0804938	0.0782333	0.0842667	0.0804833	0.0782	0.0842333	0.0804938	0.0782333	0.0842667	1	1	5.50041	
4.51348	4	7	4.50023	4	6	4.50036	4	6	0	0	0	0.0902333	0.0876	0.0949667	0.0902479	0.0876333	0.095	0.0902333	0.0876	0.0949667	0.0902479	0.0876333	0.095	1	1	5.50023	
4.51817	4	7	4.5013	4	6	4.50142	4	6	0	0	0	0.100373	0.0977667	0.104467	0.10039	0.0978	0.104467	0.100373	0.0977667	0.104467	0.10039	0.0978	0.104467	1	1	5.5013	
4.52202	4	7	4.50176	4	6	4.50186	4	6	0	0	0	0.110113	0.107767	0.114633	0.110129	0.1078	0.114633	0.110113	0.107767	0.114633	0.110129	0.1078	0.114633	1	1	5.50176	
4.52641	4	7	4.50165	4	6	4.50179	4	6	0	0	0	0.120129	0.117067	0.124867	0.120148	0.117133	0.124867	0.120129	0.117067	0.124867	0.120148	0.117133	0.124867	1	1	5.50165	
4.53115	4	7	4.50131	4	6	4.50143	4	6	0	0	0	0.130342	0.126633	0.134433	0.13036	0.1267	0.134433	0.130342	0.126633	0.134433	0.13036	0.1267	0.134433	1	1	5.50131	
4.5363	4	8	4.50117	4	6	4.50129	4	6	0	0	0	0.14034	0.1367	0.145267	0.140356	0.136767	0.145267	0.14034	0.1367	0.145267	0.140356	0.136767	0.145267	1	1	5.50117	
4.54229	4	8	4.50098	4	6	4.50112	4	6	0	0	0	0.150237	0.1459	0.155733	0.150252	0.145967	0.155733	0.150237	0.1459	0.155733	0.150252	0.145967	0.155733	1	1	5.50098	
4.54858	4	8	4.50076	4	6	4.50087	4	6	0	0	0	0.159967	0.154367	0.1663	0.159985	0.154433	0.1663	0.159967	0.154367	0.1663	0.159985	0.154433	0.1663	1	1	5.50076	
4.555	4	8	4.50061	4	6	4.50077	4	6	0	0	0	0.169842	0.164833	0.175667	0.169865	0.1649	0.175667	0.169842	0.164833	0.175667	0.169865	0.1649	0.175667	1	1	5.50061	
4.56263	4	9	4.50095	4	6	4.50111	4	6	0	0	0	0.179825	0.1744	0.186	0.17985	0.1745	0.186	0.179825	0.1744	0.186	0.17985	0.1745	0.186	1	1	5.50095	
4.57141	4	10	4.50044	4	6	4.50058	4	6	0	0	0	0.189817	0.184467	0.1956	0.189846	0.184567	0.1956	0.189817	0.184467	0.1956	0.189846	0.184567	0.1956	1	1	5.50044	
4.58013	4	10	4.50079	4	6	4.50093	4	6	0	0	0	0.199869	0.1934	0.2052	0.1999	0.1935	0.2052	0.199869	0.1934	0.2052	0.1999	0.1935	0.2052	1	1	5.50079	
4.58804	4	10	4.50032	4	6	4.50045	4	6	0	0	0	0.20989	0.204167	0.215133	0.209921	0.204267	0.215133	0.20989	0.204167	0.215133	0.209921	0.204267	0.215133	1	1	5.50032	
4.59712	4	10	4.49987	4	6	4.5	4	6	0	0	0	0.219781	0.215167	0.225467	0.21981	0.215267	0.225467	0.219781	0.215167	0.225467	0.21981	0.215267	0.225467	1	1	5.49987	
4.61097	4	13	4.50023	4	6	4.50032	4	6	0	0	0	0.229696	0.224633	0.2354	0.229727	0.224733	0.2354	0.229696	0.224633	0.2354	0.229727	0.224733	0.2354	1	1	5.50023	
4.62423	4	11	4.49975	4	6	4.49985	4	6	0	0	0	0.239669	0.2349	0.245667	0.239702	0.235	0.245667	0.239669	0.2349	0.245667	0.239702	0.235	0.245667	1	1	5.49975	
4.63945	4	13	4.50007	4	6	4.50015	4	6	0	0	0	0.249798	0.245467	0.254767	0.249837	0.245567	0.254767	0.249798	0.245467	0.254767	0.249837	0.245567	0.254767	1	1	5.50007	
4.65443	4	14	4.50012	4	6	4.50022	4	6	0	0	0	0.259594	0.255433	0.264533	0.259633	0.2555	0.264533	0.259594	0.255433	0.264533	0.259633	0.2555	0.264533	1	1	5.50012	
4.67286	4	15	4.50058	4	6	4.50068	4	6	0	0	0	0.26954	0.2651	0.275667	0.269577	0.265033	0.275667	0.26954	0.2651	0.275667	0.269577	0.265033	0.275667	1	1	5.50058	
4.69487	4	15	4.5009	4	6	4.501	4	6	0	0	0	0.279729	0.275033	0.286233	0.279763	0.275	0.286233	0.279729	0.275033	0.286233	0.279763	0.275	0.286233	1	1	5.5009	
4.71648	4	15	4.50069	4	6	4.50079	4	6	0	0	0	0.289615	0.2851	0.296567	0.289644	0.285067	0.296567	0.289615	0.2851	0.296567	0.289644	0.285067	0.296567	1	1	5.50069	
4.74307	4	15	4.50064	4	6	4.50074	4	6	0	0	0	0.299681	0.294867	0.3054	0.299708	0.294833	0.3054	0.299681	0.294867	0.3054	0.299708	0.294833	0.3054	1	1	5.50064	
4.77151	4	16	4.49993	4	6	4.50001	4	6	0	0	0	0.309604	0.305067	0.315667	0.309631	0.305033	0.315667	0.309604	0.305067	0.315667	0.309631	0.305033	0.315667	1	1	5.49993	
4.80414	4	18	4.50031	4	6	4.50039	4	6	0	0	0	0.319421	0.3153	0.325933	0.319444	0.315267	0.3259	0.319421	0.3153	0.325933	0.319444	0.315267	0.3259	1	1	5.50031	
4.84296	4	18	4.50019	4	6	4.50027	4	6	0	0	0	0.329415	0.324933	0.3361	0.329435	0.3249	0.336067	0.329415	0.324933	0.3361	0.329435	0.3249	0.336067	1	1	5.50019	
4.88248	4	18	4.50038	4	6	4.50045	4	6	0	0	0	0.339217	0.3345	0.345733	0.33924	0.3346	0.3457	0.339217	0.3345	0.345733	0.33924	0.3346	0.3457	1	1	5.50038	
4.93518	4	20	4.5004	4	6	4.50049	4	6	0	0	0	0.349271	0.343967	0.3562	0.349292	0.344067	0.356167	0.349271	0.343967	0.3562	0.349292	0.344067	0.356167	1	1	5.5004	
4.98834	4	20	4.50052	4	6	4.5006	4	6	0	0	0	0.359258	0.3535	0.3672	0.359275	0.3536	0.367167	0.359258	0.3535	0.3672	0.359275	0.3536	0.367167	1	1	5.50052	
5.0634	4	23	4.50005	4	6	4.50013	4	6	0	0	0	0.369567	0.364267	0.3781	0.369585	0.364367	0.3781	0.369567	0.364267	0.3781	0.369585	0.364367	0.3781	1	1	5.50005	
5.14878	4	25	4.50017	4	6	4.50025	4	6	0	0	0	0.379606	0.374667	0.387667	0.379625	0.374767	0.387667	0.379606	0.374667	0.387667	0.379625	0.374767	0.387667	1	1	5.50017	
5.26476	4	28	4.49981	4	6	4.49989	4	6	0	0	0	0.389754	0.385367	0.3965	0.389775	0.385467	0.3965	0.389754	0.385367	0.3965	0.389775	0.385467	0.3965	1	1	5.49981	
5.39133	4	38	4.50003	4	6	4.5001	4	6	0	0	0	0.399781	0.395467	0.406667	0.3998	0.395533	0.406667	0.399781	0.395467	0.406667	0.3998	0.395533	0.406667	1	1	5.50003	
5.55765	4	37	4.49985	4	6	4.49991	4	6	0	0	0	0.409765	0.405433	0.416067	0.409783	0.4055	0.416067	0.409765	0.405433	0.416067	0.409783	0.4055	0.416067	1	1	5.49985	
5.77189	4	43	4.4996	4	6	4.49965	4	6	0	0	0	0.419729	0.415733	0.426467	0.41975	0.4158	0.426467	0.419729	0.415733	0.426467	0.41975	0.4158	0.426467	1	1	5.4996	
6.12547	4	45	4.4992	4	6	4.49925	4	6	0	0	0	0.429908	0.426933	0.436	0.429921	0.426967	0.436033	0.429908	0.426933	0.436	0.429921	0.426967	0.436033	1	1	5.4992	
6.63468	4	57	4.49867	4	6	4.4987	4	6	0	0	0	0.440048	0.436367	0.4466	0.440075	0.4364	0.4466	0.440048	0.436367	0.4466	0.440075	0.4364	0.4466	1	1	5.49867	
7.74124	4	96	4.50041	4	6	4.50038	4	6	0	0	0	0.449628	0.447067	0.453083	0.449621	0.44705	0.453017	0.449628	0.447067	0.453083	0.449621	0.44705	0.453017	1	1	5.50041	
13.6568	4	248	4.50014	4	6	4.50012	4	6	0	0	0	0.459645	0.456657	0.462786	0.459677	0.456614	0.462757	0.459645	0.456657	0.462786	0.459677	0.456614	0.462757	1	1	5.50014	
220.253	4	3028	4.50028	4	6	4.49963	4	6	0	0	0	0.469788	0.467043	0.473	0.468429	0.457486	0.473029	0.469788	0.467043	0.473	0.468429	0.457486	0.473029	1	1	5.50028	
