4.25089	2	8	4.25089	2	8	4.25168	2	8	0	0	0	0.00992292	0.0091	0.0112667	0.00992292	0.0091	0.0112667	0.00992292	0.0091	0.0112667	0.00992292	0.0091	0.0112667	1	1	5.24984	
4.26839	2	9	4.26839	2	9	4.26914	2	9	0	0	0	0.0201354	0.0188667	0.0217	0.0201333	0.0188667	0.0217	0.0201354	0.0188667	0.0217	0.0201333	0.0188667	0.0217	1	1	5.26591	
4.26266	2	9	4.26266	2	9	4.26299	2	9	0	0	0	0.0299896	0.0283667	0.0318667	0.0299917	0.0283667	0.0318667	0.0299896	0.0283667	0.0318667	0.0299917	0.0283667	0.0318667	1	1	5.25898	
4.26227	2	9	4.26227	2	9	4.2625	2	9	0	0	0	0.0401063	0.0385667	0.0419	0.0401104	0.0386	0.0419333	0.0401063	0.0385667	0.0419	0.0401104	0.0386	0.0419333	1	1	5.25734	
4.25478	2	9	4.25478	2	9	4.25512	2	9	0	0	0	0.0501896	0.0482	0.0528667	0.0501938	0.0482333	0.0528667	0.0501896	0.0482	0.0528667	0.0501938	0.0482333	0.0528667	1	1	5.24831	
4.25989	2	9	4.25989	2	9	4.26014	2	9	0	0	0	0.0603771	0.0582333	0.0635	0.0603875	0.0582667	0.0635	0.0603771	0.0582333	0.0635	0.0603875	0.0582667	0.0635	1	1	5.25196	
4.26126	2	9	4.26126	2	9	4.2615	2	9	0	0	0	0.0703167	0.0682333	0.0740667	0.0703271	0.0682667	0.0741	0.0703167	0.0682333	0.0740667	0.0703271	0.0682667	0.0741	1	1	5.25178	
4.26545	2	9	4.26545	2	9	4.26566	2	9	0	0	0	0.0804833	0.0782	0.0842333	0.0804938	0.0782333	0.0842667	0.0804833	0.0782	0.0842333	0.0804938	0.0782333	0.0842667	1	1	5.2543	
4.27316	2	9	4.27316	2	9	4.27341	2	9	0	0	0	0.0902333	0.0876	0.0949667	0.0902479	0.0876333	0.095	0.0902333	0.0876	0.0949667	0.0902479	0.0876333	0.095	1	1	5.26011	
4.28419	2	9	4.28419	2	9	4.28442	2	9	0	0	0	0.100373	0.0977667	0.104467	0.100392	0.0978	0.1045	0.100373	0.0977667	0.104467	0.100392	0.0978	0.1045	1	1	5.26875	
4.29341	2	10	4.29341	2	10	4.29357	2	10	0	0	0	0.110113	0.107767	0.114633	0.110131	0.1078	0.114667	0.110113	0.107767	0.114633	0.110131	0.1078	0.114667	1	1	5.2757	
4.30087	2	10	4.30087	2	10	4.30107	2	10	0	0	0	0.120129	0.117067	0.124867	0.120148	0.1171	0.1249	0.120129	0.117067	0.124867	0.120148	0.1171	0.1249	1	1	5.28102	
4.31194	2	10	4.31194	2	10	4.31207	2	10	0	0	0	0.130342	0.126633	0.134433	0.13036	0.126667	0.134467	0.130342	0.126633	0.134433	0.13036	0.126667	0.134467	1	1	5.2902	
4.31872	2	10	4.31872	2	10	4.31881	2	10	0	0	0	0.14034	0.1367	0.145267	0.140356	0.136733	0.1453	0.14034	0.1367	0.145267	0.140356	0.136733	0.1453	1	1	5.29485	
4.3292	2	10	4.3292	2	10	4.32924	2	10	0	0	0	0.150237	0.1459	0.155733	0.150254	0.145933	0.155767	0.150237	0.1459	0.155733	0.150254	0.145933	0.155767	1	1	5.3031	
4.33756	2	10	4.33756	2	10	4.33773	2	10	0	0	0	0.159967	0.154367	0.1663	0.159992	0.1544	0.166333	0.159967	0.154367	0.1663	0.159992	0.1544	0.166333	1	1	5.3091	
4.35233	2	10	4.35233	2	10	4.35259	2	10	0	0	0	0.169842	0.164833	0.175667	0.169871	0.164867	0.1757	0.169842	0.164833	0.175667	0.169871	0.164867	0.1757	1	1	5.32091	
4.36252	2	11	4.36252	2	11	4.36281	2	11	0	0	0	0.179825	0.1744	0.186	0.179858	0.174467	0.186033	0.179825	0.1744	0.186	0.179858	0.174467	0.186033	1	1	5.32787	
4.373	2	11	4.373	2	11	4.37324	2	11	0	0	0	0.189817	0.184467	0.1956	0.18985	0.184533	0.195633	0.189817	0.184467	0.1956	0.18985	0.184533	0.195633	1	1	5.33554	
4.38718	2	11	4.38718	2	11	4.38742	2	11	0	0	0	0.199869	0.1934	0.2052	0.199904	0.193467	0.205233	0.199869	0.1934	0.2052	0.199904	0.193467	0.205233	1	1	5.34575	
4.40144	2	11	4.40144	2	11	4.40164	2	11	0	0	0	0.20989	0.204167	0.215133	0.209925	0.204233	0.215167	0.20989	0.204167	0.215133	0.209925	0.204233	0.215167	1	1	5.35666	
4.41546	2	11	4.41545	2	11	4.4157	2	11	0	0	0	0.219781	0.215167	0.225467	0.219815	0.215233	0.2255	0.219781	0.215167	0.225467	0.219815	0.215233	0.2255	1	1	5.36671	
4.42956	2	11	4.42956	2	11	4.42971	2	11	0	0	0	0.229696	0.224633	0.2354	0.229731	0.2247	0.235433	0.229696	0.224633	0.2354	0.229731	0.2247	0.235433	1	1	5.37684	
4.44294	2	11	4.4429	2	11	4.44303	2	11	0	0	0	0.239669	0.2349	0.245667	0.239704	0.234967	0.2457	0.239669	0.2349	0.245667	0.239704	0.234967	0.2457	1	1	5.38593	
4.46016	2	12	4.46014	2	12	4.46025	2	12	0	0	0	0.249798	0.245467	0.254767	0.24984	0.245533	0.2548	0.249798	0.245467	0.254767	0.24984	0.245533	0.2548	1	1	5.39752	
4.47785	2	12	4.47781	2	12	4.47794	2	12	0	0	0	0.259594	0.255433	0.264533	0.259635	0.2555	0.264567	0.259594	0.255433	0.264533	0.259635	0.2555	0.264567	1	1	5.41037	
4.49541	2	12	4.49533	2	12	4.49547	2	12	0	0	0	0.26954	0.2651	0.275667	0.269579	0.265067	0.2757	0.26954	0.2651	0.275667	0.269579	0.265067	0.2757	1	1	5.4222	
4.51206	2	12	4.51193	2	12	4.51206	2	12	0	0	0	0.279729	0.275033	0.286233	0.279765	0.275	0.286267	0.279729	0.275033	0.286233	0.279765	0.275	0.286267	1	1	5.43281	
4.52844	2	12	4.5283	2	12	4.52833	2	12	0	0	0	0.289615	0.2851	0.296567	0.289652	0.285067	0.2966	0.289615	0.2851	0.296567	0.289652	0.285067	0.2966	1	1	5.44218	
4.54968	2	12	4.54951	2	12	4.54957	2	12	0	0	0	0.299681	0.294867	0.3054	0.299712	0.294833	0.305433	0.299681	0.294867	0.3054	0.299712	0.294833	0.305433	1	1	5.45572	
4.56949	2	13	4.56933	2	13	4.5694	2	13	0	0	0	0.309604	0.305067	0.315667	0.309635	0.305033	0.3157	0.309604	0.305067	0.315667	0.309635	0.305033	0.3157	1	1	5.46633	
4.58704	2	13	4.58683	2	13	4.58695	2	13	0	0	0	0.319421	0.3153	0.325933	0.319448	0.315267	0.325967	0.319421	0.3153	0.325933	0.319448	0.315267	0.325967	1	1	5.47587	
4.60527	2	13	4.605	2	13	4.60519	2	13	0	0	0	0.329415	0.324933	0.3361	0.329437	0.3249	0.336133	0.329415	0.324933	0.3361	0.329437	0.3249	0.336133	1	1	5.48486	
4.62765	2	13	4.62729	2	13	4.62751	2	13	0	0	0	0.339217	0.3345	0.345733	0.339238	0.3346	0.345767	0.339217	0.3345	0.345733	0.339238	0.3346	0.345767	1	1	5.49596	
4.65053	2	13	4.65003	2	13	4.6503	2	13	0	0	0	0.349271	0.343967	0.3562	0.349285	0.344067	0.356233	0.349271	0.343967	0.3562	0.349285	0.344067	0.356233	1	1	5.50673	
4.67786	2	14	4.6773	2	14	4.67755	2	14	0	0	0	0.359258	0.3535	0.3672	0.359275	0.3536	0.367233	0.359258	0.3535	0.3672	0.359275	0.3536	0.367233	1	1	5.51749	
4.70826	2	17	4.70751	2	17	4.70792	2	17	0	0	0	0.369567	0.364267	0.3781	0.369583	0.364367	0.378167	0.369567	0.364267	0.3781	0.369583	0.364367	0.378167	1	1	5.52909	
4.74058	2	18	4.73976	2	18	4.74012	2	18	0	0	0	0.379606	0.374667	0.387667	0.379623	0.374767	0.387733	0.379606	0.374667	0.387667	0.379623	0.374767	0.387733	1	1	5.54042	
4.7752	2	19	4.77422	2	19	4.77455	2	19	0	0	0	0.389754	0.385367	0.3965	0.389767	0.385467	0.396567	0.389754	0.385367	0.3965	0.389767	0.385467	0.396567	1	1	5.5505	
4.81641	2	20	4.81531	2	20	4.81577	2	20	0	0	0	0.399781	0.395467	0.406667	0.39979	0.395533	0.406733	0.399781	0.395467	0.406667	0.39979	0.395533	0.406733	1	1	5.56203	
4.86511	2	21	4.86372	2	21	4.86422	2	21	0	0	0	0.409765	0.405433	0.416067	0.409771	0.4055	0.416133	0.409765	0.405433	0.416067	0.409771	0.4055	0.416133	1	1	5.57261	
4.92223	2	21	4.92075	2	21	4.92114	2	21	0	0	0	0.419729	0.415733	0.426467	0.419731	0.4158	0.426533	0.419729	0.415733	0.426467	0.419731	0.4158	0.426533	1	1	5.58348	
4.9914	2	26	4.98971	2	26	4.99004	2	26	0	0	0	0.429908	0.426933	0.436	0.429904	0.426967	0.436067	0.429908	0.426933	0.436	0.429904	0.426967	0.436067	1	1	5.59405	
5.08687	2	28	5.08501	2	28	5.08528	2	28	0	0	0	0.440048	0.436367	0.4466	0.440046	0.4364	0.446667	0.440048	0.436367	0.4466	0.440046	0.4364	0.446667	1	1	5.60577	
5.20846	2	30	5.20629	2	30	5.20681	2	30	0	0	0	0.450021	0.4468	0.4568	0.450017	0.446833	0.456867	0.450021	0.4468	0.4568	0.450017	0.446833	0.456867	1	1	5.61736	
5.39282	2	31	5.39042	2	31	5.39112	2	31	0	0	0	0.460192	0.456167	0.468167	0.460185	0.4563	0.468233	0.460192	0.456167	0.468167	0.460185	0.4563	0.468233	1	1	5.62606	
5.7051	2	37	5.70243	2	37	5.70284	2	37	0	0	0	0.47045	0.4659	0.4778	0.47044	0.466033	0.477867	0.47045	0.4659	0.4778	0.47044	0.466033	0.477867	1	1	5.63612	
6.26811	2	45	6.26503	2	45	6.26497	2	45	0	0	0	0.480369	0.4752	0.487867	0.48035	0.475333	0.4879	0.480369	0.4752	0.487867	0.48035	0.475333	0.4879	1	1	5.64542	
7.52954	2	60	7.52597	2	60	7.52493	2	60	0	0	0	0.490345	0.487175	0.49715	0.490345	0.487125	0.49715	0.490345	0.487175	0.49715	0.490345	0.487125	0.49715	1	1	5.65489	
37.6823	2	264	37.6781	2	264	37.6864	2	264	0	0	0	0.49963	0.4966	0.504883	0.499569	0.496583	0.504867	0.49963	0.4966	0.504883	0.499569	0.496583	0.504867	1	1	5.66387	
328.596	2	2010	328.592	2	2010	333.711	2	2081	0	0	0	0.509601	0.507243	0.5139	0.507126	0.499414	0.5139	0.509601	0.507243	0.5139	0.507126	0.499414	0.5139	1	1	5.67436	
