3.94688	1	8	3.94667	1	8	3.94689	1	8	0	0	0	0.00992292	0.0091	0.0112667	0.00992292	0.00873333	0.0108	0.00992292	0.0091	0.0112667	0.00992292	0.00873333	0.0108	1	1	4.94625	
3.94847	1	8	3.94837	1	8	3.94837	1	8	0	0	0	0.0201354	0.0188667	0.0217	0.0201292	0.0191333	0.0212	0.0201354	0.0188667	0.0217	0.0201292	0.0191333	0.0212	1	1	4.94765	
3.93199	1	12	3.93199	1	12	3.93193	1	12	0	0	0	0.0299896	0.0283667	0.0318667	0.0299896	0.0277333	0.0326	0.0299896	0.0283667	0.0318667	0.0299896	0.0277333	0.0326	1	1	4.93102	
3.92042	1	11	3.9198	1	11	3.91966	1	11	0	0	0	0.0401063	0.0385667	0.0419	0.0401063	0.0380667	0.0442667	0.0401063	0.0385667	0.0419	0.0401063	0.0380667	0.0442667	1	1	4.91845	
3.94064	1	12	3.9401	1	12	3.94015	1	12	0	0	0	0.0501896	0.0482	0.0528667	0.0501896	0.0481667	0.0519667	0.0501896	0.0482	0.0528667	0.0501896	0.0481667	0.0519667	1	1	4.93869	
3.93889	1	12	3.93779	1	12	3.93822	1	12	0	0	0	0.0603771	0.0582333	0.0635	0.0603833	0.0581667	0.0634333	0.0603771	0.0582333	0.0635	0.0603833	0.0581667	0.0634333	1	1	4.93582	
3.93295	1	13	3.93192	1	13	3.93232	1	13	0	0	0	0.0703167	0.0682333	0.0740667	0.0703229	0.0644667	0.0734667	0.0703167	0.0682333	0.0740667	0.0703229	0.0644667	0.0734667	1	1	4.92981	
3.93275	1	13	3.93138	1	13	3.93138	1	13	0	0	0	0.0804833	0.0782	0.0842333	0.0804854	0.0764	0.0845667	0.0804833	0.0782	0.0842333	0.0804854	0.0764	0.0845667	1	1	4.92882	
3.95599	1	13	3.95366	1	13	3.95382	1	13	0	0	0	0.0902333	0.0876	0.0949667	0.0902479	0.0875667	0.0957667	0.0902333	0.0876	0.0949667	0.0902479	0.0875667	0.0957667	1	1	4.95029	
3.9506	1	13	3.94792	1	13	3.94815	1	13	0	0	0	0.100373	0.0977667	0.104467	0.100388	0.0975667	0.105067	0.100373	0.0977667	0.104467	0.100388	0.0975667	0.105067	1	1	4.94493	
3.95681	1	13	3.95387	1	13	3.95395	1	13	0	0	0	0.110113	0.107767	0.114633	0.110125	0.107833	0.1132	0.110113	0.107767	0.114633	0.110125	0.107833	0.1132	1	1	4.95005	
3.95975	1	13	3.95637	1	13	3.95652	1	13	0	0	0	0.120129	0.117067	0.124867	0.12015	0.116267	0.1234	0.120129	0.117067	0.124867	0.12015	0.116267	0.1234	1	1	4.95239	
3.959	1	14	3.95435	1	14	3.95438	1	14	0	0	0	0.130342	0.126633	0.134433	0.130356	0.1264	0.1338	0.130342	0.126633	0.134433	0.130356	0.1264	0.1338	1	1	4.94964	
3.97451	1	14	3.96952	1	14	3.96945	1	14	0	0	0	0.14034	0.1367	0.145267	0.14035	0.136367	0.142733	0.14034	0.1367	0.145267	0.14035	0.136367	0.142733	1	1	4.96434	
3.96062	1	14	3.95446	1	14	3.95441	1	14	0	0	0	0.150237	0.1459	0.155733	0.150254	0.147667	0.1551	0.150237	0.1459	0.155733	0.150254	0.147667	0.1551	1	1	4.94918	
3.97162	1	14	3.96458	1	14	3.96455	1	14	0	0	0	0.159967	0.154367	0.1663	0.159988	0.156933	0.162667	0.159967	0.154367	0.1663	0.159988	0.156933	0.162667	1	1	4.95881	
3.96898	1	14	3.9613	1	14	3.96134	1	14	0	0	0	0.169842	0.164833	0.175667	0.169862	0.165967	0.1737	0.169842	0.164833	0.175667	0.169862	0.165967	0.1737	1	1	4.95503	
3.97749	1	14	3.96765	1	14	3.9678	1	14	0	0	0	0.179825	0.1744	0.186	0.179852	0.1751	0.184167	0.179825	0.1744	0.186	0.179852	0.1751	0.184167	1	1	4.96085	
3.98233	1	14	3.972	1	14	3.97219	1	14	0	0	0	0.189817	0.184467	0.1956	0.189848	0.1866	0.1934	0.189817	0.184467	0.1956	0.189848	0.1866	0.1934	1	1	4.96464	
3.98047	1	14	3.9693	1	14	3.96922	1	14	0	0	0	0.199869	0.1934	0.2052	0.199898	0.1923	0.2056	0.199869	0.1934	0.2052	0.199898	0.1923	0.2056	1	1	4.96215	
3.99031	1	14	3.97779	1	14	3.97783	1	14	0	0	0	0.20989	0.204167	0.215133	0.209904	0.205233	0.214767	0.20989	0.204167	0.215133	0.209904	0.205233	0.214767	1	1	4.97051	
3.98046	1	14	3.96621	1	14	3.96624	1	14	0	0	0	0.219781	0.215167	0.225467	0.219806	0.2154	0.225667	0.219781	0.215167	0.225467	0.219806	0.2154	0.225667	1	1	4.95785	
3.98339	1	14	3.9683	1	14	3.96854	1	14	0	0	0	0.229696	0.224633	0.2354	0.229721	0.2263	0.235367	0.229696	0.224633	0.2354	0.229721	0.2263	0.235367	1	1	4.9593	
3.98953	1	14	3.97229	1	14	3.97249	1	14	0	0	0	0.239669	0.2349	0.245667	0.239704	0.235933	0.242867	0.239669	0.2349	0.245667	0.239704	0.235933	0.242867	1	1	4.96313	
4.00498	1	15	3.98585	1	15	3.98601	1	15	0	0	0	0.249798	0.245467	0.254767	0.249831	0.244933	0.255167	0.249798	0.245467	0.254767	0.249831	0.244933	0.255167	1	1	4.97601	
4.01634	1	14	3.99656	1	14	3.9969	1	14	0	0	0	0.259594	0.255433	0.264533	0.259621	0.254933	0.267733	0.259594	0.255433	0.264533	0.259621	0.254933	0.267733	1	1	4.98679	
4.01103	1	18	3.98873	1	18	3.98902	1	18	0	0	0	0.26954	0.2651	0.275667	0.269573	0.264733	0.274167	0.26954	0.2651	0.275667	0.269573	0.264733	0.274167	1	1	4.97813	
4.02175	1	17	3.99699	1	17	3.99718	1	17	0	0	0	0.279729	0.275033	0.286233	0.279758	0.2706	0.286233	0.279729	0.275033	0.286233	0.279758	0.2706	0.286233	1	1	4.98537	
4.03667	1	19	4.00991	1	19	4.00987	1	19	0	0	0	0.289615	0.2851	0.296567	0.289637	0.285167	0.2948	0.289615	0.2851	0.296567	0.289637	0.285167	0.2948	1	1	4.99856	
4.03585	1	17	4.00509	1	17	4.00539	1	17	0	0	0	0.299681	0.294867	0.3054	0.299692	0.294933	0.305667	0.299681	0.294867	0.3054	0.299692	0.294933	0.305667	1	1	4.99198	
4.05368	1	14	4.02114	1	14	4.02117	1	14	0	0	0	0.309604	0.305067	0.315667	0.309627	0.305667	0.312533	0.309604	0.305067	0.315667	0.309627	0.305667	0.312533	1	1	5.0077	
4.05795	1	19	4.02281	1	19	4.02277	1	19	0	0	0	0.319421	0.3153	0.325933	0.319442	0.312667	0.323167	0.319421	0.3153	0.325933	0.319442	0.312667	0.323167	1	1	5.00917	
4.05527	1	20	4.01904	1	20	4.01911	1	20	0	0	0	0.329415	0.324933	0.3361	0.329435	0.322667	0.337833	0.329415	0.324933	0.3361	0.329435	0.322667	0.337833	1	1	5.005	
4.06974	1	19	4.02856	1	18	4.02852	1	18	0	0	0	0.339217	0.3345	0.345733	0.339238	0.3345	0.347333	0.339217	0.3345	0.345733	0.339238	0.3345	0.347333	1	1	5.01367	
4.08019	1	17	4.03525	1	17	4.03545	1	17	0	0	0	0.349271	0.343967	0.3562	0.349281	0.344833	0.3533	0.349271	0.343967	0.3562	0.349281	0.344833	0.3533	1	1	5.02068	
4.09805	1	19	4.04755	1	19	4.04756	1	19	0	0	0	0.359258	0.3535	0.3672	0.359271	0.354767	0.363067	0.359258	0.3535	0.3672	0.359271	0.354767	0.363067	1	1	5.032	
4.10002	1	18	4.04654	1	18	4.04678	1	18	0	0	0	0.369567	0.364267	0.3781	0.369579	0.363267	0.3744	0.369567	0.364267	0.3781	0.369579	0.363267	0.3744	1	1	5.02925	
4.11841	1	21	4.05993	1	21	4.06006	1	21	0	0	0	0.379606	0.374667	0.387667	0.379608	0.3725	0.3832	0.379606	0.374667	0.387667	0.379608	0.3725	0.3832	1	1	5.04279	
4.12176	1	19	4.06156	1	19	4.06174	1	19	0	0	0	0.389754	0.385367	0.3965	0.389765	0.3854	0.3962	0.389754	0.385367	0.3965	0.389765	0.3854	0.3962	1	1	5.04362	
4.14015	1	18	4.07383	1	18	4.07381	1	18	0	0	0	0.399781	0.395467	0.406667	0.39979	0.394467	0.407867	0.399781	0.395467	0.406667	0.39979	0.394467	0.407867	1	1	5.05457	
4.14729	1	20	4.0777	1	20	4.07773	1	20	0	0	0	0.409765	0.405433	0.416067	0.409777	0.405467	0.4148	0.409765	0.405433	0.416067	0.409777	0.405467	0.4148	1	1	5.05775	
4.15744	1	19	4.07839	1	19	4.07852	1	19	0	0	0	0.419729	0.415733	0.426467	0.419733	0.4118	0.425233	0.419729	0.415733	0.426467	0.419733	0.4118	0.425233	1	1	5.057	
4.16932	1	20	4.08606	1	20	4.08611	1	20	0	0	0	0.429908	0.426933	0.436	0.429912	0.4213	0.4375	0.429908	0.426933	0.436	0.429912	0.4213	0.4375	1	1	5.06543	
4.18277	1	20	4.09504	1	20	4.09528	1	20	0	0	0	0.440048	0.436367	0.4466	0.44005	0.4363	0.4444	0.440048	0.436367	0.4466	0.44005	0.4363	0.4444	1	1	5.07212	
4.20314	1	18	4.10497	1	18	4.10519	1	18	0	0	0	0.450021	0.4468	0.4568	0.450042	0.443933	0.4558	0.450021	0.4468	0.4568	0.450042	0.443933	0.4558	1	1	5.08251	
4.20889	1	20	4.10518	1	20	4.10529	1	20	0	0	0	0.460192	0.456167	0.468167	0.460202	0.454033	0.4654	0.460192	0.456167	0.468167	0.460202	0.454033	0.4654	1	1	5.08169	
4.2237	1	21	4.11183	1	21	4.11192	1	21	0	0	0	0.47045	0.4659	0.4778	0.47044	0.463267	0.476067	0.47045	0.4659	0.4778	0.47044	0.463267	0.476067	1	1	5.08856	
4.24649	1	21	4.12518	1	21	4.12537	1	21	0	0	0	0.480369	0.4752	0.487867	0.480354	0.474267	0.485767	0.480369	0.4752	0.487867	0.480354	0.474267	0.485767	1	1	5.10034	
4.26216	1	20	4.13351	1	20	4.13353	1	20	0	0	0	0.490358	0.4858	0.499167	0.490344	0.482833	0.495333	0.490358	0.4858	0.499167	0.490344	0.482833	0.495333	1	1	5.10825	
4.28148	1	23	4.14052	1	23	4.14092	1	23	0	0	0	0.500392	0.4952	0.510367	0.500367	0.4921	0.5099	0.500392	0.4952	0.510367	0.500367	0.4921	0.5099	1	1	5.11446	
4.29841	1	19	4.1439	1	19	4.14381	1	19	0	0	0	0.510146	0.504667	0.5203	0.510148	0.504333	0.522567	0.510146	0.504667	0.5203	0.510148	0.504333	0.522567	1	1	5.11607	
4.3161	1	19	4.15254	1	19	4.15262	1	19	0	0	0	0.520217	0.514267	0.53	0.520198	0.511667	0.527767	0.520217	0.514267	0.53	0.520198	0.511667	0.527767	1	1	5.12509	
4.34068	1	21	4.16272	1	21	4.16285	1	21	0	0	0	0.530154	0.524033	0.5396	0.530144	0.521433	0.534133	0.530154	0.524033	0.5396	0.530144	0.521433	0.534133	1	1	5.13377	
4.3629	1	18	4.17264	1	18	4.1726	1	18	0	0	0	0.540154	0.535067	0.549	0.540148	0.530933	0.545667	0.540154	0.535067	0.549	0.540148	0.530933	0.545667	1	1	5.14175	
4.38955	1	20	4.1796	1	20	4.1799	1	20	0	0	0	0.550031	0.544467	0.5586	0.550035	0.544167	0.5548	0.550031	0.544467	0.5586	0.550035	0.544167	0.5548	1	1	5.14768	
4.41945	1	22	4.19375	1	22	4.19383	1	22	0	0	0	0.560129	0.553933	0.568633	0.560127	0.553733	0.577933	0.560129	0.553933	0.568633	0.560127	0.553733	0.577933	1	1	5.1609	
4.45906	1	21	4.20887	1	21	4.20909	1	21	0	0	0	0.57025	0.563667	0.578667	0.570248	0.561333	0.578	0.57025	0.563667	0.578667	0.570248	0.561333	0.578	1	1	5.17537	
4.4832	1	21	4.20962	1	20	4.20984	1	20	0	0	0	0.580067	0.573533	0.588933	0.580048	0.5755	0.586167	0.580067	0.573533	0.588933	0.580048	0.5755	0.586167	1	1	5.1755	
4.51637	1	21	4.22389	1	21	4.22386	1	21	0	0	0	0.58985	0.584	0.598667	0.589838	0.583467	0.597633	0.58985	0.584	0.598667	0.589838	0.583467	0.597633	1	1	5.18817	
4.55576	1	21	4.23266	1	20	4.23301	1	20	0	0	0	0.600015	0.5946	0.607967	0.599998	0.591433	0.6081	0.600015	0.5946	0.607967	0.599998	0.591433	0.6081	1	1	5.19559	
4.59822	1	21	4.24758	1	20	4.24761	1	20	0	0	0	0.609783	0.6043	0.617367	0.609777	0.601767	0.6174	0.609783	0.6043	0.617367	0.609777	0.601767	0.6174	1	1	5.21078	
4.64364	1	22	4.25663	1	22	4.25705	1	22	0	0	0	0.619815	0.613133	0.627067	0.619804	0.611367	0.624567	0.619815	0.613133	0.627067	0.619804	0.611367	0.624567	1	1	5.21747	
4.69165	1	26	4.26375	1	21	4.26379	1	21	0	0	0	0.629885	0.623133	0.637167	0.629856	0.6221	0.635833	0.629885	0.623133	0.637167	0.629856	0.6221	0.635833	1	1	5.22423	
4.75654	1	23	4.27576	1	21	4.27596	1	21	0	0	0	0.63989	0.633933	0.646667	0.639869	0.630733	0.645033	0.63989	0.633933	0.646667	0.639869	0.630733	0.645033	1	1	5.23426	
4.81433	1	23	4.29096	1	21	4.29101	1	21	0	0	0	0.65014	0.644633	0.657733	0.650108	0.645433	0.658433	0.65014	0.644633	0.657733	0.650108	0.645433	0.658433	1	1	5.24772	
4.87307	1	23	4.29627	1	22	4.29617	1	22	0	0	0	0.660092	0.653967	0.668167	0.660067	0.6487	0.6696	0.660092	0.653967	0.668167	0.660067	0.6487	0.6696	1	1	5.25152	
4.98812	1	29	4.31677	1	22	4.3169	1	22	0	0	0	0.670171	0.663933	0.677867	0.670125	0.6583	0.6761	0.670171	0.663933	0.677867	0.670125	0.6583	0.6761	1	1	5.27101	
5.08291	1	24	4.32522	1	23	4.32541	1	23	0	0	0	0.680292	0.6738	0.686733	0.680252	0.673233	0.6861	0.680292	0.6738	0.686733	0.680252	0.673233	0.6861	1	1	5.27683	
5.2129	1	29	4.33755	1	22	4.33786	1	22	0	0	0	0.690075	0.684433	0.697333	0.69005	0.685767	0.695667	0.690075	0.684433	0.697333	0.69005	0.685767	0.695667	1	1	5.28819	
5.3433	1	32	4.34528	1	25	4.34532	1	25	0	0	0	0.700092	0.694	0.706967	0.700077	0.691867	0.708833	0.700092	0.694	0.706967	0.700077	0.691867	0.708833	1	1	5.29427	
5.56309	1	33	4.36644	1	21	4.3665	1	21	0	0	0	0.709954	0.7034	0.716467	0.709954	0.7018	0.716067	0.709954	0.7034	0.716467	0.709954	0.7018	0.716067	1	1	5.314	
5.85589	1	39	4.38028	1	23	4.38038	1	23	0	0	0	0.719827	0.7137	0.7253	0.719796	0.71	0.728267	0.719827	0.7137	0.7253	0.719796	0.71	0.728267	1	1	5.32657	
6.24493	1	57	4.39176	1	24	4.39192	1	24	0	0	0	0.729708	0.724067	0.734867	0.729723	0.721	0.743367	0.729708	0.724067	0.734867	0.729723	0.721	0.743367	1	1	5.33591	
7.08919	1	81	4.41143	1	26	4.41155	1	26	0	0	0	0.739906	0.734667	0.744933	0.73984	0.733333	0.7496	0.739906	0.734667	0.744933	0.73984	0.733333	0.7496	1	1	5.35229	
10.1259	1	159	4.42845	1	26	4.4285	1	26	0	0	0	0.750046	0.74566	0.7537	0.750011	0.74412	0.7552	0.750046	0.74566	0.7537	0.750011	0.74412	0.7552	1	1	5.36646	
96.1515	1	1341	4.44448	1	30	4.44462	1	30	0	0	0	0.759718	0.756143	0.762371	0.758717	0.753457	0.764757	0.759718	0.756143	0.762371	0.758717	0.753457	0.764757	1	1	5.38256	
307.605	1	4017	4.45436	1	28	4.45348	1	28	0	0	0	0.769652	0.765929	0.772357	0.766005	0.759986	0.772971	0.769652	0.765929	0.772357	0.766005	0.759986	0.772971	1	1	5.38982	
