3.83393	1	8	3.83393	1	8	3.83393	1	8	0	0	0	0.00992292	0.0091	0.0112667	0.00991875	0.0089	0.0107333	0.00992292	0.0091	0.0112667	0.00991875	0.0089	0.0107333	1	1	4.83372	
3.85804	1	8	3.85804	1	8	3.85816	1	8	0	0	0	0.0201354	0.0188667	0.0217	0.0201292	0.0188	0.0216333	0.0201354	0.0188667	0.0217	0.0201292	0.0188	0.0216333	1	1	4.85753	
3.87169	1	8	3.87169	1	8	3.87153	1	8	0	0	0	0.0299896	0.0283667	0.0318667	0.0299896	0.0284667	0.0317667	0.0299896	0.0283667	0.0318667	0.0299896	0.0284667	0.0317667	1	1	4.87044	
3.85357	1	8	3.85357	1	8	3.85344	1	8	0	0	0	0.0401063	0.0385667	0.0419	0.0401063	0.0387	0.0421333	0.0401063	0.0385667	0.0419	0.0401063	0.0387	0.0421333	1	1	4.85216	
3.85285	1	14	3.85285	1	14	3.85331	1	14	0	0	0	0.0501896	0.0482	0.0528667	0.0501896	0.0471	0.0537333	0.0501896	0.0482	0.0528667	0.0501896	0.0471	0.0537333	1	1	4.85131	
3.85301	1	12	3.85301	1	12	3.85326	1	12	0	0	0	0.0603771	0.0582333	0.0635	0.0603833	0.0572	0.0632	0.0603771	0.0582333	0.0635	0.0603833	0.0572	0.0632	1	1	4.85111	
3.85518	1	14	3.85518	1	14	3.85545	1	14	0	0	0	0.0703167	0.0682333	0.0740667	0.0703292	0.0674667	0.0726	0.0703167	0.0682333	0.0740667	0.0703292	0.0674667	0.0726	1	1	4.85245	
3.86527	1	12	3.86527	1	12	3.8654	1	12	0	0	0	0.0804833	0.0782	0.0842333	0.0804938	0.0769667	0.0826667	0.0804833	0.0782	0.0842333	0.0804938	0.0769667	0.0826667	1	1	4.86252	
3.86828	1	13	3.86826	1	13	3.86829	1	13	0	0	0	0.0902333	0.0876	0.0949667	0.09025	0.0858667	0.0939	0.0902333	0.0876	0.0949667	0.09025	0.0858667	0.0939	1	1	4.86475	
3.87368	1	13	3.87364	1	13	3.87362	1	13	0	0	0	0.100373	0.0977667	0.104467	0.100381	0.0977667	0.102767	0.100373	0.0977667	0.104467	0.100381	0.0977667	0.102767	1	1	4.87013	
3.85488	1	13	3.85479	1	13	3.85475	1	13	0	0	0	0.110113	0.107767	0.114633	0.110129	0.1033	0.114533	0.110113	0.107767	0.114633	0.110129	0.1033	0.114533	1	1	4.85091	
3.87716	1	13	3.87706	1	13	3.87712	1	13	0	0	0	0.120129	0.117067	0.124867	0.120148	0.1156	0.123667	0.120129	0.117067	0.124867	0.120148	0.1156	0.123667	1	1	4.87279	
3.86774	1	14	3.86764	1	14	3.86771	1	14	0	0	0	0.130342	0.126633	0.134433	0.130352	0.126833	0.134733	0.130342	0.126633	0.134433	0.130352	0.126833	0.134733	1	1	4.86254	
3.87462	1	14	3.8745	1	14	3.87451	1	14	0	0	0	0.14034	0.1367	0.145267	0.140354	0.136867	0.1438	0.14034	0.1367	0.145267	0.140354	0.136867	0.1438	1	1	4.86904	
3.87521	1	14	3.87509	1	14	3.87508	1	14	0	0	0	0.150237	0.1459	0.155733	0.150252	0.1476	0.1533	0.150237	0.1459	0.155733	0.150252	0.1476	0.1533	1	1	4.86994	
3.88387	1	15	3.8837	1	15	3.88387	1	15	0	0	0	0.159967	0.154367	0.1663	0.159988	0.155333	0.1638	0.159967	0.154367	0.1663	0.159988	0.155333	0.1638	1	1	4.87816	
3.87735	1	14	3.87697	1	14	3.87709	1	14	0	0	0	0.169842	0.164833	0.175667	0.169858	0.166733	0.1732	0.169842	0.164833	0.175667	0.169858	0.166733	0.1732	1	1	4.87032	
3.88629	1	14	3.886	1	14	3.88634	1	14	0	0	0	0.179825	0.1744	0.186	0.179852	0.1766	0.1842	0.179825	0.1744	0.186	0.179852	0.1766	0.1842	1	1	4.87901	
3.88416	1	14	3.88359	1	14	3.88383	1	14	0	0	0	0.189817	0.184467	0.1956	0.189848	0.185867	0.193733	0.189817	0.184467	0.1956	0.189848	0.185867	0.193733	1	1	4.8762	
3.8866	1	14	3.88612	1	14	3.8862	1	14	0	0	0	0.199869	0.1934	0.2052	0.1999	0.194767	0.2057	0.199869	0.1934	0.2052	0.1999	0.194767	0.2057	1	1	4.87855	
3.89255	1	14	3.89182	1	14	3.89197	1	14	0	0	0	0.20989	0.204167	0.215133	0.209915	0.205433	0.213833	0.20989	0.204167	0.215133	0.209915	0.205433	0.213833	1	1	4.88371	
3.89739	1	14	3.89669	1	14	3.89672	1	14	0	0	0	0.219781	0.215167	0.225467	0.219808	0.2153	0.225667	0.219781	0.215167	0.225467	0.219808	0.2153	0.225667	1	1	4.88766	
3.90454	1	15	3.90375	1	15	3.90398	1	15	0	0	0	0.229696	0.224633	0.2354	0.229727	0.2266	0.2332	0.229696	0.224633	0.2354	0.229727	0.2266	0.2332	1	1	4.89419	
3.89422	1	15	3.89322	1	15	3.89351	1	15	0	0	0	0.239669	0.2349	0.245667	0.239696	0.2341	0.244467	0.239669	0.2349	0.245667	0.239696	0.2341	0.244467	1	1	4.88349	
3.91121	1	14	3.91008	1	14	3.91015	1	14	0	0	0	0.249798	0.245467	0.254767	0.249842	0.247033	0.2527	0.249798	0.245467	0.254767	0.249842	0.247033	0.2527	1	1	4.90002	
3.91528	1	14	3.91393	1	14	3.91387	1	14	0	0	0	0.259594	0.255433	0.264533	0.259617	0.255867	0.2633	0.259594	0.255433	0.264533	0.259617	0.255867	0.2633	1	1	4.90338	
3.91411	1	19	3.91277	1	19	3.91289	1	19	0	0	0	0.26954	0.2651	0.275667	0.269569	0.2651	0.279	0.26954	0.2651	0.275667	0.269569	0.2651	0.279	1	1	4.90151	
3.92809	1	14	3.92627	1	14	3.92621	1	14	0	0	0	0.279729	0.275033	0.286233	0.27976	0.273367	0.286233	0.279729	0.275033	0.286233	0.27976	0.273367	0.286233	1	1	4.9146	
3.92953	1	14	3.92776	1	14	3.92792	1	14	0	0	0	0.289615	0.2851	0.296567	0.289642	0.283133	0.297367	0.289615	0.2851	0.296567	0.289642	0.283133	0.297367	1	1	4.9154	
3.93996	1	15	3.93759	1	15	3.9376	1	15	0	0	0	0.299681	0.294867	0.3054	0.299696	0.294167	0.3056	0.299681	0.294867	0.3054	0.299696	0.294167	0.3056	1	1	4.92434	
3.93704	1	14	3.93469	1	14	3.93475	1	14	0	0	0	0.309604	0.305067	0.315667	0.309617	0.3052	0.315733	0.309604	0.305067	0.315667	0.309617	0.3052	0.315733	1	1	4.92079	
3.94153	1	15	3.9391	1	15	3.93913	1	15	0	0	0	0.319421	0.3153	0.325933	0.319435	0.3149	0.3256	0.319421	0.3153	0.325933	0.319435	0.3149	0.3256	1	1	4.92569	
3.95669	1	19	3.95402	1	19	3.9544	1	19	0	0	0	0.329415	0.324933	0.3361	0.329429	0.325833	0.3346	0.329415	0.324933	0.3361	0.329429	0.325833	0.3346	1	1	4.94003	
3.95561	1	18	3.95273	1	18	3.95282	1	18	0	0	0	0.339217	0.3345	0.345733	0.339227	0.334	0.343267	0.339217	0.3345	0.345733	0.339227	0.334	0.343267	1	1	4.93815	
3.96054	1	19	3.9571	1	19	3.95741	1	19	0	0	0	0.349271	0.343967	0.3562	0.34929	0.344433	0.3541	0.349271	0.343967	0.3562	0.34929	0.344433	0.3541	1	1	4.94144	
3.95891	1	15	3.95538	1	15	3.9554	1	15	0	0	0	0.359258	0.3535	0.3672	0.359267	0.354533	0.369	0.359258	0.3535	0.3672	0.359267	0.354533	0.369	1	1	4.93981	
3.97317	1	19	3.96884	1	19	3.9691	1	19	0	0	0	0.369567	0.364267	0.3781	0.369581	0.362467	0.377867	0.369567	0.364267	0.3781	0.369581	0.362467	0.377867	1	1	4.95262	
3.97177	1	19	3.96709	1	19	3.96707	1	19	0	0	0	0.379606	0.374667	0.387667	0.379627	0.375	0.386033	0.379606	0.374667	0.387667	0.379627	0.375	0.386033	1	1	4.95006	
3.97926	1	19	3.97405	1	19	3.97411	1	19	0	0	0	0.389754	0.385367	0.3965	0.38976	0.3804	0.395867	0.389754	0.385367	0.3965	0.38976	0.3804	0.395867	1	1	4.95687	
3.98888	1	19	3.98288	1	19	3.98292	1	19	0	0	0	0.399781	0.395467	0.406667	0.399785	0.396433	0.406433	0.399781	0.395467	0.406667	0.399785	0.396433	0.406433	1	1	4.96444	
4.00154	1	20	3.99554	1	20	3.99551	1	20	0	0	0	0.409765	0.405433	0.416067	0.409781	0.4041	0.4138	0.409765	0.405433	0.416067	0.409781	0.4041	0.4138	1	1	4.97755	
4.00809	1	18	4.00122	1	18	4.00153	1	18	0	0	0	0.419729	0.415733	0.426467	0.41975	0.413233	0.427867	0.419729	0.415733	0.426467	0.41975	0.413233	0.427867	1	1	4.98217	
4.00904	1	20	4.00151	1	20	4.00167	1	20	0	0	0	0.429908	0.426933	0.436	0.429923	0.425	0.439733	0.429908	0.426933	0.436	0.429923	0.425	0.439733	1	1	4.98134	
4.01654	1	19	4.00861	1	19	4.00886	1	19	0	0	0	0.440048	0.436367	0.4466	0.44006	0.436733	0.4448	0.440048	0.436367	0.4466	0.44006	0.436733	0.4448	1	1	4.98797	
4.02911	1	19	4.02071	1	19	4.02084	1	19	0	0	0	0.450021	0.4468	0.4568	0.450023	0.440067	0.46	0.450021	0.4468	0.4568	0.450023	0.440067	0.46	1	1	4.99894	
4.03346	1	20	4.02376	1	20	4.02379	1	20	0	0	0	0.460192	0.456167	0.468167	0.460194	0.450667	0.467433	0.460192	0.456167	0.468167	0.460194	0.450667	0.467433	1	1	5.00215	
4.04819	1	20	4.03765	1	20	4.03771	1	20	0	0	0	0.47045	0.4659	0.4778	0.470452	0.466267	0.475567	0.47045	0.4659	0.4778	0.470452	0.466267	0.475567	1	1	5.01487	
4.05454	1	20	4.043	1	20	4.04321	1	20	0	0	0	0.480369	0.4752	0.487867	0.480358	0.475267	0.486	0.480369	0.4752	0.487867	0.480358	0.475267	0.486	1	1	5.01947	
4.05556	1	20	4.04454	1	20	4.04449	1	20	0	0	0	0.490358	0.4858	0.499167	0.490352	0.485867	0.4992	0.490358	0.4858	0.499167	0.490352	0.485867	0.4992	1	1	5.02074	
4.06876	1	20	4.05532	1	20	4.05539	1	20	0	0	0	0.500392	0.4952	0.510367	0.500392	0.491	0.51	0.500392	0.4952	0.510367	0.500392	0.491	0.51	1	1	5.03048	
4.07754	1	22	4.06358	1	22	4.06378	1	22	0	0	0	0.510146	0.504667	0.5203	0.510144	0.502967	0.514867	0.510146	0.504667	0.5203	0.510144	0.502967	0.514867	1	1	5.03772	
4.08978	1	21	4.0743	1	21	4.07447	1	21	0	0	0	0.520217	0.514267	0.53	0.520198	0.512633	0.525733	0.520217	0.514267	0.53	0.520198	0.512633	0.525733	1	1	5.04841	
4.08989	1	21	4.07399	1	21	4.07406	1	21	0	0	0	0.530154	0.524033	0.5396	0.53015	0.524533	0.5402	0.530154	0.524033	0.5396	0.53015	0.524533	0.5402	1	1	5.04714	
4.10884	1	20	4.09048	1	20	4.09055	1	20	0	0	0	0.540154	0.535067	0.549	0.54014	0.5337	0.547167	0.540154	0.535067	0.549	0.54014	0.5337	0.547167	1	1	5.06269	
4.12143	1	20	4.10139	1	20	4.10174	1	20	0	0	0	0.550031	0.544467	0.5586	0.550035	0.5421	0.556067	0.550031	0.544467	0.5586	0.550035	0.5421	0.556067	1	1	5.07316	
4.12776	1	21	4.10628	1	21	4.10645	1	21	0	0	0	0.560129	0.553933	0.568633	0.56011	0.553567	0.564467	0.560129	0.553933	0.568633	0.56011	0.553567	0.564467	1	1	5.07777	
4.13974	1	26	4.11588	1	26	4.11607	1	26	0	0	0	0.57025	0.563667	0.578667	0.570229	0.564533	0.581667	0.57025	0.563667	0.578667	0.570229	0.564533	0.581667	1	1	5.08625	
4.15399	1	20	4.12909	1	20	4.12919	1	20	0	0	0	0.580067	0.573533	0.588933	0.580058	0.572433	0.586733	0.580067	0.573533	0.588933	0.580058	0.572433	0.586733	1	1	5.09863	
4.17816	1	22	4.14993	1	22	4.15005	1	22	0	0	0	0.58985	0.584	0.598667	0.58985	0.582567	0.599033	0.58985	0.584	0.598667	0.58985	0.582567	0.599033	1	1	5.11838	
4.18192	1	23	4.15238	1	23	4.15248	1	23	0	0	0	0.600015	0.5946	0.607967	0.6	0.594	0.6048	0.600015	0.5946	0.607967	0.6	0.594	0.6048	1	1	5.11949	
4.19483	1	23	4.16351	1	23	4.16378	1	23	0	0	0	0.609783	0.6043	0.617367	0.609775	0.603167	0.622567	0.609783	0.6043	0.617367	0.609775	0.603167	0.622567	1	1	5.13121	
4.21141	1	23	4.17596	1	23	4.17593	1	23	0	0	0	0.619815	0.613133	0.627067	0.619781	0.612767	0.6257	0.619815	0.613133	0.627067	0.619781	0.612767	0.6257	1	1	5.14118	
4.22012	1	20	4.18066	1	20	4.18077	1	20	0	0	0	0.629885	0.623133	0.637167	0.629869	0.624367	0.6364	0.629885	0.623133	0.637167	0.629869	0.624367	0.6364	1	1	5.1456	
4.23286	1	21	4.19049	1	21	4.19067	1	21	0	0	0	0.63989	0.633933	0.646667	0.639867	0.632967	0.6452	0.63989	0.633933	0.646667	0.639867	0.632967	0.6452	1	1	5.15529	
4.24961	1	22	4.20455	1	22	4.2049	1	22	0	0	0	0.65014	0.644633	0.657733	0.650123	0.6463	0.653867	0.65014	0.644633	0.657733	0.650123	0.6463	0.653867	1	1	5.1665	
4.25646	1	21	4.20805	1	21	4.20834	1	21	0	0	0	0.660092	0.653967	0.668167	0.660071	0.650467	0.667567	0.660092	0.653967	0.668167	0.660071	0.650467	0.667567	1	1	5.17077	
4.2757	1	22	4.2216	1	22	4.22151	1	22	0	0	0	0.670171	0.663933	0.677867	0.670162	0.662667	0.674067	0.670171	0.663933	0.677867	0.670162	0.662667	0.674067	1	1	5.18367	
4.28737	1	22	4.22937	1	22	4.22936	1	22	0	0	0	0.680292	0.6738	0.686733	0.680273	0.672133	0.685267	0.680292	0.6738	0.686733	0.680273	0.672133	0.685267	1	1	5.18907	
4.30958	1	22	4.24382	1	22	4.24379	1	22	0	0	0	0.690075	0.684433	0.697333	0.690052	0.679833	0.696667	0.690075	0.684433	0.697333	0.690052	0.679833	0.696667	1	1	5.20287	
4.33275	1	22	4.26184	1	22	4.26208	1	22	0	0	0	0.700092	0.694	0.706967	0.700104	0.692433	0.705433	0.700092	0.694	0.706967	0.700104	0.692433	0.705433	1	1	5.22043	
4.35305	1	22	4.27686	1	22	4.27681	1	22	0	0	0	0.709954	0.7034	0.716467	0.709952	0.701267	0.722333	0.709954	0.7034	0.716467	0.709952	0.701267	0.722333	1	1	5.23357	
4.3673	1	22	4.28432	1	22	4.28433	1	22	0	0	0	0.719827	0.7137	0.7253	0.7198	0.7089	0.726733	0.719827	0.7137	0.7253	0.7198	0.7089	0.726733	1	1	5.2401	
4.38554	1	22	4.29272	1	22	4.29289	1	22	0	0	0	0.729708	0.724067	0.734867	0.729702	0.7217	0.737233	0.729708	0.724067	0.734867	0.729702	0.7217	0.737233	1	1	5.24795	
4.40493	1	26	4.30444	1	26	4.30469	1	26	0	0	0	0.739906	0.734667	0.744933	0.739879	0.734833	0.746167	0.739906	0.734667	0.744933	0.739879	0.734833	0.746167	1	1	5.25873	
4.43903	1	22	4.32587	1	22	4.326	1	22	0	0	0	0.749865	0.745067	0.754633	0.749844	0.742	0.756467	0.749865	0.745067	0.754633	0.749844	0.742	0.756467	1	1	5.27961	
4.46368	1	26	4.33841	1	26	4.33853	1	26	0	0	0	0.759725	0.754933	0.7651	0.759719	0.7499	0.771767	0.759725	0.754933	0.7651	0.759719	0.7499	0.771767	1	1	5.29039	
4.49698	1	21	4.35629	1	21	4.35625	1	21	0	0	0	0.769635	0.764033	0.775533	0.769623	0.760133	0.779	0.769635	0.764033	0.775533	0.769623	0.760133	0.779	1	1	5.30634	
4.52166	1	23	4.36831	1	23	4.3682	1	23	0	0	0	0.779442	0.7742	0.7853	0.779421	0.7738	0.787567	0.779442	0.7742	0.7853	0.779421	0.7738	0.787567	1	1	5.31675	
4.54845	1	27	4.37516	1	27	4.37531	1	27	0	0	0	0.78939	0.7845	0.795233	0.789373	0.779867	0.798533	0.78939	0.7845	0.795233	0.789373	0.779867	0.798533	1	1	5.32174	
4.58268	1	27	4.39071	1	27	4.39075	1	27	0	0	0	0.799481	0.793967	0.806067	0.799454	0.788767	0.809567	0.799481	0.793967	0.806067	0.799454	0.788767	0.809567	1	1	5.33765	
4.61895	1	26	4.40994	1	26	4.4097	1	26	0	0	0	0.809767	0.804233	0.8156	0.809706	0.801333	0.817867	0.809767	0.804233	0.8156	0.809706	0.801333	0.817867	1	1	5.35543	
4.6798	1	24	4.43389	1	23	4.43403	1	23	0	0	0	0.81989	0.814767	0.8251	0.819821	0.810133	0.8306	0.81989	0.814767	0.8251	0.819821	0.810133	0.8306	1	1	5.3774	
4.73117	1	27	4.44724	1	27	4.44741	1	27	0	0	0	0.829783	0.8241	0.8353	0.829773	0.8185	0.841633	0.829783	0.8241	0.8353	0.829773	0.8185	0.841633	1	1	5.38908	
4.7802	1	23	4.45422	1	23	4.45469	1	23	0	0	0	0.839946	0.834733	0.8448	0.83994	0.833167	0.848867	0.839946	0.834733	0.8448	0.83994	0.833167	0.848867	1	1	5.39567	
4.84281	1	27	4.4776	1	26	4.47767	1	26	0	0	0	0.850094	0.844567	0.854533	0.850033	0.843	0.8602	0.850094	0.844567	0.854533	0.850033	0.843	0.8602	1	1	5.41592	
4.95096	1	27	4.49164	1	27	4.49187	1	27	0	0	0	0.860204	0.854933	0.864	0.860235	0.852033	0.8713	0.860204	0.854933	0.864	0.860235	0.852033	0.8713	1	1	5.43143	
5.09938	1	26	4.51751	1	23	4.5178	1	23	0	0	0	0.870398	0.865333	0.873567	0.870363	0.861533	0.884367	0.870398	0.865333	0.873567	0.870363	0.861533	0.884367	1	1	5.45556	
5.23393	1	30	4.53803	1	30	4.53812	1	30	0	0	0	0.880267	0.875	0.8834	0.880267	0.8684	0.8891	0.880267	0.875	0.8834	0.880267	0.8684	0.8891	1	1	5.47273	
5.47641	1	32	4.5543	1	27	4.55431	1	27	0	0	0	0.890556	0.8859	0.8926	0.890523	0.8857	0.9012	0.890556	0.8859	0.8926	0.890523	0.8857	0.9012	1	1	5.4876	
6.08896	1	42	4.58459	1	29	4.58491	1	29	0	0	0	0.900446	0.896233	0.902767	0.900412	0.892867	0.908167	0.900446	0.896233	0.902767	0.900412	0.892867	0.908167	1	1	5.51866	
7.67656	1	102	4.6	1	30	4.60008	1	30	0	0	0	0.909842	0.908786	0.911571	0.909839	0.9017	0.920243	0.909842	0.908786	0.911571	0.909839	0.9017	0.920243	1	1	5.53021	
78.808	1	952	4.62362	1	35	4.62273	1	35	0	0	0	0.919857	0.918386	0.921714	0.918886	0.913443	0.9273	0.919857	0.918386	0.921714	0.918886	0.913443	0.9273	1	1	5.55094	
214.635	1	2490	4.64852	1	41	4.64899	1	41	0	0	0	0.929842	0.928357	0.931843	0.926949	0.917657	0.933286	0.929842	0.928357	0.931843	0.926949	0.917657	0.933286	1	1	5.57427	
