3.94667	1	8	3.94667	1	8	3.94689	1	8	0	0	0	0.00992292	0.0091	0.0112667	0.00992292	0.00873333	0.0108	0.00992292	0.0091	0.0112667	0.00992292	0.00873333	0.0108	1	1	4.94625	
3.94837	1	8	3.94837	1	8	3.94837	1	8	0	0	0	0.0201354	0.0188667	0.0217	0.0201292	0.0191333	0.0212	0.0201354	0.0188667	0.0217	0.0201292	0.0191333	0.0212	1	1	4.94765	
3.93199	1	12	3.93199	1	12	3.93193	1	12	0	0	0	0.0299896	0.0283667	0.0318667	0.0299896	0.0277333	0.0326	0.0299896	0.0283667	0.0318667	0.0299896	0.0277333	0.0326	1	1	4.93102	
3.92	1	11	3.92	1	11	3.91987	1	11	0	0	0	0.0401063	0.0385667	0.0419	0.0401063	0.0380667	0.0442667	0.0401063	0.0385667	0.0419	0.0401063	0.0380667	0.0442667	1	1	4.91855	
3.93931	1	12	3.93931	1	12	3.93937	1	12	0	0	0	0.0501896	0.0482	0.0528667	0.0501896	0.0481667	0.0519667	0.0501896	0.0482	0.0528667	0.0501896	0.0481667	0.0519667	1	1	4.93786	
3.93761	1	12	3.93761	1	12	3.93805	1	12	0	0	0	0.0603771	0.0582333	0.0635	0.0603833	0.0581667	0.0634333	0.0603771	0.0582333	0.0635	0.0603833	0.0581667	0.0634333	1	1	4.93561	
3.93183	1	13	3.93183	1	13	3.93224	1	13	0	0	0	0.0703167	0.0682333	0.0740667	0.0703229	0.0644667	0.0734667	0.0703167	0.0682333	0.0740667	0.0703229	0.0644667	0.0734667	1	1	4.92975	
3.932	1	13	3.932	1	13	3.932	1	13	0	0	0	0.0804833	0.0782	0.0842333	0.0804854	0.0764	0.0845667	0.0804833	0.0782	0.0842333	0.0804854	0.0764	0.0845667	1	1	4.92938	
3.95338	1	13	3.95338	1	13	3.95354	1	13	0	0	0	0.0902333	0.0876	0.0949667	0.0902479	0.0875667	0.0957667	0.0902333	0.0876	0.0949667	0.0902479	0.0875667	0.0957667	1	1	4.94992	
3.94745	1	13	3.94745	1	13	3.94768	1	13	0	0	0	0.100373	0.0977667	0.104467	0.100388	0.0975667	0.105067	0.100373	0.0977667	0.104467	0.100388	0.0975667	0.105067	1	1	4.94456	
3.95376	1	13	3.95376	1	13	3.95383	1	13	0	0	0	0.110113	0.107767	0.114633	0.110125	0.107833	0.1132	0.110113	0.107767	0.114633	0.110125	0.107833	0.1132	1	1	4.94986	
3.95515	1	13	3.95515	1	13	3.95531	1	13	0	0	0	0.120129	0.117067	0.124867	0.12015	0.116267	0.1234	0.120129	0.117067	0.124867	0.12015	0.116267	0.1234	1	1	4.95108	
3.95488	1	14	3.95488	1	14	3.95491	1	14	0	0	0	0.130342	0.126633	0.134433	0.130358	0.1264	0.1338	0.130342	0.126633	0.134433	0.130358	0.1264	0.1338	1	1	4.9504	
3.96902	1	14	3.96902	1	14	3.96894	1	14	0	0	0	0.14034	0.1367	0.145267	0.14035	0.136367	0.142733	0.14034	0.1367	0.145267	0.14035	0.136367	0.142733	1	1	4.96375	
3.95692	1	14	3.95692	1	14	3.95686	1	14	0	0	0	0.150237	0.1459	0.155733	0.150254	0.147667	0.1551	0.150237	0.1459	0.155733	0.150254	0.147667	0.1551	1	1	4.95151	
3.96387	1	14	3.96386	1	14	3.96384	1	14	0	0	0	0.159967	0.154367	0.1663	0.159988	0.156933	0.162667	0.159967	0.154367	0.1663	0.159988	0.156933	0.162667	1	1	4.95821	
3.96308	1	14	3.96308	1	14	3.96312	1	14	0	0	0	0.169842	0.164833	0.175667	0.169862	0.165967	0.1737	0.169842	0.164833	0.175667	0.169862	0.165967	0.1737	1	1	4.95685	
3.9683	1	14	3.9683	1	14	3.96838	1	14	0	0	0	0.179825	0.1744	0.186	0.179852	0.1751	0.184167	0.179825	0.1744	0.186	0.179852	0.1751	0.184167	1	1	4.96159	
3.97237	1	14	3.97237	1	14	3.97257	1	14	0	0	0	0.189817	0.184467	0.1956	0.189848	0.1866	0.1934	0.189817	0.184467	0.1956	0.189848	0.1866	0.1934	1	1	4.96519	
3.96959	1	14	3.96958	1	14	3.96948	1	14	0	0	0	0.199869	0.1934	0.2052	0.199896	0.1923	0.2056	0.199869	0.1934	0.2052	0.199896	0.1923	0.2056	1	1	4.96244	
3.98046	1	14	3.98046	1	14	3.98049	1	14	0	0	0	0.20989	0.204167	0.215133	0.209904	0.205233	0.214767	0.20989	0.204167	0.215133	0.209904	0.205233	0.214767	1	1	4.97341	
3.96712	1	14	3.96706	1	14	3.9671	1	14	0	0	0	0.219781	0.215167	0.225467	0.219806	0.2154	0.225667	0.219781	0.215167	0.225467	0.219806	0.2154	0.225667	1	1	4.95883	
3.96943	1	14	3.96941	1	14	3.96966	1	14	0	0	0	0.229696	0.224633	0.2354	0.229721	0.2263	0.235367	0.229696	0.224633	0.2354	0.229721	0.2263	0.235367	1	1	4.96059	
3.97589	1	14	3.97588	1	14	3.97608	1	14	0	0	0	0.239669	0.2349	0.245667	0.239702	0.235933	0.242867	0.239669	0.2349	0.245667	0.239702	0.235933	0.242867	1	1	4.96673	
3.98822	1	15	3.9882	1	15	3.98836	1	15	0	0	0	0.249798	0.245467	0.254767	0.249831	0.244933	0.255167	0.249798	0.245467	0.254767	0.249831	0.244933	0.255167	1	1	4.97872	
3.99828	1	20	3.99825	1	20	3.9986	1	20	0	0	0	0.259594	0.255433	0.264533	0.259623	0.254933	0.267733	0.259594	0.255433	0.264533	0.259623	0.254933	0.267733	1	1	4.98836	
3.9899	1	20	3.98986	1	20	3.99012	1	20	0	0	0	0.26954	0.2651	0.275667	0.269571	0.264733	0.274167	0.26954	0.2651	0.275667	0.269571	0.264733	0.274167	1	1	4.9795	
3.99993	1	17	3.99987	1	17	4.00007	1	17	0	0	0	0.279729	0.275033	0.286233	0.279758	0.2706	0.286233	0.279729	0.275033	0.286233	0.279758	0.2706	0.286233	1	1	4.98869	
4.01177	1	14	4.01176	1	14	4.01177	1	14	0	0	0	0.289615	0.2851	0.296567	0.289637	0.285167	0.294767	0.289615	0.2851	0.296567	0.289637	0.285167	0.294767	1	1	5.00029	
4.0088	1	17	4.00877	1	17	4.00904	1	17	0	0	0	0.299681	0.294867	0.3054	0.299694	0.294933	0.305667	0.299681	0.294867	0.3054	0.299694	0.294933	0.305667	1	1	4.99624	
4.02703	1	20	4.02696	1	20	4.02699	1	20	0	0	0	0.309604	0.305067	0.315667	0.309627	0.305667	0.312533	0.309604	0.305067	0.315667	0.309627	0.305667	0.312533	1	1	5.01379	
4.02521	1	19	4.0251	1	19	4.02508	1	19	0	0	0	0.319421	0.3153	0.325933	0.319446	0.312667	0.323167	0.319421	0.3153	0.325933	0.319446	0.312667	0.323167	1	1	5.01201	
4.02501	1	20	4.02484	1	20	4.02495	1	20	0	0	0	0.329415	0.324933	0.3361	0.329437	0.322667	0.337833	0.329415	0.324933	0.3361	0.329437	0.322667	0.337833	1	1	5.01128	
4.03592	1	20	4.03584	1	20	4.0358	1	20	0	0	0	0.339217	0.3345	0.345733	0.339238	0.3345	0.347333	0.339217	0.3345	0.345733	0.339238	0.3345	0.347333	1	1	5.0214	
4.04144	1	21	4.04122	1	21	4.04134	1	21	0	0	0	0.349271	0.343967	0.3562	0.349277	0.344833	0.3533	0.349271	0.343967	0.3562	0.349277	0.344833	0.3533	1	1	5.02664	
4.05293	1	18	4.0527	1	18	4.05272	1	18	0	0	0	0.359258	0.3535	0.3672	0.359269	0.354767	0.363067	0.359258	0.3535	0.3672	0.359269	0.354767	0.363067	1	1	5.03733	
4.05407	1	18	4.05379	1	18	4.05405	1	18	0	0	0	0.369567	0.364267	0.3781	0.369579	0.363267	0.3744	0.369567	0.364267	0.3781	0.369579	0.363267	0.3744	1	1	5.03699	
4.06474	1	15	4.06444	1	15	4.06461	1	15	0	0	0	0.379606	0.374667	0.387667	0.37961	0.3725	0.3832	0.379606	0.374667	0.387667	0.37961	0.3725	0.3832	1	1	5.0479	
4.06688	1	20	4.06661	1	20	4.0668	1	20	0	0	0	0.389754	0.385367	0.3965	0.389769	0.3854	0.3962	0.389754	0.385367	0.3965	0.389769	0.3854	0.3962	1	1	5.04973	
4.08058	1	20	4.08024	1	20	4.08024	1	20	0	0	0	0.399781	0.395467	0.406667	0.39979	0.394467	0.407867	0.399781	0.395467	0.406667	0.39979	0.394467	0.407867	1	1	5.06219	
4.08275	1	20	4.08242	1	20	4.08244	1	20	0	0	0	0.409765	0.405433	0.416067	0.409779	0.405467	0.4148	0.409765	0.405433	0.416067	0.409779	0.405467	0.4148	1	1	5.06351	
4.08723	1	19	4.08679	1	19	4.08693	1	19	0	0	0	0.419729	0.415733	0.426467	0.419735	0.4118	0.425233	0.419729	0.415733	0.426467	0.419735	0.4118	0.425233	1	1	5.06685	
4.09739	1	20	4.09704	1	20	4.09715	1	20	0	0	0	0.429908	0.426933	0.436	0.429912	0.4213	0.4375	0.429908	0.426933	0.436	0.429912	0.4213	0.4375	1	1	5.07787	
4.1063	1	20	4.10588	1	20	4.10615	1	20	0	0	0	0.440048	0.436367	0.4466	0.440048	0.4363	0.4444	0.440048	0.436367	0.4466	0.440048	0.4363	0.4444	1	1	5.08469	
4.11751	1	21	4.11697	1	21	4.11719	1	21	0	0	0	0.450021	0.4468	0.4568	0.450044	0.443933	0.4558	0.450021	0.4468	0.4568	0.450044	0.443933	0.4558	1	1	5.09606	
4.11704	1	19	4.11646	1	19	4.1166	1	19	0	0	0	0.460192	0.456167	0.468167	0.460196	0.454	0.4654	0.460192	0.456167	0.468167	0.460196	0.454	0.4654	1	1	5.0953	
4.12387	1	21	4.12321	1	21	4.12325	1	21	0	0	0	0.47045	0.4659	0.4778	0.470448	0.463267	0.476067	0.47045	0.4659	0.4778	0.470448	0.463267	0.476067	1	1	5.10236	
4.14144	1	21	4.14066	1	21	4.14093	1	21	0	0	0	0.480369	0.4752	0.487867	0.480356	0.474267	0.485767	0.480369	0.4752	0.487867	0.480356	0.474267	0.485767	1	1	5.11846	
4.14494	1	20	4.14405	1	20	4.14408	1	20	0	0	0	0.490358	0.4858	0.499167	0.490331	0.4828	0.495333	0.490358	0.4858	0.499167	0.490331	0.4828	0.495333	1	1	5.1213	
4.15052	1	23	4.14956	1	23	4.14975	1	23	0	0	0	0.500392	0.4952	0.510367	0.500373	0.492133	0.5099	0.500392	0.4952	0.510367	0.500373	0.492133	0.5099	1	1	5.12614	
4.15729	1	20	4.1562	1	20	4.15611	1	20	0	0	0	0.510146	0.504667	0.5203	0.510154	0.504333	0.522567	0.510146	0.504667	0.5203	0.510154	0.504333	0.522567	1	1	5.13131	
4.16896	1	20	4.16785	1	20	4.16792	1	20	0	0	0	0.520217	0.514267	0.53	0.520202	0.511667	0.527767	0.520217	0.514267	0.53	0.520202	0.511667	0.527767	1	1	5.14232	
4.17306	1	21	4.17179	1	21	4.17187	1	21	0	0	0	0.530154	0.524033	0.5396	0.530154	0.521433	0.534133	0.530154	0.524033	0.5396	0.530154	0.521433	0.534133	1	1	5.14604	
4.18867	1	19	4.18722	1	19	4.18713	1	19	0	0	0	0.540154	0.535067	0.549	0.54015	0.530933	0.545667	0.540154	0.535067	0.549	0.54015	0.530933	0.545667	1	1	5.16034	
4.19916	1	21	4.19737	1	21	4.19759	1	21	0	0	0	0.550031	0.544467	0.5586	0.550033	0.544167	0.5548	0.550031	0.544467	0.5586	0.550033	0.544167	0.5548	1	1	5.17005	
4.2108	1	22	4.20922	1	22	4.20934	1	22	0	0	0	0.560129	0.553933	0.568633	0.560123	0.553733	0.577933	0.560129	0.553933	0.568633	0.560123	0.553733	0.577933	1	1	5.1807	
4.22462	1	22	4.2229	1	22	4.22306	1	22	0	0	0	0.57025	0.563667	0.578667	0.570248	0.561333	0.577967	0.57025	0.563667	0.578667	0.570248	0.561333	0.577967	1	1	5.19434	
4.22597	1	21	4.22384	1	21	4.224	1	21	0	0	0	0.580067	0.573533	0.588933	0.580052	0.575433	0.586167	0.580067	0.573533	0.588933	0.580052	0.575433	0.586167	1	1	5.19399	
4.24073	1	22	4.23852	1	22	4.23857	1	22	0	0	0	0.58985	0.584	0.598667	0.589825	0.583467	0.597633	0.58985	0.584	0.598667	0.589825	0.583467	0.597633	1	1	5.20837	
4.24744	1	22	4.24456	1	22	4.24483	1	22	0	0	0	0.600015	0.5946	0.607967	0.60001	0.591467	0.6081	0.600015	0.5946	0.607967	0.60001	0.591467	0.6081	1	1	5.21295	
4.26359	1	21	4.26091	1	21	4.26097	1	21	0	0	0	0.609783	0.6043	0.617367	0.609779	0.601833	0.6174	0.609783	0.6043	0.617367	0.609779	0.601833	0.6174	1	1	5.22955	
4.2772	1	21	4.27354	1	21	4.2739	1	21	0	0	0	0.619815	0.613133	0.627067	0.619806	0.611367	0.6246	0.619815	0.613133	0.627067	0.619806	0.611367	0.6246	1	1	5.24089	
4.28605	1	24	4.28152	1	24	4.28171	1	24	0	0	0	0.629885	0.623133	0.637167	0.629881	0.622133	0.635833	0.629885	0.623133	0.637167	0.629881	0.622133	0.635833	1	1	5.24839	
4.30134	1	21	4.29695	1	21	4.29703	1	21	0	0	0	0.63989	0.633933	0.646667	0.639865	0.630733	0.645033	0.63989	0.633933	0.646667	0.639865	0.630733	0.645033	1	1	5.26259	
4.31689	1	22	4.31238	1	22	4.31265	1	22	0	0	0	0.65014	0.644633	0.657733	0.650102	0.645467	0.658367	0.65014	0.644633	0.657733	0.650102	0.645467	0.658367	1	1	5.27782	
4.3224	1	27	4.31726	1	27	4.31725	1	27	0	0	0	0.660092	0.653967	0.668167	0.660083	0.6487	0.669633	0.660092	0.653967	0.668167	0.660083	0.6487	0.669633	1	1	5.28227	
4.34143	1	24	4.33606	1	24	4.33612	1	24	0	0	0	0.670171	0.663933	0.677867	0.67015	0.658333	0.676067	0.670171	0.663933	0.677867	0.67015	0.658333	0.676067	1	1	5.2997	
4.3531	1	22	4.34694	1	22	4.34715	1	22	0	0	0	0.680292	0.6738	0.686733	0.680269	0.673267	0.6861	0.680292	0.6738	0.686733	0.680269	0.673267	0.6861	1	1	5.30892	
4.36536	1	27	4.3588	1	27	4.35899	1	27	0	0	0	0.690075	0.684433	0.697333	0.69005	0.685733	0.695633	0.690075	0.684433	0.697333	0.69005	0.685733	0.695633	1	1	5.32061	
4.38031	1	28	4.373	1	28	4.37322	1	28	0	0	0	0.700092	0.694	0.706967	0.700073	0.6919	0.708733	0.700092	0.694	0.706967	0.700073	0.6919	0.708733	1	1	5.33361	
4.39418	1	28	4.3858	1	28	4.38608	1	28	0	0	0	0.709954	0.7034	0.716467	0.709963	0.701833	0.716067	0.709954	0.7034	0.716467	0.709963	0.701833	0.716067	1	1	5.3446	
4.40516	1	22	4.39552	1	22	4.39563	1	22	0	0	0	0.719827	0.7137	0.7253	0.719812	0.710067	0.7283	0.719827	0.7137	0.7253	0.719812	0.710067	0.7283	1	1	5.35529	
4.42368	1	22	4.41322	1	22	4.41331	1	22	0	0	0	0.729708	0.724067	0.734867	0.729715	0.7209	0.743467	0.729708	0.724067	0.734867	0.729715	0.7209	0.743467	1	1	5.37067	
4.44418	1	22	4.43243	1	22	4.4325	1	22	0	0	0	0.739906	0.734667	0.744933	0.73991	0.7334	0.749667	0.739906	0.734667	0.744933	0.73991	0.7334	0.749667	1	1	5.38964	
4.46318	1	28	4.45015	1	28	4.45021	1	28	0	0	0	0.749865	0.745067	0.754633	0.749852	0.743	0.756533	0.749865	0.745067	0.754633	0.749852	0.743	0.756533	1	1	5.40567	
4.47207	1	22	4.45696	1	22	4.457	1	22	0	0	0	0.759725	0.754933	0.7651	0.759706	0.7484	0.772033	0.759725	0.754933	0.7651	0.759706	0.7484	0.772033	1	1	5.41187	
4.49421	1	28	4.47864	1	28	4.47878	1	28	0	0	0	0.769635	0.764033	0.775533	0.7696	0.761733	0.778133	0.769635	0.764033	0.775533	0.7696	0.761733	0.778133	1	1	5.42997	
4.51336	1	26	4.49538	1	26	4.49548	1	26	0	0	0	0.779442	0.7742	0.7853	0.779425	0.767767	0.788733	0.779442	0.7742	0.7853	0.779425	0.767767	0.788733	1	1	5.4474	
4.52269	1	26	4.50346	1	26	4.50382	1	26	0	0	0	0.78939	0.7845	0.795233	0.789346	0.781367	0.796233	0.78939	0.7845	0.795233	0.789346	0.781367	0.796233	1	1	5.45497	
4.53457	1	30	4.51309	1	30	4.51313	1	30	0	0	0	0.799481	0.793967	0.806067	0.799465	0.786767	0.811767	0.799481	0.793967	0.806067	0.799465	0.786767	0.811767	1	1	5.46418	
4.55769	1	23	4.53133	1	23	4.53164	1	23	0	0	0	0.809767	0.804233	0.8156	0.80975	0.8013	0.818533	0.809767	0.804233	0.8156	0.80975	0.8013	0.818533	1	1	5.48221	
4.57365	1	28	4.54573	1	28	4.54609	1	28	0	0	0	0.81989	0.814767	0.8251	0.819867	0.8111	0.8278	0.81989	0.814767	0.8251	0.819867	0.8111	0.8278	1	1	5.49619	
4.59872	1	26	4.56597	1	26	4.56613	1	26	0	0	0	0.829783	0.8241	0.8353	0.829767	0.814233	0.8382	0.829783	0.8241	0.8353	0.829767	0.814233	0.8382	1	1	5.51439	
4.62699	1	29	4.59063	1	29	4.59089	1	29	0	0	0	0.839946	0.834733	0.8448	0.839925	0.835133	0.848633	0.839946	0.834733	0.8448	0.839925	0.835133	0.848633	1	1	5.53851	
4.64667	1	25	4.6042	1	25	4.60436	1	25	0	0	0	0.850094	0.844567	0.854533	0.850031	0.8439	0.861267	0.850094	0.844567	0.854533	0.850031	0.8439	0.861267	1	1	5.55067	
4.6713	1	29	4.62274	1	29	4.62317	1	29	0	0	0	0.860204	0.854933	0.864	0.860165	0.845733	0.869	0.860204	0.854933	0.864	0.860165	0.845733	0.869	1	1	5.56811	
4.68959	1	26	4.63629	1	26	4.63648	1	26	0	0	0	0.870398	0.865333	0.873567	0.870406	0.863267	0.880067	0.870398	0.865333	0.873567	0.870406	0.863267	0.880067	1	1	5.58105	
4.72874	1	29	4.66717	1	29	4.66716	1	29	0	0	0	0.880267	0.875	0.8834	0.88026	0.871133	0.887267	0.880267	0.875	0.8834	0.88026	0.871133	0.887267	1	1	5.60681	
4.75985	1	28	4.68414	1	28	4.68455	1	28	0	0	0	0.890556	0.8859	0.8926	0.89065	0.8833	0.9002	0.890556	0.8859	0.8926	0.89065	0.8833	0.9002	1	1	5.62599	
4.7839	1	25	4.69702	1	25	4.69736	1	25	0	0	0	0.900446	0.896233	0.902767	0.900417	0.887733	0.9117	0.900446	0.896233	0.902767	0.900417	0.887733	0.9117	1	1	5.63651	
4.83827	1	28	4.72318	1	28	4.72363	1	28	0	0	0	0.910406	0.906467	0.913267	0.910448	0.901733	0.9213	0.910406	0.906467	0.913267	0.910448	0.901733	0.9213	1	1	5.66173	
4.87434	1	28	4.74581	1	28	4.74607	1	28	0	0	0	0.920362	0.916433	0.923067	0.920331	0.9118	0.9273	0.920362	0.916433	0.923067	0.920331	0.9118	0.9273	1	1	5.68454	
4.92374	1	30	4.76228	1	30	4.76249	1	30	0	0	0	0.930244	0.9268	0.932367	0.930221	0.919133	0.944467	0.930244	0.9268	0.932367	0.930221	0.919133	0.944467	1	1	5.69786	
5.01779	1	28	4.78896	1	28	4.78913	1	28	0	0	0	0.940154	0.937233	0.942833	0.94016	0.931567	0.9479	0.940154	0.937233	0.942833	0.94016	0.931567	0.9479	1	1	5.72354	
5.13087	1	29	4.81685	1	29	4.81654	1	29	0	0	0	0.950179	0.947133	0.952133	0.95016	0.9439	0.9578	0.950179	0.947133	0.952133	0.95016	0.9439	0.9578	1	1	5.74795	
5.3118	1	29	4.83193	1	29	4.83231	1	29	0	0	0	0.96034	0.958333	0.962233	0.960258	0.9515	0.9686	0.96034	0.958333	0.962233	0.960258	0.9515	0.9686	1	1	5.76288	
5.76325	1	27	4.85257	1	26	4.85324	1	26	0	0	0	0.970213	0.968467	0.971667	0.970137	0.9596	0.979033	0.970213	0.968467	0.971667	0.970137	0.9596	0.979033	1	1	5.78398	
21.5282	1	200	4.89018	1	37	4.89015	1	37	0	0	0	0.980043	0.9793	0.980871	0.979974	0.971929	0.9856	0.980043	0.9793	0.980871	0.979974	0.971929	0.9856	1	1	5.81747	
280.23	1	1544	4.93872	1	81	4.93724	1	81	0	0	0	0.989964	0.989486	0.9905	0.985916	0.980429	0.996086	0.989964	0.989486	0.9905	0.985916	0.980429	0.996086	1	1	5.86539	
