3.83393	1	8	3.83393	1	8	3.83393	1	8	0	0	0	0.00992292	0.0091	0.0112667	0.00991875	0.0089	0.0107333	0.00992292	0.0091	0.0112667	0.00991875	0.0089	0.0107333	1	1	4.83372	
3.85804	1	8	3.85804	1	8	3.85816	1	8	0	0	0	0.0201354	0.0188667	0.0217	0.0201292	0.0188	0.0216333	0.0201354	0.0188667	0.0217	0.0201292	0.0188	0.0216333	1	1	4.85753	
3.87169	1	8	3.87169	1	8	3.87153	1	8	0	0	0	0.0299896	0.0283667	0.0318667	0.0299896	0.0284667	0.0317667	0.0299896	0.0283667	0.0318667	0.0299896	0.0284667	0.0317667	1	1	4.87044	
3.85357	1	8	3.85357	1	8	3.85344	1	8	0	0	0	0.0401063	0.0385667	0.0419	0.0401063	0.0387	0.0421333	0.0401063	0.0385667	0.0419	0.0401063	0.0387	0.0421333	1	1	4.85216	
3.85285	1	14	3.85285	1	14	3.85331	1	14	0	0	0	0.0501896	0.0482	0.0528667	0.0501896	0.0471	0.0537333	0.0501896	0.0482	0.0528667	0.0501896	0.0471	0.0537333	1	1	4.85131	
3.85301	1	12	3.85301	1	12	3.85326	1	12	0	0	0	0.0603771	0.0582333	0.0635	0.0603833	0.0572	0.0632	0.0603771	0.0582333	0.0635	0.0603833	0.0572	0.0632	1	1	4.85111	
3.85518	1	14	3.85518	1	14	3.85545	1	14	0	0	0	0.0703167	0.0682333	0.0740667	0.0703292	0.0674667	0.0726	0.0703167	0.0682333	0.0740667	0.0703292	0.0674667	0.0726	1	1	4.85245	
3.86527	1	12	3.86527	1	12	3.8654	1	12	0	0	0	0.0804833	0.0782	0.0842333	0.0804938	0.0769667	0.0826667	0.0804833	0.0782	0.0842333	0.0804938	0.0769667	0.0826667	1	1	4.86252	
3.86833	1	13	3.86833	1	13	3.86836	1	13	0	0	0	0.0902333	0.0876	0.0949667	0.09025	0.0858667	0.0939	0.0902333	0.0876	0.0949667	0.09025	0.0858667	0.0939	1	1	4.86479	
3.87347	1	13	3.87347	1	13	3.87345	1	13	0	0	0	0.100373	0.0977667	0.104467	0.100381	0.0977667	0.102767	0.100373	0.0977667	0.104467	0.100381	0.0977667	0.102767	1	1	4.86996	
3.85479	1	13	3.85479	1	13	3.85475	1	13	0	0	0	0.110113	0.107767	0.114633	0.110129	0.1033	0.114533	0.110113	0.107767	0.114633	0.110129	0.1033	0.114533	1	1	4.85095	
3.87709	1	13	3.87709	1	13	3.87716	1	13	0	0	0	0.120129	0.117067	0.124867	0.120148	0.1156	0.123667	0.120129	0.117067	0.124867	0.120148	0.1156	0.123667	1	1	4.87283	
3.86794	1	14	3.86794	1	14	3.86801	1	14	0	0	0	0.130342	0.126633	0.134433	0.130352	0.126833	0.134733	0.130342	0.126633	0.134433	0.130352	0.126833	0.134733	1	1	4.86286	
3.87456	1	14	3.87456	1	14	3.87457	1	14	0	0	0	0.14034	0.1367	0.145267	0.140354	0.136867	0.1438	0.14034	0.1367	0.145267	0.140354	0.136867	0.1438	1	1	4.8691	
3.87513	1	14	3.87513	1	14	3.87512	1	14	0	0	0	0.150237	0.1459	0.155733	0.150252	0.1476	0.1533	0.150237	0.1459	0.155733	0.150252	0.1476	0.1533	1	1	4.86997	
3.88378	1	15	3.88378	1	15	3.88395	1	15	0	0	0	0.159967	0.154367	0.1663	0.159988	0.155333	0.1638	0.159967	0.154367	0.1663	0.159988	0.155333	0.1638	1	1	4.87824	
3.87698	1	14	3.87698	1	14	3.8771	1	14	0	0	0	0.169842	0.164833	0.175667	0.169858	0.166733	0.1732	0.169842	0.164833	0.175667	0.169858	0.166733	0.1732	1	1	4.87032	
3.88575	1	14	3.88573	1	14	3.88607	1	14	0	0	0	0.179825	0.1744	0.186	0.179852	0.1766	0.1842	0.179825	0.1744	0.186	0.179852	0.1766	0.1842	1	1	4.87874	
3.88368	1	14	3.88367	1	14	3.8839	1	14	0	0	0	0.189817	0.184467	0.1956	0.189848	0.185867	0.193733	0.189817	0.184467	0.1956	0.189848	0.185867	0.193733	1	1	4.87628	
3.88634	1	14	3.88633	1	14	3.8864	1	14	0	0	0	0.199869	0.1934	0.2052	0.1999	0.194767	0.2057	0.199869	0.1934	0.2052	0.1999	0.194767	0.2057	1	1	4.87873	
3.89232	1	14	3.89231	1	14	3.89246	1	14	0	0	0	0.20989	0.204167	0.215133	0.209915	0.205433	0.213833	0.20989	0.204167	0.215133	0.209915	0.205433	0.213833	1	1	4.88413	
3.89666	1	14	3.89662	1	14	3.89666	1	14	0	0	0	0.219781	0.215167	0.225467	0.219808	0.2153	0.225667	0.219781	0.215167	0.225467	0.219808	0.2153	0.225667	1	1	4.88768	
3.90339	1	15	3.90338	1	15	3.9036	1	15	0	0	0	0.229696	0.224633	0.2354	0.229727	0.2266	0.2332	0.229696	0.224633	0.2354	0.229727	0.2266	0.2332	1	1	4.89388	
3.89372	1	15	3.89369	1	15	3.89398	1	15	0	0	0	0.239669	0.2349	0.245667	0.239696	0.2341	0.244467	0.239669	0.2349	0.245667	0.239696	0.2341	0.244467	1	1	4.884	
3.91063	1	14	3.91056	1	14	3.91063	1	14	0	0	0	0.249798	0.245467	0.254767	0.249842	0.247033	0.2527	0.249798	0.245467	0.254767	0.249842	0.247033	0.2527	1	1	4.90052	
3.91466	1	18	3.91465	1	18	3.91459	1	18	0	0	0	0.259594	0.255433	0.264533	0.259617	0.255867	0.2633	0.259594	0.255433	0.264533	0.259617	0.255867	0.2633	1	1	4.90409	
3.91357	1	19	3.91354	1	19	3.91366	1	19	0	0	0	0.26954	0.2651	0.275667	0.269569	0.2651	0.279	0.26954	0.2651	0.275667	0.269569	0.2651	0.279	1	1	4.90233	
3.92715	1	18	3.92708	1	18	3.92703	1	18	0	0	0	0.279729	0.275033	0.286233	0.27976	0.273367	0.286233	0.279729	0.275033	0.286233	0.27976	0.273367	0.286233	1	1	4.9154	
3.92891	1	14	3.92884	1	14	3.929	1	14	0	0	0	0.289615	0.2851	0.296567	0.28964	0.283133	0.297367	0.289615	0.2851	0.296567	0.28964	0.283133	0.297367	1	1	4.91653	
3.93824	1	15	3.93818	1	15	3.93823	1	15	0	0	0	0.299681	0.294867	0.3054	0.299696	0.294167	0.3056	0.299681	0.294867	0.3054	0.299696	0.294167	0.3056	1	1	4.92501	
3.93591	1	14	3.93581	1	14	3.93587	1	14	0	0	0	0.309604	0.305067	0.315667	0.309617	0.3052	0.315733	0.309604	0.305067	0.315667	0.309617	0.3052	0.315733	1	1	4.92194	
3.93914	1	15	3.93906	1	15	3.9391	1	15	0	0	0	0.319421	0.3153	0.325933	0.319435	0.3149	0.3256	0.319421	0.3153	0.325933	0.319435	0.3149	0.3256	1	1	4.92577	
3.95538	1	19	3.9552	1	19	3.95558	1	19	0	0	0	0.329415	0.324933	0.3361	0.329429	0.325833	0.3346	0.329415	0.324933	0.3361	0.329429	0.325833	0.3346	1	1	4.94124	
3.95412	1	18	3.95399	1	18	3.95408	1	18	0	0	0	0.339217	0.3345	0.345733	0.339227	0.334	0.343267	0.339217	0.3345	0.345733	0.339227	0.334	0.343267	1	1	4.93942	
3.95883	1	19	3.95866	1	19	3.95897	1	19	0	0	0	0.349271	0.343967	0.3562	0.34929	0.344433	0.3541	0.349271	0.343967	0.3562	0.34929	0.344433	0.3541	1	1	4.94298	
3.95726	1	15	3.95716	1	15	3.9572	1	15	0	0	0	0.359258	0.3535	0.3672	0.359267	0.354533	0.369	0.359258	0.3535	0.3672	0.359267	0.354533	0.369	1	1	4.94158	
3.97078	1	19	3.97054	1	19	3.97079	1	19	0	0	0	0.369567	0.364267	0.3781	0.369581	0.362467	0.377867	0.369567	0.364267	0.3781	0.369581	0.362467	0.377867	1	1	4.95441	
3.96927	1	19	3.96906	1	19	3.96905	1	19	0	0	0	0.379606	0.374667	0.387667	0.379627	0.375	0.386033	0.379606	0.374667	0.387667	0.379627	0.375	0.386033	1	1	4.95206	
3.97688	1	19	3.97655	1	19	3.9766	1	19	0	0	0	0.389754	0.385367	0.3965	0.38976	0.3804	0.395867	0.389754	0.385367	0.3965	0.38976	0.3804	0.395867	1	1	4.95941	
3.98469	1	19	3.98436	1	19	3.9844	1	19	0	0	0	0.399781	0.395467	0.406667	0.399785	0.396433	0.406433	0.399781	0.395467	0.406667	0.399785	0.396433	0.406433	1	1	4.96616	
3.99826	1	20	3.99786	1	20	3.99784	1	20	0	0	0	0.409765	0.405433	0.416067	0.409781	0.4041	0.4138	0.409765	0.405433	0.416067	0.409781	0.4041	0.4138	1	1	4.98	
4.00263	1	18	4.00225	1	18	4.00256	1	18	0	0	0	0.419729	0.415733	0.426467	0.41975	0.413233	0.427867	0.419729	0.415733	0.426467	0.41975	0.413233	0.427867	1	1	4.9833	
4.00582	1	20	4.00524	1	20	4.00539	1	20	0	0	0	0.429908	0.426933	0.436	0.429923	0.425	0.439733	0.429908	0.426933	0.436	0.429923	0.425	0.439733	1	1	4.98522	
4.01155	1	19	4.01104	1	19	4.01128	1	19	0	0	0	0.440048	0.436367	0.4466	0.44006	0.436733	0.4448	0.440048	0.436367	0.4466	0.44006	0.436733	0.4448	1	1	4.99044	
4.02508	1	19	4.02454	1	19	4.02468	1	19	0	0	0	0.450021	0.4468	0.4568	0.450023	0.440067	0.46	0.450021	0.4468	0.4568	0.450023	0.440067	0.46	1	1	5.00287	
4.02807	1	19	4.02752	1	19	4.02754	1	19	0	0	0	0.460192	0.456167	0.468167	0.460196	0.450667	0.467433	0.460192	0.456167	0.468167	0.460196	0.450667	0.467433	1	1	5.00569	
4.03967	1	21	4.03905	1	21	4.03909	1	21	0	0	0	0.47045	0.4659	0.4778	0.470452	0.466233	0.4756	0.47045	0.4659	0.4778	0.470452	0.466233	0.4756	1	1	5.01642	
4.0466	1	20	4.04573	1	20	4.04594	1	20	0	0	0	0.480369	0.4752	0.487867	0.48036	0.475267	0.486	0.480369	0.4752	0.487867	0.48036	0.475267	0.486	1	1	5.02237	
4.0483	1	20	4.04761	1	20	4.04756	1	20	0	0	0	0.490358	0.4858	0.499167	0.490352	0.485867	0.4992	0.490358	0.4858	0.499167	0.490352	0.485867	0.4992	1	1	5.02398	
4.0595	1	20	4.05852	1	20	4.05859	1	20	0	0	0	0.500392	0.4952	0.510367	0.500392	0.491	0.51	0.500392	0.4952	0.510367	0.500392	0.491	0.51	1	1	5.03377	
4.06673	1	22	4.06555	1	22	4.06575	1	22	0	0	0	0.510146	0.504667	0.5203	0.510144	0.502967	0.514867	0.510146	0.504667	0.5203	0.510144	0.502967	0.514867	1	1	5.04	
4.07963	1	21	4.0786	1	21	4.0788	1	21	0	0	0	0.520217	0.514267	0.53	0.520198	0.512633	0.525733	0.520217	0.514267	0.53	0.520198	0.512633	0.525733	1	1	5.05314	
4.08032	1	21	4.07905	1	21	4.0791	1	21	0	0	0	0.530154	0.524033	0.5396	0.53015	0.524533	0.5402	0.530154	0.524033	0.5396	0.53015	0.524533	0.5402	1	1	5.05256	
4.09612	1	21	4.09456	1	21	4.09465	1	21	0	0	0	0.540154	0.535067	0.549	0.54014	0.5337	0.547167	0.540154	0.535067	0.549	0.54014	0.5337	0.547167	1	1	5.06711	
4.1071	1	21	4.10545	1	21	4.1058	1	21	0	0	0	0.550031	0.544467	0.5586	0.550037	0.5421	0.556067	0.550031	0.544467	0.5586	0.550037	0.5421	0.556067	1	1	5.07775	
4.1135	1	21	4.11205	1	21	4.11223	1	21	0	0	0	0.560129	0.553933	0.568633	0.560113	0.553567	0.564467	0.560129	0.553933	0.568633	0.560113	0.553567	0.564467	1	1	5.0841	
4.12472	1	26	4.12298	1	26	4.1231	1	26	0	0	0	0.57025	0.563667	0.578667	0.570231	0.564533	0.5817	0.57025	0.563667	0.578667	0.570231	0.564533	0.5817	1	1	5.09334	
4.13563	1	23	4.13324	1	23	4.13336	1	23	0	0	0	0.580067	0.573533	0.588933	0.580058	0.572433	0.586733	0.580067	0.573533	0.588933	0.580058	0.572433	0.586733	1	1	5.10334	
4.15805	1	29	4.15569	1	29	4.15575	1	29	0	0	0	0.58985	0.584	0.598667	0.589848	0.582567	0.599033	0.58985	0.584	0.598667	0.589848	0.582567	0.599033	1	1	5.12475	
4.162	1	23	4.15928	1	23	4.15942	1	23	0	0	0	0.600015	0.5946	0.607967	0.6	0.594	0.6048	0.600015	0.5946	0.607967	0.6	0.594	0.6048	1	1	5.12766	
4.17284	1	28	4.1701	1	28	4.17038	1	28	0	0	0	0.609783	0.6043	0.617367	0.609775	0.603167	0.622567	0.609783	0.6043	0.617367	0.609775	0.603167	0.622567	1	1	5.13783	
4.18568	1	23	4.18224	1	23	4.18222	1	23	0	0	0	0.619815	0.613133	0.627067	0.619777	0.612767	0.6257	0.619815	0.613133	0.627067	0.619777	0.612767	0.6257	1	1	5.14849	
4.19328	1	21	4.18929	1	21	4.18936	1	21	0	0	0	0.629885	0.623133	0.637167	0.629869	0.624367	0.6364	0.629885	0.623133	0.637167	0.629869	0.624367	0.6364	1	1	5.15464	
4.20272	1	21	4.19826	1	21	4.19844	1	21	0	0	0	0.63989	0.633933	0.646667	0.639865	0.632967	0.6452	0.63989	0.633933	0.646667	0.639865	0.632967	0.6452	1	1	5.1636	
4.21901	1	22	4.2146	1	22	4.215	1	22	0	0	0	0.65014	0.644633	0.657733	0.650121	0.6463	0.653833	0.65014	0.644633	0.657733	0.650121	0.6463	0.653833	1	1	5.17752	
4.21876	1	21	4.21415	1	21	4.21441	1	21	0	0	0	0.660092	0.653967	0.668167	0.660069	0.650467	0.667567	0.660092	0.653967	0.668167	0.660069	0.650467	0.667567	1	1	5.17767	
4.23659	1	24	4.23124	1	24	4.23111	1	24	0	0	0	0.670171	0.663933	0.677867	0.670165	0.662667	0.674067	0.670171	0.663933	0.677867	0.670165	0.662667	0.674067	1	1	5.19488	
4.24479	1	22	4.2389	1	22	4.23898	1	22	0	0	0	0.680292	0.6738	0.686733	0.680279	0.672133	0.6853	0.680292	0.6738	0.686733	0.680279	0.672133	0.6853	1	1	5.20009	
4.26194	1	22	4.25511	1	22	4.25504	1	22	0	0	0	0.690075	0.684433	0.697333	0.690056	0.679867	0.6967	0.690075	0.684433	0.697333	0.690056	0.679867	0.6967	1	1	5.21583	
4.28245	1	28	4.27467	1	28	4.27486	1	28	0	0	0	0.700092	0.694	0.706967	0.700108	0.692433	0.705433	0.700092	0.694	0.706967	0.700108	0.692433	0.705433	1	1	5.23419	
4.29492	1	22	4.28702	1	22	4.28694	1	22	0	0	0	0.709954	0.7034	0.716467	0.709946	0.701267	0.722333	0.709954	0.7034	0.716467	0.709946	0.701267	0.722333	1	1	5.24528	
4.30593	1	29	4.29702	1	29	4.29702	1	29	0	0	0	0.719827	0.7137	0.7253	0.719804	0.708933	0.726733	0.719827	0.7137	0.7253	0.719804	0.708933	0.726733	1	1	5.25443	
4.31217	1	21	4.30212	1	21	4.30225	1	21	0	0	0	0.729708	0.724067	0.734867	0.729702	0.7217	0.7372	0.729708	0.724067	0.734867	0.729702	0.7217	0.7372	1	1	5.25854	
4.32674	1	22	4.31564	1	22	4.31569	1	22	0	0	0	0.739906	0.734667	0.744933	0.739883	0.734833	0.746167	0.739906	0.734667	0.744933	0.739883	0.734833	0.746167	1	1	5.27196	
4.35119	1	26	4.33854	1	26	4.33876	1	26	0	0	0	0.749865	0.745067	0.754633	0.74985	0.742	0.756467	0.749865	0.745067	0.754633	0.74985	0.742	0.756467	1	1	5.2937	
4.36835	1	26	4.35429	1	26	4.35451	1	26	0	0	0	0.759725	0.754933	0.7651	0.759717	0.7499	0.771767	0.759725	0.754933	0.7651	0.759717	0.7499	0.771767	1	1	5.30806	
4.3855	1	26	4.36944	1	26	4.3694	1	26	0	0	0	0.769635	0.764033	0.775533	0.769627	0.760133	0.779	0.769635	0.764033	0.775533	0.769627	0.760133	0.779	1	1	5.32307	
4.40123	1	22	4.3841	1	22	4.38406	1	22	0	0	0	0.779442	0.7742	0.7853	0.779429	0.773833	0.787567	0.779442	0.7742	0.7853	0.779429	0.773833	0.787567	1	1	5.33419	
4.40448	1	23	4.38515	1	23	4.38527	1	23	0	0	0	0.78939	0.7845	0.795233	0.789369	0.779867	0.798533	0.78939	0.7845	0.795233	0.789369	0.779867	0.798533	1	1	5.3347	
4.42815	1	27	4.4067	1	27	4.4067	1	27	0	0	0	0.799481	0.793967	0.806067	0.79946	0.788767	0.809567	0.799481	0.793967	0.806067	0.79946	0.788767	0.809567	1	1	5.35647	
4.44061	1	28	4.41824	1	28	4.41801	1	28	0	0	0	0.809767	0.804233	0.8156	0.80971	0.801333	0.817867	0.809767	0.804233	0.8156	0.80971	0.801333	0.817867	1	1	5.36627	
4.46819	1	28	4.44134	1	28	4.44191	1	28	0	0	0	0.81989	0.814767	0.8251	0.819831	0.810133	0.8306	0.81989	0.814767	0.8251	0.819831	0.810133	0.8306	1	1	5.38856	
4.49771	1	23	4.46571	1	23	4.46578	1	23	0	0	0	0.829783	0.8241	0.8353	0.829781	0.8185	0.841667	0.829783	0.8241	0.8353	0.829781	0.8185	0.841667	1	1	5.41202	
4.49372	1	28	4.45997	1	28	4.46024	1	28	0	0	0	0.839946	0.834733	0.8448	0.839931	0.833167	0.848833	0.839946	0.834733	0.8448	0.839931	0.833167	0.848833	1	1	5.40408	
4.53453	1	26	4.49579	1	26	4.49592	1	26	0	0	0	0.850094	0.844567	0.854533	0.850044	0.843	0.860167	0.850094	0.844567	0.854533	0.850044	0.843	0.860167	1	1	5.43956	
4.55608	1	28	4.51005	1	28	4.51029	1	28	0	0	0	0.860204	0.854933	0.864	0.860225	0.852	0.871267	0.860204	0.854933	0.864	0.860225	0.852	0.871267	1	1	5.45308	
4.58774	1	28	4.53229	1	28	4.53239	1	28	0	0	0	0.870398	0.865333	0.873567	0.870394	0.861567	0.8844	0.870398	0.865333	0.873567	0.870394	0.861567	0.8844	1	1	5.47386	
4.6111	1	23	4.54914	1	23	4.54919	1	23	0	0	0	0.880267	0.875	0.8834	0.880271	0.8683	0.889033	0.880267	0.875	0.8834	0.880271	0.8683	0.889033	1	1	5.48948	
4.63901	1	25	4.5635	1	25	4.56357	1	25	0	0	0	0.890556	0.8859	0.8926	0.89051	0.8857	0.901233	0.890556	0.8859	0.8926	0.89051	0.8857	0.901233	1	1	5.50201	
4.68073	1	28	4.59204	1	28	4.59215	1	28	0	0	0	0.900446	0.896233	0.902767	0.900421	0.8928	0.9082	0.900446	0.896233	0.902767	0.900421	0.8928	0.9082	1	1	5.53003	
4.70791	1	27	4.60652	1	27	4.60686	1	27	0	0	0	0.910406	0.906467	0.913267	0.910396	0.898433	0.9245	0.910406	0.906467	0.913267	0.910396	0.898433	0.9245	1	1	5.545	
4.75183	1	27	4.62135	1	27	4.62156	1	27	0	0	0	0.920362	0.916433	0.923067	0.920435	0.9123	0.934	0.920362	0.916433	0.923067	0.920435	0.9123	0.934	1	1	5.55763	
4.79717	1	29	4.63536	1	29	4.63555	1	29	0	0	0	0.930244	0.9268	0.932367	0.930256	0.918967	0.940567	0.930244	0.9268	0.932367	0.930256	0.918967	0.940567	1	1	5.5714	
4.88686	1	29	4.67633	1	29	4.67671	1	29	0	0	0	0.940154	0.937233	0.942833	0.940173	0.927267	0.9491	0.940154	0.937233	0.942833	0.940173	0.927267	0.9491	1	1	5.60852	
4.96992	1	27	4.68512	1	27	4.6853	1	27	0	0	0	0.950179	0.947133	0.952133	0.950208	0.940533	0.960133	0.950179	0.947133	0.952133	0.950208	0.940533	0.960133	1	1	5.61584	
5.15921	1	29	4.71389	1	29	4.71421	1	29	0	0	0	0.96034	0.958333	0.962233	0.960321	0.951133	0.9699	0.96034	0.958333	0.962233	0.960321	0.951133	0.9699	1	1	5.64452	
5.54099	1	30	4.73478	1	30	4.73508	1	30	0	0	0	0.970213	0.968467	0.971667	0.970258	0.962133	0.983	0.970213	0.968467	0.971667	0.970258	0.962133	0.983	1	1	5.66358	
16.478	1	171	4.77639	1	37	4.77663	1	37	0	0	0	0.980043	0.9793	0.980871	0.979886	0.971929	0.985271	0.980043	0.9793	0.980871	0.979886	0.971929	0.985271	1	1	5.70144	
256.046	1	1351	4.83709	1	71	4.83621	1	71	0	0	0	0.989964	0.989486	0.9905	0.986262	0.977157	0.994057	0.989964	0.989486	0.9905	0.986262	0.977157	0.994057	1	1	5.76011	
