2.88306	1	8	2.88306	1	8	2.88306	1	8	0	0	0	0.00992292	0.0091	0.0112667	0.00992083	0.0086	0.0108333	0.00992292	0.0091	0.0112667	0.00992083	0.0086	0.0108333	1	1	3.88306	
2.89922	1	8	2.89922	1	8	2.89954	1	8	0	0	0	0.0201354	0.0188667	0.0217	0.0201333	0.0184	0.0216333	0.0201354	0.0188667	0.0217	0.0201333	0.0184	0.0216333	1	1	3.89912	
2.87058	1	10	2.87058	1	10	2.87075	1	10	0	0	0	0.0299896	0.0283667	0.0318667	0.0299917	0.0287333	0.0323333	0.0299896	0.0283667	0.0318667	0.0299917	0.0287333	0.0323333	1	1	3.87058	
2.86453	1	8	2.86453	1	8	2.86507	1	8	0	0	0	0.0401063	0.0385667	0.0419	0.0401063	0.0384	0.0419	0.0401063	0.0385667	0.0419	0.0401063	0.0384	0.0419	1	1	3.86432	
2.87323	1	8	2.87323	1	8	2.87337	1	8	0	0	0	0.0501896	0.0482	0.0528667	0.0501896	0.0477333	0.0532	0.0501896	0.0482	0.0528667	0.0501896	0.0477333	0.0532	1	1	3.87311	
2.87654	1	10	2.87654	1	10	2.8766	1	10	0	0	0	0.0603771	0.0582333	0.0635	0.0603833	0.0571667	0.0629667	0.0603771	0.0582333	0.0635	0.0603833	0.0571667	0.0629667	1	1	3.87647	
2.88673	1	11	2.8867	1	11	2.88676	1	11	0	0	0	0.0703167	0.0682333	0.0740667	0.0703208	0.0672333	0.0731667	0.0703167	0.0682333	0.0740667	0.0703208	0.0672333	0.0731667	1	1	3.88641	
2.88634	1	11	2.88634	1	11	2.88663	1	11	0	0	0	0.0804833	0.0782	0.0842333	0.0804896	0.0773667	0.0840333	0.0804833	0.0782	0.0842333	0.0804896	0.0773667	0.0840333	1	1	3.88623	
2.8925	1	11	2.8925	1	11	2.89279	1	11	0	0	0	0.0902333	0.0876	0.0949667	0.0902479	0.0874333	0.0928333	0.0902333	0.0876	0.0949667	0.0902479	0.0874333	0.0928333	1	1	3.8922	
2.89325	1	11	2.89323	1	11	2.89346	1	11	0	0	0	0.100373	0.0977667	0.104467	0.100383	0.0968333	0.103033	0.100373	0.0977667	0.104467	0.100383	0.0968333	0.103033	1	1	3.89309	
2.90114	1	11	2.9011	1	11	2.90128	1	11	0	0	0	0.110113	0.107767	0.114633	0.110123	0.108133	0.113967	0.110113	0.107767	0.114633	0.110123	0.108133	0.113967	1	1	3.90084	
2.91107	1	12	2.91095	1	12	2.91082	1	12	0	0	0	0.120129	0.117067	0.124867	0.12014	0.1153	0.124	0.120129	0.117067	0.124867	0.12014	0.1153	0.124	1	1	3.91065	
2.91233	1	12	2.91217	1	12	2.91231	1	12	0	0	0	0.130342	0.126633	0.134433	0.13036	0.124633	0.134533	0.130342	0.126633	0.134433	0.13036	0.124633	0.134533	1	1	3.91182	
2.91342	1	13	2.91329	1	13	2.91339	1	13	0	0	0	0.14034	0.1367	0.145267	0.140348	0.137567	0.144167	0.14034	0.1367	0.145267	0.140348	0.137567	0.144167	1	1	3.91302	
2.92867	1	11	2.92849	1	11	2.92856	1	11	0	0	0	0.150237	0.1459	0.155733	0.150254	0.146767	0.1557	0.150237	0.1459	0.155733	0.150254	0.146767	0.1557	1	1	3.92811	
2.92461	1	12	2.92433	1	12	2.92447	1	12	0	0	0	0.159967	0.154367	0.1663	0.159981	0.156333	0.1641	0.159967	0.154367	0.1663	0.159981	0.156333	0.1641	1	1	3.92397	
2.94059	1	12	2.94031	1	12	2.94035	1	12	0	0	0	0.169842	0.164833	0.175667	0.169862	0.1659	0.1751	0.169842	0.164833	0.175667	0.169862	0.1659	0.1751	1	1	3.9398	
2.94286	1	13	2.94268	1	13	2.94267	1	13	0	0	0	0.179825	0.1744	0.186	0.179848	0.1741	0.1827	0.179825	0.1744	0.186	0.179848	0.1741	0.1827	1	1	3.94231	
2.94334	1	13	2.94299	1	13	2.94288	1	13	0	0	0	0.189817	0.184467	0.1956	0.189844	0.186733	0.1931	0.189817	0.184467	0.1956	0.189844	0.186733	0.1931	1	1	3.94265	
2.95516	1	14	2.95481	1	14	2.95495	1	14	0	0	0	0.199869	0.1934	0.2052	0.199896	0.196133	0.202967	0.199869	0.1934	0.2052	0.199896	0.196133	0.202967	1	1	3.95439	
2.95731	1	12	2.95682	1	12	2.95708	1	12	0	0	0	0.20989	0.204167	0.215133	0.209917	0.204633	0.213633	0.20989	0.204167	0.215133	0.209917	0.204633	0.213633	1	1	3.95628	
2.97157	1	14	2.97122	1	14	2.97125	1	14	0	0	0	0.219781	0.215167	0.225467	0.219808	0.211733	0.224867	0.219781	0.215167	0.225467	0.219808	0.211733	0.224867	1	1	3.97077	
2.97759	1	14	2.97701	1	14	2.97728	1	14	0	0	0	0.229696	0.224633	0.2354	0.229719	0.224933	0.233567	0.229696	0.224633	0.2354	0.229719	0.224933	0.233567	1	1	3.97646	
2.99281	1	13	2.99227	1	13	2.99228	1	13	0	0	0	0.239669	0.2349	0.245667	0.239683	0.235467	0.2454	0.239669	0.2349	0.245667	0.239683	0.235467	0.2454	1	1	3.99176	
3.00224	1	12	3.00163	1	12	3.00175	1	12	0	0	0	0.249798	0.245467	0.254767	0.249825	0.245467	0.2549	0.249798	0.245467	0.254767	0.249825	0.245467	0.2549	1	1	4.00103	
3.00685	1	15	3.00634	1	15	3.00659	1	15	0	0	0	0.259594	0.255433	0.264533	0.259617	0.253867	0.264567	0.259594	0.255433	0.264533	0.259617	0.253867	0.264567	1	1	4.00581	
3.01864	1	14	3.01768	1	14	3.01789	1	14	0	0	0	0.26954	0.2651	0.275667	0.269571	0.2642	0.275333	0.26954	0.2651	0.275667	0.269571	0.2642	0.275333	1	1	4.01709	
3.03107	1	14	3.03015	1	14	3.03021	1	14	0	0	0	0.279729	0.275033	0.286233	0.279756	0.2747	0.283167	0.279729	0.275033	0.286233	0.279756	0.2747	0.283167	1	1	4.02937	
3.0421	1	14	3.04112	1	14	3.04128	1	14	0	0	0	0.289615	0.2851	0.296567	0.289642	0.285233	0.294067	0.289615	0.2851	0.296567	0.289642	0.285233	0.294067	1	1	4.04053	
3.04569	1	14	3.04437	1	14	3.04445	1	14	0	0	0	0.299681	0.294867	0.3054	0.299712	0.293967	0.306233	0.299681	0.294867	0.3054	0.299712	0.293967	0.306233	1	1	4.04371	
3.05471	1	15	3.05321	1	15	3.05339	1	15	0	0	0	0.309604	0.305067	0.315667	0.309623	0.304333	0.313	0.309604	0.305067	0.315667	0.309623	0.304333	0.313	1	1	4.05249	
3.07469	1	13	3.07283	1	13	3.07296	1	13	0	0	0	0.319421	0.3153	0.325933	0.319437	0.314167	0.326567	0.319421	0.3153	0.325933	0.319437	0.314167	0.326567	1	1	4.07212	
3.08326	1	14	3.0815	1	14	3.08162	1	14	0	0	0	0.329415	0.324933	0.3361	0.329425	0.3253	0.336	0.329415	0.324933	0.3361	0.329425	0.3253	0.336	1	1	4.0807	
3.10325	1	15	3.10115	1	15	3.10135	1	15	0	0	0	0.339217	0.3345	0.345733	0.339238	0.3342	0.345	0.339217	0.3345	0.345733	0.339238	0.3342	0.345	1	1	4.10029	
3.1127	1	15	3.11071	1	15	3.11079	1	15	0	0	0	0.349271	0.343967	0.3562	0.349281	0.341633	0.355133	0.349271	0.343967	0.3562	0.349281	0.341633	0.355133	1	1	4.10984	
3.12359	1	13	3.12123	1	13	3.12137	1	13	0	0	0	0.359258	0.3535	0.3672	0.359273	0.3539	0.3658	0.359258	0.3535	0.3672	0.359273	0.3539	0.3658	1	1	4.12015	
3.13653	1	15	3.13333	1	15	3.13359	1	15	0	0	0	0.369567	0.364267	0.3781	0.369594	0.3628	0.376133	0.369567	0.364267	0.3781	0.369594	0.3628	0.376133	1	1	4.13238	
3.14644	1	15	3.14351	1	15	3.14357	1	15	0	0	0	0.379606	0.374667	0.387667	0.379617	0.375333	0.384933	0.379606	0.374667	0.387667	0.379617	0.375333	0.384933	1	1	4.14232	
3.15961	1	15	3.15604	1	15	3.15627	1	15	0	0	0	0.389754	0.385367	0.3965	0.389779	0.381067	0.395267	0.389754	0.385367	0.3965	0.389779	0.381067	0.395267	1	1	4.15514	
3.17093	1	16	3.16719	1	16	3.16741	1	16	0	0	0	0.399781	0.395467	0.406667	0.399798	0.391167	0.4053	0.399781	0.395467	0.406667	0.399798	0.391167	0.4053	1	1	4.16603	
3.19554	1	16	3.19096	1	16	3.19091	1	16	0	0	0	0.409765	0.405433	0.416067	0.409769	0.4058	0.4156	0.409765	0.405433	0.416067	0.409769	0.4058	0.4156	1	1	4.18988	
3.20433	1	16	3.19896	1	16	3.19911	1	16	0	0	0	0.419729	0.415733	0.426467	0.419746	0.4102	0.426733	0.419729	0.415733	0.426467	0.419746	0.4102	0.426733	1	1	4.19776	
3.22221	1	16	3.21685	1	16	3.21674	1	16	0	0	0	0.429908	0.426933	0.436	0.429912	0.424733	0.437	0.429908	0.426933	0.436	0.429912	0.424733	0.437	1	1	4.21565	
3.24132	1	15	3.23502	1	15	3.23514	1	15	0	0	0	0.440048	0.436367	0.4466	0.440058	0.433867	0.4467	0.440048	0.436367	0.4466	0.440058	0.433867	0.4467	1	1	4.23385	
3.25095	1	16	3.24455	1	16	3.24448	1	16	0	0	0	0.450021	0.4468	0.4568	0.450029	0.442967	0.4613	0.450021	0.4468	0.4568	0.450029	0.442967	0.4613	1	1	4.24338	
3.27341	1	18	3.26529	1	18	3.26536	1	18	0	0	0	0.460192	0.456167	0.468167	0.460202	0.451333	0.472067	0.460192	0.456167	0.468167	0.460202	0.451333	0.472067	1	1	4.26392	
3.27556	1	15	3.2679	1	15	3.26797	1	15	0	0	0	0.47045	0.4659	0.4778	0.470452	0.4641	0.478067	0.47045	0.4659	0.4778	0.470452	0.4641	0.478067	1	1	4.26661	
3.29757	1	16	3.28854	1	16	3.28874	1	16	0	0	0	0.480369	0.4752	0.487867	0.480363	0.475933	0.487767	0.480369	0.4752	0.487867	0.480363	0.475933	0.487767	1	1	4.28708	
3.31887	1	16	3.30863	1	16	3.3086	1	16	0	0	0	0.490358	0.4858	0.499167	0.490342	0.481033	0.496567	0.490358	0.4858	0.499167	0.490342	0.481033	0.496567	1	1	4.30712	
3.33274	1	19	3.32221	1	19	3.32208	1	19	0	0	0	0.500392	0.4952	0.510367	0.500377	0.4914	0.508467	0.500392	0.4952	0.510367	0.500377	0.4914	0.508467	1	1	4.3206	
3.35289	1	18	3.34061	1	18	3.3409	1	18	0	0	0	0.510146	0.504667	0.5203	0.510129	0.501267	0.5192	0.510146	0.504667	0.5203	0.510129	0.501267	0.5192	1	1	4.33891	
3.36759	1	18	3.35407	1	18	3.35408	1	18	0	0	0	0.520217	0.514267	0.53	0.520215	0.512233	0.5265	0.520217	0.514267	0.53	0.520215	0.512233	0.5265	1	1	4.35231	
3.38882	1	17	3.37403	1	17	3.37427	1	17	0	0	0	0.530154	0.524033	0.5396	0.530148	0.5257	0.539067	0.530154	0.524033	0.5396	0.530148	0.5257	0.539067	1	1	4.37247	
3.41228	1	17	3.39576	1	17	3.39613	1	17	0	0	0	0.540154	0.535067	0.549	0.540144	0.5268	0.5495	0.540154	0.535067	0.549	0.540144	0.5268	0.5495	1	1	4.39408	
3.42484	1	17	3.40638	1	16	3.40665	1	16	0	0	0	0.550031	0.544467	0.5586	0.550031	0.5425	0.559867	0.550031	0.544467	0.5586	0.550031	0.5425	0.559867	1	1	4.40444	
3.44229	1	17	3.42255	1	17	3.42265	1	17	0	0	0	0.560129	0.553933	0.568633	0.560129	0.554167	0.5716	0.560129	0.553933	0.568633	0.560129	0.554167	0.5716	1	1	4.42067	
3.45969	1	19	3.43719	1	19	3.43743	1	19	0	0	0	0.57025	0.563667	0.578667	0.570235	0.563767	0.578467	0.57025	0.563667	0.578667	0.570235	0.563767	0.578467	1	1	4.43512	
3.47524	1	17	3.45248	1	17	3.45246	1	17	0	0	0	0.580067	0.573533	0.588933	0.580054	0.572767	0.5875	0.580067	0.573533	0.588933	0.580054	0.572767	0.5875	1	1	4.45043	
3.4973	1	19	3.47097	1	19	3.47099	1	19	0	0	0	0.58985	0.584	0.598667	0.589838	0.578167	0.600533	0.58985	0.584	0.598667	0.589838	0.578167	0.600533	1	1	4.46869	
3.51966	1	19	3.49111	1	19	3.49114	1	19	0	0	0	0.600015	0.5946	0.607967	0.600002	0.5904	0.607267	0.600015	0.5946	0.607967	0.600002	0.5904	0.607267	1	1	4.48897	
3.54746	1	18	3.51585	1	18	3.51582	1	18	0	0	0	0.609783	0.6043	0.617367	0.609792	0.601567	0.620067	0.609783	0.6043	0.617367	0.609792	0.601567	0.620067	1	1	4.51366	
3.56636	1	19	3.53068	1	19	3.53082	1	19	0	0	0	0.619815	0.613133	0.627067	0.619815	0.612167	0.627667	0.619815	0.613133	0.627067	0.619815	0.612167	0.627667	1	1	4.52836	
3.58868	1	19	3.55082	1	19	3.55084	1	19	0	0	0	0.629885	0.623133	0.637167	0.629877	0.622033	0.6364	0.629885	0.623133	0.637167	0.629877	0.622033	0.6364	1	1	4.54835	
3.60086	1	19	3.56004	1	19	3.56026	1	19	0	0	0	0.63989	0.633933	0.646667	0.63989	0.6339	0.646633	0.63989	0.633933	0.646667	0.63989	0.6339	0.646633	1	1	4.55738	
3.63524	1	19	3.58776	1	19	3.58807	1	19	0	0	0	0.65014	0.644633	0.657733	0.650127	0.644	0.659633	0.65014	0.644633	0.657733	0.650127	0.644	0.659633	1	1	4.58491	
3.65077	1	18	3.59986	1	18	3.60005	1	18	0	0	0	0.660092	0.653967	0.668167	0.660079	0.654267	0.6666	0.660092	0.653967	0.668167	0.660079	0.654267	0.6666	1	1	4.59708	
3.67368	1	20	3.61646	1	20	3.61651	1	20	0	0	0	0.670171	0.663933	0.677867	0.670175	0.6661	0.676367	0.670171	0.663933	0.677867	0.670175	0.6661	0.676367	1	1	4.61343	
3.70789	1	19	3.64478	1	19	3.64493	1	19	0	0	0	0.680292	0.6738	0.686733	0.680283	0.669967	0.690733	0.680292	0.6738	0.686733	0.680283	0.669967	0.690733	1	1	4.64173	
3.71967	1	20	3.65141	1	20	3.6517	1	20	0	0	0	0.690075	0.684433	0.697333	0.690046	0.6804	0.699733	0.690075	0.684433	0.697333	0.690046	0.6804	0.699733	1	1	4.6485	
3.75286	1	20	3.67794	1	20	3.67804	1	20	0	0	0	0.700092	0.694	0.706967	0.700083	0.693667	0.7071	0.700092	0.694	0.706967	0.700083	0.693667	0.7071	1	1	4.67472	
3.76953	1	18	3.68719	1	18	3.68741	1	18	0	0	0	0.709954	0.7034	0.716467	0.709954	0.7029	0.72	0.709954	0.7034	0.716467	0.709954	0.7029	0.72	1	1	4.68389	
3.81214	1	19	3.71564	1	19	3.71572	1	19	0	0	0	0.719827	0.7137	0.7253	0.719821	0.712	0.726	0.719827	0.7137	0.7253	0.719821	0.712	0.726	1	1	4.71216	
3.83932	1	19	3.73415	1	19	3.7343	1	19	0	0	0	0.729708	0.724067	0.734867	0.729712	0.7221	0.7372	0.729708	0.724067	0.734867	0.729712	0.7221	0.7372	1	1	4.73054	
3.87184	1	18	3.7541	1	18	3.75428	1	18	0	0	0	0.739906	0.734667	0.744933	0.739892	0.730167	0.748	0.739906	0.734667	0.744933	0.739892	0.730167	0.748	1	1	4.75015	
3.91523	1	18	3.78313	1	18	3.78327	1	18	0	0	0	0.749865	0.745067	0.754633	0.749823	0.743433	0.758767	0.749865	0.745067	0.754633	0.749823	0.743433	0.758767	1	1	4.77915	
3.94538	1	20	3.80333	1	19	3.80343	1	19	0	0	0	0.759725	0.754933	0.7651	0.759702	0.751667	0.770967	0.759725	0.754933	0.7651	0.759702	0.751667	0.770967	1	1	4.79923	
3.98158	1	21	3.81708	1	20	3.81716	1	20	0	0	0	0.769635	0.764033	0.775533	0.769627	0.7588	0.777833	0.769635	0.764033	0.775533	0.769627	0.7588	0.777833	1	1	4.81287	
4.03082	1	23	3.84568	1	22	3.84589	1	22	0	0	0	0.779442	0.7742	0.7853	0.779408	0.7667	0.787533	0.779442	0.7742	0.7853	0.779408	0.7667	0.787533	1	1	4.84144	
4.06437	1	22	3.85373	1	20	3.85387	1	20	0	0	0	0.78939	0.7845	0.795233	0.789371	0.779867	0.796933	0.78939	0.7845	0.795233	0.789371	0.779867	0.796933	1	1	4.84899	
4.12808	1	28	3.88302	1	20	3.88314	1	20	0	0	0	0.799481	0.793967	0.806067	0.79946	0.7898	0.809167	0.799481	0.793967	0.806067	0.79946	0.7898	0.809167	1	1	4.87824	
4.1717	1	21	3.89688	1	20	3.89715	1	20	0	0	0	0.809767	0.804233	0.8156	0.809731	0.7998	0.825767	0.809767	0.804233	0.8156	0.809731	0.7998	0.825767	1	1	4.89182	
4.2393	1	20	3.91788	1	20	3.91809	1	20	0	0	0	0.81989	0.814767	0.8251	0.81984	0.810067	0.832633	0.81989	0.814767	0.8251	0.81984	0.810067	0.832633	1	1	4.9125	
4.3281	1	26	3.94981	1	22	3.95001	1	22	0	0	0	0.829783	0.8241	0.8353	0.829775	0.819467	0.839733	0.829783	0.8241	0.8353	0.829775	0.819467	0.839733	1	1	4.94445	
4.4212	1	22	3.96603	1	22	3.96629	1	22	0	0	0	0.839946	0.834733	0.8448	0.83996	0.8328	0.8469	0.839946	0.834733	0.8448	0.83996	0.8328	0.8469	1	1	4.96055	
4.53246	1	22	3.99356	1	22	3.9939	1	22	0	0	0	0.850094	0.844567	0.854533	0.850054	0.8391	0.857367	0.850094	0.844567	0.854533	0.850054	0.8391	0.857367	1	1	4.98775	
4.67621	1	25	4.0072	1	24	4.00753	1	24	0	0	0	0.860204	0.854933	0.864	0.860163	0.854167	0.868967	0.860204	0.854933	0.864	0.860163	0.854167	0.868967	1	1	5.00112	
4.94056	1	34	4.0405	1	22	4.04074	1	22	0	0	0	0.870398	0.865333	0.873567	0.870344	0.864533	0.8813	0.870398	0.865333	0.873567	0.870344	0.864533	0.8813	1	1	5.03425	
5.13182	1	33	4.06304	1	24	4.06343	1	24	0	0	0	0.880267	0.875	0.8834	0.880229	0.870367	0.8877	0.880267	0.875	0.8834	0.880229	0.870367	0.8877	1	1	5.05635	
5.78545	1	45	4.08225	1	25	4.08231	1	25	0	0	0	0.890556	0.8859	0.8926	0.890567	0.8837	0.902467	0.890556	0.8859	0.8926	0.890567	0.8837	0.902467	1	1	5.07542	
12.1703	1	155	4.10683	1	30	4.10692	1	30	0	0	0	0.899771	0.898257	0.901286	0.899684	0.895429	0.903443	0.899771	0.898257	0.901286	0.899684	0.895429	0.903443	1	1	5.09936	
102.528	1	1208	4.12647	1	32	4.12513	1	32	0	0	0	0.909842	0.908786	0.911571	0.908591	0.904614	0.915743	0.909842	0.908786	0.911571	0.908591	0.904614	0.915743	1	1	5.11907	
261.653	1	2708	4.14933	1	36	4.14486	1	36	0	0	0	0.919857	0.918386	0.921714	0.916462	0.907543	0.9222	0.919857	0.918386	0.921714	0.916462	0.907543	0.9222	1	1	5.14143	
