4.23284	3	6	4.23284	3	6	4.233	3	6	0	0	0	0.00992292	0.0091	0.0112667	0.00992292	0.0091	0.0112667	0.00992292	0.0091	0.0112667	0.00992292	0.0091	0.0112667	1	1	5.23284	
4.24439	3	6	4.24439	3	6	4.24447	3	6	0	0	0	0.0201354	0.0188667	0.0217	0.0201333	0.0188667	0.0217	0.0201354	0.0188667	0.0217	0.0201333	0.0188667	0.0217	1	1	5.24439	
4.24154	3	6	4.24154	3	6	4.24163	3	6	0	0	0	0.0299896	0.0283667	0.0318667	0.0299917	0.0283667	0.0318667	0.0299896	0.0283667	0.0318667	0.0299917	0.0283667	0.0318667	1	1	5.24154	
4.24409	3	6	4.24409	3	6	4.24414	3	6	0	0	0	0.0401063	0.0385667	0.0419	0.0401104	0.0386	0.0419333	0.0401063	0.0385667	0.0419	0.0401104	0.0386	0.0419333	1	1	5.24409	
4.2449	3	6	4.2449	3	6	4.24498	3	6	0	0	0	0.0501896	0.0482	0.0528667	0.0501938	0.0482333	0.0528667	0.0501896	0.0482	0.0528667	0.0501938	0.0482333	0.0528667	1	1	5.2449	
4.24689	3	6	4.24689	3	6	4.24695	3	6	0	0	0	0.0603771	0.0582333	0.0635	0.0603875	0.0582667	0.0635	0.0603771	0.0582333	0.0635	0.0603875	0.0582667	0.0635	1	1	5.24689	
4.24642	3	6	4.24642	3	6	4.24651	3	6	0	0	0	0.0703167	0.0682333	0.0740667	0.0703271	0.0682667	0.0741	0.0703167	0.0682333	0.0740667	0.0703271	0.0682667	0.0741	1	1	5.24642	
4.24876	3	6	4.24876	3	6	4.24884	3	6	0	0	0	0.0804833	0.0782	0.0842333	0.0804938	0.0782333	0.0842667	0.0804833	0.0782	0.0842333	0.0804938	0.0782333	0.0842667	1	1	5.24876	
4.25005	3	6	4.25005	3	6	4.2501	3	6	0	0	0	0.0902333	0.0876	0.0949667	0.0902479	0.0876333	0.095	0.0902333	0.0876	0.0949667	0.0902479	0.0876333	0.095	1	1	5.25005	
4.25017	3	6	4.25017	3	6	4.25022	3	6	0	0	0	0.100373	0.0977667	0.104467	0.10039	0.0978	0.104467	0.100373	0.0977667	0.104467	0.10039	0.0978	0.104467	1	1	5.25017	
4.25131	3	6	4.25131	3	6	4.25132	3	6	0	0	0	0.110113	0.107767	0.114633	0.110129	0.1078	0.114633	0.110113	0.107767	0.114633	0.110129	0.1078	0.114633	1	1	5.25131	
4.24999	3	6	4.24999	3	6	4.25	3	6	0	0	0	0.120129	0.117067	0.124867	0.120148	0.117133	0.124867	0.120129	0.117067	0.124867	0.120148	0.117133	0.124867	1	1	5.24999	
4.25107	3	6	4.25107	3	6	4.25106	3	6	0	0	0	0.130342	0.126633	0.134433	0.13036	0.1267	0.134433	0.130342	0.126633	0.134433	0.13036	0.1267	0.134433	1	1	5.25107	
4.2513	3	6	4.2513	3	6	4.25129	3	6	0	0	0	0.14034	0.1367	0.145267	0.140356	0.136767	0.145267	0.14034	0.1367	0.145267	0.140356	0.136767	0.145267	1	1	5.2513	
4.25168	3	6	4.25168	3	6	4.25166	3	6	0	0	0	0.150237	0.1459	0.155733	0.150254	0.145967	0.155733	0.150237	0.1459	0.155733	0.150254	0.145967	0.155733	1	1	5.25168	
4.25212	3	6	4.25212	3	6	4.25209	3	6	0	0	0	0.159967	0.154367	0.1663	0.159988	0.154433	0.1663	0.159967	0.154367	0.1663	0.159988	0.154433	0.1663	1	1	5.25212	
4.25313	3	6	4.25313	3	6	4.25315	3	6	0	0	0	0.169842	0.164833	0.175667	0.169867	0.1649	0.175667	0.169842	0.164833	0.175667	0.169867	0.1649	0.175667	1	1	5.25313	
4.25189	3	6	4.25189	3	6	4.25193	3	6	0	0	0	0.179825	0.1744	0.186	0.179854	0.1745	0.186	0.179825	0.1744	0.186	0.179854	0.1745	0.186	1	1	5.25189	
4.25074	3	6	4.25074	3	6	4.25072	3	6	0	0	0	0.189817	0.184467	0.1956	0.189848	0.184567	0.1956	0.189817	0.184467	0.1956	0.189848	0.184567	0.1956	1	1	5.25074	
4.25193	3	6	4.25193	3	6	4.25193	3	6	0	0	0	0.199869	0.1934	0.2052	0.199902	0.1935	0.2052	0.199869	0.1934	0.2052	0.199902	0.1935	0.2052	1	1	5.25193	
4.2522	3	6	4.2522	3	6	4.25219	3	6	0	0	0	0.20989	0.204167	0.215133	0.209923	0.204267	0.215133	0.20989	0.204167	0.215133	0.209923	0.204267	0.215133	1	1	5.2522	
4.25186	3	6	4.25186	3	6	4.25188	3	6	0	0	0	0.219781	0.215167	0.225467	0.219812	0.215267	0.225467	0.219781	0.215167	0.225467	0.219812	0.215267	0.225467	1	1	5.25186	
4.25159	3	6	4.25159	3	6	4.25158	3	6	0	0	0	0.229696	0.224633	0.2354	0.229729	0.224733	0.2354	0.229696	0.224633	0.2354	0.229729	0.224733	0.2354	1	1	5.25159	
4.25137	3	6	4.25137	3	6	4.25136	3	6	0	0	0	0.239669	0.2349	0.245667	0.239702	0.235	0.245667	0.239669	0.2349	0.245667	0.239702	0.235	0.245667	1	1	5.25137	
4.25139	3	6	4.25139	3	6	4.25137	3	6	0	0	0	0.249798	0.245467	0.254767	0.249835	0.245567	0.254767	0.249798	0.245467	0.254767	0.249835	0.245567	0.254767	1	1	5.25139	
4.25145	3	6	4.25145	3	6	4.25143	3	6	0	0	0	0.259594	0.255433	0.264533	0.259631	0.2555	0.264533	0.259594	0.255433	0.264533	0.259631	0.2555	0.264533	1	1	5.25145	
4.25208	3	6	4.25208	3	6	4.25205	3	6	0	0	0	0.26954	0.2651	0.275667	0.269575	0.265067	0.275667	0.26954	0.2651	0.275667	0.269575	0.265067	0.275667	1	1	5.25208	
4.2521	3	6	4.2521	3	6	4.25207	3	6	0	0	0	0.279729	0.275033	0.286233	0.27976	0.275	0.286233	0.279729	0.275033	0.286233	0.27976	0.275	0.286233	1	1	5.2521	
4.2512	3	6	4.2512	3	6	4.25117	3	6	0	0	0	0.289615	0.2851	0.296567	0.289644	0.285067	0.296567	0.289615	0.2851	0.296567	0.289644	0.285067	0.296567	1	1	5.2512	
4.25127	3	6	4.25127	3	6	4.25126	3	6	0	0	0	0.299681	0.294867	0.3054	0.299704	0.294833	0.3054	0.299681	0.294867	0.3054	0.299704	0.294833	0.3054	1	1	5.25127	
4.25071	3	6	4.25071	3	6	4.25068	3	6	0	0	0	0.309604	0.305067	0.315667	0.309627	0.305033	0.315667	0.309604	0.305067	0.315667	0.309627	0.305033	0.315667	1	1	5.25071	
4.25064	3	6	4.25064	3	6	4.25063	3	6	0	0	0	0.319421	0.3153	0.325933	0.31944	0.315267	0.3259	0.319421	0.3153	0.325933	0.31944	0.315267	0.3259	1	1	5.25064	
4.25024	3	6	4.25024	3	6	4.25022	3	6	0	0	0	0.329415	0.324933	0.3361	0.329429	0.3249	0.336067	0.329415	0.324933	0.3361	0.329429	0.3249	0.336067	1	1	5.25024	
4.2511	3	6	4.2511	3	6	4.25108	3	6	0	0	0	0.339217	0.3345	0.345733	0.339231	0.3346	0.3457	0.339217	0.3345	0.345733	0.339231	0.3346	0.3457	1	1	5.2511	
4.25111	3	6	4.25111	3	6	4.25111	3	6	0	0	0	0.349271	0.343967	0.3562	0.349285	0.344067	0.356167	0.349271	0.343967	0.3562	0.349285	0.344067	0.356167	1	1	5.25111	
4.25089	3	6	4.25089	3	6	4.25088	3	6	0	0	0	0.359258	0.3535	0.3672	0.359277	0.3536	0.367167	0.359258	0.3535	0.3672	0.359277	0.3536	0.367167	1	1	5.25089	
4.25107	3	6	4.25107	3	6	4.25108	3	6	0	0	0	0.369567	0.364267	0.3781	0.369585	0.364367	0.3781	0.369567	0.364267	0.3781	0.369585	0.364367	0.3781	1	1	5.25107	
4.25183	3	6	4.25183	3	6	4.25184	3	6	0	0	0	0.379606	0.374667	0.387667	0.379625	0.374767	0.387667	0.379606	0.374667	0.387667	0.379625	0.374767	0.387667	1	1	5.25183	
4.25148	3	6	4.25148	3	6	4.25149	3	6	0	0	0	0.389754	0.385367	0.3965	0.389771	0.385467	0.3965	0.389754	0.385367	0.3965	0.389771	0.385467	0.3965	1	1	5.25148	
4.25151	3	6	4.25151	3	6	4.25151	3	6	0	0	0	0.399781	0.395467	0.406667	0.399796	0.395533	0.406667	0.399781	0.395467	0.406667	0.399796	0.395533	0.406667	1	1	5.25151	
4.25122	3	6	4.25122	3	6	4.25122	3	6	0	0	0	0.409765	0.405433	0.416067	0.409777	0.4055	0.416067	0.409765	0.405433	0.416067	0.409777	0.4055	0.416067	1	1	5.25122	
4.25149	3	6	4.25149	3	6	4.25148	3	6	0	0	0	0.419729	0.415733	0.426467	0.419742	0.4158	0.426467	0.419729	0.415733	0.426467	0.419742	0.4158	0.426467	1	1	5.25149	
4.25063	3	6	4.25063	3	6	4.25064	3	6	0	0	0	0.429908	0.426933	0.436	0.429915	0.426967	0.436	0.429908	0.426933	0.436	0.429915	0.426967	0.436	1	1	5.25063	
4.25095	3	6	4.25095	3	6	4.25095	3	6	0	0	0	0.440048	0.436367	0.4466	0.440054	0.4364	0.4466	0.440048	0.436367	0.4466	0.440054	0.4364	0.4466	1	1	5.25095	
4.25122	3	6	4.25122	3	6	4.25122	3	6	0	0	0	0.450021	0.4468	0.4568	0.450029	0.446833	0.4568	0.450021	0.4468	0.4568	0.450029	0.446833	0.4568	1	1	5.25122	
4.25129	3	6	4.25129	3	6	4.25128	3	6	0	0	0	0.460192	0.456167	0.468167	0.4602	0.456267	0.468167	0.460192	0.456167	0.468167	0.4602	0.456267	0.468167	1	1	5.25129	
4.2514	3	6	4.2514	3	6	4.25141	3	6	0	0	0	0.47045	0.4659	0.4778	0.470454	0.466	0.4778	0.47045	0.4659	0.4778	0.470454	0.466	0.4778	1	1	5.2514	
4.25141	3	6	4.25141	3	6	4.25142	3	6	0	0	0	0.480369	0.4752	0.487867	0.480367	0.4753	0.487867	0.480369	0.4752	0.487867	0.480367	0.4753	0.487867	1	1	5.25141	
4.25161	3	6	4.25161	3	6	4.25161	3	6	0	0	0	0.490358	0.4858	0.499167	0.490354	0.485867	0.499167	0.490358	0.4858	0.499167	0.490354	0.485867	0.499167	1	1	5.25161	
4.25167	3	6	4.25167	3	6	4.25169	3	6	0	0	0	0.500392	0.4952	0.510367	0.500387	0.495267	0.510367	0.500392	0.4952	0.510367	0.500387	0.495267	0.510367	1	1	5.25167	
4.25159	3	6	4.25159	3	6	4.25161	3	6	0	0	0	0.510146	0.504667	0.5203	0.51014	0.504733	0.5203	0.510146	0.504667	0.5203	0.51014	0.504733	0.5203	1	1	5.25159	
4.25181	3	6	4.25181	3	6	4.25184	3	6	0	0	0	0.520217	0.514267	0.53	0.520212	0.514333	0.53	0.520217	0.514267	0.53	0.520212	0.514333	0.53	1	1	5.25181	
4.25172	3	6	4.25172	3	6	4.25176	3	6	0	0	0	0.530154	0.524033	0.5396	0.530156	0.5241	0.5396	0.530154	0.524033	0.5396	0.530156	0.5241	0.5396	1	1	5.25172	
4.25183	3	6	4.25183	3	6	4.25188	3	6	0	0	0	0.540154	0.535067	0.549	0.540158	0.535133	0.549	0.540154	0.535067	0.549	0.540158	0.535133	0.549	1	1	5.25183	
4.25183	3	6	4.25183	3	6	4.25189	3	6	0	0	0	0.550031	0.544467	0.5586	0.550035	0.5445	0.5586	0.550031	0.544467	0.5586	0.550035	0.5445	0.5586	1	1	5.25183	
4.25212	3	6	4.25212	3	6	4.25218	3	6	0	0	0	0.560129	0.553933	0.568633	0.560131	0.553967	0.568633	0.560129	0.553933	0.568633	0.560131	0.553967	0.568633	1	1	5.25212	
4.25214	3	6	4.25214	3	6	4.2522	3	6	0	0	0	0.57025	0.563667	0.578667	0.570246	0.5637	0.578667	0.57025	0.563667	0.578667	0.570246	0.5637	0.578667	1	1	5.25214	
4.25208	3	6	4.25208	3	6	4.25213	3	6	0	0	0	0.580067	0.573533	0.588933	0.580063	0.573567	0.588933	0.580067	0.573533	0.588933	0.580063	0.573567	0.588933	1	1	5.25208	
4.25194	3	6	4.25194	3	6	4.25199	3	6	0	0	0	0.58985	0.584	0.598667	0.589846	0.584033	0.598667	0.58985	0.584	0.598667	0.589846	0.584033	0.598667	1	1	5.25194	
4.25165	3	6	4.25165	3	6	4.2517	3	6	0	0	0	0.600015	0.5946	0.607967	0.600012	0.594633	0.607933	0.600015	0.5946	0.607967	0.600012	0.594633	0.607933	1	1	5.25165	
4.25184	3	6	4.25184	3	6	4.25188	3	6	0	0	0	0.609783	0.6043	0.617367	0.609779	0.604333	0.617333	0.609783	0.6043	0.617367	0.609779	0.604333	0.617333	1	1	5.25184	
4.25203	3	6	4.25203	3	6	4.25207	3	6	0	0	0	0.619815	0.613133	0.627067	0.619806	0.613167	0.627	0.619815	0.613133	0.627067	0.619806	0.613167	0.627	1	1	5.25203	
4.25185	3	6	4.25185	3	6	4.25188	3	6	0	0	0	0.629885	0.623133	0.637167	0.629877	0.623133	0.6371	0.629885	0.623133	0.637167	0.629877	0.623133	0.6371	1	1	5.25185	
4.25173	3	6	4.25173	3	6	4.25177	3	6	0	0	0	0.63989	0.633933	0.646667	0.639881	0.633933	0.6466	0.63989	0.633933	0.646667	0.639881	0.633933	0.6466	1	1	5.25173	
4.25204	3	6	4.25204	3	6	4.25207	3	6	0	0	0	0.65014	0.644633	0.657733	0.650129	0.644633	0.657667	0.65014	0.644633	0.657733	0.650129	0.644633	0.657667	1	1	5.25204	
4.25219	3	6	4.25219	3	6	4.25222	3	6	0	0	0	0.660092	0.653967	0.668167	0.660081	0.653967	0.6681	0.660092	0.653967	0.668167	0.660081	0.653967	0.6681	1	1	5.25219	
4.25196	3	6	4.25196	3	6	4.25199	3	6	0	0	0	0.670171	0.663933	0.677867	0.670165	0.663933	0.6778	0.670171	0.663933	0.677867	0.670165	0.663933	0.6778	1	1	5.25196	
4.25196	3	6	4.25196	3	6	4.25199	3	6	0	0	0	0.680292	0.6738	0.686733	0.680281	0.6738	0.686667	0.680292	0.6738	0.686733	0.680281	0.6738	0.686667	1	1	5.25196	
4.25203	3	6	4.25203	3	6	4.25206	3	6	0	0	0	0.690075	0.684433	0.697333	0.690065	0.6844	0.697267	0.690075	0.684433	0.697333	0.690065	0.6844	0.697267	1	1	5.25203	
4.25186	3	6	4.25186	3	6	4.2519	3	6	0	0	0	0.700092	0.694	0.706967	0.700085	0.693967	0.7069	0.700092	0.694	0.706967	0.700085	0.693967	0.7069	1	1	5.25186	
4.25184	3	6	4.25184	3	6	4.25187	3	6	0	0	0	0.709954	0.7034	0.716467	0.70995	0.703367	0.7164	0.709954	0.7034	0.716467	0.70995	0.703367	0.7164	1	1	5.25184	
4.25158	3	6	4.25158	3	6	4.2516	3	6	0	0	0	0.719827	0.7137	0.7253	0.719825	0.713667	0.725233	0.719827	0.7137	0.7253	0.719825	0.713667	0.725233	1	1	5.25158	
4.25171	3	6	4.25171	3	6	4.25174	3	6	0	0	0	0.729708	0.724067	0.734867	0.729706	0.724033	0.734833	0.729708	0.724067	0.734867	0.729706	0.724033	0.734833	1	1	5.25171	
4.2513	3	6	4.2513	3	6	4.25133	3	6	0	0	0	0.739906	0.734667	0.744933	0.7399	0.734633	0.744867	0.739906	0.734667	0.744933	0.7399	0.734633	0.744867	1	1	5.2513	
4.25131	3	6	4.25131	3	6	4.25134	3	6	0	0	0	0.749865	0.745067	0.754633	0.74986	0.745033	0.754567	0.749865	0.745067	0.754633	0.74986	0.745033	0.754567	1	1	5.25131	
4.25139	3	6	4.25139	3	6	4.25142	3	6	0	0	0	0.759725	0.754933	0.7651	0.759719	0.7549	0.765033	0.759725	0.754933	0.7651	0.759719	0.7549	0.765033	1	1	5.25139	
4.25111	3	6	4.25111	3	6	4.25114	3	6	0	0	0	0.769635	0.764033	0.775533	0.769627	0.764033	0.775467	0.769635	0.764033	0.775533	0.769627	0.764033	0.775467	1	1	5.25111	
4.25096	3	6	4.25096	3	6	4.25099	3	6	0	0	0	0.779442	0.7742	0.7853	0.779431	0.774167	0.785233	0.779442	0.7742	0.7853	0.779431	0.774167	0.785233	1	1	5.25096	
4.25063	3	6	4.25063	3	6	4.25065	3	6	0	0	0	0.78939	0.7845	0.795233	0.789379	0.784467	0.795167	0.78939	0.7845	0.795233	0.789379	0.784467	0.795167	1	1	5.25063	
4.25044	3	6	4.25044	3	6	4.25047	3	6	0	0	0	0.799481	0.793967	0.806067	0.799473	0.793933	0.806	0.799481	0.793967	0.806067	0.799473	0.793933	0.806	1	1	5.25044	
4.25013	3	6	4.25013	3	6	4.25016	3	6	0	0	0	0.809767	0.804233	0.8156	0.809756	0.804167	0.815533	0.809767	0.804233	0.8156	0.809756	0.804167	0.815533	1	1	5.25013	
4.25005	3	6	4.25005	3	6	4.25008	3	6	0	0	0	0.81989	0.814767	0.8251	0.819877	0.8147	0.825033	0.81989	0.814767	0.8251	0.819877	0.8147	0.825033	1	1	5.25005	
4.24988	3	6	4.24988	3	6	4.24991	3	6	0	0	0	0.829783	0.8241	0.8353	0.829771	0.824067	0.835233	0.829783	0.8241	0.8353	0.829771	0.824067	0.835233	1	1	5.24988	
4.24989	3	6	4.24989	3	6	4.24992	3	6	0	0	0	0.839946	0.834733	0.8448	0.839935	0.8347	0.844733	0.839946	0.834733	0.8448	0.839935	0.8347	0.844733	1	1	5.24989	
4.24994	3	6	4.24994	3	6	4.24997	3	6	0	0	0	0.850094	0.844567	0.854533	0.850079	0.844533	0.854467	0.850094	0.844567	0.854533	0.850079	0.844533	0.854467	1	1	5.24994	
4.24978	3	6	4.24978	3	6	4.24981	3	6	0	0	0	0.860204	0.854933	0.864	0.860187	0.8549	0.863933	0.860204	0.854933	0.864	0.860187	0.8549	0.863933	1	1	5.24978	
4.24983	3	6	4.24983	3	6	4.24986	3	6	0	0	0	0.870398	0.865333	0.873567	0.870379	0.8653	0.8735	0.870398	0.865333	0.873567	0.870379	0.8653	0.8735	1	1	5.24983	
4.24989	3	6	4.24989	3	6	4.24991	3	6	0	0	0	0.880267	0.875	0.8834	0.88025	0.874967	0.883333	0.880267	0.875	0.8834	0.88025	0.874967	0.883333	1	1	5.24989	
4.24998	3	6	4.24998	3	6	4.25	3	6	0	0	0	0.890556	0.8859	0.8926	0.89054	0.885867	0.8926	0.890556	0.8859	0.8926	0.89054	0.885867	0.8926	1	1	5.24998	
4.25023	3	6	4.25023	3	6	4.25025	3	6	0	0	0	0.900446	0.896233	0.902767	0.900435	0.8962	0.9027	0.900446	0.896233	0.902767	0.900435	0.8962	0.9027	1	1	5.25023	
4.25005	3	6	4.25005	3	6	4.25007	3	6	0	0	0	0.910406	0.906467	0.913267	0.910398	0.906433	0.9132	0.910406	0.906467	0.913267	0.910398	0.906433	0.9132	1	1	5.25005	
4.25006	3	6	4.25006	3	6	4.25009	3	6	0	0	0	0.920362	0.916433	0.923067	0.920358	0.9164	0.923033	0.920362	0.916433	0.923067	0.920358	0.9164	0.923033	1	1	5.25006	
4.25005	3	6	4.25005	3	6	4.25008	3	6	0	0	0	0.930244	0.9268	0.932367	0.930238	0.926767	0.932367	0.930244	0.9268	0.932367	0.930238	0.926767	0.932367	1	1	5.25005	
4.25027	3	6	4.25027	3	6	4.2503	3	6	0	0	0	0.940154	0.937233	0.942833	0.940148	0.9372	0.942833	0.940154	0.937233	0.942833	0.940148	0.9372	0.942833	1	1	5.25027	
4.25019	3	6	4.25019	3	6	4.25022	3	6	0	0	0	0.950179	0.947133	0.952133	0.950173	0.9471	0.952133	0.950179	0.947133	0.952133	0.950173	0.9471	0.952133	1	1	5.25019	
4.25027	3	6	4.25027	3	6	4.25031	3	6	0	0	0	0.96034	0.958333	0.962233	0.960335	0.9583	0.962233	0.96034	0.958333	0.962233	0.960335	0.9583	0.962233	1	1	5.25027	
4.25025	3	6	4.25025	3	6	4.25028	3	6	0	0	0	0.970213	0.968467	0.971667	0.970208	0.968433	0.971667	0.970213	0.968467	0.971667	0.970208	0.968433	0.971667	1	1	5.25025	
4.2502	3	6	4.2502	3	6	4.25024	3	6	0	0	0	0.980219	0.978867	0.981167	0.980217	0.978867	0.981167	0.980219	0.978867	0.981167	0.980217	0.978867	0.981167	1	1	5.2502	
4.25003	3	6	4.25003	3	6	4.25006	3	6	0	0	0	0.989923	0.9892	0.990667	0.989925	0.9892	0.990667	0.989923	0.9892	0.990667	0.989925	0.9892	0.990667	1	1	5.25003	
4.25	3	6	4.25	3	6	4.25003	3	6	0	0	0	1	1	1	1	1	1	1	1	1	1	1	1	1	1	5.25	
