3.83393	1	8	3.83393	1	8	3.83393	1	8	0	0	0	0.00992292	0.0091	0.0112667	0.00991875	0.0089	0.0107333	0.00992292	0.0091	0.0112667	0.00991875	0.0089	0.0107333	1	1	4.83372	
3.85804	1	8	3.85804	1	8	3.85816	1	8	0	0	0	0.0201354	0.0188667	0.0217	0.0201292	0.0188	0.0216333	0.0201354	0.0188667	0.0217	0.0201292	0.0188	0.0216333	1	1	4.85753	
3.87287	1	8	3.87266	1	8	3.8725	1	8	0	0	0	0.0299896	0.0283667	0.0318667	0.0299896	0.0284667	0.0317667	0.0299896	0.0283667	0.0318667	0.0299896	0.0284667	0.0317667	1	1	4.87141	
3.85409	1	9	3.85336	1	8	3.85323	1	8	0	0	0	0.0401063	0.0385667	0.0419	0.0401063	0.0387	0.0421333	0.0401063	0.0385667	0.0419	0.0401063	0.0387	0.0421333	1	1	4.85196	
3.85414	1	14	3.8536	1	14	3.85405	1	14	0	0	0	0.0501896	0.0482	0.0528667	0.0501896	0.0471	0.0537333	0.0501896	0.0482	0.0528667	0.0501896	0.0471	0.0537333	1	1	4.85214	
3.8529	1	12	3.85176	1	12	3.85202	1	12	0	0	0	0.0603771	0.0582333	0.0635	0.0603833	0.0572	0.0632	0.0603771	0.0582333	0.0635	0.0603833	0.0572	0.0632	1	1	4.84987	
3.85619	1	14	3.8547	1	14	3.85497	1	14	0	0	0	0.0703167	0.0682333	0.0740667	0.0703292	0.0674667	0.0726	0.0703167	0.0682333	0.0740667	0.0703292	0.0674667	0.0726	1	1	4.85198	
3.8663	1	12	3.8649	1	12	3.86504	1	12	0	0	0	0.0804833	0.0782	0.0842333	0.0804938	0.0769667	0.0826667	0.0804833	0.0782	0.0842333	0.0804938	0.0769667	0.0826667	1	1	4.86216	
3.86969	1	13	3.8677	1	13	3.86774	1	13	0	0	0	0.0902333	0.0876	0.0949667	0.09025	0.0858667	0.0939	0.0902333	0.0876	0.0949667	0.09025	0.0858667	0.0939	1	1	4.8641	
3.87632	1	12	3.8738	1	12	3.87378	1	12	0	0	0	0.100373	0.0977667	0.104467	0.100381	0.0977667	0.102767	0.100373	0.0977667	0.104467	0.100381	0.0977667	0.102767	1	1	4.87021	
3.85715	1	13	3.85371	1	13	3.85375	1	13	0	0	0	0.110113	0.107767	0.114633	0.110129	0.1033	0.114533	0.110113	0.107767	0.114633	0.110129	0.1033	0.114533	1	1	4.8497	
3.87983	1	13	3.87588	1	13	3.87594	1	13	0	0	0	0.120129	0.117067	0.124867	0.120148	0.1156	0.123667	0.120129	0.117067	0.124867	0.120148	0.1156	0.123667	1	1	4.87175	
3.87042	1	14	3.8659	1	14	3.86597	1	14	0	0	0	0.130342	0.126633	0.134433	0.130352	0.126833	0.134733	0.130342	0.126633	0.134433	0.130352	0.126833	0.134733	1	1	4.86081	
3.87909	1	14	3.87364	1	14	3.87365	1	14	0	0	0	0.14034	0.1367	0.145267	0.140354	0.136867	0.1438	0.14034	0.1367	0.145267	0.140354	0.136867	0.1438	1	1	4.86806	
3.88151	1	14	3.87556	1	14	3.87555	1	14	0	0	0	0.150237	0.1459	0.155733	0.150252	0.1476	0.1533	0.150237	0.1459	0.155733	0.150252	0.1476	0.1533	1	1	4.87047	
3.88912	1	15	3.88236	1	15	3.88253	1	15	0	0	0	0.159967	0.154367	0.1663	0.159988	0.155333	0.1638	0.159967	0.154367	0.1663	0.159988	0.155333	0.1638	1	1	4.87655	
3.88422	1	14	3.87602	1	14	3.87614	1	14	0	0	0	0.169842	0.164833	0.175667	0.169858	0.166733	0.1732	0.169842	0.164833	0.175667	0.169858	0.166733	0.1732	1	1	4.86966	
3.89455	1	14	3.88518	1	14	3.88551	1	14	0	0	0	0.179825	0.1744	0.186	0.179852	0.1766	0.1842	0.179825	0.1744	0.186	0.179852	0.1766	0.1842	1	1	4.87827	
3.89133	1	14	3.88106	1	14	3.88129	1	14	0	0	0	0.189817	0.184467	0.1956	0.189848	0.185867	0.193733	0.189817	0.184467	0.1956	0.189848	0.185867	0.193733	1	1	4.87376	
3.89766	1	14	3.8864	1	14	3.88648	1	14	0	0	0	0.199869	0.1934	0.2052	0.1999	0.194767	0.2057	0.199869	0.1934	0.2052	0.1999	0.194767	0.2057	1	1	4.87861	
3.90312	1	14	3.89033	1	14	3.89052	1	14	0	0	0	0.20989	0.204167	0.215133	0.209917	0.205433	0.213833	0.20989	0.204167	0.215133	0.209917	0.205433	0.213833	1	1	4.8821	
3.90813	1	14	3.89345	1	14	3.89349	1	14	0	0	0	0.219781	0.215167	0.225467	0.219808	0.2153	0.225667	0.219781	0.215167	0.225467	0.219808	0.2153	0.225667	1	1	4.88442	
3.92091	1	14	3.90498	1	14	3.90521	1	14	0	0	0	0.229696	0.224633	0.2354	0.229727	0.2266	0.2332	0.229696	0.224633	0.2354	0.229727	0.2266	0.2332	1	1	4.89524	
3.90914	1	15	3.89196	1	15	3.89223	1	15	0	0	0	0.239669	0.2349	0.245667	0.239694	0.234067	0.244467	0.239669	0.2349	0.245667	0.239694	0.234067	0.244467	1	1	4.88226	
3.92612	1	14	3.90658	1	14	3.90665	1	14	0	0	0	0.249798	0.245467	0.254767	0.249842	0.247033	0.2527	0.249798	0.245467	0.254767	0.249842	0.247033	0.2527	1	1	4.89657	
3.93645	1	14	3.91458	1	14	3.91457	1	14	0	0	0	0.259594	0.255433	0.264533	0.259617	0.255867	0.2633	0.259594	0.255433	0.264533	0.259617	0.255867	0.2633	1	1	4.90378	
3.93437	1	19	3.91088	1	19	3.91102	1	19	0	0	0	0.26954	0.2651	0.275667	0.269569	0.2651	0.279	0.26954	0.2651	0.275667	0.269569	0.2651	0.279	1	1	4.89955	
3.95178	1	14	3.9245	1	14	3.92445	1	14	0	0	0	0.279729	0.275033	0.286233	0.27976	0.273367	0.286233	0.279729	0.275033	0.286233	0.27976	0.273367	0.286233	1	1	4.91259	
3.95367	1	14	3.92558	1	14	3.92571	1	14	0	0	0	0.289615	0.2851	0.296567	0.289637	0.283133	0.297367	0.289615	0.2851	0.296567	0.289637	0.283133	0.297367	1	1	4.91305	
3.965	1	15	3.93372	1	15	3.93373	1	15	0	0	0	0.299681	0.294867	0.3054	0.299696	0.294167	0.3056	0.299681	0.294867	0.3054	0.299696	0.294167	0.3056	1	1	4.9203	
3.96417	1	15	3.93008	1	15	3.93009	1	15	0	0	0	0.309604	0.305067	0.315667	0.309617	0.3052	0.315733	0.309604	0.305067	0.315667	0.309617	0.3052	0.315733	1	1	4.91602	
3.97144	1	15	3.93643	1	15	3.93647	1	15	0	0	0	0.319421	0.3153	0.325933	0.319437	0.3149	0.3256	0.319421	0.3153	0.325933	0.319437	0.3149	0.3256	1	1	4.92242	
3.9919	1	15	3.95238	1	15	3.95275	1	15	0	0	0	0.329415	0.324933	0.3361	0.329429	0.325833	0.3346	0.329415	0.324933	0.3361	0.329429	0.325833	0.3346	1	1	4.93766	
3.99219	1	15	3.95022	1	15	3.95033	1	15	0	0	0	0.339217	0.3345	0.345733	0.339229	0.334	0.343267	0.339217	0.3345	0.345733	0.339229	0.334	0.343267	1	1	4.93495	
3.99892	1	15	3.95273	1	15	3.95307	1	15	0	0	0	0.349271	0.343967	0.3562	0.349292	0.344433	0.3541	0.349271	0.343967	0.3562	0.349292	0.344433	0.3541	1	1	4.93661	
3.99884	1	15	3.94986	1	15	3.94991	1	15	0	0	0	0.359258	0.3535	0.3672	0.359265	0.354533	0.369	0.359258	0.3535	0.3672	0.359265	0.354533	0.369	1	1	4.93368	
4.01683	1	15	3.96221	1	14	3.96247	1	14	0	0	0	0.369567	0.364267	0.3781	0.369577	0.362467	0.377867	0.369567	0.364267	0.3781	0.369577	0.362467	0.377867	1	1	4.94541	
4.02257	1	15	3.96413	1	15	3.96414	1	15	0	0	0	0.379606	0.374667	0.387667	0.379627	0.375	0.386033	0.379606	0.374667	0.387667	0.379627	0.375	0.386033	1	1	4.94631	
4.03509	1	15	3.97069	1	15	3.97079	1	15	0	0	0	0.389754	0.385367	0.3965	0.389763	0.3804	0.395867	0.389754	0.385367	0.3965	0.389763	0.3804	0.395867	1	1	4.95285	
4.04798	1	19	3.97747	1	19	3.97759	1	19	0	0	0	0.399781	0.395467	0.406667	0.399783	0.396433	0.406433	0.399781	0.395467	0.406667	0.399783	0.396433	0.406433	1	1	4.95834	
4.0676	1	19	3.9928	1	19	3.99277	1	19	0	0	0	0.409765	0.405433	0.416067	0.409783	0.404133	0.4138	0.409765	0.405433	0.416067	0.409783	0.404133	0.4138	1	1	4.97307	
4.06975	1	18	3.99408	1	18	3.99438	1	18	0	0	0	0.419729	0.415733	0.426467	0.419756	0.413233	0.4279	0.419729	0.415733	0.426467	0.419756	0.413233	0.4279	1	1	4.97374	
4.0818	1	16	3.99501	1	16	3.9951	1	16	0	0	0	0.429908	0.426933	0.436	0.429919	0.425	0.439733	0.429908	0.426933	0.436	0.429919	0.425	0.439733	1	1	4.97349	
4.09818	1	20	4.00564	1	20	4.00584	1	20	0	0	0	0.440048	0.436367	0.4466	0.44006	0.436733	0.4448	0.440048	0.436367	0.4466	0.44006	0.436733	0.4448	1	1	4.98329	
4.10857	1	16	4.01055	1	16	4.01065	1	16	0	0	0	0.450021	0.4468	0.4568	0.450025	0.440067	0.46	0.450021	0.4468	0.4568	0.450025	0.440067	0.46	1	1	4.98735	
4.11885	1	20	4.01404	1	20	4.01412	1	20	0	0	0	0.460192	0.456167	0.468167	0.46019	0.450667	0.467433	0.460192	0.456167	0.468167	0.46019	0.450667	0.467433	1	1	4.99047	
4.14759	1	20	4.03112	1	20	4.03124	1	20	0	0	0	0.47045	0.4659	0.4778	0.470454	0.466267	0.475567	0.47045	0.4659	0.4778	0.470454	0.466267	0.475567	1	1	5.0061	
4.16102	1	21	4.03536	1	21	4.03555	1	21	0	0	0	0.480369	0.4752	0.487867	0.480354	0.475267	0.486	0.480369	0.4752	0.487867	0.480354	0.475267	0.486	1	1	5.00907	
4.17405	1	20	4.04097	1	20	4.04097	1	20	0	0	0	0.490358	0.4858	0.499167	0.490356	0.485867	0.4992	0.490358	0.4858	0.499167	0.490356	0.485867	0.4992	1	1	5.01424	
4.19604	1	20	4.04858	1	20	4.04862	1	20	0	0	0	0.500392	0.4952	0.510367	0.500383	0.490967	0.51	0.500392	0.4952	0.510367	0.500383	0.490967	0.51	1	1	5.02164	
4.21277	1	21	4.05592	1	21	4.05607	1	21	0	0	0	0.510146	0.504667	0.5203	0.51014	0.502933	0.514867	0.510146	0.504667	0.5203	0.51014	0.502933	0.514867	1	1	5.02727	
4.23631	1	21	4.06582	1	21	4.06597	1	21	0	0	0	0.520217	0.514267	0.53	0.520196	0.512667	0.525733	0.520217	0.514267	0.53	0.520196	0.512667	0.525733	1	1	5.03675	
4.24513	1	20	4.06776	1	20	4.06793	1	20	0	0	0	0.530154	0.524033	0.5396	0.53015	0.524533	0.540233	0.530154	0.524033	0.5396	0.53015	0.524533	0.540233	1	1	5.03752	
4.2745	1	21	4.07764	1	21	4.07773	1	21	0	0	0	0.540154	0.535067	0.549	0.540144	0.5337	0.547167	0.540154	0.535067	0.549	0.540144	0.5337	0.547167	1	1	5.04737	
4.3102	1	20	4.09332	1	19	4.09354	1	19	0	0	0	0.550031	0.544467	0.5586	0.550037	0.5421	0.556067	0.550031	0.544467	0.5586	0.550037	0.5421	0.556067	1	1	5.06142	
4.33194	1	20	4.0963	1	20	4.09652	1	20	0	0	0	0.560129	0.553933	0.568633	0.560113	0.553567	0.564467	0.560129	0.553933	0.568633	0.560113	0.553567	0.564467	1	1	5.06368	
4.36363	1	21	4.11006	1	20	4.11028	1	20	0	0	0	0.57025	0.563667	0.578667	0.570229	0.564533	0.5817	0.57025	0.563667	0.578667	0.570229	0.564533	0.5817	1	1	5.07615	
4.38733	1	21	4.11551	1	21	4.11561	1	21	0	0	0	0.580067	0.573533	0.588933	0.580056	0.572433	0.586733	0.580067	0.573533	0.588933	0.580056	0.572433	0.586733	1	1	5.07986	
4.43823	1	20	4.13612	1	20	4.13611	1	20	0	0	0	0.58985	0.584	0.598667	0.589844	0.5826	0.599033	0.58985	0.584	0.598667	0.589844	0.5826	0.599033	1	1	5.09902	
4.46963	1	21	4.14026	1	21	4.14027	1	21	0	0	0	0.600015	0.5946	0.607967	0.599998	0.594	0.604767	0.600015	0.5946	0.607967	0.599998	0.594	0.604767	1	1	5.1027	
4.50584	1	22	4.1494	1	22	4.14978	1	22	0	0	0	0.609783	0.6043	0.617367	0.609777	0.603133	0.622567	0.609783	0.6043	0.617367	0.609777	0.603133	0.622567	1	1	5.11058	
4.56246	1	21	4.16418	1	21	4.16426	1	21	0	0	0	0.619815	0.613133	0.627067	0.619777	0.612767	0.625667	0.619815	0.613133	0.627067	0.619777	0.612767	0.625667	1	1	5.12291	
4.61687	1	21	4.17223	1	21	4.1724	1	21	0	0	0	0.629885	0.623133	0.637167	0.629879	0.624367	0.6364	0.629885	0.623133	0.637167	0.629879	0.624367	0.6364	1	1	5.13051	
4.67285	1	22	4.18251	1	21	4.18262	1	21	0	0	0	0.63989	0.633933	0.646667	0.639863	0.632967	0.6452	0.63989	0.633933	0.646667	0.639863	0.632967	0.6452	1	1	5.14013	
4.74209	1	21	4.1971	1	21	4.19723	1	21	0	0	0	0.65014	0.644633	0.657733	0.650096	0.646233	0.653833	0.65014	0.644633	0.657733	0.650096	0.646233	0.653833	1	1	5.152	
4.80759	1	23	4.19865	1	21	4.19916	1	25	0	0	0	0.660092	0.653967	0.668167	0.660081	0.6505	0.667533	0.660092	0.653967	0.668167	0.660081	0.6505	0.667533	1	1	5.1521	
4.88956	1	26	4.21003	1	21	4.21002	1	21	0	0	0	0.670171	0.663933	0.677867	0.670162	0.6626	0.674033	0.670171	0.663933	0.677867	0.670162	0.6626	0.674033	1	1	5.16329	
5.01941	1	33	4.2228	1	21	4.2229	1	21	0	0	0	0.680292	0.6738	0.686733	0.680269	0.672133	0.685233	0.680292	0.6738	0.686733	0.680269	0.672133	0.685233	1	1	5.17444	
5.15855	1	30	4.24137	1	23	4.24123	1	23	0	0	0	0.690075	0.684433	0.697333	0.690048	0.679867	0.696767	0.690075	0.684433	0.697333	0.690048	0.679867	0.696767	1	1	5.19261	
5.29024	1	36	4.25457	1	21	4.25466	1	21	0	0	0	0.700092	0.694	0.706967	0.70009	0.6924	0.7054	0.700092	0.694	0.706967	0.70009	0.6924	0.7054	1	1	5.20133	
5.49441	1	35	4.27042	1	21	4.27049	1	21	0	0	0	0.709954	0.7034	0.716467	0.709958	0.701333	0.722367	0.709954	0.7034	0.716467	0.709958	0.701333	0.722367	1	1	5.21454	
5.74108	1	38	4.2865	1	23	4.28667	1	23	0	0	0	0.719827	0.7137	0.7253	0.719794	0.7089	0.726667	0.719827	0.7137	0.7253	0.719794	0.7089	0.726667	1	1	5.22899	
6.3165	1	49	4.29213	1	28	4.29202	1	28	0	0	0	0.729708	0.724067	0.734867	0.729696	0.721667	0.737167	0.729708	0.724067	0.734867	0.729696	0.721667	0.737167	1	1	5.23494	
7.43636	1	82	4.31813	1	23	4.31829	1	23	0	0	0	0.739884	0.736125	0.744925	0.73987	0.7344	0.7435	0.739884	0.736125	0.744925	0.73987	0.7344	0.7435	1	1	5.25754	
15.6138	1	215	4.33322	1	28	4.3337	1	28	0	0	0	0.749975	0.746175	0.755025	0.749947	0.74285	0.7557	0.749975	0.746175	0.755025	0.749947	0.74285	0.7557	1	1	5.27085	
166.847	1	2118	4.34305	1	33	4.34312	1	33	0	0	0	0.759718	0.756143	0.762371	0.758057	0.7471	0.763071	0.759718	0.756143	0.762371	0.758057	0.7471	0.763071	1	1	5.27868	
352.992	1	4532	4.35758	1	31	4.35593	1	31	0	0	0	0.769652	0.765929	0.772357	0.765482	0.758229	0.773171	0.769652	0.765929	0.772357	0.765482	0.758229	0.773171	1	1	5.29083	
