4.52173	4	6	4.50178	4	6	4.50168	4	6	0	0	0	0.00992292	0.0091	0.0112667	0.00992292	0.0091	0.0112667	0.00992292	0.0091	0.0112667	0.00992292	0.0091	0.0112667	1	1	5.50178	
4.54154	4	7	4.50347	4	6	4.50341	4	6	0	0	0	0.0201354	0.0188667	0.0217	0.0201312	0.0188667	0.0216667	0.0201354	0.0188667	0.0217	0.0201312	0.0188667	0.0216667	1	1	5.50347	
4.55193	4	8	4.49601	4	6	4.4959	4	6	0	0	0	0.0299896	0.0283667	0.0318667	0.0299896	0.0283667	0.0318333	0.0299896	0.0283667	0.0318667	0.0299896	0.0283667	0.0318333	1	1	5.49601	
4.57659	4	8	4.49608	4	6	4.49598	4	6	0	0	0	0.0401063	0.0385667	0.0419	0.0401083	0.0386	0.0419333	0.0401063	0.0385667	0.0419	0.0401083	0.0386	0.0419333	1	1	5.49608	
4.60695	4	9	4.49853	4	6	4.49842	4	6	0	0	0	0.0501896	0.0482	0.0528667	0.0501917	0.0482333	0.0528667	0.0501896	0.0482	0.0528667	0.0501917	0.0482333	0.0528667	1	1	5.49853	
4.63718	4	10	4.5004	4	6	4.50033	4	6	0	0	0	0.0603771	0.0582333	0.0635	0.0603812	0.0582667	0.0634667	0.0603771	0.0582333	0.0635	0.0603812	0.0582667	0.0634667	1	1	5.5004	
4.66941	4	11	4.49775	4	6	4.49791	4	6	0	0	0	0.0703167	0.0682333	0.0740667	0.070325	0.0682667	0.0741	0.0703167	0.0682333	0.0740667	0.070325	0.0682667	0.0741	1	1	5.49775	
4.71081	4	13	4.50041	4	6	4.5006	4	6	0	0	0	0.0804833	0.0782	0.0842333	0.0804938	0.0782333	0.0842667	0.0804833	0.0782	0.0842333	0.0804938	0.0782333	0.0842667	1	1	5.50041	
4.75399	4	15	4.50023	4	6	4.50036	4	6	0	0	0	0.0902333	0.0876	0.0949667	0.0902479	0.0876333	0.095	0.0902333	0.0876	0.0949667	0.0902479	0.0876333	0.095	1	1	5.50023	
4.80755	4	15	4.5013	4	6	4.50142	4	6	0	0	0	0.100373	0.0977667	0.104467	0.10039	0.0978	0.104467	0.100373	0.0977667	0.104467	0.10039	0.0978	0.104467	1	1	5.5013	
4.8619	4	16	4.50176	4	6	4.50186	4	6	0	0	0	0.110113	0.107767	0.114633	0.110129	0.1078	0.114633	0.110113	0.107767	0.114633	0.110129	0.1078	0.114633	1	1	5.50176	
4.93148	4	16	4.50165	4	6	4.50179	4	6	0	0	0	0.120129	0.117067	0.124867	0.120146	0.117133	0.124867	0.120129	0.117067	0.124867	0.120146	0.117133	0.124867	1	1	5.50165	
5.01117	4	20	4.50131	4	6	4.50143	4	6	0	0	0	0.130342	0.126633	0.134433	0.130358	0.1267	0.134433	0.130342	0.126633	0.134433	0.130358	0.1267	0.134433	1	1	5.50131	
5.12075	4	23	4.50117	4	6	4.50128	4	6	0	0	0	0.14034	0.1367	0.145267	0.140354	0.136767	0.145267	0.14034	0.1367	0.145267	0.140354	0.136767	0.145267	1	1	5.50117	
5.25433	4	25	4.50098	4	6	4.50111	4	6	0	0	0	0.150237	0.1459	0.155733	0.150248	0.145967	0.155733	0.150237	0.1459	0.155733	0.150248	0.145967	0.155733	1	1	5.50098	
5.39028	4	29	4.50076	4	6	4.50085	4	6	0	0	0	0.159967	0.154367	0.1663	0.159983	0.154433	0.1663	0.159967	0.154367	0.1663	0.159983	0.154433	0.1663	1	1	5.50076	
5.57957	4	34	4.50061	4	6	4.50074	4	6	0	0	0	0.169842	0.164833	0.175667	0.169869	0.1649	0.175667	0.169842	0.164833	0.175667	0.169869	0.1649	0.175667	1	1	5.50061	
5.82079	4	34	4.50095	4	6	4.50109	4	6	0	0	0	0.179825	0.1744	0.186	0.179852	0.1745	0.186	0.179825	0.1744	0.186	0.179852	0.1745	0.186	1	1	5.50095	
6.16587	4	43	4.50044	4	6	4.50056	4	6	0	0	0	0.189817	0.184467	0.1956	0.189848	0.184567	0.195633	0.189817	0.184467	0.1956	0.189848	0.184567	0.195633	1	1	5.50044	
6.62442	4	57	4.50079	4	6	4.50091	4	6	0	0	0	0.199869	0.1934	0.2052	0.199904	0.193533	0.205233	0.199869	0.1934	0.2052	0.199904	0.193533	0.205233	1	1	5.50079	
7.35558	4	79	4.50032	4	6	4.50041	4	6	0	0	0	0.20989	0.204167	0.215133	0.209925	0.204233	0.215133	0.20989	0.204167	0.215133	0.209925	0.204233	0.215133	1	1	5.50032	
8.53212	4	86	4.49987	4	6	4.49995	4	6	0	0	0	0.219781	0.215167	0.225467	0.219821	0.215233	0.2255	0.219781	0.215167	0.225467	0.219821	0.215233	0.2255	1	1	5.49987	
11.2151	4	116	4.50023	4	6	4.50027	4	6	0	0	0	0.229696	0.224633	0.2354	0.229719	0.224667	0.2354	0.229696	0.224633	0.2354	0.229719	0.224667	0.2354	1	1	5.50023	
21.619	4	383	4.50036	4	6	4.50036	4	6	0	0	0	0.239996	0.237243	0.242286	0.239995	0.237257	0.242357	0.239996	0.237243	0.242286	0.239995	0.237257	0.242357	1	1	5.50036	
401.849	4	3189	4.50033	4	6	4.49905	4	6	0	0	0	0.249971	0.2472	0.252171	0.248392	0.243186	0.252371	0.249971	0.2472	0.252171	0.248392	0.243186	0.252371	1	1	5.50033	
