3.87865	1	8	3.87676	1	8	3.87699	1	8	0	0	0	0.00992292	0.0091	0.0112667	0.00992083	0.0091	0.0112667	0.00992292	0.0091	0.0112667	0.00992083	0.0091	0.0112667	1	1	4.87676	
3.87625	1	8	3.87315	1	8	3.87327	1	8	0	0	0	0.0201354	0.0188667	0.0217	0.0201312	0.0188667	0.0217	0.0201354	0.0188667	0.0217	0.0201312	0.0188667	0.0217	1	1	4.87315	
3.88406	1	12	3.8785	1	12	3.87859	1	12	0	0	0	0.0299896	0.0283667	0.0318667	0.0299875	0.0283667	0.0318667	0.0299896	0.0283667	0.0318667	0.0299875	0.0283667	0.0318667	1	1	4.8785	
3.88234	1	12	3.87445	1	12	3.87452	1	12	0	0	0	0.0401063	0.0385667	0.0419	0.0401063	0.0385667	0.0419333	0.0401063	0.0385667	0.0419	0.0401063	0.0385667	0.0419333	1	1	4.87445	
3.88431	1	12	3.87365	1	12	3.87375	1	12	0	0	0	0.0501896	0.0482	0.0528667	0.0501896	0.0482333	0.0528667	0.0501896	0.0482	0.0528667	0.0501896	0.0482333	0.0528667	1	1	4.87356	
3.89107	1	12	3.87775	1	12	3.87798	1	12	0	0	0	0.0603771	0.0582333	0.0635	0.0603812	0.0582333	0.0635	0.0603771	0.0582333	0.0635	0.0603812	0.0582333	0.0635	1	1	4.87761	
3.89275	1	12	3.8763	1	12	3.87646	1	12	0	0	0	0.0703167	0.0682333	0.0740667	0.0703208	0.0682333	0.0740667	0.0703167	0.0682333	0.0740667	0.0703208	0.0682333	0.0740667	1	1	4.87613	
3.89617	1	12	3.87609	1	12	3.87622	1	12	0	0	0	0.0804833	0.0782	0.0842333	0.0804854	0.0782333	0.0842333	0.0804833	0.0782	0.0842333	0.0804854	0.0782333	0.0842333	1	1	4.8758	
3.89924	1	13	3.87574	1	12	3.87587	1	12	0	0	0	0.0902333	0.0876	0.0949667	0.0902396	0.0876333	0.0949667	0.0902333	0.0876	0.0949667	0.0902396	0.0876333	0.0949667	1	1	4.87546	
3.90658	1	13	3.87918	1	12	3.87932	1	12	0	0	0	0.100373	0.0977667	0.104467	0.100383	0.0977667	0.104467	0.100373	0.0977667	0.104467	0.100383	0.0977667	0.104467	1	1	4.87876	
3.9124	1	13	3.88086	1	12	3.88097	1	12	0	0	0	0.110113	0.107767	0.114633	0.110123	0.107767	0.114633	0.110113	0.107767	0.114633	0.110123	0.107767	0.114633	1	1	4.88033	
3.92094	1	13	3.88497	1	13	3.88509	1	13	0	0	0	0.120129	0.117067	0.124867	0.120142	0.117133	0.124867	0.120129	0.117067	0.124867	0.120142	0.117133	0.124867	1	1	4.88445	
3.92707	1	14	3.88509	1	13	3.88521	1	13	0	0	0	0.130342	0.126633	0.134433	0.130354	0.1267	0.134433	0.130342	0.126633	0.134433	0.130354	0.1267	0.134433	1	1	4.88444	
3.93718	1	14	3.88896	1	13	3.88903	1	13	0	0	0	0.14034	0.1367	0.145267	0.140348	0.136767	0.145267	0.14034	0.1367	0.145267	0.140348	0.136767	0.145267	1	1	4.88816	
3.94457	1	16	3.8902	1	16	3.89037	1	16	0	0	0	0.150237	0.1459	0.155733	0.150244	0.145967	0.155733	0.150237	0.1459	0.155733	0.150244	0.145967	0.155733	1	1	4.88926	
3.95835	1	16	3.89721	1	16	3.89736	1	16	0	0	0	0.159967	0.154367	0.1663	0.159977	0.154433	0.1663	0.159967	0.154367	0.1663	0.159977	0.154433	0.1663	1	1	4.89598	
3.96949	1	16	3.90205	1	16	3.90217	1	16	0	0	0	0.169842	0.164833	0.175667	0.169856	0.1649	0.175667	0.169842	0.164833	0.175667	0.169856	0.1649	0.175667	1	1	4.90072	
3.9801	1	16	3.90581	1	16	3.90594	1	16	0	0	0	0.179825	0.1744	0.186	0.179846	0.1745	0.186	0.179825	0.1744	0.186	0.179846	0.1745	0.186	1	1	4.9044	
3.99282	1	16	3.91063	1	16	3.91082	1	16	0	0	0	0.189817	0.184467	0.1956	0.18984	0.184567	0.1956	0.189817	0.184467	0.1956	0.18984	0.184567	0.1956	1	1	4.90887	
4.00276	1	17	3.91321	1	16	3.91337	1	16	0	0	0	0.199869	0.1934	0.2052	0.199896	0.1935	0.2052	0.199869	0.1934	0.2052	0.199896	0.1935	0.2052	1	1	4.91089	
4.01752	1	17	3.92027	1	16	3.92044	1	16	0	0	0	0.20989	0.204167	0.215133	0.209917	0.204267	0.215133	0.20989	0.204167	0.215133	0.209917	0.204267	0.215133	1	1	4.91748	
4.03041	1	16	3.92459	1	16	3.92477	1	16	0	0	0	0.219781	0.215167	0.225467	0.219808	0.215267	0.225467	0.219781	0.215167	0.225467	0.219808	0.215267	0.225467	1	1	4.92119	
4.04609	1	20	3.9309	1	20	3.93106	1	20	0	0	0	0.229696	0.224633	0.2354	0.229725	0.224733	0.2354	0.229696	0.224633	0.2354	0.229725	0.224733	0.2354	1	1	4.92696	
4.06231	1	16	3.93612	1	16	3.93627	1	16	0	0	0	0.239669	0.2349	0.245667	0.239698	0.235	0.245667	0.239669	0.2349	0.245667	0.239698	0.235	0.245667	1	1	4.93124	
4.07865	1	16	3.94098	1	16	3.94117	1	16	0	0	0	0.249798	0.245467	0.254767	0.249829	0.245567	0.254767	0.249798	0.245467	0.254767	0.249829	0.245567	0.254767	1	1	4.93534	
4.09815	1	18	3.94778	1	17	3.94795	1	17	0	0	0	0.259594	0.255433	0.264533	0.259623	0.255467	0.264533	0.259594	0.255433	0.264533	0.259623	0.255467	0.264533	1	1	4.94153	
4.11578	1	18	3.95067	1	17	3.95084	1	17	0	0	0	0.26954	0.2651	0.275667	0.269567	0.265067	0.275667	0.26954	0.2651	0.275667	0.269567	0.265067	0.275667	1	1	4.94407	
4.13069	1	18	3.95175	1	17	3.95199	1	17	0	0	0	0.279729	0.275033	0.286233	0.279754	0.274967	0.286233	0.279729	0.275033	0.286233	0.279754	0.274967	0.286233	1	1	4.94465	
4.14948	1	18	3.95585	1	16	3.95606	1	16	0	0	0	0.289615	0.2851	0.296567	0.289635	0.285033	0.296567	0.289615	0.2851	0.296567	0.289635	0.285033	0.296567	1	1	4.948	
4.17774	1	18	3.96646	1	18	3.96661	1	18	0	0	0	0.299681	0.294867	0.3054	0.299698	0.2948	0.3054	0.299681	0.294867	0.3054	0.299698	0.2948	0.3054	1	1	4.9571	
4.20213	1	19	3.97249	1	19	3.97266	1	19	0	0	0	0.309604	0.305067	0.315667	0.309621	0.305	0.315667	0.309604	0.305067	0.315667	0.309621	0.305	0.315667	1	1	4.96189	
4.22705	1	26	3.97699	1	24	3.97719	1	24	0	0	0	0.319421	0.3153	0.325933	0.319435	0.315233	0.325933	0.319421	0.3153	0.325933	0.319435	0.315233	0.325933	1	1	4.96525	
4.25493	1	26	3.98272	1	24	3.98295	1	24	0	0	0	0.329415	0.324933	0.3361	0.329427	0.324867	0.3361	0.329415	0.324933	0.3361	0.329427	0.324867	0.3361	1	1	4.96965	
4.28665	1	26	3.99059	1	24	3.99083	1	24	0	0	0	0.339217	0.3345	0.345733	0.339229	0.3346	0.345733	0.339217	0.3345	0.345733	0.339229	0.3346	0.345733	1	1	4.97537	
4.32163	1	20	3.9977	1	20	3.9979	1	20	0	0	0	0.349271	0.343967	0.3562	0.349283	0.344067	0.3562	0.349271	0.343967	0.3562	0.349283	0.344067	0.3562	1	1	4.98056	
4.36553	1	26	4.01007	1	26	4.01023	1	26	0	0	0	0.359258	0.3535	0.3672	0.359269	0.3536	0.3672	0.359258	0.3535	0.3672	0.359269	0.3536	0.3672	1	1	4.99005	
4.41168	1	24	4.0185	1	24	4.01873	1	24	0	0	0	0.369567	0.364267	0.3781	0.369579	0.364367	0.3781	0.369567	0.364267	0.3781	0.369579	0.364367	0.3781	1	1	4.99503	
4.4594	1	29	4.02577	1	25	4.02595	1	25	0	0	0	0.379606	0.374667	0.387667	0.379619	0.374767	0.387667	0.379606	0.374667	0.387667	0.379619	0.374767	0.387667	1	1	4.99904	
4.51256	1	25	4.03666	1	24	4.03694	1	24	0	0	0	0.389754	0.385367	0.3965	0.389765	0.385467	0.3965	0.389754	0.385367	0.3965	0.389765	0.385467	0.3965	1	1	5.00785	
4.57929	1	29	4.04588	1	28	4.04632	1	28	0	0	0	0.399781	0.395467	0.406667	0.39979	0.395533	0.406667	0.399781	0.395467	0.406667	0.39979	0.395533	0.406667	1	1	5.01284	
4.66278	1	26	4.0591	1	26	4.05948	1	26	0	0	0	0.409765	0.405433	0.416067	0.409769	0.4055	0.416067	0.409765	0.405433	0.416067	0.409769	0.4055	0.416067	1	1	5.01953	
4.74908	1	30	4.07115	1	26	4.07139	1	26	0	0	0	0.419729	0.415733	0.426467	0.419731	0.4158	0.426467	0.419729	0.415733	0.426467	0.419731	0.4158	0.426467	1	1	5.02614	
4.85413	1	33	4.0841	1	28	4.08445	1	28	0	0	0	0.429908	0.426933	0.436	0.429906	0.427033	0.436	0.429908	0.426933	0.436	0.429906	0.427033	0.436	1	1	5.03077	
5.00407	1	41	4.10064	1	37	4.10096	1	37	0	0	0	0.440048	0.436367	0.4466	0.440046	0.436467	0.4466	0.440048	0.436367	0.4466	0.440046	0.436467	0.4466	1	1	5.03741	
5.1741	1	44	4.11185	1	33	4.11218	1	33	0	0	0	0.450021	0.4468	0.4568	0.450017	0.446833	0.4568	0.450021	0.4468	0.4568	0.450017	0.446833	0.4568	1	1	5.04521	
5.41435	1	47	4.13885	1	28	4.13904	1	28	0	0	0	0.460192	0.456167	0.468167	0.460188	0.456267	0.468167	0.460192	0.456167	0.468167	0.460188	0.456267	0.468167	1	1	5.05294	
5.78015	1	60	4.15181	1	34	4.15196	1	34	0	0	0	0.47045	0.4659	0.4778	0.470435	0.466	0.4778	0.47045	0.4659	0.4778	0.470435	0.466	0.4778	1	1	5.05675	
6.36733	1	66	4.16809	1	35	4.16836	1	35	0	0	0	0.480369	0.4752	0.487867	0.480346	0.4753	0.4879	0.480369	0.4752	0.487867	0.480346	0.4753	0.4879	1	1	5.06116	
7.46922	1	112	4.19291	1	36	4.19323	1	36	0	0	0	0.490189	0.48594	0.49546	0.490119	0.48596	0.49544	0.490189	0.48594	0.49546	0.490119	0.48596	0.49544	1	1	5.06373	
13.8966	1	277	4.21499	1	41	4.21504	1	41	0	0	0	0.499629	0.497471	0.503814	0.499619	0.497486	0.5038	0.499629	0.497471	0.503814	0.499619	0.497486	0.5038	1	1	5.07208	
221.687	1	3521	4.23514	1	53	4.23767	1	53	0	0	0	0.509601	0.507243	0.5139	0.507817	0.491743	0.513886	0.509601	0.507243	0.5139	0.507817	0.491743	0.513886	1	1	5.07019	
