5.8031	2	19	5.79387	2	19	4.99341	2	16	0	0	0	0.00503313	0.00481	0.00530333	0.00503313	0.00481	0.0053	0.00901479	0.00842333	0.00938667	0.00901479	0.00842333	0.00938667	1.79109	1.79109	5.9918	
7.72661	2	154	6.14221	2	30	5.38901	2	30	0	0	0	0.165183	0.164203	0.166453	0.165184	0.1642	0.16645	0.297368	0.293813	0.300543	0.297369	0.293817	0.300557	1.80023	1.80023	5.98166	
8.00675	2	156	6.1634	2	32	5.4137	2	28	0	0	0	0.170181	0.169017	0.171337	0.170182	0.169013	0.171333	0.306336	0.302677	0.31067	0.306341	0.30269	0.310693	1.80006	1.80008	5.98701	
8.44294	2	222	6.1746	2	35	5.42264	2	35	0	0	0	0.175217	0.174117	0.176273	0.175217	0.174123	0.17627	0.315385	0.312637	0.31849	0.315386	0.312643	0.31851	1.79997	1.79997	5.98795	
8.83898	2	215	6.20397	2	34	5.45224	2	34	0	0	0	0.18028	0.178787	0.181217	0.180278	0.178787	0.181203	0.324327	0.32116	0.326523	0.324321	0.32116	0.326517	1.79901	1.799	5.99728	
9.65125	2	288	6.21338	2	29	5.46158	2	27	0	0	0	0.18528	0.18345	0.18669	0.185276	0.183453	0.18669	0.333208	0.331463	0.33741	0.333202	0.331447	0.337397	1.7984	1.79841	5.99788	
11.168	2	769	6.23132	2	31	5.48154	2	31	0	0	0	0.190258	0.18945	0.191683	0.190259	0.18945	0.191687	0.34208	0.339013	0.34423	0.342081	0.339013	0.344227	1.79798	1.79797	6.00747	
12.0138	2	417	6.23869	2	34	5.48633	2	34	0	0	0	0.195109	0.19309	0.196632	0.195108	0.193085	0.196628	0.350692	0.347102	0.353015	0.350692	0.347115	0.353015	1.79742	1.79742	6.00674	
24.3435	2	1423	6.23679	2	38	5.48103	2	38	0	0	0	0.200034	0.199071	0.201263	0.200032	0.199074	0.201263	0.359673	0.358026	0.361343	0.359672	0.358024	0.361283	1.79806	1.79807	6.01331	
879.574	2	29505	6.22424	2	34	5.45285	2	34	0	0	0	0.205005	0.20443	0.205671	0.204662	0.19947	0.20567	0.368633	0.366263	0.370756	0.36802	0.358224	0.37076	1.79816	1.79818	6.02632	
