4.66418	1	20	4.66406	1	20	3.9042	1	16	0	0	0	0.00503313	0.00481	0.00530333	0.00503292	0.00485333	0.00523333	0.00901479	0.00842333	0.00938667	0.00901458	0.00845333	0.00953333	1.79109	1.79113	4.86812	
5.58624	1	49	5.33465	1	35	4.52203	1	32	0	0	0	0.165183	0.164203	0.166453	0.165182	0.163547	0.166557	0.297368	0.293813	0.300543	0.297368	0.294467	0.301823	1.80023	1.80024	5.26299	
5.64643	1	52	5.36152	1	43	4.55771	1	43	0	0	0	0.170181	0.169017	0.171337	0.170179	0.16873	0.17179	0.306336	0.302677	0.31067	0.306335	0.303213	0.311043	1.80006	1.80007	5.27647	
5.70182	1	46	5.38932	1	37	4.581	1	37	0	0	0	0.175217	0.174117	0.176273	0.175217	0.173847	0.17675	0.315385	0.312637	0.31849	0.315385	0.312303	0.319443	1.79997	1.79997	5.29252	
5.76913	1	53	5.42085	1	42	4.61829	1	38	0	0	0	0.18028	0.178787	0.181217	0.180281	0.179103	0.181567	0.324327	0.32116	0.326523	0.324326	0.320703	0.328403	1.79901	1.79901	5.31148	
5.8367	1	52	5.44816	1	37	4.64869	1	34	0	0	0	0.18528	0.18345	0.18669	0.185281	0.18392	0.187003	0.333208	0.331463	0.33741	0.33321	0.32872	0.337	1.7984	1.7984	5.32454	
5.90655	1	74	5.47976	1	37	4.67146	1	37	0	0	0	0.190258	0.18945	0.191683	0.190257	0.188933	0.1916	0.34208	0.339013	0.34423	0.342077	0.337773	0.346057	1.79798	1.79798	5.34497	
5.99433	1	51	5.51449	1	50	4.71239	1	50	0	0	0	0.195212	0.19321	0.1966	0.195212	0.193913	0.19685	0.350996	0.34645	0.353823	0.350995	0.34689	0.354703	1.79803	1.79802	5.36574	
6.09106	1	61	5.55022	1	50	4.74749	1	46	0	0	0	0.200214	0.19899	0.201843	0.200213	0.198623	0.20177	0.360125	0.35611	0.364773	0.360124	0.354983	0.363777	1.7987	1.7987	5.3821	
6.18125	1	67	5.58553	1	45	4.77926	1	41	0	0	0	0.205178	0.203447	0.206533	0.205178	0.203347	0.206593	0.369072	0.365927	0.371617	0.369075	0.364	0.372757	1.79879	1.79881	5.4014	
6.27656	1	67	5.61691	1	40	4.81806	1	38	0	0	0	0.210146	0.209193	0.210833	0.210144	0.20821	0.211467	0.377912	0.37409	0.37995	0.377906	0.372413	0.381203	1.79833	1.79832	5.4184	
6.3864	1	65	5.64991	1	51	4.83663	1	51	0	0	0	0.215113	0.214033	0.21652	0.215113	0.213493	0.21649	0.386873	0.383873	0.390327	0.38687	0.38159	0.38988	1.79846	1.79845	5.43681	
6.50161	1	65	5.68387	1	52	4.8761	1	48	0	0	0	0.220135	0.218983	0.22155	0.220135	0.218303	0.221567	0.395772	0.393563	0.397797	0.395771	0.390123	0.3988	1.79786	1.79785	5.45331	
6.62645	1	67	5.72284	1	45	4.91514	1	45	0	0	0	0.225164	0.224647	0.225963	0.225162	0.22333	0.226657	0.404797	0.402063	0.407097	0.404796	0.399783	0.407763	1.79779	1.7978	5.47472	
6.77891	1	76	5.76175	1	41	4.9527	1	40	0	0	0	0.230132	0.228587	0.232	0.23013	0.22815	0.23178	0.413767	0.408927	0.41791	0.413765	0.40869	0.416873	1.79796	1.79796	5.49124	
6.94701	1	78	5.80057	1	46	4.99553	1	43	0	0	0	0.23507	0.23383	0.23663	0.235071	0.23325	0.23685	0.422628	0.418507	0.42607	0.42263	0.417877	0.425557	1.79788	1.79788	5.51273	
7.09207	1	78	5.83519	1	53	5.02644	1	49	0	0	0	0.24003	0.238893	0.242187	0.240031	0.238263	0.241723	0.43155	0.427747	0.436627	0.431553	0.427077	0.434523	1.7979	1.79791	5.52783	
7.3089	1	87	5.88509	1	49	5.07332	1	49	0	0	0	0.24505	0.244253	0.246043	0.24505	0.24346	0.246743	0.440688	0.436627	0.444483	0.44069	0.43589	0.443357	1.79836	1.79836	5.55466	
7.51754	1	79	5.91677	1	63	5.10844	1	59	0	0	0	0.249961	0.248477	0.25131	0.249959	0.24841	0.251767	0.449549	0.445797	0.452603	0.449543	0.445393	0.452247	1.79847	1.79847	5.56762	
7.75299	1	111	5.95897	1	51	5.1507	1	51	0	0	0	0.254964	0.25383	0.256647	0.254963	0.253507	0.256927	0.458597	0.45551	0.46243	0.458595	0.4544	0.461633	1.79868	1.79867	5.58807	
8.08377	1	96	6.00863	1	54	5.19979	1	50	0	0	0	0.259973	0.2587	0.261123	0.259974	0.25846	0.261463	0.467604	0.46453	0.470857	0.467606	0.463027	0.470613	1.79867	1.79866	5.6095	
8.39074	1	106	6.05301	1	55	5.24139	1	55	0	0	0	0.265002	0.26314	0.266663	0.265005	0.263277	0.266323	0.476581	0.4737	0.478723	0.476588	0.47249	0.480083	1.79841	1.79841	5.62897	
8.70434	1	97	6.09404	1	48	5.28568	1	47	0	0	0	0.270024	0.26872	0.271523	0.270017	0.268417	0.271373	0.485605	0.481313	0.491187	0.485591	0.481603	0.488507	1.79838	1.79837	5.64726	
9.17218	1	109	6.13943	1	48	5.33017	1	44	0	0	0	0.275017	0.274063	0.276677	0.275013	0.273433	0.276673	0.494525	0.490707	0.49701	0.494514	0.490633	0.497607	1.79816	1.79815	5.66624	
9.73162	1	146	6.18815	1	60	5.3775	1	56	0	0	0	0.280041	0.278987	0.28115	0.280043	0.278537	0.28201	0.503516	0.49919	0.50723	0.503521	0.500493	0.50725	1.79801	1.79802	5.68633	
10.2673	1	115	6.24626	1	68	5.4379	1	68	0	0	0	0.285015	0.28285	0.286227	0.285018	0.283597	0.287007	0.512439	0.509477	0.517123	0.512443	0.509623	0.51614	1.79794	1.79793	5.7129	
10.8788	1	132	6.29335	1	53	5.47649	1	53	0	0	0	0.290035	0.288213	0.29115	0.290025	0.28832	0.29236	0.521427	0.518177	0.52464	0.521408	0.517837	0.526003	1.79781	1.7978	5.73061	
11.6923	1	150	6.34691	1	59	5.53482	1	59	0	0	0	0.295025	0.293633	0.29691	0.29502	0.293257	0.297367	0.530447	0.52501	0.53639	0.530438	0.526993	0.534873	1.79797	1.79797	5.75104	
12.81	1	158	6.40006	1	55	5.59834	1	53	0	0	0	0.300039	0.298963	0.301397	0.300033	0.297637	0.302237	0.539366	0.534617	0.545557	0.539353	0.53533	0.54305	1.79766	1.79765	5.77088	
13.9803	1	234	6.45566	1	60	5.64263	1	56	0	0	0	0.305054	0.30396	0.306623	0.305051	0.302213	0.306957	0.548402	0.545333	0.551867	0.548386	0.543413	0.55189	1.79772	1.79769	5.78884	
15.4312	1	183	6.5117	1	57	5.69727	1	57	0	0	0	0.310057	0.30876	0.311037	0.310056	0.307223	0.31184	0.557393	0.555433	0.56053	0.557392	0.552387	0.5614	1.79771	1.79771	5.8097	
17.6798	1	203	6.57644	1	60	5.76443	1	56	0	0	0	0.31496	0.313195	0.31597	0.314958	0.312962	0.316308	0.566303	0.563603	0.569283	0.566299	0.562813	0.570425	1.79801	1.79801	5.83035	
21.1127	1	285	6.64032	1	57	5.82803	1	57	0	0	0	0.319978	0.318667	0.321327	0.31999	0.317413	0.32172	0.575376	0.57096	0.578647	0.575393	0.570853	0.57933	1.79817	1.79816	5.85209	
24.9594	1	309	6.70792	1	72	5.89558	1	72	0	0	0	0.324917	0.32338	0.326245	0.324909	0.323107	0.32616	0.584129	0.57977	0.58923	0.584119	0.580427	0.58818	1.79778	1.79779	5.87319	
32.1624	1	466	6.77507	1	64	5.96567	1	64	0	0	0	0.329995	0.328477	0.331403	0.330015	0.328313	0.331583	0.593321	0.589803	0.597323	0.593364	0.589693	0.597237	1.79797	1.79799	5.89432	
44.926	1	551	6.84589	1	63	6.03834	1	63	0	0	0	0.334963	0.333826	0.336726	0.334975	0.333228	0.336082	0.602276	0.599138	0.607158	0.602294	0.599006	0.60638	1.79804	1.79803	5.91522	
78.8699	1	1072	6.92457	1	75	6.12004	1	75	0	0	0	0.339915	0.338688	0.340998	0.339937	0.338132	0.3411	0.611322	0.607233	0.615162	0.611365	0.608525	0.614615	1.79846	1.79847	5.93624	
1092.67	1	9650	7.00629	1	94	6.19987	1	94	0	0	0	0.344819	0.343713	0.345821	0.344311	0.343167	0.345127	0.620387	0.617861	0.622596	0.619483	0.616903	0.621543	1.79917	1.7992	5.95952	
