5.29401	1	19	5.29401	1	19	4.52196	1	16	0	0	0	0.00503313	0.00481	0.00530333	0.00503313	0.00481	0.0053	0.00901479	0.00842333	0.00938667	0.00901479	0.00842333	0.00938667	1.79109	1.79109	5.4989	
5.75378	1	63	5.5698	1	30	4.76271	1	26	0	0	0	0.165183	0.164203	0.166453	0.165184	0.1642	0.16645	0.297368	0.293813	0.300543	0.29737	0.293813	0.300567	1.80023	1.80024	5.56106	
5.79224	1	79	5.58217	1	29	4.78065	1	29	0	0	0	0.170181	0.169017	0.171337	0.17018	0.16901	0.17133	0.306336	0.302677	0.31067	0.306336	0.30269	0.310693	1.80006	1.80007	5.56592	
5.80642	1	66	5.58299	1	28	4.77541	1	28	0	0	0	0.175217	0.174117	0.176273	0.175216	0.174123	0.176273	0.315385	0.312637	0.31849	0.315383	0.312643	0.3185	1.79997	1.79996	5.5586	
5.86281	1	69	5.60639	1	36	4.80358	1	36	0	0	0	0.18028	0.178787	0.181217	0.18028	0.178787	0.18121	0.324327	0.32116	0.326523	0.324326	0.32116	0.326517	1.79901	1.79901	5.57411	
5.88873	1	82	5.6139	1	29	4.80819	1	28	0	0	0	0.18528	0.18345	0.18669	0.185281	0.183453	0.18669	0.333208	0.331463	0.33741	0.333208	0.33148	0.337397	1.7984	1.79839	5.57464	
5.95659	1	86	5.63037	1	30	4.82704	1	26	0	0	0	0.190258	0.18945	0.191683	0.190259	0.18945	0.191683	0.34208	0.339013	0.34423	0.342079	0.339013	0.344227	1.79798	1.79797	5.57874	
5.96777	1	74	5.63392	1	30	4.82857	1	28	0	0	0	0.195212	0.19321	0.1966	0.195211	0.19321	0.196587	0.350996	0.34645	0.353823	0.350995	0.34645	0.353837	1.79803	1.79802	5.5784	
6.04054	1	89	5.65465	1	30	4.84462	1	28	0	0	0	0.200214	0.19899	0.201843	0.200213	0.198987	0.201847	0.360125	0.35611	0.364773	0.360125	0.356113	0.364787	1.7987	1.79871	5.58294	
6.08373	1	71	5.6655	1	32	4.85844	1	31	0	0	0	0.205178	0.203447	0.206533	0.205178	0.203443	0.206537	0.369072	0.365927	0.371617	0.369076	0.365927	0.371613	1.79879	1.79881	5.58766	
6.15241	1	109	5.68206	1	33	4.88054	1	30	0	0	0	0.210146	0.209193	0.210833	0.210146	0.20919	0.210837	0.377912	0.37409	0.37995	0.377909	0.374093	0.379947	1.79833	1.79832	5.59363	
6.25021	1	100	5.70789	1	30	4.90253	1	28	0	0	0	0.215113	0.214033	0.21652	0.215112	0.21403	0.21652	0.386873	0.383873	0.390327	0.38687	0.38387	0.39032	1.79846	1.79846	5.6043	
6.30271	1	86	5.71368	1	37	4.90818	1	37	0	0	0	0.220135	0.218983	0.22155	0.220135	0.21898	0.221543	0.395772	0.393563	0.397797	0.395772	0.393553	0.3978	1.79786	1.79786	5.6024	
6.3857	1	90	5.73403	1	37	4.92776	1	37	0	0	0	0.225164	0.224647	0.225963	0.225166	0.224643	0.225967	0.404797	0.402063	0.407097	0.404802	0.402073	0.407097	1.79779	1.7978	5.6126	
6.48464	1	83	5.74765	1	33	4.9471	1	29	0	0	0	0.230132	0.228587	0.232	0.230128	0.22859	0.232003	0.413767	0.408927	0.41791	0.413762	0.408933	0.417907	1.79796	1.79797	5.61451	
6.57078	1	117	5.76754	1	36	4.96154	1	36	0	0	0	0.23507	0.23383	0.23663	0.23507	0.233833	0.236633	0.422628	0.418507	0.42607	0.422627	0.41852	0.426073	1.79788	1.79788	5.62366	
6.68655	1	107	5.78064	1	38	4.9745	1	38	0	0	0	0.24003	0.238893	0.242187	0.24003	0.238893	0.242183	0.43155	0.427747	0.436627	0.431549	0.427743	0.43661	1.7979	1.7979	5.62402	
6.82578	1	115	5.80063	1	35	4.98896	1	35	0	0	0	0.24505	0.244253	0.246043	0.245049	0.244253	0.24605	0.440688	0.436627	0.444483	0.440688	0.43663	0.44449	1.79836	1.79837	5.62888	
6.932	1	120	5.82116	1	38	5.01697	1	38	0	0	0	0.249961	0.248477	0.25131	0.249961	0.248473	0.25131	0.449549	0.445797	0.452603	0.449543	0.445793	0.45261	1.79847	1.79846	5.63848	
7.13609	1	169	5.83773	1	34	5.02822	1	34	0	0	0	0.254964	0.25383	0.256647	0.254964	0.253833	0.256643	0.458597	0.45551	0.46243	0.458597	0.45551	0.462453	1.79868	1.79868	5.64052	
7.33712	1	151	5.85618	1	34	5.04313	1	34	0	0	0	0.259973	0.2587	0.261123	0.259975	0.258707	0.26114	0.467604	0.46453	0.470857	0.467607	0.464527	0.470853	1.79867	1.79866	5.64763	
7.5243	1	147	5.87285	1	43	5.0668	1	43	0	0	0	0.265002	0.26314	0.266663	0.265006	0.263137	0.266667	0.476581	0.4737	0.478723	0.476589	0.473697	0.47874	1.79841	1.79841	5.64915	
7.65666	1	139	5.89088	1	33	5.08037	1	33	0	0	0	0.270024	0.26872	0.271523	0.270021	0.268723	0.271523	0.485605	0.481313	0.491187	0.485599	0.481303	0.49118	1.79838	1.79837	5.65705	
7.96537	1	145	5.91387	1	37	5.10257	1	36	0	0	0	0.275017	0.274063	0.276677	0.27502	0.274087	0.276677	0.494525	0.490707	0.49701	0.49453	0.490667	0.49701	1.79816	1.79816	5.66457	
8.19717	1	175	5.92607	1	33	5.10843	1	33	0	0	0	0.280041	0.278987	0.28115	0.280044	0.27901	0.281143	0.503516	0.49919	0.50723	0.503522	0.499213	0.507237	1.79801	1.79801	5.66655	
8.60995	1	190	5.94936	1	39	5.13222	1	39	0	0	0	0.285015	0.28285	0.286227	0.285017	0.28285	0.286243	0.512439	0.509477	0.517123	0.512442	0.509477	0.517127	1.79794	1.79794	5.672	
8.95752	1	193	5.97383	1	43	5.15643	1	39	0	0	0	0.290035	0.288213	0.29115	0.290033	0.288207	0.291143	0.521427	0.518177	0.52464	0.52142	0.518193	0.524647	1.79781	1.7978	5.6797	
9.55204	1	216	5.99568	1	40	5.18453	1	40	0	0	0	0.295025	0.293633	0.29691	0.295025	0.29363	0.29692	0.530447	0.52501	0.53639	0.530449	0.52501	0.53644	1.79797	1.79798	5.68317	
10.0729	1	235	6.01511	1	36	5.20376	1	36	0	0	0	0.300039	0.298963	0.301397	0.300038	0.298967	0.301377	0.539366	0.534617	0.545557	0.539361	0.53461	0.54553	1.79766	1.79765	5.68893	
10.9495	1	219	6.0492	1	42	5.23562	1	42	0	0	0	0.305054	0.30396	0.306623	0.305051	0.303953	0.306623	0.548402	0.545333	0.551867	0.5484	0.545387	0.55179	1.79772	1.79773	5.70293	
11.7664	1	264	6.06727	1	42	5.25115	1	42	0	0	0	0.310057	0.30876	0.311037	0.310053	0.30876	0.311037	0.557393	0.555433	0.56053	0.557386	0.55543	0.56053	1.79771	1.79771	5.70209	
12.5857	1	352	6.08791	1	44	5.26726	1	43	0	0	0	0.315018	0.3131	0.315813	0.315032	0.313097	0.316013	0.56651	0.56362	0.569487	0.566536	0.56363	0.56948	1.79834	1.79834	5.70911	
14.5497	1	367	6.1156	1	41	5.30015	1	41	0	0	0	0.32001	0.318994	0.320784	0.320011	0.318994	0.320816	0.575325	0.57221	0.577414	0.575325	0.572216	0.577414	1.79783	1.79783	5.7175	
16.422	1	379	6.13723	1	42	5.31717	1	42	0	0	0	0.324995	0.32366	0.32593	0.324997	0.32366	0.32593	0.584353	0.580694	0.58909	0.584358	0.580694	0.589088	1.79804	1.79804	5.72175	
19.0772	1	460	6.16255	1	40	5.34527	1	40	0	0	0	0.329995	0.328477	0.331403	0.330004	0.32848	0.331407	0.593321	0.589803	0.597323	0.593342	0.589813	0.597503	1.79797	1.79798	5.72675	
23.8702	1	615	6.19014	1	49	5.3682	1	45	0	0	0	0.334963	0.333826	0.336726	0.334949	0.333826	0.336722	0.602276	0.599138	0.607158	0.602246	0.599146	0.607148	1.79804	1.79802	5.73524	
31.7041	1	784	6.22212	1	43	5.39958	1	41	0	0	0	0.339915	0.338688	0.340998	0.339911	0.338688	0.341008	0.611322	0.607233	0.615162	0.611318	0.607228	0.615162	1.79846	1.79847	5.74464	
48.7677	1	1334	6.24641	1	45	5.42404	1	44	0	0	0	0.344948	0.343412	0.346144	0.344948	0.343436	0.346142	0.620294	0.617668	0.622774	0.620304	0.617864	0.622768	1.79823	1.79825	5.74965	
519.626	1	8675	6.27621	1	42	5.45097	1	42	0	0	0	0.350013	0.348187	0.352047	0.350125	0.348503	0.352153	0.629309	0.624293	0.634783	0.629518	0.62552	0.635593	1.79796	1.79798	5.75498	
