9.28647	2	22	9.28633	2	22	8.48854	2	19	0	0	0	0.00499391	0.00471	0.00536	0.00499401	0.00471	0.00536	0.00895208	0.00824333	0.00963	0.0089524	0.00824333	0.00963	1.7926	1.79263	9.47681	
9.33726	2	28	9.33666	2	25	8.52159	2	22	0	0	0	0.0100062	0.00962333	0.01048	0.010006	0.00962333	0.01048	0.0180378	0.0172933	0.0192367	0.0180374	0.0172933	0.0192367	1.80265	1.80266	9.49903	
9.35013	2	29	9.34806	2	26	8.54626	2	22	0	0	0	0.0150311	0.0145233	0.0156967	0.0150309	0.0145233	0.0156967	0.02704	0.0259333	0.0284833	0.0270396	0.0259333	0.0284833	1.79893	1.79893	9.49826	
9.36579	2	31	9.36149	2	26	8.56762	2	22	0	0	0	0.020063	0.0194867	0.0205667	0.0200632	0.01949	0.0205667	0.0360579	0.0347767	0.0372567	0.0360585	0.0347767	0.0372567	1.79723	1.79725	9.4962	
9.389	2	34	9.3816	2	27	8.57628	2	24	0	0	0	0.0250671	0.02449	0.0257333	0.0250669	0.0244867	0.0257367	0.0451318	0.0439833	0.0464533	0.045132	0.0439833	0.0464567	1.80044	1.80046	9.49711	
9.40454	2	37	9.39305	2	28	8.5868	2	25	0	0	0	0.0300682	0.02949	0.0307167	0.0300681	0.0294933	0.0307133	0.0541228	0.0526633	0.0563	0.0541222	0.0526667	0.0563	1.8	1.79999	9.494	
9.43023	2	38	9.41262	2	29	8.6154	2	26	0	0	0	0.0350706	0.0342367	0.0362133	0.0350702	0.0342333	0.0362133	0.0631154	0.0612733	0.06533	0.0631152	0.0612733	0.06533	1.79966	1.79968	9.49778	
9.46105	2	42	9.43623	2	29	8.63576	2	25	0	0	0	0.0400941	0.0389867	0.0411167	0.0400935	0.0389867	0.04112	0.072177	0.0700667	0.0745967	0.0721767	0.0700667	0.0746	1.80019	1.80021	9.50409	
9.47708	2	55	9.44282	2	29	8.64328	2	25	0	0	0	0.0450691	0.04441	0.0457233	0.0450682	0.0444133	0.0457233	0.0810798	0.07946	0.0826367	0.0810779	0.0794633	0.0826567	1.79901	1.79901	9.49532	
9.50461	2	46	9.45999	2	28	8.66563	2	27	0	0	0	0.050078	0.04917	0.05091	0.0500778	0.0491633	0.05091	0.090079	0.0880267	0.09225	0.0900787	0.0880167	0.0922467	1.79877	1.79877	9.494	
9.54534	2	65	9.48621	2	29	8.68027	2	26	0	0	0	0.055088	0.0541533	0.0558567	0.0550876	0.05415	0.05585	0.0990448	0.0965533	0.101737	0.0990435	0.09655	0.10173	1.79794	1.79793	9.50456	
9.58001	2	62	9.50207	2	30	8.70653	2	27	0	0	0	0.0600776	0.0585933	0.0612533	0.0600773	0.05859	0.0612533	0.108018	0.105313	0.110653	0.108017	0.105297	0.110653	1.79797	1.79797	9.50078	
9.63355	2	62	9.53224	2	30	8.73089	2	27	0	0	0	0.0651088	0.0641933	0.06608	0.0651088	0.0641933	0.0660767	0.117103	0.115033	0.120723	0.117102	0.115037	0.120737	1.79857	1.79856	9.50877	
9.6733	2	76	9.54847	2	34	8.74916	2	30	0	0	0	0.0700993	0.0692433	0.0712167	0.070099	0.0692467	0.0712133	0.126046	0.123663	0.128517	0.126046	0.123673	0.128537	1.79811	1.79811	9.50456	
9.72541	2	68	9.56792	2	32	8.76507	2	30	0	0	0	0.0750704	0.0737167	0.0760867	0.0750702	0.0737133	0.07609	0.134952	0.131797	0.13759	0.134951	0.131793	0.13759	1.79767	1.79767	9.50427	
9.80333	2	89	9.60241	2	32	8.80563	2	30	0	0	0	0.0800622	0.0788433	0.08149	0.0800626	0.07884	0.08149	0.143966	0.141463	0.14713	0.143967	0.141467	0.14713	1.79817	1.79817	9.50824	
9.88195	2	94	9.63163	2	33	8.8318	2	30	0	0	0	0.0850492	0.0838967	0.0865433	0.0850497	0.0838967	0.08654	0.152894	0.149913	0.155517	0.152894	0.149893	0.155517	1.79771	1.79771	9.51068	
9.97092	2	109	9.65746	2	32	8.86119	2	32	0	0	0	0.0900403	0.0881367	0.0912167	0.0900403	0.08814	0.09122	0.161919	0.158543	0.16451	0.161921	0.15855	0.164513	1.7983	1.79831	9.50808	
10.1045	2	150	9.69745	2	53	8.90573	2	53	0	0	0	0.0950421	0.09396	0.0965867	0.0950419	0.0939533	0.0965867	0.170904	0.16843	0.17513	0.170904	0.16843	0.175127	1.79819	1.79819	9.51258	
10.2215	2	147	9.71885	2	35	8.92117	2	32	0	0	0	0.100014	0.0985767	0.101243	0.100013	0.09858	0.10124	0.179775	0.176603	0.18299	0.179775	0.176593	0.182983	1.7975	1.79751	9.50548	
10.4117	2	155	9.76724	2	34	8.96693	2	32	0	0	0	0.105002	0.103807	0.106227	0.105002	0.10381	0.106237	0.188774	0.18556	0.191903	0.188775	0.185563	0.191893	1.79782	1.79782	9.51322	
10.6899	2	222	9.81698	2	50	9.02343	2	50	0	0	0	0.110025	0.108787	0.111333	0.110025	0.108787	0.111333	0.197877	0.1946	0.20158	0.197878	0.194613	0.201577	1.79847	1.79848	9.51702	
11.0038	2	202	9.86073	2	60	9.06656	2	60	0	0	0	0.115005	0.113727	0.116963	0.115005	0.113727	0.11697	0.206856	0.20342	0.21087	0.206858	0.20342	0.210877	1.79868	1.79868	9.51484	
11.5573	2	307	9.91821	2	51	9.12579	2	51	0	0	0	0.119998	0.118613	0.121213	0.119998	0.118613	0.12121	0.215819	0.211733	0.21892	0.215819	0.211737	0.218937	1.79853	1.79853	9.51742	
12.1278	2	359	9.97283	2	56	9.17654	2	52	0	0	0	0.124993	0.12335	0.12636	0.124993	0.123347	0.12636	0.224817	0.22087	0.228107	0.224817	0.220867	0.22812	1.79863	1.79864	9.51951	
13.0191	2	394	10.0303	2	55	9.23181	2	55	0	0	0	0.129989	0.128747	0.13121	0.129991	0.128743	0.131213	0.233857	0.230573	0.237133	0.233863	0.230573	0.237133	1.79906	1.79906	9.52027	
15.0125	2	623	10.1034	2	37	9.31194	2	35	0	0	0	0.134996	0.133797	0.136793	0.134998	0.133797	0.136793	0.242939	0.23918	0.246713	0.242943	0.23917	0.246713	1.7996	1.79961	9.52149	
18.8242	2	747	10.1763	2	62	9.39128	2	62	0	0	0	0.139994	0.1387	0.142043	0.139995	0.138693	0.142037	0.251935	0.248517	0.255967	0.251935	0.24853	0.255947	1.79962	1.7996	9.52257	
28.566	2	2513	10.256	2	61	9.46074	2	61	0	0	0	0.144977	0.143863	0.145912	0.144982	0.143868	0.14591	0.26091	0.258903	0.262687	0.260918	0.258908	0.262685	1.79966	1.79965	9.5243	
526.468	2	15385	10.4299	2	67	9.64878	2	67	0	0	0	0.149971	0.149004	0.150874	0.149856	0.147626	0.150829	0.26992	0.267121	0.272623	0.269713	0.26706	0.27204	1.79981	1.79982	9.52546	
