6.75871	1	36	6.7587	1	36	5.97586	1	32	0	0	0	0.00499391	0.00471	0.00536	0.00499396	0.00470333	0.00528333	0.00895208	0.00824333	0.00963	0.0089524	0.00825	0.00979	1.7926	1.79265	6.96215	
6.79621	1	42	6.79598	1	42	5.99205	1	38	0	0	0	0.0100062	0.00962333	0.01048	0.0100061	0.00947333	0.0105233	0.0180378	0.0172933	0.0192367	0.0180376	0.01706	0.0190833	1.80265	1.80266	6.9865	
6.813	1	40	6.81269	1	40	6.02602	1	40	0	0	0	0.0150311	0.0145233	0.0156967	0.015031	0.0144667	0.0156933	0.02704	0.0259333	0.0284833	0.02704	0.02496	0.0285367	1.79893	1.79894	7.00277	
6.8313	1	56	6.83081	1	56	6.03805	1	56	0	0	0	0.020063	0.0194867	0.0205667	0.0200629	0.0194767	0.0207	0.0360579	0.0347767	0.0372567	0.0360581	0.0339367	0.0374867	1.79723	1.79725	7.01815	
6.85063	1	56	6.84967	1	56	6.04496	1	56	0	0	0	0.0250671	0.02449	0.0257333	0.0250667	0.0244167	0.02571	0.0451318	0.0439833	0.0464533	0.0451316	0.0435933	0.04701	1.80044	1.80046	7.02997	
6.87801	1	44	6.87691	1	44	6.07158	1	44	0	0	0	0.0300682	0.02949	0.0307167	0.0300681	0.0293267	0.03087	0.0541228	0.0526633	0.0563	0.0541224	0.0526167	0.0564733	1.8	1.8	7.05405	
6.89966	1	56	6.89802	1	56	6.10009	1	56	0	0	0	0.0350706	0.0342367	0.0362133	0.0350701	0.03431	0.0358933	0.0631154	0.0612733	0.06533	0.0631149	0.0615967	0.06488	1.79966	1.79968	7.07158	
6.92133	1	60	6.91897	1	60	6.11936	1	57	0	0	0	0.0400941	0.0389867	0.0411167	0.0400936	0.0393067	0.0407833	0.072177	0.0700667	0.0745967	0.0721764	0.0700933	0.0740367	1.80019	1.8002	7.08782	
6.93846	1	56	6.93544	1	56	6.13711	1	56	0	0	0	0.0450691	0.04441	0.0457233	0.0450686	0.0441233	0.04579	0.0810798	0.07946	0.0826367	0.0810787	0.0792533	0.0831967	1.79901	1.79901	7.10205	
6.96862	1	60	6.96467	1	60	6.16464	1	56	0	0	0	0.050078	0.04917	0.05091	0.0500772	0.0487267	0.0508767	0.090079	0.0880267	0.09225	0.0900778	0.08719	0.0923833	1.79877	1.79878	7.12681	
6.99159	1	60	6.9865	1	60	6.1851	1	56	0	0	0	0.055088	0.0541533	0.0558567	0.0550872	0.0537767	0.0558967	0.0990448	0.0965533	0.101737	0.0990433	0.0960333	0.101443	1.79794	1.79794	7.14538	
7.01454	1	56	7.00823	1	56	6.21407	1	56	0	0	0	0.0600776	0.0585933	0.0612533	0.0600774	0.0590933	0.0612433	0.108018	0.105313	0.110653	0.108017	0.105353	0.110423	1.79797	1.79796	7.16286	
7.04185	1	60	7.03457	1	60	6.24226	1	60	0	0	0	0.0651088	0.0641933	0.06608	0.0651081	0.0640133	0.0660567	0.117103	0.115033	0.120723	0.117102	0.114093	0.119353	1.79857	1.79857	7.18457	
7.06507	1	63	7.05578	1	63	6.25932	1	59	0	0	0	0.0700993	0.0692433	0.0712167	0.0700986	0.06898	0.0712367	0.126046	0.123663	0.128517	0.126045	0.123237	0.128347	1.79811	1.79812	7.20206	
7.0902	1	64	7.07947	1	64	6.27985	1	60	0	0	0	0.0750704	0.0737167	0.0760867	0.0750699	0.07403	0.0762233	0.134952	0.131797	0.13759	0.134952	0.132293	0.137437	1.79767	1.79768	7.2217	
7.12762	1	68	7.11498	1	68	6.3183	1	64	0	0	0	0.0800622	0.0788433	0.08149	0.0800623	0.07891	0.08127	0.143966	0.141463	0.14713	0.143966	0.141007	0.146377	1.79817	1.79818	7.25135	
7.1541	1	66	7.13966	1	66	6.33708	1	64	0	0	0	0.0850492	0.0838967	0.0865433	0.0850491	0.08406	0.08615	0.152894	0.149913	0.155517	0.152893	0.150287	0.15532	1.79771	1.7977	7.27166	
7.18175	1	73	7.16473	1	73	6.36588	1	73	0	0	0	0.0900403	0.0881367	0.0912167	0.0900405	0.0889333	0.0910133	0.161919	0.158543	0.16451	0.16192	0.159527	0.164213	1.7983	1.7983	7.29246	
7.2214	1	64	7.20181	1	64	6.39905	1	63	0	0	0	0.0950421	0.09396	0.0965867	0.0950417	0.0938233	0.09619	0.170904	0.16843	0.17513	0.170902	0.167647	0.173543	1.79819	1.79818	7.32459	
7.24585	1	68	7.22335	1	68	6.42696	1	68	0	0	0	0.100014	0.0985767	0.101243	0.100014	0.0987833	0.10123	0.179775	0.176603	0.18299	0.179776	0.175887	0.182427	1.7975	1.79751	7.34228	
7.28472	1	68	7.2587	1	68	6.45658	1	67	0	0	0	0.105002	0.103807	0.106227	0.105002	0.10361	0.106097	0.188774	0.18556	0.191903	0.188774	0.185313	0.191207	1.79782	1.79781	7.37169	
7.32238	1	67	7.29227	1	67	6.49118	1	66	0	0	0	0.110025	0.108787	0.111333	0.110025	0.109003	0.111057	0.197877	0.1946	0.20158	0.197877	0.194667	0.2004	1.79847	1.79848	7.39995	
7.35293	1	84	7.31913	1	84	6.52295	1	84	0	0	0	0.115005	0.113727	0.116963	0.115005	0.113767	0.115997	0.206856	0.20342	0.21087	0.206858	0.20265	0.209093	1.79868	1.79868	7.42194	
7.39112	1	73	7.35231	1	73	6.55705	1	69	0	0	0	0.119998	0.118613	0.121213	0.119998	0.118713	0.121087	0.215819	0.211733	0.21892	0.215821	0.21236	0.218507	1.79853	1.79853	7.44957	
7.43435	1	70	7.39099	1	70	6.59024	1	66	0	0	0	0.124993	0.12335	0.12636	0.124993	0.123623	0.126163	0.224817	0.22087	0.228107	0.224818	0.221003	0.227697	1.79863	1.79864	7.48295	
7.46598	1	75	7.41734	1	75	6.61351	1	74	0	0	0	0.129989	0.128747	0.13121	0.12999	0.128337	0.131407	0.233857	0.230573	0.237133	0.233859	0.230013	0.236807	1.79906	1.79906	7.50314	
7.50921	1	85	7.45442	1	85	6.65168	1	85	0	0	0	0.134996	0.133797	0.136793	0.134996	0.133163	0.13641	0.242939	0.23918	0.246713	0.242939	0.23858	0.245743	1.7996	1.7996	7.5352	
7.55264	1	84	7.49024	1	84	6.68819	1	84	0	0	0	0.139994	0.1387	0.142043	0.139993	0.138507	0.141273	0.251935	0.248517	0.255967	0.251934	0.2472	0.255127	1.79962	1.79962	7.56477	
7.59331	1	84	7.52469	1	84	6.72196	1	84	0	0	0	0.14498	0.1435	0.146687	0.144979	0.143503	0.146263	0.260957	0.257767	0.264273	0.260957	0.2555	0.26431	1.79996	1.79996	7.5931	
7.64568	1	89	7.56674	1	89	6.76787	1	89	0	0	0	0.149981	0.14896	0.151417	0.149982	0.148433	0.151697	0.270074	0.265633	0.274083	0.270075	0.264877	0.273947	1.80072	1.80072	7.62898	
7.68745	1	88	7.60058	1	88	6.79905	1	88	0	0	0	0.154962	0.153983	0.15644	0.154962	0.153443	0.156757	0.279055	0.27535	0.282653	0.279056	0.272983	0.282683	1.80079	1.80081	7.65627	
7.73555	1	84	7.63897	1	84	6.83395	1	84	0	0	0	0.159973	0.15789	0.16147	0.159973	0.15847	0.161847	0.288068	0.28388	0.291447	0.288067	0.282813	0.2924	1.80072	1.80072	7.68946	
7.78491	1	79	7.67717	1	74	6.873	1	71	0	0	0	0.164998	0.16387	0.166513	0.164998	0.163283	0.16688	0.297156	0.29383	0.300683	0.297157	0.2923	0.301613	1.80097	1.80097	7.72004	
7.83528	1	87	7.7178	1	87	6.91494	1	87	0	0	0	0.170008	0.168587	0.171523	0.170008	0.168313	0.171587	0.306168	0.30249	0.30979	0.30617	0.30214	0.310363	1.80091	1.80091	7.75576	
7.88347	1	88	7.7514	1	88	6.94457	1	84	0	0	0	0.175015	0.17378	0.176443	0.175016	0.173323	0.176307	0.315161	0.309647	0.319467	0.315163	0.310633	0.318893	1.80077	1.80077	7.78224	
7.93951	1	105	7.79359	1	105	6.98978	1	105	0	0	0	0.180034	0.178163	0.18141	0.180035	0.178347	0.181373	0.324183	0.32065	0.327567	0.324183	0.31987	0.32888	1.80068	1.80067	7.8187	
7.99668	1	99	7.83592	1	99	7.02708	1	99	0	0	0	0.185041	0.1837	0.186537	0.185043	0.183427	0.1868	0.333238	0.329753	0.336673	0.333241	0.328527	0.338413	1.80089	1.80089	7.85372	
8.05728	1	107	7.8789	1	107	7.06944	1	103	0	0	0	0.190052	0.188987	0.191353	0.190054	0.18859	0.191773	0.342298	0.3384	0.345987	0.342302	0.338317	0.347413	1.80108	1.80108	7.88969	
8.11888	1	100	7.921	1	100	7.11117	1	99	0	0	0	0.195077	0.19343	0.196657	0.195078	0.19357	0.19687	0.351373	0.34831	0.3549	0.351374	0.347383	0.357257	1.8012	1.8012	7.92375	
8.17872	1	80	7.96128	1	80	7.15439	1	80	0	0	0	0.200077	0.198647	0.202083	0.200077	0.198147	0.202037	0.360248	0.356233	0.365297	0.36025	0.355667	0.366517	1.80055	1.80055	7.95866	
8.24149	1	98	8.00451	1	98	7.19556	1	94	0	0	0	0.20508	0.20363	0.206777	0.20508	0.20308	0.207133	0.369223	0.36587	0.372783	0.369223	0.3646	0.376027	1.80038	1.80038	7.99372	
8.32223	1	99	8.05723	1	99	7.24862	1	99	0	0	0	0.210069	0.208173	0.2115	0.210069	0.208127	0.212347	0.378256	0.37335	0.38255	0.378255	0.37398	0.38596	1.80062	1.80063	8.03733	
8.38684	1	85	8.09574	1	85	7.28347	1	85	0	0	0	0.215034	0.213277	0.21678	0.215034	0.213493	0.217173	0.387101	0.38325	0.39125	0.387101	0.38343	0.394227	1.80019	1.80018	8.06935	
8.46192	1	89	8.14055	1	89	7.33511	1	85	0	0	0	0.220028	0.217783	0.221743	0.220027	0.218267	0.222343	0.396088	0.390813	0.39951	0.396089	0.392087	0.404103	1.80017	1.80018	8.10729	
8.53966	1	96	8.18535	1	96	7.37493	1	95	0	0	0	0.225021	0.222313	0.226663	0.22502	0.223223	0.2273	0.405055	0.399957	0.409987	0.405053	0.400917	0.413153	1.80008	1.80008	8.14406	
8.62913	1	112	8.23893	1	112	7.42834	1	108	0	0	0	0.230021	0.227957	0.231717	0.230021	0.228143	0.23222	0.413976	0.409087	0.41777	0.413976	0.409337	0.42202	1.79973	1.79973	8.18858	
8.71328	1	94	8.28835	1	94	7.47697	1	94	0	0	0	0.235028	0.23363	0.236853	0.235027	0.233303	0.23706	0.423043	0.4198	0.42848	0.423043	0.417567	0.43094	1.79997	1.79997	8.22986	
8.80257	1	97	8.33019	1	97	7.52014	1	97	0	0	0	0.240019	0.238327	0.24225	0.240018	0.238423	0.24215	0.432012	0.427083	0.436387	0.432013	0.42663	0.440067	1.79991	1.79992	8.26287	
8.91249	1	101	8.38713	1	96	7.57231	1	92	0	0	0	0.245024	0.24343	0.246467	0.245024	0.243027	0.247563	0.441096	0.435677	0.446587	0.441097	0.435817	0.45049	1.80021	1.80022	8.3099	
9.00949	1	123	8.43684	1	115	7.62641	1	115	0	0	0	0.250034	0.2484	0.252393	0.250033	0.247713	0.252537	0.450065	0.44537	0.45447	0.450064	0.445237	0.45909	1.80002	1.80002	8.35078	
9.12889	1	123	8.4927	1	111	7.67791	1	111	0	0	0	0.255016	0.252767	0.25653	0.255016	0.252833	0.25776	0.459117	0.455247	0.46585	0.459118	0.453683	0.46777	1.80035	1.80035	8.3957	
9.24538	1	128	8.54044	1	114	7.72648	1	114	0	0	0	0.260024	0.258227	0.261787	0.260025	0.258023	0.262507	0.468142	0.463863	0.473947	0.468143	0.46313	0.477267	1.80038	1.80038	8.43507	
9.38548	1	117	8.60432	1	115	7.79047	1	115	0	0	0	0.265018	0.263463	0.267173	0.265016	0.26284	0.267733	0.477196	0.473417	0.482283	0.477194	0.47303	0.48605	1.80062	1.80062	8.48723	
9.52658	1	107	8.65897	1	107	7.84652	1	107	0	0	0	0.270019	0.268033	0.27192	0.270018	0.267977	0.272777	0.486187	0.48198	0.490517	0.486185	0.481483	0.494377	1.80056	1.80056	8.53139	
9.67161	1	110	8.71123	1	106	7.89613	1	106	0	0	0	0.275021	0.273083	0.27774	0.275021	0.273323	0.277637	0.495153	0.490253	0.501447	0.495155	0.49097	0.502953	1.80042	1.80042	8.57175	
9.83833	1	112	8.76846	1	102	7.95367	1	102	0	0	0	0.280024	0.278493	0.281807	0.280026	0.278253	0.28243	0.504147	0.498907	0.508647	0.504152	0.499583	0.51196	1.80037	1.80038	8.61863	
10.0037	1	123	8.82421	1	123	8.00656	1	123	0	0	0	0.284984	0.283113	0.286417	0.284985	0.283213	0.287503	0.512982	0.508687	0.517117	0.512986	0.50843	0.521133	1.80004	1.80004	8.66322	
10.1947	1	144	8.88643	1	106	8.06229	1	106	0	0	0	0.290004	0.288393	0.29219	0.290005	0.28824	0.292607	0.522023	0.51754	0.527343	0.522025	0.517793	0.529597	1.80006	1.80006	8.71441	
10.4004	1	115	8.94413	1	109	8.13026	1	109	0	0	0	0.295023	0.292727	0.297447	0.295023	0.292907	0.29737	0.531037	0.526157	0.53707	0.531038	0.52666	0.538633	1.79998	1.79999	8.75913	
10.6632	1	128	9.01081	1	119	8.1963	1	119	0	0	0	0.300016	0.298187	0.30217	0.300015	0.29792	0.302467	0.539984	0.534897	0.546377	0.539985	0.53508	0.5478	1.79985	1.79986	8.81284	
10.9006	1	143	9.06926	1	110	8.2474	1	106	0	0	0	0.305011	0.303417	0.306747	0.305013	0.30272	0.30762	0.548951	0.54423	0.55472	0.548957	0.544557	0.557893	1.79978	1.79978	8.85854	
11.1707	1	131	9.12997	1	121	8.31135	1	121	0	0	0	0.310018	0.308087	0.31225	0.310019	0.307807	0.312633	0.558012	0.551307	0.562693	0.558017	0.553123	0.565813	1.79993	1.79994	8.90556	
11.5205	1	136	9.20001	1	136	8.37901	1	136	0	0	0	0.314986	0.31259	0.316787	0.314987	0.31276	0.31746	0.566954	0.561673	0.571847	0.566955	0.562193	0.574347	1.79993	1.79993	8.96067	
11.86	1	145	9.26299	1	118	8.44028	1	118	0	0	0	0.319995	0.318023	0.322527	0.319995	0.317563	0.322547	0.576011	0.571463	0.580487	0.576012	0.570453	0.583383	1.80006	1.80007	9.00931	
12.2888	1	146	9.32984	1	124	8.50713	1	124	0	0	0	0.325005	0.32234	0.327087	0.325006	0.32229	0.327763	0.58503	0.57918	0.589687	0.58503	0.57878	0.592637	1.80006	1.80006	9.06066	
12.8179	1	197	9.40136	1	138	8.57829	1	138	0	0	0	0.329995	0.327633	0.33163	0.329997	0.327487	0.332567	0.594009	0.59063	0.5987	0.594014	0.587653	0.602157	1.80006	1.80006	9.11655	
13.3712	1	214	9.46798	1	122	8.64936	1	119	0	0	0	0.334995	0.333063	0.33667	0.334997	0.33273	0.337743	0.602957	0.599197	0.607163	0.602959	0.59679	0.611943	1.79989	1.7999	9.16711	
14.0287	1	250	9.53823	1	127	8.71289	1	123	0	0	0	0.340001	0.33833	0.342227	0.339997	0.337937	0.342513	0.611983	0.607157	0.61927	0.611974	0.60516	0.620633	1.79994	1.79994	9.22182	
14.9177	1	320	9.61731	1	151	8.79762	1	151	0	0	0	0.344977	0.342573	0.347463	0.344981	0.342903	0.347453	0.620963	0.61545	0.626817	0.62097	0.614547	0.628937	1.80001	1.80001	9.28024	
15.8818	1	332	9.69022	1	115	8.86921	1	115	0	0	0	0.349964	0.348607	0.351533	0.349962	0.34773	0.35256	0.629929	0.622623	0.634953	0.629918	0.62359	0.637317	1.79998	1.79996	9.33558	
17.135	1	465	9.76225	1	116	8.93425	1	116	0	0	0	0.354962	0.353397	0.35679	0.354967	0.35279	0.357487	0.638926	0.634163	0.645653	0.638934	0.632663	0.64569	1.79999	1.79998	9.38984	
18.9189	1	463	9.83804	1	131	9.01613	1	131	0	0	0	0.359946	0.357967	0.36165	0.359944	0.35761	0.362627	0.647918	0.643797	0.651623	0.647914	0.641437	0.65406	1.80004	1.80004	9.44397	
21.009	1	391	9.92143	1	126	9.0991	1	126	0	0	0	0.364962	0.362823	0.366807	0.364969	0.362553	0.367833	0.656911	0.649707	0.663153	0.656927	0.650743	0.66376	1.79995	1.79996	9.50799	
24.8059	1	547	9.99687	1	132	9.17425	1	132	0	0	0	0.370024	0.367123	0.371387	0.370023	0.368102	0.372377	0.665954	0.660502	0.670593	0.665951	0.660552	0.67071	1.79976	1.79975	9.56114	
34.2192	1	1191	10.0689	1	163	9.24931	1	159	0	0	0	0.375043	0.373272	0.376234	0.375038	0.372986	0.377128	0.674869	0.670522	0.678784	0.674857	0.670408	0.678302	1.79944	1.79944	9.61302	
214.832	1	13266	10.1518	1	184	9.32885	1	184	0	0	0	0.380016	0.379039	0.381191	0.379924	0.378616	0.38173	0.683785	0.679784	0.687144	0.683621	0.680364	0.687109	1.79936	1.79936	9.67226	
