6.24489	1	36	6.24488	1	36	5.44573	1	33	0	0	0	0.00499391	0.00471	0.00536	0.00499396	0.00471	0.00536	0.00895208	0.00824333	0.00963	0.00895224	0.00824333	0.00963	1.7926	1.79261	6.44898	
6.26676	1	36	6.26671	1	36	5.45842	1	33	0	0	0	0.0100062	0.00962333	0.01048	0.0100061	0.00962333	0.01048	0.0180378	0.0172933	0.0192367	0.0180378	0.0172933	0.0192367	1.80265	1.80268	6.45763	
6.26823	1	39	6.26798	1	36	5.47594	1	34	0	0	0	0.0150311	0.0145233	0.0156967	0.0150311	0.0145233	0.0156967	0.02704	0.0259333	0.0284833	0.0270398	0.0259333	0.0284833	1.79893	1.79893	6.45936	
6.27332	1	36	6.27313	1	36	5.47564	1	35	0	0	0	0.020063	0.0194867	0.0205667	0.0200631	0.0194867	0.0205667	0.0360579	0.0347767	0.0372567	0.0360586	0.0347767	0.0372567	1.79723	1.79726	6.4639	
6.2933	1	39	6.29282	1	39	5.4943	1	36	0	0	0	0.0250671	0.02449	0.0257333	0.0250668	0.0244867	0.0257367	0.0451318	0.0439833	0.0464533	0.0451312	0.0439833	0.0464567	1.80044	1.80044	6.47612	
6.29665	1	39	6.29594	1	39	5.49698	1	36	0	0	0	0.0300682	0.02949	0.0307167	0.0300679	0.0294933	0.0307133	0.0541228	0.0526633	0.0563	0.0541222	0.0526667	0.0563	1.8	1.8	6.4769	
6.29884	1	42	6.29792	1	39	5.49827	1	36	0	0	0	0.0350706	0.0342367	0.0362133	0.0350703	0.0342333	0.0362133	0.0631154	0.0612733	0.06533	0.063115	0.0612733	0.06533	1.79966	1.79967	6.47603	
6.30904	1	42	6.30763	1	40	5.50887	1	36	0	0	0	0.0400941	0.0389867	0.0411167	0.0400936	0.0389867	0.04112	0.072177	0.0700667	0.0745967	0.0721763	0.0700667	0.0746	1.80019	1.8002	6.48215	
6.32353	1	40	6.32194	1	40	5.51937	1	38	0	0	0	0.0450691	0.04441	0.0457233	0.0450684	0.04441	0.0457233	0.0810798	0.07946	0.0826367	0.0810781	0.0794633	0.08265	1.79901	1.799	6.49396	
6.32114	1	47	6.31901	1	40	5.52143	1	38	0	0	0	0.050078	0.04917	0.05091	0.0500778	0.0491633	0.05091	0.090079	0.0880267	0.09225	0.0900786	0.0880333	0.0922467	1.79877	1.79877	6.48922	
6.33844	1	55	6.33564	1	42	5.53547	1	42	0	0	0	0.055088	0.0541533	0.0558567	0.0550873	0.0541533	0.0558533	0.0990448	0.0965533	0.101737	0.0990437	0.0965533	0.101733	1.79794	1.79794	6.50172	
6.3482	1	43	6.34464	1	41	5.54367	1	38	0	0	0	0.0600776	0.0585933	0.0612533	0.0600773	0.05859	0.0612533	0.108018	0.105313	0.110653	0.108017	0.105297	0.110653	1.79797	1.79797	6.50815	
6.36427	1	62	6.36002	1	52	5.56217	1	52	0	0	0	0.0651088	0.0641933	0.06608	0.0651086	0.0641933	0.0660767	0.117103	0.115033	0.120723	0.117103	0.115037	0.120737	1.79857	1.79858	6.51957	
6.36287	1	48	6.35762	1	41	5.55502	1	37	0	0	0	0.0700993	0.0692433	0.0712167	0.0700988	0.0692467	0.0712133	0.126046	0.123663	0.128517	0.126046	0.123673	0.128527	1.79811	1.79812	6.51377	
6.377	1	61	6.37066	1	40	5.57031	1	39	0	0	0	0.0750704	0.0737167	0.0760867	0.0750702	0.07372	0.07609	0.134952	0.131797	0.13759	0.134951	0.1318	0.13759	1.79767	1.79766	6.52406	
6.39237	1	59	6.38453	1	59	5.58565	1	59	0	0	0	0.0800622	0.0788433	0.08149	0.0800619	0.07884	0.08149	0.143966	0.141463	0.14713	0.143966	0.141477	0.14713	1.79817	1.79818	6.5335	
6.40426	1	66	6.3949	1	59	5.59188	1	59	0	0	0	0.0850492	0.0838967	0.0865433	0.0850488	0.0838933	0.08654	0.152894	0.149913	0.155517	0.152893	0.149903	0.155517	1.79771	1.79772	6.54051	
6.41631	1	56	6.406	1	56	5.60381	1	56	0	0	0	0.0900403	0.0881367	0.0912167	0.0900398	0.0881367	0.09122	0.161919	0.158543	0.16451	0.161919	0.158537	0.16451	1.7983	1.79831	6.54745	
6.42618	1	72	6.41386	1	56	5.61098	1	56	0	0	0	0.0950421	0.09396	0.0965867	0.095042	0.0939533	0.09659	0.170904	0.16843	0.17513	0.170903	0.168433	0.175127	1.79819	1.79819	6.55278	
6.43752	1	57	6.42278	1	52	5.62332	1	52	0	0	0	0.100014	0.0985767	0.101243	0.100013	0.0985867	0.101243	0.179775	0.176603	0.18299	0.179775	0.176613	0.18299	1.7975	1.79752	6.55815	
6.44971	1	66	6.43282	1	66	5.63184	1	62	0	0	0	0.105002	0.103807	0.106227	0.105002	0.10381	0.106227	0.188774	0.18556	0.191903	0.188773	0.185563	0.19189	1.79782	1.79782	6.56513	
6.46281	1	58	6.44269	1	58	5.63934	1	58	0	0	0	0.110025	0.108787	0.111333	0.110024	0.108787	0.11133	0.197877	0.1946	0.20158	0.197876	0.194613	0.201577	1.79847	1.79848	6.56985	
6.47535	1	63	6.4515	1	63	5.65014	1	60	0	0	0	0.115005	0.113727	0.116963	0.115005	0.113727	0.11697	0.206856	0.20342	0.21087	0.206857	0.20342	0.210877	1.79868	1.79869	6.57394	
6.48961	1	66	6.46219	1	61	5.65639	1	61	0	0	0	0.119998	0.118613	0.121213	0.119998	0.118613	0.121213	0.215819	0.211733	0.21892	0.215821	0.211743	0.21893	1.79853	1.79854	6.58167	
6.51029	1	71	6.47902	1	60	5.67334	1	60	0	0	0	0.124993	0.12335	0.12636	0.124994	0.123347	0.12636	0.224817	0.22087	0.228107	0.22482	0.220867	0.228123	1.79863	1.79865	6.59336	
6.52785	1	71	6.49212	1	71	5.67858	1	67	0	0	0	0.129989	0.128747	0.13121	0.129988	0.128743	0.131213	0.233857	0.230573	0.237133	0.233858	0.23057	0.237153	1.79906	1.79907	6.60266	
6.54191	1	74	6.50114	1	66	5.69599	1	66	0	0	0	0.134996	0.133797	0.136793	0.134996	0.1338	0.136793	0.242939	0.23918	0.246713	0.242939	0.239173	0.246713	1.7996	1.7996	6.60656	
6.55533	1	76	6.51122	1	64	5.70695	1	64	0	0	0	0.139994	0.1387	0.142043	0.139993	0.138693	0.142037	0.251935	0.248517	0.255967	0.251934	0.24853	0.25596	1.79962	1.79961	6.61279	
6.57471	1	69	6.52174	1	60	5.71553	1	60	0	0	0	0.14498	0.1435	0.146687	0.14498	0.143503	0.146693	0.260957	0.257767	0.264273	0.260957	0.25777	0.26428	1.79996	1.79996	6.61871	
6.59775	1	78	6.53607	1	68	5.72776	1	64	0	0	0	0.149981	0.14896	0.151417	0.149981	0.14896	0.151413	0.270074	0.265633	0.274083	0.270075	0.26564	0.27409	1.80072	1.80072	6.62791	
6.61939	1	78	6.55029	1	67	5.74199	1	63	0	0	0	0.154962	0.153983	0.15644	0.154962	0.153983	0.15644	0.279055	0.27535	0.282653	0.279055	0.27534	0.282663	1.80079	1.8008	6.63722	
6.64021	1	75	6.56373	1	63	5.75246	1	63	0	0	0	0.159973	0.15789	0.16147	0.159974	0.157887	0.16147	0.288068	0.28388	0.291447	0.288067	0.283873	0.291443	1.80072	1.80071	6.64737	
6.66232	1	80	6.57397	1	66	5.76229	1	62	0	0	0	0.164998	0.16387	0.166513	0.164998	0.163867	0.166507	0.297156	0.29383	0.300683	0.297157	0.293843	0.300687	1.80097	1.80097	6.6524	
6.68972	1	95	6.59031	1	64	5.78279	1	64	0	0	0	0.170008	0.168587	0.171523	0.170008	0.168583	0.171523	0.306168	0.30249	0.30979	0.306171	0.30249	0.309793	1.80091	1.80092	6.66391	
6.71696	1	118	6.60329	1	66	5.7899	1	66	0	0	0	0.175015	0.17378	0.176443	0.175015	0.17378	0.17644	0.315161	0.309647	0.319467	0.315162	0.30966	0.31947	1.80077	1.80077	6.6722	
6.74134	1	150	6.61115	1	64	5.80353	1	62	0	0	0	0.180034	0.178163	0.18141	0.180034	0.178167	0.181407	0.324183	0.32065	0.327567	0.324182	0.32065	0.327577	1.80068	1.80067	6.675	
6.78077	1	130	6.63244	1	67	5.81838	1	67	0	0	0	0.185041	0.1837	0.186537	0.185042	0.1837	0.186543	0.333238	0.329753	0.336673	0.33324	0.329753	0.336683	1.80089	1.80089	6.691	
6.811	1	104	6.64528	1	64	5.83014	1	64	0	0	0	0.190052	0.188987	0.191353	0.190053	0.188987	0.191353	0.342298	0.3384	0.345987	0.3423	0.3384	0.345987	1.80108	1.80108	6.69821	
6.84354	1	149	6.65822	1	70	5.84551	1	70	0	0	0	0.195077	0.19343	0.196657	0.195078	0.193433	0.19666	0.351373	0.34831	0.3549	0.351373	0.348323	0.354897	1.8012	1.80119	6.70564	
6.86832	1	115	6.66372	1	81	5.84459	1	81	0	0	0	0.200077	0.198647	0.202083	0.200077	0.19864	0.20209	0.360248	0.356233	0.365297	0.36025	0.35624	0.365303	1.80055	1.80056	6.70898	
6.91809	1	205	6.68014	1	66	5.86644	1	66	0	0	0	0.20508	0.20363	0.206777	0.20508	0.203637	0.206777	0.369223	0.36587	0.372783	0.369224	0.365867	0.372797	1.80038	1.80039	6.7199	
6.96095	1	133	6.69326	1	67	5.88115	1	64	0	0	0	0.210069	0.208173	0.2115	0.21007	0.208193	0.211497	0.378256	0.37335	0.38255	0.378256	0.373347	0.38254	1.80062	1.80062	6.72746	
7.00833	1	158	6.7099	1	70	5.89775	1	68	0	0	0	0.215034	0.213277	0.21678	0.215034	0.213277	0.216777	0.387101	0.38325	0.39125	0.387101	0.38324	0.391243	1.80019	1.80019	6.73839	
7.0785	1	206	6.7237	1	70	5.90697	1	70	0	0	0	0.220028	0.217783	0.221743	0.220027	0.21778	0.221733	0.396088	0.390813	0.39951	0.396088	0.390803	0.399503	1.80017	1.80018	6.74698	
7.12208	1	274	6.73755	1	78	5.92134	1	78	0	0	0	0.225021	0.222313	0.226663	0.22502	0.22232	0.22666	0.405055	0.399957	0.409987	0.405054	0.399953	0.41	1.80008	1.80008	6.75693	
7.20749	1	176	6.75632	1	67	5.94243	1	67	0	0	0	0.230021	0.227957	0.231717	0.230022	0.227947	0.23172	0.413976	0.409087	0.41777	0.413978	0.409103	0.41775	1.79973	1.79973	6.76938	
7.29156	1	216	6.77412	1	68	5.95692	1	68	0	0	0	0.235028	0.23363	0.236853	0.235029	0.233627	0.23685	0.423043	0.4198	0.42848	0.423045	0.419807	0.428477	1.79997	1.79997	6.78025	
7.36016	1	192	6.78667	1	86	5.97023	1	82	0	0	0	0.240019	0.238327	0.24225	0.240018	0.238327	0.242243	0.432012	0.427083	0.436387	0.432013	0.427087	0.436377	1.79991	1.79992	6.78734	
7.45229	1	230	6.7994	1	80	5.98344	1	76	0	0	0	0.245024	0.24343	0.246467	0.245023	0.24343	0.24646	0.441096	0.435677	0.446587	0.441096	0.435693	0.44657	1.80021	1.80022	6.79568	
7.61715	1	287	6.82199	1	68	6.00591	1	66	0	0	0	0.250034	0.2484	0.252393	0.250034	0.2484	0.252397	0.450065	0.44537	0.45447	0.450066	0.445367	0.454467	1.80002	1.80002	6.80972	
7.73212	1	326	6.8395	1	72	6.02335	1	69	0	0	0	0.255016	0.252767	0.25653	0.255014	0.25276	0.256523	0.459117	0.455247	0.46585	0.459114	0.45524	0.465857	1.80035	1.80035	6.82016	
7.84672	1	319	6.85448	1	72	6.03398	1	68	0	0	0	0.260024	0.258227	0.261787	0.260024	0.258233	0.261783	0.468142	0.463863	0.473947	0.468144	0.463877	0.473943	1.80038	1.80039	6.82955	
8.08816	1	411	6.8751	1	78	6.05596	1	78	0	0	0	0.265018	0.263463	0.267173	0.265016	0.26346	0.267177	0.477196	0.473417	0.482283	0.477192	0.473407	0.482273	1.80062	1.80062	6.84214	
8.32768	1	434	6.89248	1	90	6.07305	1	90	0	0	0	0.270019	0.268033	0.27192	0.270019	0.268027	0.271927	0.486187	0.48198	0.490517	0.486186	0.481973	0.49053	1.80056	1.80056	6.85386	
8.56198	1	526	6.90884	1	71	6.09198	1	71	0	0	0	0.275021	0.273083	0.27774	0.27502	0.273077	0.27774	0.495153	0.490253	0.501447	0.495152	0.49025	0.501447	1.80042	1.80042	6.86305	
8.96954	1	561	6.92469	1	94	6.10564	1	94	0	0	0	0.280024	0.278493	0.281807	0.280026	0.2785	0.281803	0.504147	0.498907	0.508647	0.504153	0.498917	0.508653	1.80037	1.80038	6.87285	
9.32356	1	775	6.9412	1	71	6.12167	1	70	0	0	0	0.284984	0.283113	0.286417	0.284984	0.283117	0.28642	0.512982	0.508687	0.517117	0.512982	0.508687	0.517123	1.80004	1.80004	6.88216	
9.83852	1	605	6.96783	1	81	6.14942	1	81	0	0	0	0.290004	0.288393	0.29219	0.290001	0.288403	0.29218	0.522023	0.51754	0.527343	0.522022	0.51754	0.527353	1.80006	1.80007	6.90167	
10.8672	1	980	6.98976	1	94	6.17032	1	90	0	0	0	0.295028	0.293272	0.297332	0.295027	0.293272	0.297335	0.531134	0.527428	0.53743	0.531134	0.527423	0.537435	1.80028	1.80029	6.91309	
11.0016	1	725	6.99875	1	98	6.18071	1	94	0	0	0	0.300039	0.298517	0.301862	0.300047	0.29853	0.301843	0.540085	0.535828	0.544087	0.540097	0.535855	0.544103	1.80005	1.80004	6.91959	
12.5934	1	1344	7.0242	1	91	6.20618	1	91	0	0	0	0.305036	0.303636	0.30677	0.305039	0.303636	0.306768	0.548998	0.544612	0.552722	0.549002	0.54461	0.552726	1.79978	1.79978	6.93432	
14.0531	1	1382	7.04193	1	96	6.22122	1	96	0	0	0	0.310047	0.308542	0.31234	0.310047	0.30854	0.31234	0.55803	0.554288	0.562846	0.558031	0.554286	0.562852	1.79982	1.79983	6.9449	
17.3777	1	2143	7.06114	1	96	6.24337	1	96	0	0	0	0.315038	0.31287	0.31667	0.315043	0.312868	0.316714	0.566997	0.56339	0.571156	0.567006	0.56339	0.571228	1.79977	1.79977	6.95689	
27.0308	1	3950	7.0877	1	89	6.27164	1	89	0	0	0	0.320028	0.31827	0.321571	0.32004	0.318267	0.321576	0.57588	0.57219	0.579287	0.575903	0.572187	0.579287	1.79947	1.79947	6.97421	
37.9225	1	5956	7.10907	1	94	6.29446	1	94	0	0	0	0.325033	0.323489	0.326326	0.325055	0.323486	0.326331	0.584904	0.581099	0.587594	0.584946	0.581103	0.587584	1.79952	1.79953	6.9869	
126.014	1	17403	7.12825	1	98	6.31321	1	98	0	0	0	0.33003	0.328776	0.331266	0.329974	0.326381	0.331264	0.593902	0.59075	0.596189	0.5938	0.586663	0.596181	1.79954	1.79954	6.99879	
351.331	1	29232	7.1438	1	105	6.32953	1	105	0	0	0	0.335033	0.333926	0.336147	0.334921	0.327621	0.336151	0.60291	0.60032	0.605797	0.602706	0.589281	0.605791	1.79955	1.79955	7.00733	
