10.3025	4	54	10.3025	4	54	9.49781	4	54	0	0	0	0.00499866	0.00456	0.00529667	0.00499859	0	0.0153267	0.00901014	0.00818667	0.00976667	0.00900991	0	0.0282733	1.80251	1.80249	10.4923	
10.3873	4	71	10.3871	4	71	9.58836	4	71	0	0	0	0.0100135	0.00957667	0.0104767	0.0100136	0	0.0306667	0.0180194	0.0167133	0.0191667	0.0180197	0	0.0558033	1.79951	1.79953	10.5716	
10.4823	4	76	10.4818	4	76	9.67412	4	72	0	0	0	0.0150321	0.0144467	0.0157333	0.0150323	0	0.04582	0.0270613	0.02574	0.02888	0.0270613	0	0.0827567	1.80023	1.80022	10.658	
10.5699	4	77	10.569	4	77	9.76085	4	73	0	0	0	0.0200388	0.01896	0.02063	0.0200391	0	0.0613167	0.0360503	0.03408	0.03753	0.0360507	0	0.109687	1.79903	1.79902	10.7381	
10.6583	4	73	10.6565	4	73	9.85088	4	72	0	0	0	0.0250457	0.02427	0.0259	0.0250455	0	0.0763767	0.0450287	0.0431233	0.04726	0.0450277	0	0.137067	1.79786	1.79784	10.8183	
10.7521	4	76	10.7493	4	76	9.94066	4	73	0	0	0	0.0300466	0.0291633	0.0308833	0.0300464	0	0.09087	0.0540337	0.0523433	0.05599	0.0540344	0	0.164837	1.79833	1.79837	10.9021	
10.8454	4	76	10.8416	4	76	10.0302	4	75	0	0	0	0.0350705	0.0341	0.0359567	0.0350703	0	0.106093	0.0630685	0.0610333	0.0652	0.0630685	0	0.191007	1.79833	1.79834	10.9849	
10.9543	4	104	10.9486	4	104	10.1354	4	104	0	0	0	0.0400701	0.0391767	0.0412133	0.04007	0	0.121223	0.0720535	0.07	0.07444	0.072053	0	0.21809	1.79818	1.79818	11.0833	
11.0534	4	85	11.0457	4	85	10.2267	4	85	0	0	0	0.045052	0.04408	0.0459767	0.0450513	0	0.136347	0.0809881	0.07868	0.0831867	0.0809873	0	0.2458	1.79766	1.79767	11.1722	
11.1555	4	117	11.1449	4	117	10.3336	4	113	0	0	0	0.0500313	0.04901	0.0508733	0.0500314	0	0.151163	0.08998	0.0875233	0.0921367	0.0899806	0	0.27078	1.79847	1.79848	11.2602	
11.2579	4	101	11.2442	4	101	10.4183	4	100	0	0	0	0.0550172	0.0536967	0.0561433	0.0550174	0	0.16631	0.0989539	0.09659	0.10164	0.0989542	0	0.30071	1.7986	1.7986	11.3497	
11.3829	4	144	11.3645	4	144	10.5338	4	144	0	0	0	0.0600335	0.05899	0.0610867	0.0600333	0	0.180883	0.108034	0.105183	0.111413	0.108033	0	0.328577	1.79956	1.79955	11.4574	
11.4946	4	112	11.4715	4	112	10.6396	4	108	0	0	0	0.0650391	0.06378	0.0665867	0.0650385	0	0.196437	0.117071	0.114347	0.12029	0.11707	0	0.35276	1.8	1.80001	11.5542	
11.615	4	111	11.5861	4	111	10.7497	4	107	0	0	0	0.0700516	0.0683867	0.0712833	0.0700516	0	0.21133	0.126149	0.12274	0.128863	0.126148	0	0.38255	1.8008	1.80079	11.6556	
11.7331	4	116	11.6955	4	116	10.8499	4	116	0	0	0	0.0750506	0.0737533	0.07642	0.0750505	0	0.22646	0.135162	0.1309	0.138273	0.135162	0	0.409227	1.80094	1.80095	11.7535	
11.8742	4	110	11.8274	4	110	10.9814	4	110	0	0	0	0.080056	0.07884	0.0811733	0.0800563	0	0.24099	0.144157	0.141343	0.147373	0.144157	0	0.435683	1.8007	1.8007	11.8724	
12.0062	4	118	11.9467	4	115	11.0972	4	113	0	0	0	0.0850664	0.0832533	0.0864733	0.0850667	0	0.256993	0.153203	0.149443	0.15688	0.153204	0	0.46455	1.80098	1.80099	11.9774	
12.1599	4	144	12.0845	4	117	11.2279	4	117	0	0	0	0.0900691	0.0885467	0.0914667	0.0900693	0	0.271907	0.16217	0.15884	0.165153	0.162169	0	0.489563	1.8005	1.8005	12.1011	
12.2881	4	124	12.1969	4	119	11.3377	4	119	0	0	0	0.0950712	0.0934533	0.0964533	0.0950717	0	0.286703	0.171144	0.168033	0.17495	0.171145	0	0.51759	1.80017	1.80017	12.1991	
12.4636	4	179	12.3432	4	148	11.4809	4	148	0	0	0	0.100082	0.0987667	0.101523	0.100082	0	0.302943	0.180153	0.177253	0.18364	0.180154	0	0.54596	1.80005	1.80006	12.3275	
12.6332	4	200	12.479	4	129	11.6123	4	125	0	0	0	0.105073	0.10369	0.106477	0.105073	0	0.31813	0.189125	0.186487	0.192507	0.189126	0	0.572023	1.79994	1.79995	12.4464	
12.8319	4	183	12.6309	4	139	11.765	4	139	0	0	0	0.110082	0.10778	0.11139	0.110083	0	0.3322	0.198163	0.193513	0.20129	0.198164	0	0.597497	1.80013	1.80014	12.5784	
13.0503	4	307	12.7849	4	135	11.9026	4	131	0	0	0	0.115083	0.11364	0.116393	0.115083	0	0.34647	0.207199	0.202893	0.21033	0.207198	0	0.6277	1.80043	1.80043	12.7099	
13.2873	4	278	12.9406	4	149	12.063	4	149	0	0	0	0.12007	0.118687	0.12167	0.12007	0	0.36224	0.216193	0.211623	0.22023	0.216193	0	0.653667	1.80056	1.80056	12.8447	
13.6092	4	353	13.1056	4	164	12.2187	4	164	0	0	0	0.125066	0.123817	0.126983	0.125067	0	0.376773	0.225136	0.22089	0.229997	0.225138	0	0.68074	1.80014	1.80015	12.9831	
13.9798	4	376	13.2723	4	144	12.3837	4	144	0	0	0	0.130063	0.128357	0.132153	0.130065	0	0.391177	0.234111	0.22977	0.237603	0.234114	0	0.705623	1.79998	1.79997	13.1254	
14.6405	4	747	13.4492	4	165	12.5518	4	165	0	0	0	0.135064	0.133177	0.137137	0.135066	0	0.407203	0.243084	0.239097	0.248457	0.243089	0	0.734207	1.79977	1.79978	13.2695	
16.3358	4	958	13.6471	4	165	12.7528	4	165	0	0	0	0.140073	0.138377	0.142133	0.140074	0	0.42157	0.252125	0.247693	0.256437	0.252128	0	0.760873	1.79996	1.79996	13.4328	
174.52	4	28741	13.8628	4	185	12.9688	4	185	0	0	0	0.145025	0.143519	0.146411	0.145014	0	0.436356	0.26098	0.25814	0.263989	0.260963	0	0.787651	1.79955	1.79957	13.6017	
1933.41	4	319791	14.015	4	218	13.1231	4	218	0	0	0	0.150029	0.149044	0.151496	0.149654	0	0.451209	0.269984	0.267494	0.27369	0.269305	0	0.812644	1.79954	1.79952	13.7319	
