9.8523	1	51	9.85224	1	51	9.05925	1	51	0	0	0	0.00499866	0.00456	0.00529667	0.00499868	0.00467	0.00529333	0.00901014	0.00818667	0.00976667	0.00900988	0.00817	0.00979667	1.80251	1.80245	10.0455	
9.89877	1	58	9.89861	1	58	9.10153	1	58	0	0	0	0.0100135	0.00957667	0.0104767	0.0100136	0.00949667	0.01041	0.0180194	0.0167133	0.0191667	0.0180197	0.01667	0.0190967	1.79951	1.79952	10.0909	
9.9341	1	59	9.93367	1	59	9.12728	1	59	0	0	0	0.0150321	0.0144467	0.0157333	0.0150322	0.01454	0.01568	0.0270613	0.02574	0.02888	0.0270611	0.02577	0.0284033	1.80023	1.80021	10.1208	
9.97809	1	72	9.97741	1	72	9.17271	1	72	0	0	0	0.0200388	0.01896	0.02063	0.0200389	0.0194033	0.0207667	0.0360503	0.03408	0.03753	0.0360505	0.0344467	0.0375833	1.79903	1.79903	10.162	
10.0249	1	76	10.0238	1	76	9.21863	1	72	0	0	0	0.0250457	0.02427	0.0259	0.0250453	0.0243833	0.0256433	0.0450287	0.0431233	0.04726	0.0450278	0.04292	0.0467467	1.79786	1.79785	10.2041	
10.0574	1	88	10.0557	1	88	9.26645	1	88	0	0	0	0.0300466	0.0291633	0.0308833	0.0300463	0.0293933	0.0308267	0.0540337	0.0523433	0.05599	0.054034	0.0515367	0.0563333	1.79833	1.79836	10.2315	
10.0903	1	94	10.0881	1	94	9.29321	1	94	0	0	0	0.0350705	0.0341	0.0359567	0.0350703	0.0341433	0.03581	0.0630685	0.0610333	0.0652	0.0630688	0.0607067	0.0652233	1.79833	1.79835	10.2596	
10.1401	1	79	10.1369	1	79	9.34029	1	79	0	0	0	0.0400701	0.0391767	0.0412133	0.0400699	0.0390767	0.0411233	0.0720535	0.07	0.07444	0.0720533	0.0693667	0.0747	1.79818	1.79819	10.3035	
10.1804	1	88	10.1763	1	88	9.38118	1	88	0	0	0	0.045052	0.04408	0.0459767	0.0450518	0.0441	0.0460533	0.0809881	0.07868	0.0831867	0.0809878	0.0786	0.0843467	1.79766	1.79766	10.339	
10.2257	1	94	10.2204	1	94	9.42	1	94	0	0	0	0.0500313	0.04901	0.0508733	0.0500311	0.04913	0.0512067	0.08998	0.0875233	0.0921367	0.0899802	0.08761	0.0927933	1.79847	1.79848	10.377	
10.2665	1	94	10.26	1	94	9.46646	1	94	0	0	0	0.0550172	0.0536967	0.0561433	0.0550172	0.0540667	0.0564233	0.0989539	0.09659	0.10164	0.0989541	0.0962567	0.102703	1.7986	1.7986	10.4123	
10.3245	1	93	10.3164	1	93	9.51537	1	93	0	0	0	0.0600335	0.05899	0.0610867	0.0600332	0.0589233	0.06113	0.108034	0.105183	0.111413	0.108033	0.1052	0.111303	1.79956	1.79956	10.4625	
10.3733	1	105	10.3631	1	105	9.5633	1	101	0	0	0	0.0650391	0.06378	0.0665867	0.0650388	0.06389	0.06638	0.117071	0.114347	0.12029	0.11707	0.114527	0.12022	1.8	1.80001	10.5039	
10.4254	1	97	10.4134	1	97	9.61201	1	97	0	0	0	0.0700516	0.0683867	0.0712833	0.0700514	0.0688967	0.0714433	0.126149	0.12274	0.128863	0.126148	0.12306	0.129393	1.8008	1.80079	10.5475	
10.4756	1	100	10.461	1	100	9.65956	1	100	0	0	0	0.0750506	0.0737533	0.07642	0.0750506	0.0735133	0.0760167	0.135162	0.1309	0.138273	0.135162	0.131807	0.137917	1.80094	1.80094	10.5897	
10.5324	1	98	10.5154	1	98	9.71357	1	98	0	0	0	0.080056	0.07884	0.0811733	0.0800562	0.0786433	0.0811867	0.144157	0.141343	0.147373	0.144157	0.140643	0.146837	1.8007	1.8007	10.6386	
10.5917	1	107	10.5716	1	107	9.76587	1	107	0	0	0	0.0850664	0.0832533	0.0864733	0.0850665	0.0835033	0.0860633	0.153203	0.149443	0.15688	0.153204	0.14965	0.1561	1.80098	1.80099	10.6887	
10.6495	1	107	10.6262	1	107	9.81963	1	107	0	0	0	0.0900691	0.0885467	0.0914667	0.0900689	0.08885	0.0912833	0.16217	0.15884	0.165153	0.162169	0.158337	0.165483	1.8005	1.80049	10.7386	
10.6946	1	106	10.6676	1	106	9.86198	1	106	0	0	0	0.0950712	0.0934533	0.0964533	0.0950718	0.0937833	0.0964067	0.171144	0.168033	0.17495	0.171145	0.167627	0.174573	1.80017	1.80017	10.7741	
10.7578	1	111	10.7271	1	111	9.91926	1	111	0	0	0	0.100082	0.0987667	0.101523	0.100082	0.0987033	0.101397	0.180153	0.177253	0.18364	0.180153	0.176953	0.183873	1.80005	1.80006	10.8285	
10.8215	1	118	10.7856	1	118	9.97864	1	118	0	0	0	0.105073	0.10369	0.106477	0.105072	0.103533	0.10653	0.189125	0.186487	0.192507	0.189125	0.186113	0.19276	1.79994	1.79995	10.8803	
10.8737	1	117	10.8331	1	117	10.0277	1	117	0	0	0	0.110082	0.10778	0.11139	0.110083	0.108523	0.11196	0.198163	0.193513	0.20129	0.198163	0.194897	0.202137	1.80013	1.80013	10.9216	
10.9354	1	105	10.8891	1	105	10.0841	1	105	0	0	0	0.115083	0.11364	0.116393	0.115083	0.113607	0.11675	0.207199	0.202893	0.21033	0.2072	0.20377	0.211927	1.80043	1.80043	10.9717	
11.0104	1	132	10.9577	1	132	10.1541	1	132	0	0	0	0.12007	0.118687	0.12167	0.120071	0.118263	0.121957	0.216193	0.211623	0.22023	0.216195	0.212253	0.22119	1.80056	1.80056	11.0327	
11.0737	1	117	11.0142	1	117	10.206	1	117	0	0	0	0.125066	0.123817	0.126983	0.125066	0.123407	0.127013	0.225136	0.22089	0.229997	0.225137	0.22058	0.230293	1.80014	1.80014	11.0832	
11.1392	1	132	11.0715	1	132	10.2671	1	132	0	0	0	0.130063	0.128357	0.132153	0.130064	0.128193	0.1319	0.234111	0.22977	0.237603	0.234111	0.22934	0.23914	1.79998	1.79997	11.1345	
11.2116	1	128	11.1348	1	128	10.3255	1	128	0	0	0	0.135064	0.133177	0.137137	0.135064	0.1335	0.136883	0.243084	0.239097	0.248457	0.243086	0.238807	0.248117	1.79977	1.79978	11.1904	
11.2794	1	132	11.1934	1	132	10.3836	1	132	0	0	0	0.140073	0.138377	0.142133	0.140073	0.138333	0.141923	0.252125	0.247693	0.256437	0.252125	0.247353	0.257053	1.79996	1.79996	11.2415	
11.3568	1	135	11.2597	1	135	10.4523	1	135	0	0	0	0.145085	0.143377	0.146543	0.145086	0.14322	0.146957	0.261161	0.256087	0.26578	0.261163	0.25646	0.266083	1.80005	1.80005	11.3003	
11.4277	1	130	11.3186	1	129	10.5191	1	129	0	0	0	0.150081	0.14851	0.151733	0.150082	0.148357	0.15174	0.270138	0.266143	0.275763	0.270138	0.26609	0.274517	1.79994	1.79994	11.3528	
11.5091	1	134	11.387	1	134	10.5841	1	134	0	0	0	0.155078	0.153263	0.156717	0.155079	0.153463	0.15678	0.279134	0.27502	0.283213	0.279135	0.274653	0.283193	1.79995	1.79995	11.4129	
11.591	1	155	11.4551	1	155	10.6488	1	155	0	0	0	0.16006	0.158397	0.161573	0.160061	0.158397	0.16163	0.288117	0.284393	0.29214	0.28812	0.283517	0.292443	1.80005	1.80006	11.4732	
11.6732	1	135	11.5211	1	135	10.7092	1	135	0	0	0	0.165063	0.1631	0.166423	0.165063	0.163463	0.16662	0.297106	0.292593	0.300833	0.297108	0.293027	0.301887	1.79996	1.79996	11.5307	
11.7601	1	145	11.591	1	145	10.7808	1	145	0	0	0	0.170044	0.16847	0.172013	0.170046	0.168133	0.17158	0.306058	0.302277	0.30997	0.306062	0.301237	0.310997	1.79987	1.79988	11.5928	
11.8524	1	137	11.6612	1	137	10.8554	1	137	0	0	0	0.175031	0.173537	0.176873	0.175032	0.17319	0.17646	0.315013	0.310973	0.321927	0.315016	0.309977	0.319313	1.79976	1.79976	11.6536	
11.948	1	134	11.7359	1	134	10.9219	1	134	0	0	0	0.180031	0.17867	0.181997	0.180032	0.177997	0.181523	0.324079	0.319333	0.329167	0.324081	0.31878	0.327843	1.80013	1.80013	11.7194	
12.0424	1	163	11.8065	1	163	10.9944	1	159	0	0	0	0.185042	0.18355	0.186917	0.185043	0.183477	0.186587	0.333089	0.32838	0.338653	0.333092	0.328203	0.33699	1.80007	1.80008	11.7814	
12.1399	1	184	11.8775	1	184	11.0651	1	180	0	0	0	0.19004	0.18797	0.1918	0.19004	0.188257	0.191497	0.342118	0.33609	0.34706	0.34212	0.337127	0.346743	1.80025	1.80025	11.842	
12.2503	1	144	11.9564	1	144	11.1506	1	140	0	0	0	0.195043	0.192763	0.19753	0.195044	0.193343	0.19685	0.351114	0.34471	0.35489	0.351117	0.346077	0.356717	1.80019	1.80019	11.9116	
12.3595	1	156	12.0287	1	156	11.2174	1	156	0	0	0	0.200022	0.198173	0.20171	0.200023	0.198223	0.201653	0.360077	0.355453	0.364483	0.360078	0.354967	0.364583	1.80019	1.80018	11.9732	
12.475	1	144	12.1107	1	143	11.298	1	143	0	0	0	0.205035	0.2031	0.207307	0.205037	0.202887	0.206573	0.369082	0.361057	0.374923	0.369086	0.363453	0.373873	1.80009	1.8001	12.0452	
12.5918	1	169	12.1855	1	169	11.3732	1	169	0	0	0	0.210045	0.208553	0.212007	0.210046	0.207927	0.21185	0.378053	0.3734	0.38345	0.378055	0.372183	0.383843	1.79986	1.79987	12.1102	
12.7175	1	149	12.2633	1	148	11.4475	1	144	0	0	0	0.215055	0.2126	0.21707	0.215056	0.213013	0.21693	0.387053	0.381813	0.39137	0.387054	0.38083	0.392847	1.79979	1.79979	12.1768	
12.8471	1	152	12.3429	1	152	11.5324	1	152	0	0	0	0.220048	0.2183	0.22189	0.220049	0.21786	0.221947	0.395989	0.392243	0.40105	0.39599	0.390217	0.401893	1.79956	1.79956	12.2457	
12.9918	1	153	12.4261	1	153	11.613	1	153	0	0	0	0.225056	0.223717	0.22685	0.225057	0.22282	0.22703	0.404997	0.400437	0.410037	0.404998	0.39908	0.411363	1.79954	1.79954	12.3166	
13.1395	1	164	12.5083	1	156	11.6909	1	156	0	0	0	0.230056	0.228463	0.232257	0.230057	0.22739	0.231823	0.413967	0.408297	0.419083	0.413968	0.408733	0.420287	1.79941	1.79941	12.3877	
13.292	1	162	12.5891	1	162	11.7762	1	158	0	0	0	0.235067	0.23302	0.237253	0.235069	0.232297	0.237023	0.42296	0.418293	0.427927	0.422965	0.41767	0.429113	1.79931	1.79932	12.4553	
13.4734	1	168	12.6801	1	168	11.8664	1	164	0	0	0	0.240078	0.238243	0.242387	0.240079	0.237293	0.241867	0.431993	0.427727	0.43892	0.431998	0.426327	0.438087	1.79939	1.7994	12.5325	
13.657	1	160	12.7677	1	160	11.9543	1	160	0	0	0	0.245078	0.242953	0.24717	0.245079	0.24259	0.247023	0.440998	0.43546	0.44834	0.441002	0.435623	0.446093	1.79942	1.79943	12.6063	
13.8503	1	201	12.857	1	164	12.035	1	164	0	0	0	0.250072	0.248243	0.251847	0.250073	0.24733	0.252153	0.450012	0.444743	0.455107	0.450014	0.444513	0.454877	1.79953	1.79953	12.682	
14.0838	1	179	12.9488	1	179	12.1265	1	179	0	0	0	0.255091	0.253227	0.256807	0.255092	0.252203	0.257083	0.459006	0.454173	0.46346	0.459008	0.453417	0.463807	1.79939	1.79939	12.7594	
14.2946	1	169	13.0263	1	169	12.2088	1	165	0	0	0	0.260087	0.257833	0.262313	0.260088	0.257473	0.262253	0.46798	0.463043	0.47356	0.46798	0.462387	0.473627	1.79932	1.79932	12.8223	
14.5564	1	192	13.1227	1	192	12.3036	1	192	0	0	0	0.265102	0.263183	0.267233	0.265103	0.2623	0.26727	0.476982	0.472167	0.481753	0.476984	0.470607	0.48329	1.79924	1.79924	12.9028	
14.8421	1	189	13.2138	1	177	12.3857	1	177	0	0	0	0.270103	0.268083	0.27201	0.270103	0.266973	0.27241	0.485922	0.47987	0.49029	0.48592	0.478747	0.492437	1.79903	1.79902	12.9785	
15.1649	1	193	13.3121	1	189	12.4859	1	189	0	0	0	0.275091	0.273057	0.277613	0.275093	0.272373	0.277357	0.494898	0.489153	0.501037	0.4949	0.48826	0.501747	1.79903	1.79903	13.0585	
15.5675	1	220	13.4143	1	180	12.5931	1	180	0	0	0	0.280078	0.278533	0.28224	0.28008	0.277393	0.282497	0.503871	0.499747	0.509203	0.503874	0.497393	0.51045	1.79904	1.79904	13.1426	
15.9698	1	205	13.5059	1	177	12.6807	1	177	0	0	0	0.285085	0.28316	0.287443	0.285088	0.28211	0.287327	0.512876	0.507953	0.51927	0.51288	0.50555	0.519247	1.79903	1.79902	13.2165	
16.4555	1	209	13.6085	1	197	12.785	1	197	0	0	0	0.2901	0.287207	0.292537	0.290102	0.28733	0.29269	0.521875	0.516647	0.528763	0.521877	0.515437	0.528397	1.79895	1.79895	13.2993	
17.0002	1	270	13.7031	1	177	12.8799	1	177	0	0	0	0.295112	0.293	0.297037	0.295112	0.292017	0.297763	0.530935	0.525237	0.536703	0.530938	0.524043	0.53653	1.7991	1.7991	13.3764	
17.6634	1	269	13.8151	1	197	12.9912	1	197	0	0	0	0.300118	0.297697	0.301793	0.300122	0.29694	0.302667	0.539951	0.53355	0.545153	0.539959	0.53246	0.545623	1.79913	1.79913	13.4665	
18.4783	1	307	13.9167	1	245	13.093	1	245	0	0	0	0.305113	0.30254	0.306777	0.305116	0.302377	0.308	0.548939	0.543317	0.555263	0.548943	0.5424	0.55524	1.79913	1.79913	13.5461	
19.5883	1	340	14.0222	1	215	13.1953	1	211	0	0	0	0.310116	0.307547	0.312577	0.31012	0.30721	0.312857	0.557938	0.550667	0.563713	0.557945	0.551303	0.564417	1.79912	1.79913	13.6298	
20.9802	1	373	14.126	1	204	13.3002	1	204	0	0	0	0.315121	0.313237	0.317637	0.315126	0.31223	0.318003	0.566996	0.56275	0.573807	0.567008	0.56051	0.573457	1.7993	1.79931	13.7101	
23.4051	1	659	14.245	1	204	13.4186	1	204	0	0	0	0.320086	0.318353	0.321883	0.320086	0.31716	0.32308	0.575888	0.569887	0.58095	0.575886	0.569467	0.582577	1.79917	1.79916	13.8035	
26.9814	1	946	14.3413	1	206	13.513	1	206	0	0	0	0.325031	0.323402	0.326593	0.325032	0.322777	0.328165	0.584821	0.579298	0.590017	0.584821	0.579867	0.59096	1.79928	1.79927	13.877	
77.9064	1	5531	14.4645	1	216	13.6361	1	212	0	0	0	0.330026	0.328559	0.331317	0.330013	0.328474	0.332109	0.59395	0.590626	0.598221	0.593927	0.589523	0.59848	1.7997	1.79971	13.9729	
635.874	1	37531	14.5702	1	215	13.7388	1	215	0	0	0	0.335023	0.333506	0.336726	0.334727	0.33322	0.336527	0.602948	0.598066	0.606697	0.602425	0.598333	0.606729	1.79972	1.79975	14.0528	
