9.55504	1	64	9.55502	1	64	8.76108	1	64	0	0	0	0.00499866	0.00456	0.00529667	0.00499866	0	0.0609267	0.00901014	0.00818667	0.00976667	0.00900977	0	0.109727	1.80251	1.80244	9.74903	
9.77698	1	103	9.7769	1	103	8.98061	1	103	0	0	0	0.0100135	0.00957667	0.0104767	0.0100138	0	0.12147	0.0180194	0.0167133	0.0191667	0.0180198	0	0.21907	1.79951	1.79951	9.96989	
10.1255	1	108	10.1252	1	108	9.32377	1	108	0	0	0	0.0150321	0.0144467	0.0157333	0.0150324	0	0.181817	0.0270613	0.02574	0.02888	0.0270614	0	0.328497	1.80023	1.8002	10.3129	
10.5642	1	158	10.5637	1	158	9.75226	1	158	0	0	0	0.0200388	0.01896	0.02063	0.0200389	0	0.243067	0.0360503	0.03408	0.03753	0.0360506	0	0.43633	1.79903	1.79903	10.748	
11.1209	1	147	11.1199	1	147	10.3128	1	147	0	0	0	0.0250457	0.02427	0.0259	0.0250453	0	0.302643	0.0450287	0.0431233	0.04726	0.0450273	0	0.545137	1.79786	1.79783	11.3	
11.8007	1	141	11.799	1	141	11.0023	1	141	0	0	0	0.0300466	0.0291633	0.0308833	0.0300467	0	0.36232	0.0540337	0.0523433	0.05599	0.0540344	0	0.65185	1.79833	1.79835	11.9725	
12.6526	1	156	12.6501	1	156	11.8448	1	156	0	0	0	0.0350705	0.0341	0.0359567	0.0350701	0	0.42309	0.0630685	0.0610333	0.0652	0.0630684	0	0.761687	1.79833	1.79835	12.816	
13.6377	1	162	13.6339	1	162	12.8364	1	162	0	0	0	0.0400701	0.0391767	0.0412133	0.0400703	0	0.483613	0.0720535	0.07	0.07444	0.0720545	0	0.86974	1.79818	1.7982	13.7911	
14.8197	1	187	14.814	1	187	14.0204	1	187	0	0	0	0.045052	0.04408	0.0459767	0.0450478	0	0.54261	0.0809881	0.07868	0.0831867	0.08098	0	0.977227	1.79766	1.79764	14.9618	
16.2695	1	223	16.2612	1	223	15.4468	1	223	0	0	0	0.0500313	0.04901	0.0508733	0.0463506	0	0.558263	0.08998	0.0875233	0.0921367	0.0833333	0	1	1.79847	1.79789	16.3958	
18.0099	1	261	17.9978	1	261	17.1924	1	261	0	0	0	0.0550172	0.0536967	0.0561433	0.0463506	0	0.558267	0.0989539	0.09659	0.10164	0.0833333	0	1	1.7986	1.79789	18.1167	
20.1626	1	240	20.1439	1	240	19.3292	1	252	0	0	0	0.0600335	0.05899	0.0610867	0.0463506	0	0.55826	0.108034	0.105183	0.111413	0.0833333	0	1	1.79956	1.79789	20.2406	
22.8164	1	256	22.7888	1	256	21.9603	1	256	0	0	0	0.0650391	0.06378	0.0665867	0.0463504	0	0.558267	0.117071	0.114347	0.12029	0.0833333	0	1	1.8	1.7979	22.8598	
26.3029	1	322	26.2592	1	322	25.3524	1	322	0	0	0	0.0700516	0.0683867	0.0712833	0.0463506	0	0.558247	0.126149	0.12274	0.128863	0.0833333	0	1	1.8008	1.79789	26.2926	
30.9319	1	335	30.8616	1	335	29.9649	1	343	0	0	0	0.0750506	0.0737533	0.07642	0.0463503	0	0.558273	0.135162	0.1309	0.138273	0.0833333	0	1	1.80094	1.7979	30.844	
37.7762	1	382	37.6474	1	382	36.6593	1	397	0	0	0	0.080056	0.07884	0.0811733	0.0463505	0	0.558277	0.144157	0.141343	0.147373	0.0833333	0	1	1.8007	1.79789	37.5418	
49.5043	1	384	49.1926	1	384	47.9698	1	391	0	0	0	0.0850664	0.0832533	0.0864733	0.0463499	0	0.558237	0.153203	0.149443	0.15688	0.0833333	0	1	1.80098	1.79792	48.8951	
93.0551	1	8980	81.5217	1	454	78.996	1	539	0	0	0	0.0900691	0.0885467	0.0914667	0.0463517	0	0.558277	0.16217	0.15884	0.165153	0.0833333	0	1	1.8005	1.79785	80.0568	
27307.8	1	858467	128.09	1	1332	125.565	1	3217	0	0	0	0.0950712	0.0934533	0.0964533	0.0463571	0	0.558133	0.171144	0.168033	0.17495	0.0833333	0	1	1.80017	1.79764	122.321	
