53
1: [27, 28, 36, 35]
2: [35, 36, 28, 27]
3: [26, 34, 42, 43, 44, 45, 37, 29, 21, 20, 19, 18]
4: [18, 19, 27, 35, 43, 42, 34, 26]
5: [18, 19, 20, 28, 36, 44, 43, 42, 34, 26]
6: [19, 20, 21, 29, 37, 45, 44, 43, 35, 27]
7: [20, 21, 29, 37, 45, 44, 36, 28]
8: [18, 19, 20, 21, 29, 28, 27, 26]
9: [18, 19, 20, 21, 29, 37, 36, 35, 34, 26]
10: [26, 27, 28, 29, 37, 45, 44, 43, 42, 34]
11: [34, 35, 36, 37, 45, 44, 43, 42]
12: [17, 25, 33, 41, 49, 50, 51, 52, 53, 54, 46, 38, 30, 22, 14, 13, 12, 11, 10, 9]
13: [9, 10, 18, 26, 34, 42, 50, 49, 41, 33, 25, 17]
14: [9, 10, 11, 19, 27, 35, 43, 51, 50, 49, 41, 33, 25, 17]
15: [9, 10, 11, 12, 20, 28, 36, 44, 52, 51, 50, 49, 41, 33, 25, 17]
16: [9, 10, 11, 12, 13, 21, 29, 37, 45, 53, 52, 51, 50, 49, 41, 33, 25, 17]
17: [10, 11, 12, 13, 14, 22, 30, 38, 46, 54, 53, 52, 51, 50, 42, 34, 26, 18]
18: [11, 12, 13, 14, 22, 30, 38, 46, 54, 53, 52, 51, 43, 35, 27, 19]
19: [12, 13, 14, 22, 30, 38, 46, 54, 53, 52, 44, 36, 28, 20]
20: [13, 14, 22, 30, 38, 46, 54, 53, 45, 37, 29, 21]
21: [9, 10, 11, 12, 13, 14, 22, 21, 20, 19, 18, 17]
22: [9, 10, 11, 12, 13, 14, 22, 30, 29, 28, 27, 26, 25, 17]
23: [9, 10, 11, 12, 13, 14, 22, 30, 38, 37, 36, 35, 34, 33, 25, 17]
24: [9, 10, 11, 12, 13, 14, 22, 30, 38, 46, 45, 44, 43, 42, 41, 33, 25, 17]
25: [17, 18, 19, 20, 21, 22, 30, 38, 46, 54, 53, 52, 51, 50, 49, 41, 33, 25]
26: [25, 26, 27, 28, 29, 30, 38, 46, 54, 53, 52, 51, 50, 49, 41, 33]
27: [33, 34, 35, 36, 37, 38, 46, 54, 53, 52, 51, 50, 49, 41]
28: [41, 42, 43, 44, 45, 46, 54, 53, 52, 51, 50, 49]
29: [8, 16, 24, 32, 40, 48, 56, 57, 58, 59, 60, 61, 62, 63, 55, 47, 39, 31, 23, 15, 7, 6, 5, 4, 3, 2, 1, 0]
30: [0, 1, 9, 17, 25, 33, 41, 49, 57, 56, 48, 40, 32, 24, 16, 8]
31: [0, 1, 2, 10, 18, 26, 34, 42, 50, 58, 57, 56, 48, 40, 32, 24, 16, 8]
32: [0, 1, 2, 3, 11, 19, 27, 35, 43, 51, 59, 58, 57, 56, 48, 40, 32, 24, 16, 8]
33: [0, 1, 2, 3, 4, 12, 20, 28, 36, 44, 52, 60, 59, 58, 57, 56, 48, 40, 32, 24, 16, 8]
34: [0, 1, 2, 3, 4, 5, 13, 21, 29, 37, 45, 53, 61, 60, 59, 58, 57, 56, 48, 40, 32, 24, 16, 8]
35: [0, 1, 2, 3, 4, 5, 6, 14, 22, 30, 38, 46, 54, 62, 61, 60, 59, 58, 57, 56, 48, 40, 32, 24, 16, 8]
36: [1, 2, 3, 4, 5, 6, 7, 15, 23, 31, 39, 47, 55, 63, 62, 61, 60, 59, 58, 57, 49, 41, 33, 25, 17, 9]
37: [2, 3, 4, 5, 6, 7, 15, 23, 31, 39, 47, 55, 63, 62, 61, 60, 59, 58, 50, 42, 34, 26, 18, 10]
38: [3, 4, 5, 6, 7, 15, 23, 31, 39, 47, 55, 63, 62, 61, 60, 59, 51, 43, 35, 27, 19, 11]
39: [4, 5, 6, 7, 15, 23, 31, 39, 47, 55, 63, 62, 61, 60, 52, 44, 36, 28, 20, 12]
40: [5, 6, 7, 15, 23, 31, 39, 47, 55, 63, 62, 61, 53, 45, 37, 29, 21, 13]
41: [6, 7, 15, 23, 31, 39, 47, 55, 63, 62, 54, 46, 38, 30, 22, 14]
42: [0, 1, 2, 3, 4, 5, 6, 7, 15, 14, 13, 12, 11, 10, 9, 8]
43: [0, 1, 2, 3, 4, 5, 6, 7, 15, 23, 22, 21, 20, 19, 18, 17, 16, 8]
44: [0, 1, 2, 3, 4, 5, 6, 7, 15, 23, 31, 30, 29, 28, 27, 26, 25, 24, 16, 8]
45: [0, 1, 2, 3, 4, 5, 6, 7, 15, 23, 31, 39, 38, 37, 36, 35, 34, 33, 32, 24, 16, 8]
46: [0, 1, 2, 3, 4, 5, 6, 7, 15, 23, 31, 39, 47, 46, 45, 44, 43, 42, 41, 40, 32, 24, 16, 8]
47: [0, 1, 2, 3, 4, 5, 6, 7, 15, 23, 31, 39, 47, 55, 54, 53, 52, 51, 50, 49, 48, 40, 32, 24, 16, 8]
48: [8, 9, 10, 11, 12, 13, 14, 15, 23, 31, 39, 47, 55, 63, 62, 61, 60, 59, 58, 57, 56, 48, 40, 32, 24, 16]
49: [16, 17, 18, 19, 20, 21, 22, 23, 31, 39, 47, 55, 63, 62, 61, 60, 59, 58, 57, 56, 48, 40, 32, 24]
50: [24, 25, 26, 27, 28, 29, 30, 31, 39, 47, 55, 63, 62, 61, 60, 59, 58, 57, 56, 48, 40, 32]
51: [32, 33, 34, 35, 36, 37, 38, 39, 47, 55, 63, 62, 61, 60, 59, 58, 57, 56, 48, 40]
52: [40, 41, 42, 43, 44, 45, 46, 47, 55, 63, 62, 61, 60, 59, 58, 57, 56, 48]
53: [48, 49, 50, 51, 52, 53, 54, 55, 63, 62, 61, 60, 59, 58, 57, 56]
64
0
0: []
1: [32, 33, 34, 35, 42, 43, 44, 45, 46, 47, 30, 31, 29]
2: [32, 33, 34, 35, 42, 43, 44, 45, 46, 47, 31, 29]
3: [32, 33, 34, 35, 42, 43, 44, 45, 46, 47, 29]
4: [33, 34, 35, 42, 43, 44, 45, 46, 47, 29]
5: [34, 35, 42, 43, 44, 45, 46, 47, 29]
6: [35, 42, 43, 44, 45, 46, 47, 29]
7: [42, 43, 44, 45, 46, 47, 29]
8: [29, 42, 30, 43, 31, 32, 44, 33, 45, 34, 46, 35, 47]
9: [30, 42]
10: [31, 42]
11: [32, 42]
12: [33, 42]
13: [34, 42]
14: [35, 42]
15: [42, 43, 44, 45, 46, 47, 29]
16: [29, 30, 43, 31, 32, 44, 33, 45, 34, 46, 35, 47]
17: [30, 43]
18: [31, 43]
19: [32, 43]
20: [33, 43]
21: [34, 43]
22: [35, 43]
23: [43, 44, 45, 46, 47, 29]
24: [29, 30, 31, 32, 44, 33, 45, 34, 46, 35, 47]
25: [30, 44]
26: [31, 44]
27: [32, 44]
28: [33, 44]
29: [34, 44]
30: [35, 44]
31: [44, 45, 46, 47, 29]
32: [29, 30, 31, 32, 33, 45, 34, 46, 35, 47]
33: [30, 45]
34: [31, 45]
35: [32, 45]
36: [33, 45]
37: [34, 45]
38: [35, 45]
39: [45, 46, 47, 29]
40: [29, 30, 31, 32, 33, 34, 46, 35, 47]
41: [30, 46]
42: [31, 46]
43: [32, 46]
44: [33, 46]
45: [34, 46]
46: [35, 46]
47: [46, 47, 29]
48: [29, 30, 31, 32, 33, 34, 35, 47]
49: [30, 47]
50: [31, 47]
51: [32, 47]
52: [33, 47]
53: [34, 47]
54: [35, 47]
55: [47, 29]
56: [29, 30, 31, 32, 33, 34, 35]
57: [29, 30, 31, 32, 33, 34, 35]
58: [29, 31, 32, 33, 34, 35]
59: [32, 29, 33, 34, 35]
60: [33, 29, 34, 35]
61: [34, 29, 35]
62: [35, 29]
63: [29]
1
0: [29, 42, 30, 43, 31, 32, 44, 33, 45, 34, 46, 35, 47]
1: []
2: [32, 33, 34, 35, 36, 42, 43, 44, 45, 46, 47, 31, 29]
3: [32, 33, 34, 35, 36, 42, 43, 44, 45, 46, 47, 29]
4: [33, 34, 35, 36, 42, 43, 44, 45, 46, 47, 29]
5: [34, 35, 36, 42, 43, 44, 45, 46, 47, 29]
6: [35, 36, 42, 43, 44, 45, 46, 47, 29]
7: [36, 42, 43, 44, 45, 46, 47, 29]
8: [29, 42, 30, 43, 31, 32, 44, 33, 45, 34, 46, 35, 47]
9: [30, 42, 36]
10: [31, 42]
11: [32, 42]
12: [33, 42]
13: [34, 42]
14: [35, 42]
15: [36, 42, 43, 44, 45, 46, 47, 29]
16: [29, 30, 43, 31, 32, 44, 33, 45, 34, 46, 35, 47]
17: [30, 43, 36]
18: [31, 43]
19: [32, 43]
20: [33, 43]
21: [34, 43]
22: [35, 43]
23: [36, 43, 44, 45, 46, 47, 29]
24: [29, 30, 31, 32, 44, 33, 45, 34, 46, 35, 47]
25: [30, 44, 36]
26: [31, 44]
27: [32, 44]
28: [33, 44]
29: [34, 44]
30: [35, 44]
31: [36, 44, 45, 46, 47, 29]
32: [29, 30, 31, 32, 33, 45, 34, 46, 35, 47]
33: [30, 45, 36]
34: [31, 45]
35: [32, 45]
36: [33, 45]
37: [34, 45]
38: [35, 45]
39: [36, 45, 46, 47, 29]
40: [29, 30, 31, 32, 33, 34, 46, 35, 47]
41: [30, 46, 36]
42: [31, 46]
43: [32, 46]
44: [33, 46]
45: [34, 46]
46: [35, 46]
47: [36, 46, 47, 29]
48: [29, 30, 31, 32, 33, 34, 35, 47]
49: [30, 47, 36]
50: [31, 47]
51: [32, 47]
52: [33, 47]
53: [34, 47]
54: [35, 47]
55: [36, 47, 29]
56: [29, 30, 31, 32, 33, 34, 35]
57: [30, 29, 31, 32, 33, 34, 35, 36]
58: [31, 32, 29, 33, 34, 35, 36]
59: [32, 33, 29, 34, 35, 36]
60: [33, 34, 29, 35, 36]
61: [34, 35, 29, 36]
62: [35, 36, 29]
63: [36, 29]
2
0: [29, 42, 43, 31, 32, 44, 33, 45, 34, 46, 35, 47]
1: [29, 42, 43, 31, 32, 44, 33, 45, 34, 46, 35, 36, 47]
2: []
3: [32, 33, 34, 35, 36, 37, 42, 43, 44, 45, 46, 47, 29]
4: [33, 34, 35, 36, 37, 42, 43, 44, 45, 46, 47, 29]
5: [34, 35, 36, 37, 42, 43, 44, 45, 46, 47, 29]
6: [35, 36, 37, 42, 43, 44, 45, 46, 47, 29]
7: [36, 37, 42, 43, 44, 45, 46, 47, 29]
8: [29, 42, 43, 31, 32, 44, 33, 45, 34, 46, 35, 47]
9: [42, 36]
10: [31, 42, 37]
11: [32, 42]
12: [33, 42]
13: [34, 42]
14: [35, 42]
15: [36, 37, 42, 43, 44, 45, 46, 47, 29]
16: [29, 43, 31, 32, 44, 33, 45, 34, 46, 35, 47]
17: [43, 36]
18: [31, 43, 37]
19: [32, 43]
20: [33, 43]
21: [34, 43]
22: [35, 43]
23: [36, 37, 43, 44, 45, 46, 47, 29]
24: [29, 31, 32, 44, 33, 45, 34, 46, 35, 47]
25: [44, 36]
26: [31, 44, 37]
27: [32, 44]
28: [33, 44]
29: [34, 44]
30: [35, 44]
31: [36, 37, 44, 45, 46, 47, 29]
32: [29, 31, 32, 33, 45, 34, 46, 35, 47]
33: [45, 36]
34: [31, 45, 37]
35: [32, 45]
36: [33, 45]
37: [34, 45]
38: [35, 45]
39: [36, 37, 45, 46, 47, 29]
40: [29, 31, 32, 33, 34, 46, 35, 47]
41: [46, 36]
42: [31, 46, 37]
43: [32, 46]
44: [33, 46]
45: [34, 46]
46: [35, 46]
47: [36, 37, 46, 47, 29]
48: [29, 31, 32, 33, 34, 35, 47]
49: [47, 36]
50: [31, 47, 37]
51: [32, 47]
52: [33, 47]
53: [34, 47]
54: [35, 47]
55: [36, 37, 47, 29]
56: [29, 31, 32, 33, 34, 35]
57: [31, 32, 29, 33, 34, 35, 36]
58: [31, 32, 33, 29, 34, 35, 36, 37]
59: [32, 33, 34, 29, 35, 36, 37]
60: [33, 34, 35, 29, 36, 37]
61: [34, 35, 37, 36, 29]
62: [35, 36, 37, 29]
63: [36, 37, 29]
3
0: [29, 42, 43, 32, 44, 33, 45, 34, 46, 35, 47]
1: [29, 42, 43, 32, 44, 33, 45, 34, 46, 35, 36, 47]
2: [29, 42, 43, 32, 44, 33, 45, 34, 37, 46, 35, 36, 47]
3: []
4: [33, 34, 35, 36, 37, 38, 42, 43, 44, 45, 46, 47, 29]
5: [34, 35, 36, 37, 38, 42, 43, 44, 45, 46, 47, 29]
6: [35, 36, 37, 38, 42, 43, 44, 45, 46, 47, 29]
7: [36, 37, 38, 42, 43, 44, 45, 46, 47, 29]
8: [29, 42, 43, 32, 44, 33, 45, 34, 46, 35, 47]
9: [42, 36]
10: [42, 37]
11: [32, 42, 38]
12: [33, 42]
13: [34, 42]
14: [35, 42]
15: [36, 37, 38, 42, 43, 44, 45, 46, 47, 29]
16: [29, 43, 32, 44, 33, 45, 34, 46, 35, 47]
17: [43, 36]
18: [43, 37]
19: [32, 43, 38]
20: [33, 43]
21: [34, 43]
22: [35, 43]
23: [36, 37, 38, 43, 44, 45, 46, 47, 29]
24: [29, 32, 44, 33, 45, 34, 46, 35, 47]
25: [44, 36]
26: [44, 37]
27: [32, 44, 38]
28: [33, 44]
29: [34, 44]
30: [35, 44]
31: [36, 37, 38, 44, 45, 46, 47, 29]
32: [29, 32, 33, 45, 34, 46, 35, 47]
33: [45, 36]
34: [45, 37]
35: [32, 45, 38]
36: [33, 45]
37: [34, 45]
38: [35, 45]
39: [36, 37, 38, 45, 46, 47, 29]
40: [29, 32, 33, 34, 46, 35, 47]
41: [46, 36]
42: [46, 37]
43: [32, 46, 38]
44: [33, 46]
45: [34, 46]
46: [35, 46]
47: [36, 37, 38, 46, 47, 29]
48: [29, 32, 33, 34, 35, 47]
49: [47, 36]
50: [47, 37]
51: [32, 47, 38]
52: [33, 47]
53: [34, 47]
54: [35, 47]
55: [36, 37, 38, 47, 29]
56: [32, 29, 33, 34, 35]
57: [32, 33, 29, 34, 35, 36]
58: [32, 33, 34, 29, 35, 36, 37]
59: [32, 33, 34, 35, 29, 36, 37, 38]
60: [33, 34, 35, 37, 36, 29, 38]
61: [34, 35, 36, 37, 38, 29]
62: [35, 36, 37, 38, 29]
63: [36, 37, 38, 29]
4
0: [29, 42, 43, 44, 33, 45, 34, 46, 35, 47]
1: [29, 42, 43, 44, 33, 45, 34, 46, 35, 36, 47]
2: [29, 42, 43, 44, 33, 45, 34, 37, 46, 35, 36, 47]
3: [29, 42, 43, 44, 33, 45, 38, 34, 37, 46, 35, 36, 47]
4: []
5: [34, 35, 36, 37, 38, 39, 42, 43, 44, 45, 46, 47, 29]
6: [35, 36, 37, 38, 39, 42, 43, 44, 45, 46, 47, 29]
7: [36, 37, 38, 39, 42, 43, 44, 45, 46, 47, 29]
8: [29, 42, 43, 44, 33, 45, 34, 46, 35, 47]
9: [42, 36]
10: [42, 37]
11: [42, 38]
12: [33, 42, 39]
13: [34, 42]
14: [35, 42]
15: [36, 37, 38, 39, 42, 43, 44, 45, 46, 47, 29]
16: [29, 43, 44, 33, 45, 34, 46, 35, 47]
17: [43, 36]
18: [43, 37]
19: [43, 38]
20: [33, 43, 39]
21: [34, 43]
22: [35, 43]
23: [36, 37, 38, 39, 43, 44, 45, 46, 47, 29]
24: [29, 44, 33, 45, 34, 46, 35, 47]
25: [44, 36]
26: [44, 37]
27: [44, 38]
28: [33, 44, 39]
29: [34, 44]
30: [35, 44]
31: [36, 37, 38, 39, 44, 45, 46, 47, 29]
32: [29, 33, 45, 34, 46, 35, 47]
33: [45, 36]
34: [45, 37]
35: [45, 38]
36: [33, 45, 39]
37: [34, 45]
38: [35, 45]
39: [36, 37, 38, 39, 45, 46, 47, 29]
40: [29, 33, 34, 46, 35, 47]
41: [46, 36]
42: [46, 37]
43: [46, 38]
44: [33, 46, 39]
45: [34, 46]
46: [35, 46]
47: [36, 37, 38, 39, 46, 47, 29]
48: [29, 33, 34, 35, 47]
49: [47, 36]
50: [47, 37]
51: [47, 38]
52: [33, 47, 39]
53: [34, 47]
54: [35, 47]
55: [36, 37, 38, 39, 47, 29]
56: [33, 29, 34, 35]
57: [33, 34, 29, 35, 36]
58: [33, 34, 35, 29, 36, 37]
59: [33, 34, 35, 37, 36, 29, 38]
60: [33, 34, 35, 36, 37, 38, 39, 29]
61: [34, 35, 36, 37, 38, 39, 29]
62: [35, 36, 37, 38, 39, 29]
63: [36, 37, 38, 39, 29]
5
0: [29, 42, 43, 44, 45, 34, 46, 35, 47]
1: [29, 42, 43, 44, 45, 34, 46, 35, 36, 47]
2: [29, 42, 43, 44, 45, 34, 37, 46, 35, 36, 47]
3: [29, 42, 43, 44, 45, 38, 34, 37, 46, 35, 36, 47]
4: [29, 42, 43, 44, 39, 45, 38, 34, 37, 46, 35, 36, 47]
5: []
6: [35, 36, 37, 38, 39, 40, 42, 43, 44, 45, 46, 47, 29]
7: [36, 37, 38, 39, 40, 42, 43, 44, 45, 46, 47, 29]
8: [29, 42, 43, 44, 45, 34, 46, 35, 47]
9: [42, 36]
10: [42, 37]
11: [42, 38]
12: [42, 39]
13: [34, 42, 40]
14: [35, 42]
15: [36, 37, 38, 39, 40, 42, 43, 44, 45, 46, 47, 29]
16: [29, 43, 44, 45, 34, 46, 35, 47]
17: [43, 36]
18: [43, 37]
19: [43, 38]
20: [43, 39]
21: [34, 43, 40]
22: [35, 43]
23: [36, 37, 38, 39, 40, 43, 44, 45, 46, 47, 29]
24: [29, 44, 45, 34, 46, 35, 47]
25: [44, 36]
26: [44, 37]
27: [44, 38]
28: [44, 39]
29: [34, 44, 40]
30: [35, 44]
31: [36, 37, 38, 39, 40, 44, 45, 46, 47, 29]
32: [29, 45, 34, 46, 35, 47]
33: [45, 36]
34: [45, 37]
35: [45, 38]
36: [45, 39]
37: [34, 45, 40]
38: [35, 45]
39: [36, 37, 38, 39, 40, 45, 46, 47, 29]
40: [29, 34, 46, 35, 47]
41: [46, 36]
42: [46, 37]
43: [46, 38]
44: [46, 39]
45: [34, 46, 40]
46: [35, 46]
47: [36, 37, 38, 39, 40, 46, 47, 29]
48: [29, 34, 35, 47]
49: [47, 36]
50: [47, 37]
51: [47, 38]
52: [47, 39]
53: [34, 47, 40]
54: [35, 47]
55: [36, 37, 38, 39, 40, 47, 29]
56: [34, 29, 35]
57: [34, 35, 29, 36]
58: [34, 35, 37, 36, 29]
59: [34, 35, 36, 37, 38, 29]
60: [34, 35, 36, 37, 38, 39, 29]
61: [34, 35, 36, 37, 38, 39, 40, 29]
62: [35, 36, 37, 38, 39, 40, 29]
63: [36, 37, 38, 39, 40, 29]
6
0: [29, 42, 43, 44, 45, 46, 35, 47]
1: [29, 42, 43, 44, 45, 46, 35, 36, 47]
2: [29, 42, 43, 44, 45, 37, 46, 35, 36, 47]
3: [29, 42, 43, 44, 45, 38, 37, 46, 35, 36, 47]
4: [29, 42, 43, 44, 39, 45, 38, 37, 46, 35, 36, 47]
5: [29, 42, 40, 43, 44, 39, 45, 38, 37, 46, 35, 36, 47]
6: []
7: [36, 37, 38, 39, 40, 41, 42, 43, 44, 45, 46, 47, 29]
8: [29, 42, 43, 44, 45, 46, 35, 47]
9: [42, 36]
10: [42, 37]
11: [42, 38]
12: [42, 39]
13: [42, 40]
14: [35, 42, 41]
15: [36, 37, 38, 39, 40, 41, 42, 43, 44, 45, 46, 47, 29]
16: [29, 43, 44, 45, 46, 35, 47]
17: [43, 36]
18: [43, 37]
19: [43, 38]
20: [43, 39]
21: [43, 40]
22: [35, 43, 41]
23: [36, 37, 38, 39, 40, 41, 43, 44, 45, 46, 47, 29]
24: [29, 44, 45, 46, 35, 47]
25: [44, 36]
26: [44, 37]
27: [44, 38]
28: [44, 39]
29: [44, 40]
30: [35, 44, 41]
31: [36, 37, 38, 39, 40, 41, 44, 45, 46, 47, 29]
32: [29, 45, 46, 35, 47]
33: [45, 36]
34: [45, 37]
35: [45, 38]
36: [45, 39]
37: [45, 40]
38: [35, 45, 41]
39: [36, 37, 38, 39, 40, 41, 45, 46, 47, 29]
40: [29, 46, 35, 47]
41: [46, 36]
42: [46, 37]
43: [46, 38]
44: [46, 39]
45: [46, 40]
46: [35, 46, 41]
47: [36, 37, 38, 39, 40, 41, 46, 47, 29]
48: [29, 35, 47]
49: [47, 36]
50: [47, 37]
51: [47, 38]
52: [47, 39]
53: [47, 40]
54: [35, 47, 41]
55: [36, 37, 38, 39, 40, 41, 47, 29]
56: [35, 29]
57: [35, 36, 29]
58: [35, 36, 37, 29]
59: [35, 36, 37, 38, 29]
60: [35, 36, 37, 38, 39, 29]
61: [35, 36, 37, 38, 39, 40, 29]
62: [35, 36, 37, 38, 39, 40, 41, 29]
63: [36, 37, 38, 39, 40, 41, 29]
7
0: [29, 42, 43, 44, 45, 46, 47]
1: [29, 42, 43, 44, 45, 46, 36, 47]
2: [29, 42, 43, 44, 45, 37, 46, 36, 47]
3: [29, 42, 43, 44, 45, 38, 37, 46, 36, 47]
4: [29, 42, 43, 44, 39, 45, 38, 37, 46, 36, 47]
5: [29, 42, 40, 43, 44, 39, 45, 38, 37, 46, 36, 47]
6: [29, 41, 42, 40, 43, 44, 39, 45, 38, 37, 46, 36, 47]
7: []
8: [42, 29, 43, 44, 45, 46, 47]
9: [42, 36]
10: [42, 37]
11: [42, 38]
12: [42, 39]
13: [42, 40]
14: [42, 41]
15: [36, 37, 38, 39, 40, 41, 42, 43, 44, 45, 46, 47, 29]
16: [43, 29, 44, 45, 46, 47]
17: [43, 36]
18: [43, 37]
19: [43, 38]
20: [43, 39]
21: [43, 40]
22: [43, 41]
23: [36, 37, 38, 39, 40, 41, 43, 44, 45, 46, 47, 29]
24: [44, 29, 45, 46, 47]
25: [44, 36]
26: [44, 37]
27: [44, 38]
28: [44, 39]
29: [44, 40]
30: [44, 41]
31: [36, 37, 38, 39, 40, 41, 44, 45, 46, 47, 29]
32: [45, 29, 46, 47]
33: [45, 36]
34: [45, 37]
35: [45, 38]
36: [45, 39]
37: [45, 40]
38: [45, 41]
39: [36, 37, 38, 39, 40, 41, 45, 46, 47, 29]
40: [29, 46, 47]
41: [46, 36]
42: [46, 37]
43: [46, 38]
44: [46, 39]
45: [46, 40]
46: [46, 41]
47: [36, 37, 38, 39, 40, 41, 46, 47, 29]
48: [29, 47]
49: [47, 36]
50: [47, 37]
51: [47, 38]
52: [47, 39]
53: [47, 40]
54: [47, 41]
55: [36, 37, 38, 39, 40, 41, 47, 29]
56: [29]
57: [36, 29]
58: [36, 37, 29]
59: [36, 37, 38, 29]
60: [36, 37, 38, 39, 29]
61: [36, 37, 38, 39, 40, 29]
62: [36, 37, 38, 39, 40, 41, 29]
63: [36, 37, 38, 39, 40, 41, 29]
8
0: [32, 33, 34, 35, 42, 43, 44, 45, 46, 47, 30, 31, 29]
1: [32, 33, 34, 35, 42, 43, 44, 45, 46, 47, 30, 31, 29]
2: [32, 33, 34, 35, 42, 43, 44, 45, 46, 47, 31, 29]
3: [32, 33, 34, 35, 42, 43, 44, 45, 46, 47, 29]
4: [33, 34, 35, 42, 43, 44, 45, 46, 47, 29]
5: [34, 35, 42, 43, 44, 45, 46, 47, 29]
6: [35, 42, 43, 44, 45, 46, 47, 29]
7: [42, 43, 44, 45, 46, 47, 29]
8: []
9: [48, 30, 42]
10: [48, 31, 42]
11: [48, 32, 42]
12: [48, 33, 42]
13: [48, 34, 42]
14: [48, 35, 42]
15: [48, 42, 43, 44, 45, 46, 47, 29]
16: [29, 30, 43, 31, 32, 44, 33, 45, 34, 46, 48, 35, 47]
17: [30, 43]
18: [31, 43]
19: [32, 43]
20: [33, 43]
21: [34, 43]
22: [35, 43]
23: [48, 43, 44, 45, 46, 47, 29]
24: [29, 30, 31, 32, 44, 33, 45, 34, 46, 48, 35, 47]
25: [30, 44]
26: [31, 44]
27: [32, 44]
28: [33, 44]
29: [34, 44]
30: [35, 44]
31: [48, 44, 45, 46, 47, 29]
32: [29, 30, 31, 32, 33, 45, 34, 46, 48, 35, 47]
33: [30, 45]
34: [31, 45]
35: [32, 45]
36: [33, 45]
37: [34, 45]
38: [35, 45]
39: [48, 45, 46, 47, 29]
40: [29, 30, 31, 32, 33, 34, 46, 48, 35, 47]
41: [30, 46]
42: [31, 46]
43: [32, 46]
44: [33, 46]
45: [34, 46]
46: [35, 46]
47: [48, 46, 47, 29]
48: [29, 30, 31, 32, 33, 34, 48, 35, 47]
49: [30, 47]
50: [31, 47]
51: [32, 47]
52: [33, 47]
53: [34, 47]
54: [35, 47]
55: [48, 29, 47]
56: [29, 30, 31, 32, 33, 34, 48, 35]
57: [29, 30, 31, 32, 33, 34, 48, 35]
58: [29, 31, 32, 33, 34, 48, 35]
59: [29, 32, 33, 34, 48, 35]
60: [29, 33, 34, 48, 35]
61: [29, 34, 48, 35]
62: [29, 48, 35]
63: [48, 29]
9
0: [42, 30]
1: [36, 42, 30]
2: [36, 42]
3: [36, 42]
4: [36, 42]
5: [36, 42]
6: [36, 42]
7: [36, 42]
8: [42, 30, 48]
9: []
10: [13, 14, 15, 16, 21, 22, 23, 24, 12]
11: [14, 15, 16, 21, 22, 23, 24, 12]
12: [15, 16, 21, 22, 23, 24, 12]
13: [16, 21, 22, 23, 24, 12]
14: [24, 21, 22, 23, 12]
15: [48, 36, 42]
16: [30, 48]
17: [12, 21, 13, 14, 22, 23, 15, 16, 24]
18: [13, 21]
19: [14, 21]
20: [15, 21]
21: [16, 21]
22: [24, 21, 22, 23, 12]
23: [48, 36]
24: [30, 48]
25: [12, 13, 14, 22, 23, 15, 16, 24]
26: [13, 22]
27: [14, 22]
28: [15, 22]
29: [16, 22]
30: [24, 22, 23, 12]
31: [48, 36]
32: [30, 48]
33: [12, 13, 14, 23, 15, 16, 24]
34: [13, 23]
35: [14, 23]
36: [15, 23]
37: [16, 23]
38: [24, 23, 12]
39: [48, 36]
40: [30, 48]
41: [12, 13, 14, 15, 16, 24]
42: [13, 24]
43: [14, 24]
44: [15, 24]
45: [16, 24]
46: [24, 12]
47: [48, 36]
48: [30, 48]
49: [12, 13, 14, 15, 16]
50: [12, 13, 14, 15, 16]
51: [12, 14, 15, 16]
52: [12, 15, 16]
53: [16, 12]
54: [12]
55: [48, 36]
56: [30, 48]
57: [30, 48, 36]
58: [48, 36]
59: [48, 36]
60: [48, 36]
61: [48, 36]
62: [48, 36]
63: [48, 36]
10
0: [42, 31]
1: [42, 31]
2: [37, 42, 31]
3: [37, 42]
4: [37, 42]
5: [37, 42]
6: [37, 42]
7: [37, 42]
8: [42, 31, 48]
9: [12, 21, 13, 14, 22, 23, 15, 16, 24]
10: []
11: [14, 15, 16, 17, 21, 22, 23, 24, 12]
12: [15, 16, 17, 21, 22, 23, 24, 12]
13: [16, 17, 21, 22, 23, 24, 12]
14: [17, 21, 22, 23, 24, 12]
15: [48, 37, 42]
16: [31, 48]
17: [12, 21, 13, 14, 22, 23, 15, 16, 24]
18: [13, 21, 17]
19: [14, 21]
20: [15, 21]
21: [16, 21]
22: [17, 21, 22, 23, 24, 12]
23: [48, 37]
24: [31, 48]
25: [12, 13, 14, 22, 23, 15, 16, 24]
26: [13, 22, 17]
27: [14, 22]
28: [15, 22]
29: [16, 22]
30: [24, 17, 22, 23, 12]
31: [48, 37]
32: [31, 48]
33: [12, 13, 14, 23, 15, 16, 24]
34: [13, 23, 17]
35: [14, 23]
36: [15, 23]
37: [16, 23]
38: [24, 17, 23, 12]
39: [48, 37]
40: [31, 48]
41: [12, 13, 14, 15, 16, 24]
42: [13, 24, 17]
43: [14, 24]
44: [15, 24]
45: [16, 24]
46: [24, 17, 12]
47: [48, 37]
48: [31, 48]
49: [12, 13, 14, 15, 16]
50: [13, 12, 14, 15, 16, 17]
51: [14, 12, 15, 16, 17]
52: [15, 16, 12, 17]
53: [16, 17, 12]
54: [17, 12]
55: [48, 37]
56: [31, 48]
57: [31, 48]
58: [31, 48, 37]
59: [48, 37]
60: [48, 37]
61: [48, 37]
62: [48, 37]
63: [48, 37]
11
0: [42, 32]
1: [42, 32]
2: [42, 32]
3: [38, 42, 32]
4: [38, 42]
5: [38, 42]
6: [38, 42]
7: [38, 42]
8: [42, 32, 48]
9: [12, 21, 14, 22, 23, 15, 16, 24]
10: [12, 21, 14, 22, 23, 15, 16, 17, 24]
11: []
12: [15, 16, 17, 18, 21, 22, 23, 24, 12]
13: [16, 17, 18, 21, 22, 23, 24, 12]
14: [17, 18, 21, 22, 23, 24, 12]
15: [48, 38, 42]
16: [32, 48]
17: [12, 21, 14, 22, 23, 15, 16, 24]
18: [21, 17]
19: [14, 21, 18]
20: [15, 21]
21: [16, 21]
22: [17, 18, 21, 22, 23, 24, 12]
23: [48, 38]
24: [32, 48]
25: [12, 14, 22, 23, 15, 16, 24]
26: [22, 17]
27: [14, 22, 18]
28: [15, 22]
29: [16, 22]
30: [17, 18, 22, 23, 24, 12]
31: [48, 38]
32: [32, 48]
33: [12, 14, 23, 15, 16, 24]
34: [23, 17]
35: [14, 23, 18]
36: [15, 23]
37: [16, 23]
38: [24, 17, 18, 23, 12]
39: [48, 38]
40: [32, 48]
41: [12, 14, 15, 16, 24]
42: [24, 17]
43: [14, 24, 18]
44: [15, 24]
45: [16, 24]
46: [24, 17, 18, 12]
47: [48, 38]
48: [32, 48]
49: [12, 14, 15, 16]
50: [14, 12, 15, 16, 17]
51: [14, 15, 16, 12, 17, 18]
52: [15, 16, 17, 18, 12]
53: [16, 17, 18, 12]
54: [17, 18, 12]
55: [48, 38]
56: [32, 48]
57: [32, 48]
58: [32, 48]
59: [32, 48, 38]
60: [48, 38]
61: [48, 38]
62: [48, 38]
63: [48, 38]
12
0: [42, 33]
1: [42, 33]
2: [42, 33]
3: [42, 33]
4: [39, 42, 33]
5: [39, 42]
6: [39, 42]
7: [39, 42]
8: [42, 33, 48]
9: [12, 21, 22, 23, 15, 16, 24]
10: [12, 21, 22, 23, 15, 16, 17, 24]
11: [12, 21, 22, 18, 23, 15, 16, 17, 24]
12: []
13: [16, 17, 18, 19, 21, 22, 23, 24, 12]
14: [17, 18, 19, 21, 22, 23, 24, 12]
15: [48, 39, 42]
16: [33, 48]
17: [12, 21, 22, 23, 15, 16, 24]
18: [21, 17]
19: [21, 18]
20: [15, 21, 19]
21: [16, 21]
22: [17, 18, 19, 21, 22, 23, 24, 12]
23: [48, 39]
24: [33, 48]
25: [12, 22, 23, 15, 16, 24]
26: [22, 17]
27: [22, 18]
28: [15, 22, 19]
29: [16, 22]
30: [17, 18, 19, 22, 23, 24, 12]
31: [48, 39]
32: [33, 48]
33: [12, 23, 15, 16, 24]
34: [23, 17]
35: [23, 18]
36: [15, 23, 19]
37: [16, 23]
38: [17, 18, 19, 23, 24, 12]
39: [48, 39]
40: [33, 48]
41: [12, 15, 16, 24]
42: [24, 17]
43: [24, 18]
44: [15, 24, 19]
45: [16, 24]
46: [24, 17, 18, 19, 12]
47: [48, 39]
48: [33, 48]
49: [12, 15, 16]
50: [15, 16, 12, 17]
51: [15, 16, 17, 18, 12]
52: [15, 16, 17, 18, 19, 12]
53: [16, 17, 18, 19, 12]
54: [17, 18, 19, 12]
55: [48, 39]
56: [33, 48]
57: [33, 48]
58: [33, 48]
59: [33, 48]
60: [33, 48, 39]
61: [48, 39]
62: [48, 39]
63: [48, 39]
13
0: [42, 34]
1: [42, 34]
2: [42, 34]
3: [42, 34]
4: [42, 34]
5: [40, 42, 34]
6: [40, 42]
7: [40, 42]
8: [42, 34, 48]
9: [12, 21, 22, 23, 16, 24]
10: [12, 21, 22, 23, 16, 17, 24]
11: [12, 21, 22, 18, 23, 16, 17, 24]
12: [12, 21, 19, 22, 18, 23, 16, 17, 24]
13: []
14: [17, 18, 19, 20, 21, 22, 23, 24, 12]
15: [48, 40, 42]
16: [34, 48]
17: [12, 21, 22, 23, 16, 24]
18: [21, 17]
19: [21, 18]
20: [21, 19]
21: [16, 21, 20]
22: [17, 18, 19, 20, 21, 22, 23, 24, 12]
23: [48, 40]
24: [34, 48]
25: [12, 22, 23, 16, 24]
26: [22, 17]
27: [22, 18]
28: [22, 19]
29: [16, 22, 20]
30: [17, 18, 19, 20, 22, 23, 24, 12]
31: [48, 40]
32: [34, 48]
33: [12, 23, 16, 24]
34: [23, 17]
35: [23, 18]
36: [23, 19]
37: [16, 23, 20]
38: [17, 18, 19, 20, 23, 24, 12]
39: [48, 40]
40: [34, 48]
41: [12, 16, 24]
42: [24, 17]
43: [24, 18]
44: [24, 19]
45: [16, 24, 20]
46: [17, 18, 19, 20, 24, 12]
47: [48, 40]
48: [34, 48]
49: [16, 12]
50: [16, 17, 12]
51: [16, 17, 18, 12]
52: [16, 17, 18, 19, 12]
53: [16, 17, 18, 19, 20, 12]
54: [17, 18, 19, 20, 12]
55: [48, 40]
56: [34, 48]
57: [34, 48]
58: [34, 48]
59: [34, 48]
60: [34, 48]
61: [34, 48, 40]
62: [48, 40]
63: [48, 40]
14
0: [42, 35]
1: [42, 35]
2: [42, 35]
3: [42, 35]
4: [42, 35]
5: [42, 35]
6: [41, 42, 35]
7: [41, 42]
8: [42, 35, 48]
9: [12, 21, 22, 23, 24]
10: [12, 21, 22, 23, 24, 17]
11: [12, 21, 22, 18, 23, 24, 17]
12: [12, 21, 19, 22, 18, 23, 24, 17]
13: [12, 20, 21, 19, 22, 18, 23, 24, 17]
14: []
15: [48, 41, 42]
16: [35, 48]
17: [12, 21, 22, 23, 24]
18: [21, 17]
19: [21, 18]
20: [21, 19]
21: [21, 20]
22: [17, 18, 19, 20, 21, 22, 23, 24, 12]
23: [48, 41]
24: [35, 48]
25: [12, 22, 23, 24]
26: [22, 17]
27: [22, 18]
28: [22, 19]
29: [22, 20]
30: [17, 18, 19, 20, 22, 23, 24, 12]
31: [48, 41]
32: [35, 48]
33: [12, 23, 24]
34: [23, 17]
35: [23, 18]
36: [23, 19]
37: [23, 20]
38: [17, 18, 19, 20, 23, 24, 12]
39: [48, 41]
40: [35, 48]
41: [24, 12]
42: [24, 17]
43: [24, 18]
44: [24, 19]
45: [24, 20]
46: [17, 18, 19, 20, 24, 12]
47: [48, 41]
48: [35, 48]
49: [12]
50: [17, 12]
51: [17, 18, 12]
52: [17, 18, 19, 12]
53: [17, 18, 19, 20, 12]
54: [17, 18, 19, 20, 12]
55: [48, 41]
56: [35, 48]
57: [35, 48]
58: [35, 48]
59: [35, 48]
60: [35, 48]
61: [35, 48]
62: [35, 48, 41]
63: [48, 41]
15
0: [42, 29, 43, 44, 45, 46, 47]
1: [29, 42, 43, 44, 45, 46, 36, 47]
2: [29, 42, 43, 44, 45, 37, 46, 36, 47]
3: [29, 42, 43, 44, 45, 38, 37, 46, 36, 47]
4: [29, 42, 43, 44, 39, 45, 38, 37, 46, 36, 47]
5: [29, 42, 40, 43, 44, 39, 45, 38, 37, 46, 36, 47]
6: [29, 41, 42, 40, 43, 44, 39, 45, 38, 37, 46, 36, 47]
7: [29, 41, 42, 40, 43, 44, 39, 45, 38, 37, 46, 36, 47]
8: [42, 43, 29, 44, 45, 46, 47, 48]
9: [42, 36, 48]
10: [42, 37, 48]
11: [42, 38, 48]
12: [42, 39, 48]
13: [42, 40, 48]
14: [42, 41, 48]
15: []
16: [43, 44, 29, 45, 46, 47, 48]
17: [43, 36]
18: [43, 37]
19: [43, 38]
20: [43, 39]
21: [43, 40]
22: [43, 41]
23: [36, 37, 38, 39, 40, 41, 43, 44, 45, 46, 47, 48, 29]
24: [44, 45, 29, 46, 47, 48]
25: [44, 36]
26: [44, 37]
27: [44, 38]
28: [44, 39]
29: [44, 40]
30: [44, 41]
31: [36, 37, 38, 39, 40, 41, 44, 45, 46, 47, 48, 29]
32: [45, 29, 46, 47, 48]
33: [45, 36]
34: [45, 37]
35: [45, 38]
36: [45, 39]
37: [45, 40]
38: [45, 41]
39: [36, 37, 38, 39, 40, 41, 45, 46, 47, 48, 29]
40: [46, 29, 47, 48]
41: [46, 36]
42: [46, 37]
43: [46, 38]
44: [46, 39]
45: [46, 40]
46: [46, 41]
47: [36, 37, 38, 39, 40, 41, 46, 47, 48, 29]
48: [47, 48, 29]
49: [47, 36]
50: [47, 37]
51: [47, 38]
52: [47, 39]
53: [47, 40]
54: [47, 41]
55: [36, 37, 38, 39, 40, 41, 47, 48, 29]
56: [48, 29]
57: [48, 36, 29]
58: [48, 36, 37, 29]
59: [48, 36, 37, 38, 29]
60: [36, 37, 38, 39, 48, 29]
61: [36, 37, 38, 39, 40, 48, 29]
62: [36, 37, 38, 39, 40, 41, 48, 29]
63: [36, 37, 38, 39, 40, 41, 48, 29]
16
0: [32, 33, 34, 35, 43, 44, 45, 46, 47, 30, 31, 29]
1: [32, 33, 34, 35, 43, 44, 45, 46, 47, 30, 31, 29]
2: [32, 33, 34, 35, 43, 44, 45, 46, 47, 31, 29]
3: [32, 33, 34, 35, 43, 44, 45, 46, 47, 29]
4: [33, 34, 35, 43, 44, 45, 46, 47, 29]
5: [34, 35, 43, 44, 45, 46, 47, 29]
6: [35, 43, 44, 45, 46, 47, 29]
7: [43, 44, 45, 46, 47, 29]
8: [32, 33, 34, 35, 43, 44, 45, 46, 47, 48, 30, 31, 29]
9: [48, 30]
10: [48, 31]
11: [48, 32]
12: [48, 33]
13: [48, 34]
14: [48, 35]
15: [48, 43, 44, 45, 46, 47, 29]
16: []
17: [49, 30, 43]
18: [49, 31, 43]
19: [49, 32, 43]
20: [49, 33, 43]
21: [49, 34, 43]
22: [49, 35, 43]
23: [49, 48, 43, 44, 45, 46, 47, 29]
24: [29, 30, 31, 32, 44, 33, 45, 49, 34, 46, 48, 35, 47]
25: [30, 44]
26: [31, 44]
27: [32, 44]
28: [33, 44]
29: [34, 44]
30: [35, 44]
31: [49, 48, 44, 45, 46, 47, 29]
32: [29, 30, 31, 32, 33, 45, 49, 34, 46, 48, 35, 47]
33: [30, 45]
34: [31, 45]
35: [32, 45]
36: [33, 45]
37: [34, 45]
38: [35, 45]
39: [49, 48, 45, 46, 47, 29]
40: [29, 30, 31, 32, 33, 49, 34, 46, 48, 35, 47]
41: [30, 46]
42: [31, 46]
43: [32, 46]
44: [33, 46]
45: [34, 46]
46: [35, 46]
47: [49, 48, 29, 46, 47]
48: [29, 30, 31, 32, 33, 49, 34, 48, 35, 47]
49: [30, 47]
50: [31, 47]
51: [32, 47]
52: [33, 47]
53: [34, 47]
54: [35, 47]
55: [49, 48, 29, 47]
56: [29, 30, 31, 32, 33, 49, 34, 48, 35]
57: [29, 30, 31, 32, 33, 49, 34, 48, 35]
58: [29, 31, 32, 33, 49, 34, 48, 35]
59: [29, 32, 33, 49, 34, 48, 35]
60: [29, 33, 49, 34, 48, 35]
61: [29, 49, 34, 48, 35]
62: [29, 49, 48, 35]
63: [49, 29, 48]
17
0: [43, 30]
1: [36, 43, 30]
2: [36, 43]
3: [36, 43]
4: [36, 43]
5: [36, 43]
6: [36, 43]
7: [36, 43]
8: [43, 30]
9: [13, 14, 15, 16, 21, 22, 23, 24, 12]
10: [13, 14, 15, 16, 21, 22, 23, 24, 12]
11: [14, 15, 16, 21, 22, 23, 24, 12]
12: [15, 16, 21, 22, 23, 24, 12]
13: [16, 21, 22, 23, 24, 12]
14: [24, 21, 22, 23, 12]
15: [36, 43]
16: [43, 30, 49]
17: []
18: [25, 13, 21]
19: [25, 14, 21]
20: [25, 15, 21]
21: [25, 16, 21]
22: [25, 24, 21, 22, 23, 12]
23: [49, 36, 43]
24: [30, 49]
25: [12, 13, 14, 22, 23, 15, 16, 24, 25]
26: [13, 22]
27: [14, 22]
28: [15, 22]
29: [16, 22]
30: [25, 24, 22, 23, 12]
31: [49, 36]
32: [30, 49]
33: [12, 13, 14, 23, 15, 16, 24, 25]
34: [13, 23]
35: [14, 23]
36: [15, 23]
37: [16, 23]
38: [25, 24, 23, 12]
39: [49, 36]
40: [30, 49]
41: [12, 13, 14, 15, 16, 24, 25]
42: [13, 24]
43: [14, 24]
44: [15, 24]
45: [16, 24]
46: [25, 24, 12]
47: [49, 36]
48: [30, 49]
49: [12, 13, 14, 15, 16, 25]
50: [12, 13, 14, 15, 16, 25]
51: [12, 14, 15, 16, 25]
52: [12, 15, 16, 25]
53: [12, 16, 25]
54: [25, 12]
55: [49, 36]
56: [30, 49]
57: [30, 49, 36]
58: [49, 36]
59: [49, 36]
60: [49, 36]
61: [49, 36]
62: [49, 36]
63: [49, 36]
18
0: [43, 31]
1: [43, 31]
2: [37, 43, 31]
3: [37, 43]
4: [37, 43]
5: [37, 43]
6: [37, 43]
7: [37, 43]
8: [43, 31]
9: [21, 13]
10: [17, 21, 13]
11: [17, 21]
12: [17, 21]
13: [17, 21]
14: [17, 21]
15: [37, 43]
16: [43, 31, 49]
17: [21, 13, 25]
18: []
19: [8, 9, 4, 5, 3]
20: [8, 9, 5, 3]
21: [8, 9, 3]
22: [25, 17, 21]
23: [49, 37, 43]
24: [31, 49]
25: [13, 25]
26: [3, 8, 4, 9, 5]
27: [4, 8]
28: [5, 8]
29: [8, 9, 3]
30: [25, 17]
31: [49, 37]
32: [31, 49]
33: [13, 25]
34: [3, 4, 9, 5]
35: [4, 9]
36: [5, 9]
37: [9, 3]
38: [25, 17]
39: [49, 37]
40: [31, 49]
41: [13, 25]
42: [3, 4, 5]
43: [3, 4, 5]
44: [3, 5]
45: [3]
46: [25, 17]
47: [49, 37]
48: [31, 49]
49: [13, 25]
50: [13, 25, 17]
51: [25, 17]
52: [25, 17]
53: [25, 17]
54: [25, 17]
55: [49, 37]
56: [31, 49]
57: [31, 49]
58: [31, 49, 37]
59: [49, 37]
60: [49, 37]
61: [49, 37]
62: [49, 37]
63: [49, 37]
19
0: [43, 32]
1: [43, 32]
2: [43, 32]
3: [38, 43, 32]
4: [38, 43]
5: [38, 43]
6: [38, 43]
7: [38, 43]
8: [43, 32]
9: [21, 14]
10: [21, 14]
11: [18, 21, 14]
12: [18, 21]
13: [18, 21]
14: [18, 21]
15: [38, 43]
16: [43, 32, 49]
17: [21, 14, 25]
18: [3, 8, 4, 9, 5]
19: []
20: [8, 9, 5, 6, 3]
21: [8, 9, 6, 3]
22: [25, 18, 21]
23: [49, 38, 43]
24: [32, 49]
25: [14, 25]
26: [3, 8, 4, 9, 5]
27: [4, 8, 6]
28: [5, 8]
29: [8, 9, 6, 3]
30: [25, 18]
31: [49, 38]
32: [32, 49]
33: [14, 25]
34: [3, 4, 9, 5]
35: [4, 9, 6]
36: [5, 9]
37: [9, 6, 3]
38: [25, 18]
39: [49, 38]
40: [32, 49]
41: [14, 25]
42: [3, 4, 5]
43: [4, 3, 5, 6]
44: [5, 3, 6]
45: [6, 3]
46: [25, 18]
47: [49, 38]
48: [32, 49]
49: [14, 25]
50: [14, 25]
51: [14, 25, 18]
52: [25, 18]
53: [25, 18]
54: [25, 18]
55: [49, 38]
56: [32, 49]
57: [32, 49]
58: [32, 49]
59: [32, 49, 38]
60: [49, 38]
61: [49, 38]
62: [49, 38]
63: [49, 38]
20
0: [43, 33]
1: [43, 33]
2: [43, 33]
3: [43, 33]
4: [39, 43, 33]
5: [39, 43]
6: [39, 43]
7: [39, 43]
8: [43, 33]
9: [21, 15]
10: [21, 15]
11: [21, 15]
12: [19, 21, 15]
13: [19, 21]
14: [19, 21]
15: [39, 43]
16: [43, 33, 49]
17: [21, 15, 25]
18: [3, 8, 9, 5]
19: [3, 8, 9, 5, 6]
20: []
21: [8, 9, 6, 7, 3]
22: [25, 19, 21]
23: [49, 39, 43]
24: [33, 49]
25: [15, 25]
26: [3, 8, 9, 5]
27: [8, 6]
28: [5, 8, 7]
29: [8, 9, 6, 7, 3]
30: [25, 19]
31: [49, 39]
32: [33, 49]
33: [15, 25]
34: [3, 9, 5]
35: [9, 6]
36: [5, 9, 7]
37: [9, 6, 7, 3]
38: [25, 19]
39: [49, 39]
40: [33, 49]
41: [15, 25]
42: [3, 5]
43: [5, 3, 6]
44: [5, 6, 7, 3]
45: [6, 7, 3]
46: [25, 19]
47: [49, 39]
48: [33, 49]
49: [15, 25]
50: [15, 25]
51: [15, 25]
52: [15, 25, 19]
53: [25, 19]
54: [25, 19]
55: [49, 39]
56: [33, 49]
57: [33, 49]
58: [33, 49]
59: [33, 49]
60: [33, 49, 39]
61: [49, 39]
62: [49, 39]
63: [49, 39]
21
0: [43, 34]
1: [43, 34]
2: [43, 34]
3: [43, 34]
4: [43, 34]
5: [40, 43, 34]
6: [40, 43]
7: [40, 43]
8: [43, 34]
9: [21, 16]
10: [21, 16]
11: [21, 16]
12: [21, 16]
13: [20, 21, 16]
14: [20, 21]
15: [40, 43]
16: [43, 34, 49]
17: [21, 16, 25]
18: [3, 8, 9]
19: [3, 8, 9, 6]
20: [3, 8, 7, 9, 6]
21: []
22: [25, 20, 21]
23: [49, 40, 43]
24: [34, 49]
25: [16, 25]
26: [8, 3, 9]
27: [8, 6]
28: [8, 7]
29: [8, 9, 6, 7, 3]
30: [25, 20]
31: [49, 40]
32: [34, 49]
33: [16, 25]
34: [9, 3]
35: [9, 6]
36: [9, 7]
37: [9, 6, 7, 3]
38: [25, 20]
39: [49, 40]
40: [34, 49]
41: [16, 25]
42: [3]
43: [6, 3]
44: [6, 7, 3]
45: [6, 7, 3]
46: [25, 20]
47: [49, 40]
48: [34, 49]
49: [16, 25]
50: [16, 25]
51: [16, 25]
52: [16, 25]
53: [16, 25, 20]
54: [25, 20]
55: [49, 40]
56: [34, 49]
57: [34, 49]
58: [34, 49]
59: [34, 49]
60: [34, 49]
61: [34, 49, 40]
62: [49, 40]
63: [49, 40]
22
0: [43, 35]
1: [43, 35]
2: [43, 35]
3: [43, 35]
4: [43, 35]
5: [43, 35]
6: [41, 43, 35]
7: [41, 43]
8: [43, 35]
9: [12, 21, 22, 23, 24]
10: [12, 21, 22, 23, 24, 17]
11: [12, 21, 22, 18, 23, 24, 17]
12: [12, 21, 19, 22, 18, 23, 24, 17]
13: [12, 20, 21, 19, 22, 18, 23, 24, 17]
14: [12, 20, 21, 19, 22, 18, 23, 24, 17]
15: [41, 43]
16: [43, 35, 49]
17: [21, 12, 22, 23, 24, 25]
18: [21, 17, 25]
19: [21, 18, 25]
20: [21, 19, 25]
21: [21, 20, 25]
22: []
23: [49, 41, 43]
24: [35, 49]
25: [22, 12, 23, 24, 25]
26: [22, 17]
27: [22, 18]
28: [22, 19]
29: [22, 20]
30: [17, 18, 19, 20, 22, 23, 24, 25, 12]
31: [49, 41]
32: [35, 49]
33: [23, 24, 12, 25]
34: [23, 17]
35: [23, 18]
36: [23, 19]
37: [23, 20]
38: [17, 18, 19, 20, 23, 24, 25, 12]
39: [49, 41]
40: [35, 49]
41: [24, 25, 12]
42: [24, 17]
43: [24, 18]
44: [24, 19]
45: [24, 20]
46: [17, 18, 19, 20, 24, 25, 12]
47: [49, 41]
48: [35, 49]
49: [25, 12]
50: [17, 25, 12]
51: [17, 18, 25, 12]
52: [17, 18, 19, 25, 12]
53: [17, 18, 19, 20, 25, 12]
54: [17, 18, 19, 20, 25, 12]
55: [49, 41]
56: [35, 49]
57: [35, 49]
58: [35, 49]
59: [35, 49]
60: [35, 49]
61: [35, 49]
62: [35, 49, 41]
63: [49, 41]
23
0: [43, 29, 44, 45, 46, 47]
1: [29, 43, 44, 45, 46, 36, 47]
2: [29, 43, 44, 45, 37, 46, 36, 47]
3: [29, 43, 44, 45, 38, 37, 46, 36, 47]
4: [29, 43, 44, 39, 45, 38, 37, 46, 36, 47]
5: [29, 40, 43, 44, 39, 45, 38, 37, 46, 36, 47]
6: [29, 41, 40, 43, 44, 39, 45, 38, 37, 46, 36, 47]
7: [29, 41, 40, 43, 44, 39, 45, 38, 37, 46, 36, 47]
8: [43, 44, 29, 45, 46, 47, 48]
9: [36, 48]
10: [37, 48]
11: [38, 48]
12: [39, 48]
13: [40, 48]
14: [41, 48]
15: [29, 41, 40, 43, 44, 39, 45, 38, 37, 46, 48, 36, 47]
16: [43, 44, 45, 29, 46, 47, 48, 49]
17: [43, 36, 49]
18: [43, 37, 49]
19: [43, 38, 49]
20: [43, 39, 49]
21: [43, 40, 49]
22: [43, 41, 49]
23: []
24: [44, 45, 29, 46, 47, 48, 49]
25: [44, 36]
26: [44, 37]
27: [44, 38]
28: [44, 39]
29: [44, 40]
30: [44, 41]
31: [36, 37, 38, 39, 40, 41, 44, 45, 46, 47, 48, 49, 29]
32: [45, 46, 29, 47, 48, 49]
33: [45, 36]
34: [45, 37]
35: [45, 38]
36: [45, 39]
37: [45, 40]
38: [45, 41]
39: [36, 37, 38, 39, 40, 41, 45, 46, 47, 48, 49, 29]
40: [46, 47, 48, 49, 29]
41: [46, 36]
42: [46, 37]
43: [46, 38]
44: [46, 39]
45: [46, 40]
46: [46, 41]
47: [36, 37, 38, 39, 40, 41, 46, 47, 48, 49, 29]
48: [47, 48, 49, 29]
49: [47, 36]
50: [47, 37]
51: [47, 38]
52: [47, 39]
53: [47, 40]
54: [47, 41]
55: [36, 37, 38, 39, 40, 41, 47, 48, 49, 29]
56: [48, 49, 29]
57: [48, 49, 36, 29]
58: [48, 49, 36, 37, 29]
59: [36, 37, 38, 48, 49, 29]
60: [36, 37, 38, 39, 48, 49, 29]
61: [36, 37, 38, 39, 40, 48, 49, 29]
62: [36, 37, 38, 39, 40, 41, 48, 49, 29]
63: [36, 37, 38, 39, 40, 41, 48, 49, 29]
24
0: [32, 33, 34, 35, 44, 45, 46, 47, 30, 31, 29]
1: [32, 33, 34, 35, 44, 45, 46, 47, 30, 31, 29]
2: [32, 33, 34, 35, 44, 45, 46, 47, 31, 29]
3: [32, 33, 34, 35, 44, 45, 46, 47, 29]
4: [33, 34, 35, 44, 45, 46, 47, 29]
5: [34, 35, 44, 45, 46, 47, 29]
6: [35, 44, 45, 46, 47, 29]
7: [44, 45, 46, 47, 29]
8: [32, 33, 34, 35, 44, 45, 46, 47, 48, 30, 31, 29]
9: [48, 30]
10: [48, 31]
11: [48, 32]
12: [48, 33]
13: [48, 34]
14: [48, 35]
15: [48, 44, 45, 46, 47, 29]
16: [32, 33, 34, 35, 44, 45, 46, 47, 48, 49, 30, 31, 29]
17: [49, 30]
18: [49, 31]
19: [49, 32]
20: [49, 33]
21: [49, 34]
22: [49, 35]
23: [49, 48, 44, 45, 46, 47, 29]
24: []
25: [50, 30, 44]
26: [50, 31, 44]
27: [50, 32, 44]
28: [50, 33, 44]
29: [50, 34, 44]
30: [50, 35, 44]
31: [50, 49, 48, 44, 45, 46, 47, 29]
32: [29, 30, 31, 32, 33, 50, 45, 49, 34, 46, 48, 35, 47]
33: [30, 45]
34: [31, 45]
35: [32, 45]
36: [33, 45]
37: [34, 45]
38: [35, 45]
39: [50, 49, 48, 45, 29, 46, 47]
40: [29, 30, 31, 32, 33, 50, 49, 34, 46, 48, 35, 47]
41: [30, 46]
42: [31, 46]
43: [32, 46]
44: [33, 46]
45: [34, 46]
46: [35, 46]
47: [50, 49, 48, 29, 46, 47]
48: [29, 30, 31, 32, 33, 50, 49, 34, 48, 35, 47]
49: [30, 47]
50: [31, 47]
51: [32, 47]
52: [33, 47]
53: [34, 47]
54: [35, 47]
55: [50, 49, 29, 48, 47]
56: [29, 30, 31, 32, 33, 50, 49, 34, 48, 35]
57: [29, 30, 31, 32, 33, 50, 49, 34, 48, 35]
58: [29, 31, 32, 33, 50, 49, 34, 48, 35]
59: [29, 32, 33, 50, 49, 34, 48, 35]
60: [29, 33, 50, 49, 34, 48, 35]
61: [29, 50, 49, 34, 48, 35]
62: [29, 50, 49, 48, 35]
63: [50, 29, 49, 48]
25
0: [44, 30]
1: [36, 44, 30]
2: [36, 44]
3: [36, 44]
4: [36, 44]
5: [36, 44]
6: [36, 44]
7: [36, 44]
8: [44, 30]
9: [13, 14, 15, 16, 22, 23, 24, 12]
10: [13, 14, 15, 16, 22, 23, 24, 12]
11: [14, 15, 16, 22, 23, 24, 12]
12: [15, 16, 22, 23, 24, 12]
13: [16, 24, 22, 23, 12]
14: [24, 22, 23, 12]
15: [36, 44]
16: [44, 30]
17: [13, 14, 15, 16, 22, 23, 24, 25, 12]
18: [25, 13]
19: [25, 14]
20: [25, 15]
21: [25, 16]
22: [25, 24, 22, 23, 12]
23: [36, 44]
24: [44, 30, 50]
25: []
26: [26, 13, 22]
27: [26, 14, 22]
28: [26, 15, 22]
29: [26, 16, 22]
30: [26, 25, 24, 22, 23, 12]
31: [50, 36, 44]
32: [30, 50]
33: [12, 13, 14, 26, 23, 15, 16, 24, 25]
34: [13, 23]
35: [14, 23]
36: [15, 23]
37: [16, 23]
38: [26, 25, 24, 12, 23]
39: [50, 36]
40: [30, 50]
41: [12, 13, 14, 26, 15, 16, 24, 25]
42: [13, 24]
43: [14, 24]
44: [15, 24]
45: [16, 24]
46: [26, 25, 12, 24]
47: [50, 36]
48: [30, 50]
49: [12, 13, 14, 26, 15, 16, 25]
50: [12, 13, 14, 26, 15, 16, 25]
51: [12, 14, 26, 15, 16, 25]
52: [12, 26, 15, 16, 25]
53: [12, 26, 16, 25]
54: [26, 12, 25]
55: [50, 36]
56: [30, 50]
57: [30, 50, 36]
58: [50, 36]
59: [50, 36]
60: [50, 36]
61: [50, 36]
62: [50, 36]
63: [50, 36]
26
0: [44, 31]
1: [44, 31]
2: [37, 44, 31]
3: [37, 44]
4: [37, 44]
5: [37, 44]
6: [37, 44]
7: [37, 44]
8: [44, 31]
9: [22, 13]
10: [17, 22, 13]
11: [17, 22]
12: [17, 22]
13: [17, 22]
14: [17, 22]
15: [37, 44]
16: [44, 31]
17: [22, 13]
18: [8, 9, 4, 5, 3]
19: [8, 9, 4, 5, 3]
20: [8, 9, 5, 3]
21: [8, 9, 3]
22: [17, 22]
23: [37, 44]
24: [44, 31, 50]
25: [22, 13, 26]
26: []
27: [10, 4, 8]
28: [10, 5, 8]
29: [10, 8, 9, 3]
30: [26, 17, 22]
31: [50, 37, 44]
32: [31, 50]
33: [13, 26]
34: [3, 4, 9, 10, 5]
35: [4, 9]
36: [5, 9]
37: [10, 9, 3]
38: [26, 17]
39: [50, 37]
40: [31, 50]
41: [13, 26]
42: [3, 4, 10, 5]
43: [3, 4, 10, 5]
44: [3, 10, 5]
45: [10, 3]
46: [26, 17]
47: [50, 37]
48: [31, 50]
49: [13, 26]
50: [13, 26, 17]
51: [26, 17]
52: [26, 17]
53: [26, 17]
54: [26, 17]
55: [50, 37]
56: [31, 50]
57: [31, 50]
58: [31, 50, 37]
59: [50, 37]
60: [50, 37]
61: [50, 37]
62: [50, 37]
63: [50, 37]
27
0: [44, 32]
1: [44, 32]
2: [44, 32]
3: [38, 44, 32]
4: [38, 44]
5: [38, 44]
6: [38, 44]
7: [38, 44]
8: [44, 32]
9: [22, 14]
10: [22, 14]
11: [18, 22, 14]
12: [18, 22]
13: [18, 22]
14: [18, 22]
15: [38, 44]
16: [44, 32]
17: [22, 14]
18: [8, 4]
19: [6, 8, 4]
20: [6, 8]
21: [6, 8]
22: [18, 22]
23: [38, 44]
24: [44, 32, 50]
25: [22, 14, 26]
26: [8, 4, 10]
27: []
28: [1, 2]
29: [10, 6, 8]
30: [26, 18, 22]
31: [50, 38, 44]
32: [32, 50]
33: [14, 26]
34: [4, 10]
35: [2, 1]
36: [1, 2]
37: [10, 6]
38: [26, 18]
39: [50, 38]
40: [32, 50]
41: [14, 26]
42: [4, 10]
43: [4, 10, 6]
44: [10, 6]
45: [10, 6]
46: [26, 18]
47: [50, 38]
48: [32, 50]
49: [14, 26]
50: [14, 26]
51: [14, 26, 18]
52: [26, 18]
53: [26, 18]
54: [26, 18]
55: [50, 38]
56: [32, 50]
57: [32, 50]
58: [32, 50]
59: [32, 50, 38]
60: [50, 38]
61: [50, 38]
62: [50, 38]
63: [50, 38]
28
0: [44, 33]
1: [44, 33]
2: [44, 33]
3: [44, 33]
4: [39, 44, 33]
5: [39, 44]
6: [39, 44]
7: [39, 44]
8: [44, 33]
9: [22, 15]
10: [22, 15]
11: [22, 15]
12: [19, 22, 15]
13: [19, 22]
14: [19, 22]
15: [39, 44]
16: [44, 33]
17: [22, 15]
18: [8, 5]
19: [8, 5]
20: [7, 8, 5]
21: [7, 8]
22: [19, 22]
23: [39, 44]
24: [44, 33, 50]
25: [22, 15, 26]
26: [8, 5, 10]
27: [2, 1]
28: []
29: [10, 7, 8]
30: [26, 19, 22]
31: [50, 39, 44]
32: [33, 50]
33: [15, 26]
34: [5, 10]
35: [1, 2]
36: [1, 2]
37: [10, 7]
38: [26, 19]
39: [50, 39]
40: [33, 50]
41: [15, 26]
42: [5, 10]
43: [5, 10]
44: [5, 10, 7]
45: [10, 7]
46: [26, 19]
47: [50, 39]
48: [33, 50]
49: [15, 26]
50: [15, 26]
51: [15, 26]
52: [15, 26, 19]
53: [26, 19]
54: [26, 19]
55: [50, 39]
56: [33, 50]
57: [33, 50]
58: [33, 50]
59: [33, 50]
60: [33, 50, 39]
61: [50, 39]
62: [50, 39]
63: [50, 39]
29
0: [44, 34]
1: [44, 34]
2: [44, 34]
3: [44, 34]
4: [44, 34]
5: [40, 44, 34]
6: [40, 44]
7: [40, 44]
8: [44, 34]
9: [22, 16]
10: [22, 16]
11: [22, 16]
12: [22, 16]
13: [20, 22, 16]
14: [20, 22]
15: [40, 44]
16: [44, 34]
17: [22, 16]
18: [8, 3, 9]
19: [3, 8, 9, 6]
20: [3, 8, 7, 9, 6]
21: [3, 8, 7, 9, 6]
22: [20, 22]
23: [40, 44]
24: [44, 34, 50]
25: [22, 16, 26]
26: [8, 9, 3, 10]
27: [8, 6, 10]
28: [8, 7, 10]
29: []
30: [26, 20, 22]
31: [50, 40, 44]
32: [34, 50]
33: [16, 26]
34: [9, 10, 3]
35: [9, 6]
36: [9, 7]
37: [9, 10, 6, 7, 3]
38: [26, 20]
39: [50, 40]
40: [34, 50]
41: [16, 26]
42: [10, 3]
43: [10, 6, 3]
44: [10, 6, 7, 3]
45: [10, 6, 7, 3]
46: [26, 20]
47: [50, 40]
48: [34, 50]
49: [16, 26]
50: [16, 26]
51: [16, 26]
52: [16, 26]
53: [16, 26, 20]
54: [26, 20]
55: [50, 40]
56: [34, 50]
57: [34, 50]
58: [34, 50]
59: [34, 50]
60: [34, 50]
61: [34, 50, 40]
62: [50, 40]
63: [50, 40]
30
0: [44, 35]
1: [44, 35]
2: [44, 35]
3: [44, 35]
4: [44, 35]
5: [44, 35]
6: [41, 44, 35]
7: [41, 44]
8: [44, 35]
9: [12, 22, 23, 24]
10: [12, 22, 23, 24, 17]
11: [12, 22, 18, 23, 24, 17]
12: [12, 19, 22, 18, 23, 24, 17]
13: [12, 20, 19, 22, 18, 23, 24, 17]
14: [12, 20, 19, 22, 18, 23, 24, 17]
15: [41, 44]
16: [44, 35]
17: [22, 12, 23, 24, 25]
18: [17, 25]
19: [18, 25]
20: [19, 25]
21: [20, 25]
22: [12, 20, 19, 22, 18, 23, 24, 17, 25]
23: [41, 44]
24: [44, 35, 50]
25: [22, 23, 24, 12, 25, 26]
26: [22, 17, 26]
27: [22, 18, 26]
28: [22, 19, 26]
29: [22, 20, 26]
30: []
31: [50, 41, 44]
32: [35, 50]
33: [23, 24, 25, 26, 12]
34: [23, 17]
35: [23, 18]
36: [23, 19]
37: [23, 20]
38: [17, 18, 19, 20, 23, 24, 25, 26, 12]
39: [50, 41]
40: [35, 50]
41: [24, 25, 26, 12]
42: [24, 17]
43: [24, 18]
44: [24, 19]
45: [24, 20]
46: [17, 18, 19, 20, 24, 25, 26, 12]
47: [50, 41]
48: [35, 50]
49: [25, 26, 12]
50: [17, 26, 25, 12]
51: [17, 18, 26, 25, 12]
52: [17, 18, 19, 25, 26, 12]
53: [17, 18, 19, 20, 25, 26, 12]
54: [17, 18, 19, 20, 25, 26, 12]
55: [50, 41]
56: [35, 50]
57: [35, 50]
58: [35, 50]
59: [35, 50]
60: [35, 50]
61: [35, 50]
62: [35, 50, 41]
63: [50, 41]
31
0: [44, 29, 45, 46, 47]
1: [29, 44, 45, 46, 36, 47]
2: [29, 44, 45, 37, 46, 36, 47]
3: [29, 44, 45, 38, 37, 46, 36, 47]
4: [29, 44, 39, 45, 38, 37, 46, 36, 47]
5: [29, 40, 44, 39, 45, 38, 37, 46, 36, 47]
6: [29, 41, 40, 44, 39, 45, 38, 37, 46, 36, 47]
7: [29, 41, 40, 44, 39, 45, 38, 37, 46, 36, 47]
8: [44, 45, 29, 46, 47, 48]
9: [36, 48]
10: [37, 48]
11: [38, 48]
12: [39, 48]
13: [40, 48]
14: [41, 48]
15: [29, 41, 40, 44, 39, 45, 38, 37, 46, 48, 36, 47]
16: [44, 45, 29, 46, 47, 48, 49]
17: [36, 49]
18: [37, 49]
19: [38, 49]
20: [39, 49]
21: [40, 49]
22: [41, 49]
23: [29, 41, 40, 44, 39, 45, 38, 49, 37, 46, 48, 36, 47]
24: [44, 45, 46, 29, 47, 48, 49, 50]
25: [44, 36, 50]
26: [44, 37, 50]
27: [44, 38, 50]
28: [44, 39, 50]
29: [44, 40, 50]
30: [44, 41, 50]
31: []
32: [45, 46, 47, 48, 49, 50, 29]
33: [45, 36]
34: [45, 37]
35: [45, 38]
36: [45, 39]
37: [45, 40]
38: [45, 41]
39: [36, 37, 38, 39, 40, 41, 45, 46, 47, 48, 49, 50, 29]
40: [46, 47, 48, 49, 50, 29]
41: [46, 36]
42: [46, 37]
43: [46, 38]
44: [46, 39]
45: [46, 40]
46: [46, 41]
47: [36, 37, 38, 39, 40, 41, 46, 47, 48, 49, 50, 29]
48: [47, 48, 49, 50, 29]
49: [47, 36]
50: [47, 37]
51: [47, 38]
52: [47, 39]
53: [47, 40]
54: [47, 41]
55: [36, 37, 38, 39, 40, 41, 47, 48, 49, 50, 29]
56: [48, 49, 50, 29]
57: [48, 49, 50, 36, 29]
58: [36, 37, 48, 49, 50, 29]
59: [36, 37, 38, 48, 49, 50, 29]
60: [36, 37, 38, 39, 48, 49, 50, 29]
61: [36, 37, 38, 39, 40, 48, 49, 50, 29]
62: [36, 37, 38, 39, 40, 41, 48, 49, 50, 29]
63: [36, 37, 38, 39, 40, 41, 48, 49, 50, 29]
32
0: [32, 33, 34, 35, 45, 46, 47, 30, 31, 29]
1: [32, 33, 34, 35, 45, 46, 47, 30, 31, 29]
2: [32, 33, 34, 35, 45, 46, 47, 31, 29]
3: [32, 33, 34, 35, 45, 46, 47, 29]
4: [33, 34, 35, 45, 46, 47, 29]
5: [34, 35, 45, 46, 47, 29]
6: [35, 45, 46, 47, 29]
7: [45, 46, 47, 29]
8: [32, 33, 34, 35, 45, 46, 47, 48, 30, 31, 29]
9: [48, 30]
10: [48, 31]
11: [48, 32]
12: [48, 33]
13: [48, 34]
14: [48, 35]
15: [48, 45, 46, 47, 29]
16: [32, 33, 34, 35, 45, 46, 47, 48, 49, 30, 31, 29]
17: [49, 30]
18: [49, 31]
19: [49, 32]
20: [49, 33]
21: [49, 34]
22: [49, 35]
23: [49, 48, 45, 46, 47, 29]
24: [32, 33, 34, 35, 45, 46, 47, 48, 49, 50, 30, 31, 29]
25: [50, 30]
26: [50, 31]
27: [50, 32]
28: [50, 33]
29: [50, 34]
30: [50, 35]
31: [50, 49, 48, 45, 29, 46, 47]
32: []
33: [51, 30, 45]
34: [51, 31, 45]
35: [51, 32, 45]
36: [51, 33, 45]
37: [51, 34, 45]
38: [51, 35, 45]
39: [51, 50, 49, 48, 29, 45, 46, 47]
40: [29, 30, 31, 32, 51, 33, 50, 49, 34, 46, 48, 35, 47]
41: [30, 46]
42: [31, 46]
43: [32, 46]
44: [33, 46]
45: [34, 46]
46: [35, 46]
47: [51, 50, 49, 29, 48, 46, 47]
48: [29, 30, 31, 32, 51, 33, 50, 49, 34, 48, 35, 47]
49: [30, 47]
50: [31, 47]
51: [32, 47]
52: [33, 47]
53: [34, 47]
54: [35, 47]
55: [51, 50, 29, 49, 48, 47]
56: [29, 30, 31, 32, 51, 33, 50, 49, 34, 48, 35]
57: [29, 30, 31, 32, 51, 33, 50, 49, 34, 48, 35]
58: [29, 31, 32, 51, 33, 50, 49, 34, 48, 35]
59: [29, 32, 51, 33, 50, 49, 34, 48, 35]
60: [29, 51, 33, 50, 49, 34, 48, 35]
61: [29, 51, 50, 49, 34, 48, 35]
62: [29, 51, 50, 49, 48, 35]
63: [51, 29, 50, 49, 48]
33
0: [45, 30]
1: [36, 45, 30]
2: [36, 45]
3: [36, 45]
4: [36, 45]
5: [36, 45]
6: [36, 45]
7: [36, 45]
8: [45, 30]
9: [13, 14, 15, 16, 23, 24, 12]
10: [13, 14, 15, 16, 23, 24, 12]
11: [14, 15, 16, 23, 24, 12]
12: [16, 24, 23, 15, 12]
13: [16, 24, 23, 12]
14: [24, 23, 12]
15: [36, 45]
16: [45, 30]
17: [13, 14, 15, 16, 23, 24, 25, 12]
18: [25, 13]
19: [25, 14]
20: [25, 15]
21: [25, 16]
22: [25, 24, 23, 12]
23: [36, 45]
24: [45, 30]
25: [13, 14, 15, 16, 23, 24, 25, 26, 12]
26: [26, 13]
27: [26, 14]
28: [26, 15]
29: [26, 16]
30: [26, 25, 24, 12, 23]
31: [36, 45]
32: [45, 30, 51]
33: []
34: [27, 13, 23]
35: [27, 14, 23]
36: [27, 15, 23]
37: [27, 16, 23]
38: [27, 26, 25, 12, 24, 23]
39: [51, 36, 45]
40: [30, 51]
41: [12, 13, 27, 14, 26, 15, 16, 24, 25]
42: [13, 24]
43: [14, 24]
44: [15, 24]
45: [16, 24]
46: [27, 26, 12, 25, 24]
47: [51, 36]
48: [30, 51]
49: [12, 13, 27, 14, 26, 15, 16, 25]
50: [12, 13, 27, 14, 26, 15, 16, 25]
51: [12, 27, 14, 26, 15, 16, 25]
52: [12, 27, 26, 15, 16, 25]
53: [12, 27, 26, 16, 25]
54: [27, 12, 26, 25]
55: [51, 36]
56: [30, 51]
57: [30, 51, 36]
58: [51, 36]
59: [51, 36]
60: [51, 36]
61: [51, 36]
62: [51, 36]
63: [51, 36]
34
0: [45, 31]
1: [45, 31]
2: [37, 45, 31]
3: [37, 45]
4: [37, 45]
5: [37, 45]
6: [37, 45]
7: [37, 45]
8: [45, 31]
9: [23, 13]
10: [17, 23, 13]
11: [17, 23]
12: [17, 23]
13: [17, 23]
14: [17, 23]
15: [37, 45]
16: [45, 31]
17: [23, 13]
18: [9, 4, 5, 3]
19: [9, 4, 5, 3]
20: [9, 5, 3]
21: [9, 3]
22: [17, 23]
23: [37, 45]
24: [45, 31]
25: [23, 13]
26: [9, 10, 4, 5, 3]
27: [10, 4]
28: [10, 5]
29: [10, 9, 3]
30: [17, 23]
31: [37, 45]
32: [45, 31, 51]
33: [23, 13, 27]
34: []
35: [11, 4, 9]
36: [11, 5, 9]
37: [11, 10, 3, 9]
38: [27, 17, 23]
39: [51, 37, 45]
40: [31, 51]
41: [13, 27]
42: [3, 11, 4, 10, 5]
43: [3, 11, 4, 10, 5]
44: [3, 11, 10, 5]
45: [11, 3, 10]
46: [27, 17]
47: [51, 37]
48: [31, 51]
49: [13, 27]
50: [13, 27, 17]
51: [27, 17]
52: [27, 17]
53: [27, 17]
54: [27, 17]
55: [51, 37]
56: [31, 51]
57: [31, 51]
58: [31, 51, 37]
59: [51, 37]
60: [51, 37]
61: [51, 37]
62: [51, 37]
63: [51, 37]
35
0: [45, 32]
1: [45, 32]
2: [45, 32]
3: [38, 45, 32]
4: [38, 45]
5: [38, 45]
6: [38, 45]
7: [38, 45]
8: [45, 32]
9: [23, 14]
10: [23, 14]
11: [18, 23, 14]
12: [18, 23]
13: [18, 23]
14: [18, 23]
15: [38, 45]
16: [45, 32]
17: [23, 14]
18: [9, 4]
19: [6, 9, 4]
20: [6, 9]
21: [6, 9]
22: [18, 23]
23: [38, 45]
24: [45, 32]
25: [23, 14]
26: [9, 4]
27: [1, 2]
28: [1, 2]
29: [6, 9]
30: [18, 23]
31: [38, 45]
32: [45, 32, 51]
33: [23, 14, 27]
34: [9, 4, 11]
35: []
36: [2, 1]
37: [11, 6, 9]
38: [27, 18, 23]
39: [51, 38, 45]
40: [32, 51]
41: [14, 27]
42: [4, 11]
43: [4, 11, 6]
44: [11, 6]
45: [11, 6]
46: [27, 18]
47: [51, 38]
48: [32, 51]
49: [14, 27]
50: [14, 27]
51: [14, 27, 18]
52: [27, 18]
53: [27, 18]
54: [27, 18]
55: [51, 38]
56: [32, 51]
57: [32, 51]
58: [32, 51]
59: [32, 51, 38]
60: [51, 38]
61: [51, 38]
62: [51, 38]
63: [51, 38]
36
0: [45, 33]
1: [45, 33]
2: [45, 33]
3: [45, 33]
4: [39, 45, 33]
5: [39, 45]
6: [39, 45]
7: [39, 45]
8: [45, 33]
9: [23, 15]
10: [23, 15]
11: [23, 15]
12: [19, 23, 15]
13: [19, 23]
14: [19, 23]
15: [39, 45]
16: [45, 33]
17: [23, 15]
18: [9, 5]
19: [9, 5]
20: [7, 9, 5]
21: [7, 9]
22: [19, 23]
23: [39, 45]
24: [45, 33]
25: [23, 15]
26: [9, 5]
27: [1, 2]
28: [2, 1]
29: [7, 9]
30: [19, 23]
31: [39, 45]
32: [45, 33, 51]
33: [23, 15, 27]
34: [9, 5, 11]
35: [1, 2]
36: []
37: [11, 7, 9]
38: [27, 19, 23]
39: [51, 39, 45]
40: [33, 51]
41: [15, 27]
42: [5, 11]
43: [5, 11]
44: [5, 11, 7]
45: [11, 7]
46: [27, 19]
47: [51, 39]
48: [33, 51]
49: [15, 27]
50: [15, 27]
51: [15, 27]
52: [15, 27, 19]
53: [27, 19]
54: [27, 19]
55: [51, 39]
56: [33, 51]
57: [33, 51]
58: [33, 51]
59: [33, 51]
60: [33, 51, 39]
61: [51, 39]
62: [51, 39]
63: [51, 39]
37
0: [45, 34]
1: [45, 34]
2: [45, 34]
3: [45, 34]
4: [45, 34]
5: [40, 45, 34]
6: [40, 45]
7: [40, 45]
8: [45, 34]
9: [23, 16]
10: [23, 16]
11: [23, 16]
12: [23, 16]
13: [20, 23, 16]
14: [20, 23]
15: [40, 45]
16: [45, 34]
17: [23, 16]
18: [9, 3]
19: [3, 9, 6]
20: [3, 7, 9, 6]
21: [3, 7, 9, 6]
22: [20, 23]
23: [40, 45]
24: [45, 34]
25: [23, 16]
26: [9, 10, 3]
27: [6, 10]
28: [7, 10]
29: [3, 7, 9, 10, 6]
30: [20, 23]
31: [40, 45]
32: [45, 34, 51]
33: [23, 16, 27]
34: [9, 10, 11, 3]
35: [9, 6, 11]
36: [9, 7, 11]
37: []
38: [27, 20, 23]
39: [51, 40, 45]
40: [34, 51]
41: [16, 27]
42: [10, 11, 3]
43: [10, 11, 6, 3]
44: [10, 11, 6, 7, 3]
45: [10, 11, 6, 7, 3]
46: [27, 20]
47: [51, 40]
48: [34, 51]
49: [16, 27]
50: [16, 27]
51: [16, 27]
52: [16, 27]
53: [16, 27, 20]
54: [27, 20]
55: [51, 40]
56: [34, 51]
57: [34, 51]
58: [34, 51]
59: [34, 51]
60: [34, 51]
61: [34, 51, 40]
62: [51, 40]
63: [51, 40]
38
0: [45, 35]
1: [45, 35]
2: [45, 35]
3: [45, 35]
4: [45, 35]
5: [45, 35]
6: [41, 45, 35]
7: [41, 45]
8: [45, 35]
9: [12, 23, 24]
10: [12, 23, 24, 17]
11: [12, 18, 23, 24, 17]
12: [12, 19, 18, 23, 24, 17]
13: [12, 20, 19, 18, 23, 24, 17]
14: [12, 20, 19, 18, 23, 24, 17]
15: [41, 45]
16: [45, 35]
17: [23, 24, 12, 25]
18: [17, 25]
19: [18, 25]
20: [19, 25]
21: [20, 25]
22: [12, 20, 19, 18, 23, 24, 17, 25]
23: [41, 45]
24: [45, 35]
25: [23, 24, 25, 26, 12]
26: [17, 26]
27: [18, 26]
28: [19, 26]
29: [20, 26]
30: [12, 20, 19, 18, 26, 23, 24, 17, 25]
31: [41, 45]
32: [45, 35, 51]
33: [23, 24, 25, 26, 27, 12]
34: [23, 17, 27]
35: [23, 18, 27]
36: [23, 19, 27]
37: [23, 20, 27]
38: []
39: [51, 41, 45]
40: [35, 51]
41: [24, 25, 26, 27, 12]
42: [24, 17]
43: [24, 18]
44: [24, 19]
45: [24, 20]
46: [17, 18, 19, 20, 24, 25, 26, 27, 12]
47: [51, 41]
48: [35, 51]
49: [25, 26, 27, 12]
50: [17, 26, 27, 25, 12]
51: [17, 18, 25, 26, 27, 12]
52: [17, 18, 19, 25, 26, 27, 12]
53: [17, 18, 19, 20, 25, 26, 27, 12]
54: [17, 18, 19, 20, 25, 26, 27, 12]
55: [51, 41]
56: [35, 51]
57: [35, 51]
58: [35, 51]
59: [35, 51]
60: [35, 51]
61: [35, 51]
62: [35, 51, 41]
63: [51, 41]
39
0: [45, 29, 46, 47]
1: [29, 45, 46, 36, 47]
2: [29, 45, 37, 46, 36, 47]
3: [29, 45, 38, 37, 46, 36, 47]
4: [29, 39, 45, 38, 37, 46, 36, 47]
5: [29, 40, 39, 45, 38, 37, 46, 36, 47]
6: [29, 41, 40, 39, 45, 38, 37, 46, 36, 47]
7: [29, 41, 40, 39, 45, 38, 37, 46, 36, 47]
8: [45, 29, 46, 47, 48]
9: [36, 48]
10: [37, 48]
11: [38, 48]
12: [39, 48]
13: [40, 48]
14: [41, 48]
15: [29, 41, 40, 39, 45, 38, 37, 46, 48, 36, 47]
16: [45, 46, 29, 47, 48, 49]
17: [36, 49]
18: [37, 49]
19: [38, 49]
20: [39, 49]
21: [40, 49]
22: [41, 49]
23: [29, 41, 40, 39, 45, 38, 49, 37, 46, 48, 36, 47]
24: [45, 46, 47, 48, 49, 50, 29]
25: [36, 50]
26: [37, 50]
27: [38, 50]
28: [39, 50]
29: [40, 50]
30: [41, 50]
31: [29, 41, 40, 39, 50, 45, 38, 49, 37, 46, 48, 36, 47]
32: [45, 46, 47, 48, 49, 50, 51, 29]
33: [45, 36, 51]
34: [45, 37, 51]
35: [45, 38, 51]
36: [45, 39, 51]
37: [45, 40, 51]
38: [45, 41, 51]
39: []
40: [46, 47, 48, 49, 50, 51, 29]
41: [46, 36]
42: [46, 37]
43: [46, 38]
44: [46, 39]
45: [46, 40]
46: [46, 41]
47: [36, 37, 38, 39, 40, 41, 46, 47, 48, 49, 50, 51, 29]
48: [47, 48, 49, 50, 51, 29]
49: [47, 36]
50: [47, 37]
51: [47, 38]
52: [47, 39]
53: [47, 40]
54: [47, 41]
55: [36, 37, 38, 39, 40, 41, 47, 48, 49, 50, 51, 29]
56: [48, 49, 50, 51, 29]
57: [36, 48, 49, 50, 51, 29]
58: [36, 37, 48, 49, 50, 51, 29]
59: [36, 37, 38, 48, 49, 50, 51, 29]
60: [36, 37, 38, 39, 48, 49, 50, 51, 29]
61: [36, 37, 38, 39, 40, 48, 49, 50, 51, 29]
62: [36, 37, 38, 39, 40, 41, 48, 49, 50, 51, 29]
63: [36, 37, 38, 39, 40, 41, 48, 49, 50, 51, 29]
40
0: [32, 33, 34, 35, 46, 47, 30, 31, 29]
1: [32, 33, 34, 35, 46, 47, 30, 31, 29]
2: [32, 33, 34, 35, 46, 47, 31, 29]
3: [32, 33, 34, 35, 46, 47, 29]
4: [33, 34, 35, 46, 47, 29]
5: [34, 35, 46, 47, 29]
6: [35, 46, 47, 29]
7: [46, 47, 29]
8: [32, 33, 34, 35, 46, 47, 48, 30, 31, 29]
9: [48, 30]
10: [48, 31]
11: [48, 32]
12: [48, 33]
13: [48, 34]
14: [48, 35]
15: [48, 46, 47, 29]
16: [32, 33, 34, 35, 46, 47, 48, 49, 30, 31, 29]
17: [49, 30]
18: [49, 31]
19: [49, 32]
20: [49, 33]
21: [49, 34]
22: [49, 35]
23: [49, 48, 29, 46, 47]
24: [32, 33, 34, 35, 46, 47, 48, 49, 50, 30, 31, 29]
25: [50, 30]
26: [50, 31]
27: [50, 32]
28: [50, 33]
29: [50, 34]
30: [50, 35]
31: [50, 49, 48, 29, 46, 47]
32: [32, 33, 34, 35, 46, 47, 48, 49, 50, 51, 30, 31, 29]
33: [51, 30]
34: [51, 31]
35: [51, 32]
36: [51, 33]
37: [51, 34]
38: [51, 35]
39: [51, 50, 49, 29, 48, 46, 47]
40: []
41: [52, 30, 46]
42: [52, 31, 46]
43: [52, 32, 46]
44: [52, 33, 46]
45: [52, 34, 46]
46: [52, 35, 46]
47: [52, 51, 50, 29, 49, 48, 46, 47]
48: [29, 30, 52, 31, 32, 51, 33, 50, 49, 34, 48, 35, 47]
49: [30, 47]
50: [31, 47]
51: [32, 47]
52: [33, 47]
53: [34, 47]
54: [35, 47]
55: [52, 51, 29, 50, 49, 48, 47]
56: [29, 30, 52, 31, 32, 51, 33, 50, 49, 34, 48, 35]
57: [29, 30, 52, 31, 32, 51, 33, 50, 49, 34, 48, 35]
58: [29, 52, 31, 32, 51, 33, 50, 49, 34, 48, 35]
59: [29, 52, 32, 51, 33, 50, 49, 34, 48, 35]
60: [29, 52, 51, 33, 50, 49, 34, 48, 35]
61: [29, 52, 51, 50, 49, 34, 48, 35]
62: [29, 52, 51, 50, 49, 48, 35]
63: [52, 29, 51, 50, 49, 48]
41
0: [46, 30]
1: [36, 46, 30]
2: [36, 46]
3: [36, 46]
4: [36, 46]
5: [36, 46]
6: [36, 46]
7: [36, 46]
8: [46, 30]
9: [13, 14, 15, 16, 24, 12]
10: [13, 14, 15, 16, 24, 12]
11: [16, 24, 14, 15, 12]
12: [16, 24, 15, 12]
13: [16, 24, 12]
14: [24, 12]
15: [36, 46]
16: [46, 30]
17: [13, 14, 15, 16, 24, 25, 12]
18: [25, 13]
19: [25, 14]
20: [25, 15]
21: [25, 16]
22: [25, 24, 12]
23: [36, 46]
24: [46, 30]
25: [13, 14, 15, 16, 24, 25, 26, 12]
26: [26, 13]
27: [26, 14]
28: [26, 15]
29: [26, 16]
30: [26, 25, 12, 24]
31: [36, 46]
32: [46, 30]
33: [13, 14, 15, 16, 24, 25, 26, 27, 12]
34: [27, 13]
35: [27, 14]
36: [27, 15]
37: [27, 16]
38: [27, 26, 12, 25, 24]
39: [36, 46]
40: [46, 30, 52]
41: []
42: [28, 13, 24]
43: [28, 14, 24]
44: [28, 15, 24]
45: [28, 16, 24]
46: [28, 27, 12, 26, 25, 24]
47: [52, 36, 46]
48: [30, 52]
49: [12, 28, 13, 27, 14, 26, 15, 16, 25]
50: [12, 28, 13, 27, 14, 26, 15, 16, 25]
51: [12, 28, 27, 14, 26, 15, 16, 25]
52: [12, 28, 27, 26, 15, 16, 25]
53: [12, 28, 27, 26, 16, 25]
54: [12, 28, 27, 26, 25]
55: [52, 36]
56: [30, 52]
57: [30, 52, 36]
58: [52, 36]
59: [52, 36]
60: [52, 36]
61: [52, 36]
62: [52, 36]
63: [52, 36]
42
0: [46, 31]
1: [46, 31]
2: [37, 46, 31]
3: [37, 46]
4: [37, 46]
5: [37, 46]
6: [37, 46]
7: [37, 46]
8: [46, 31]
9: [24, 13]
10: [17, 24, 13]
11: [17, 24]
12: [17, 24]
13: [17, 24]
14: [17, 24]
15: [37, 46]
16: [46, 31]
17: [24, 13]
18: [4, 5, 3]
19: [4, 5, 3]
20: [5, 3]
21: [3]
22: [17, 24]
23: [37, 46]
24: [46, 31]
25: [24, 13]
26: [10, 4, 5, 3]
27: [10, 4]
28: [10, 5]
29: [10, 3]
30: [17, 24]
31: [37, 46]
32: [46, 31]
33: [24, 13]
34: [10, 11, 4, 5, 3]
35: [11, 4]
36: [11, 5]
37: [11, 3, 10]
38: [17, 24]
39: [37, 46]
40: [46, 31, 52]
41: [24, 13, 28]
42: []
43: [3, 11, 4, 10, 5]
44: [3, 11, 10, 5]
45: [3, 11, 10]
46: [28, 17, 24]
47: [52, 37, 46]
48: [31, 52]
49: [13, 28]
50: [13, 28, 17]
51: [28, 17]
52: [28, 17]
53: [28, 17]
54: [28, 17]
55: [52, 37]
56: [31, 52]
57: [31, 52]
58: [31, 52, 37]
59: [52, 37]
60: [52, 37]
61: [52, 37]
62: [52, 37]
63: [52, 37]
43
0: [46, 32]
1: [46, 32]
2: [46, 32]
3: [38, 46, 32]
4: [38, 46]
5: [38, 46]
6: [38, 46]
7: [38, 46]
8: [46, 32]
9: [24, 14]
10: [24, 14]
11: [18, 24, 14]
12: [18, 24]
13: [18, 24]
14: [18, 24]
15: [38, 46]
16: [46, 32]
17: [24, 14]
18: [4, 5, 3]
19: [6, 4, 5, 3]
20: [6, 3, 5]
21: [3, 6]
22: [18, 24]
23: [38, 46]
24: [46, 32]
25: [24, 14]
26: [10, 4, 5, 3]
27: [6, 10, 4]
28: [10, 5]
29: [3, 10, 6]
30: [18, 24]
31: [38, 46]
32: [46, 32]
33: [24, 14]
34: [10, 11, 4, 5, 3]
35: [6, 11, 4]
36: [11, 5]
37: [3, 11, 10, 6]
38: [18, 24]
39: [38, 46]
40: [46, 32, 52]
41: [24, 14, 28]
42: [10, 11, 4, 5, 3]
43: []
44: [3, 11, 10, 5, 6]
45: [3, 11, 10, 6]
46: [28, 18, 24]
47: [52, 38, 46]
48: [32, 52]
49: [14, 28]
50: [14, 28]
51: [14, 28, 18]
52: [28, 18]
53: [28, 18]
54: [28, 18]
55: [52, 38]
56: [32, 52]
57: [32, 52]
58: [32, 52]
59: [32, 52, 38]
60: [52, 38]
61: [52, 38]
62: [52, 38]
63: [52, 38]
44
0: [46, 33]
1: [46, 33]
2: [46, 33]
3: [46, 33]
4: [39, 46, 33]
5: [39, 46]
6: [39, 46]
7: [39, 46]
8: [46, 33]
9: [24, 15]
10: [24, 15]
11: [24, 15]
12: [19, 24, 15]
13: [19, 24]
14: [19, 24]
15: [39, 46]
16: [46, 33]
17: [24, 15]
18: [5, 3]
19: [6, 3, 5]
20: [7, 3, 6, 5]
21: [3, 7, 6]
22: [19, 24]
23: [39, 46]
24: [46, 33]
25: [24, 15]
26: [10, 5, 3]
27: [6, 10]
28: [7, 10, 5]
29: [3, 7, 10, 6]
30: [19, 24]
31: [39, 46]
32: [46, 33]
33: [24, 15]
34: [10, 11, 5, 3]
35: [6, 11]
36: [7, 11, 5]
37: [3, 11, 7, 10, 6]
38: [19, 24]
39: [39, 46]
40: [46, 33, 52]
41: [24, 15, 28]
42: [10, 11, 5, 3]
43: [10, 11, 5, 6, 3]
44: []
45: [3, 11, 7, 10, 6]
46: [28, 19, 24]
47: [52, 39, 46]
48: [33, 52]
49: [15, 28]
50: [15, 28]
51: [15, 28]
52: [15, 28, 19]
53: [28, 19]
54: [28, 19]
55: [52, 39]
56: [33, 52]
57: [33, 52]
58: [33, 52]
59: [33, 52]
60: [33, 52, 39]
61: [52, 39]
62: [52, 39]
63: [52, 39]
45
0: [46, 34]
1: [46, 34]
2: [46, 34]
3: [46, 34]
4: [46, 34]
5: [40, 46, 34]
6: [40, 46]
7: [40, 46]
8: [46, 34]
9: [24, 16]
10: [24, 16]
11: [24, 16]
12: [24, 16]
13: [20, 24, 16]
14: [20, 24]
15: [40, 46]
16: [46, 34]
17: [24, 16]
18: [3]
19: [3, 6]
20: [3, 7, 6]
21: [3, 7, 6]
22: [20, 24]
23: [40, 46]
24: [46, 34]
25: [24, 16]
26: [10, 3]
27: [6, 10]
28: [7, 10]
29: [3, 7, 10, 6]
30: [20, 24]
31: [40, 46]
32: [46, 34]
33: [24, 16]
34: [10, 11, 3]
35: [6, 11]
36: [7, 11]
37: [3, 11, 7, 10, 6]
38: [20, 24]
39: [40, 46]
40: [46, 34, 52]
41: [24, 16, 28]
42: [10, 11, 3]
43: [10, 11, 6, 3]
44: [10, 11, 6, 7, 3]
45: []
46: [28, 20, 24]
47: [52, 40, 46]
48: [34, 52]
49: [16, 28]
50: [16, 28]
51: [16, 28]
52: [16, 28]
53: [16, 28, 20]
54: [28, 20]
55: [52, 40]
56: [34, 52]
57: [34, 52]
58: [34, 52]
59: [34, 52]
60: [34, 52]
61: [34, 52, 40]
62: [52, 40]
63: [52, 40]
46
0: [46, 35]
1: [46, 35]
2: [46, 35]
3: [46, 35]
4: [46, 35]
5: [46, 35]
6: [41, 46, 35]
7: [41, 46]
8: [46, 35]
9: [24, 12]
10: [12, 24, 17]
11: [12, 18, 24, 17]
12: [12, 19, 18, 24, 17]
13: [12, 20, 19, 18, 24, 17]
14: [12, 20, 19, 18, 24, 17]
15: [41, 46]
16: [46, 35]
17: [24, 25, 12]
18: [17, 25]
19: [18, 25]
20: [19, 25]
21: [20, 25]
22: [12, 20, 19, 18, 24, 17, 25]
23: [41, 46]
24: [46, 35]
25: [24, 25, 26, 12]
26: [17, 26]
27: [18, 26]
28: [19, 26]
29: [20, 26]
30: [12, 20, 19, 18, 26, 24, 17, 25]
31: [41, 46]
32: [46, 35]
33: [24, 25, 26, 27, 12]
34: [17, 27]
35: [18, 27]
36: [19, 27]
37: [20, 27]
38: [12, 20, 27, 19, 18, 26, 24, 17, 25]
39: [41, 46]
40: [46, 35, 52]
41: [24, 25, 26, 27, 28, 12]
42: [24, 17, 28]
43: [24, 18, 28]
44: [24, 19, 28]
45: [24, 20, 28]
46: []
47: [52, 41, 46]
48: [35, 52]
49: [25, 26, 27, 28, 12]
50: [17, 25, 26, 27, 28, 12]
51: [17, 18, 25, 26, 27, 28, 12]
52: [17, 18, 19, 25, 26, 27, 28, 12]
53: [17, 18, 19, 20, 25, 26, 27, 28, 12]
54: [17, 18, 19, 20, 25, 26, 27, 28, 12]
55: [52, 41]
56: [35, 52]
57: [35, 52]
58: [35, 52]
59: [35, 52]
60: [35, 52]
61: [35, 52]
62: [35, 52, 41]
63: [52, 41]
47
0: [29, 46, 47]
1: [29, 46, 36, 47]
2: [29, 37, 46, 36, 47]
3: [29, 38, 37, 46, 36, 47]
4: [29, 39, 38, 37, 46, 36, 47]
5: [29, 40, 39, 38, 37, 46, 36, 47]
6: [29, 41, 40, 39, 38, 37, 46, 36, 47]
7: [29, 41, 40, 39, 38, 37, 46, 36, 47]
8: [46, 29, 47, 48]
9: [36, 48]
10: [37, 48]
11: [38, 48]
12: [39, 48]
13: [40, 48]
14: [41, 48]
15: [29, 41, 40, 39, 38, 37, 46, 48, 36, 47]
16: [46, 47, 48, 49, 29]
17: [36, 49]
18: [37, 49]
19: [38, 49]
20: [39, 49]
21: [40, 49]
22: [41, 49]
23: [29, 41, 40, 39, 38, 49, 37, 46, 48, 36, 47]
24: [46, 47, 48, 49, 50, 29]
25: [36, 50]
26: [37, 50]
27: [38, 50]
28: [39, 50]
29: [40, 50]
30: [41, 50]
31: [29, 41, 40, 39, 50, 38, 49, 37, 46, 48, 36, 47]
32: [46, 47, 48, 49, 50, 51, 29]
33: [36, 51]
34: [37, 51]
35: [38, 51]
36: [39, 51]
37: [40, 51]
38: [41, 51]
39: [29, 41, 40, 51, 39, 50, 38, 49, 37, 46, 48, 36, 47]
40: [46, 47, 48, 49, 50, 51, 52, 29]
41: [46, 36, 52]
42: [46, 37, 52]
43: [46, 38, 52]
44: [46, 39, 52]
45: [46, 40, 52]
46: [46, 41, 52]
47: []
48: [47, 48, 49, 50, 51, 52, 29]
49: [47, 36]
50: [47, 37]
51: [47, 38]
52: [47, 39]
53: [47, 40]
54: [47, 41]
55: [36, 37, 38, 39, 40, 41, 47, 48, 49, 50, 51, 52, 29]
56: [48, 49, 50, 51, 52, 29]
57: [36, 48, 49, 50, 51, 52, 29]
58: [36, 37, 48, 49, 50, 51, 52, 29]
59: [36, 37, 38, 48, 49, 50, 51, 52, 29]
60: [36, 37, 38, 39, 48, 49, 50, 51, 52, 29]
61: [36, 37, 38, 39, 40, 48, 49, 50, 51, 52, 29]
62: [36, 37, 38, 39, 40, 41, 48, 49, 50, 51, 52, 29]
63: [36, 37, 38, 39, 40, 41, 48, 49, 50, 51, 52, 29]
48
0: [32, 33, 34, 35, 47, 30, 31, 29]
1: [32, 33, 34, 35, 47, 30, 31, 29]
2: [32, 33, 34, 35, 47, 31, 29]
3: [32, 33, 34, 35, 47, 29]
4: [33, 34, 35, 47, 29]
5: [34, 35, 47, 29]
6: [35, 47, 29]
7: [47, 29]
8: [32, 33, 34, 35, 47, 48, 30, 31, 29]
9: [48, 30]
10: [48, 31]
11: [48, 32]
12: [48, 33]
13: [48, 34]
14: [48, 35]
15: [48, 29, 47]
16: [32, 33, 34, 35, 47, 48, 49, 30, 31, 29]
17: [49, 30]
18: [49, 31]
19: [49, 32]
20: [49, 33]
21: [49, 34]
22: [49, 35]
23: [49, 48, 29, 47]
24: [32, 33, 34, 35, 47, 48, 49, 50, 30, 31, 29]
25: [50, 30]
26: [50, 31]
27: [50, 32]
28: [50, 33]
29: [50, 34]
30: [50, 35]
31: [50, 49, 29, 48, 47]
32: [32, 33, 34, 35, 47, 48, 49, 50, 51, 30, 31, 29]
33: [51, 30]
34: [51, 31]
35: [51, 32]
36: [51, 33]
37: [51, 34]
38: [51, 35]
39: [51, 50, 29, 49, 48, 47]
40: [32, 33, 34, 35, 47, 48, 49, 50, 51, 52, 30, 31, 29]
41: [52, 30]
42: [52, 31]
43: [52, 32]
44: [52, 33]
45: [52, 34]
46: [52, 35]
47: [52, 51, 29, 50, 49, 48, 47]
48: []
49: [53, 30, 47]
50: [53, 31, 47]
51: [53, 32, 47]
52: [53, 33, 47]
53: [53, 34, 47]
54: [53, 35, 47]
55: [53, 52, 29, 51, 50, 49, 48, 47]
56: [29, 53, 30, 52, 31, 32, 51, 33, 50, 49, 34, 48, 35]
57: [29, 53, 30, 52, 31, 32, 51, 33, 50, 49, 34, 48, 35]
58: [29, 53, 52, 31, 32, 51, 33, 50, 49, 34, 48, 35]
59: [29, 53, 52, 32, 51, 33, 50, 49, 34, 48, 35]
60: [29, 53, 52, 51, 33, 50, 49, 34, 48, 35]
61: [29, 53, 52, 51, 50, 49, 34, 48, 35]
62: [29, 53, 52, 51, 50, 49, 48, 35]
63: [53, 29, 52, 51, 50, 49, 48]
49
0: [47, 30]
1: [36, 47, 30]
2: [36, 47]
3: [36, 47]
4: [36, 47]
5: [36, 47]
6: [36, 47]
7: [36, 47]
8: [47, 30]
9: [16, 13, 14, 15, 12]
10: [16, 13, 14, 15, 12]
11: [16, 14, 15, 12]
12: [16, 15, 12]
13: [16, 12]
14: [12]
15: [36, 47]
16: [47, 30]
17: [13, 14, 15, 16, 25, 12]
18: [25, 13]
19: [25, 14]
20: [25, 15]
21: [25, 16]
22: [25, 12]
23: [36, 47]
24: [47, 30]
25: [13, 14, 15, 16, 25, 26, 12]
26: [26, 13]
27: [26, 14]
28: [26, 15]
29: [26, 16]
30: [26, 12, 25]
31: [36, 47]
32: [47, 30]
33: [13, 14, 15, 16, 25, 26, 27, 12]
34: [27, 13]
35: [27, 14]
36: [27, 15]
37: [27, 16]
38: [27, 12, 26, 25]
39: [36, 47]
40: [47, 30]
41: [13, 14, 15, 16, 25, 26, 27, 28, 12]
42: [28, 13]
43: [28, 14]
44: [28, 15]
45: [28, 16]
46: [12, 28, 27, 26, 25]
47: [36, 47]
48: [47, 30, 53]
49: []
50: [12, 28, 13, 27, 14, 26, 15, 16, 25]
51: [12, 28, 27, 14, 26, 15, 16, 25]
52: [12, 28, 27, 26, 15, 16, 25]
53: [12, 28, 27, 26, 16, 25]
54: [12, 28, 27, 26, 25]
55: [53, 36, 47]
56: [30, 53]
57: [30, 53, 36]
58: [53, 36]
59: [53, 36]
60: [53, 36]
61: [53, 36]
62: [53, 36]
63: [53, 36]
50
0: [47, 31]
1: [47, 31]
2: [37, 47, 31]
3: [37, 47]
4: [37, 47]
5: [37, 47]
6: [37, 47]
7: [37, 47]
8: [47, 31]
9: [16, 13, 14, 15, 12]
10: [17, 16, 13, 14, 15, 12]
11: [17, 16, 14, 15, 12]
12: [17, 16, 15, 12]
13: [17, 16, 12]
14: [17, 12]
15: [37, 47]
16: [47, 31]
17: [13, 14, 15, 16, 25, 12]
18: [17, 25, 13]
19: [25, 14]
20: [25, 15]
21: [25, 16]
22: [12, 17, 25]
23: [37, 47]
24: [47, 31]
25: [13, 14, 15, 16, 25, 26, 12]
26: [17, 26, 13]
27: [26, 14]
28: [26, 15]
29: [26, 16]
30: [12, 26, 17, 25]
31: [37, 47]
32: [47, 31]
33: [13, 14, 15, 16, 25, 26, 27, 12]
34: [17, 27, 13]
35: [27, 14]
36: [27, 15]
37: [27, 16]
38: [12, 27, 26, 17, 25]
39: [37, 47]
40: [47, 31]
41: [13, 14, 15, 16, 25, 26, 27, 28, 12]
42: [17, 28, 13]
43: [28, 14]
44: [28, 15]
45: [28, 16]
46: [12, 28, 27, 26, 17, 25]
47: [37, 47]
48: [47, 31, 53]
49: [13, 14, 15, 16, 25, 26, 27, 28, 12]
50: []
51: [12, 28, 27, 14, 26, 15, 16, 17, 25]
52: [12, 28, 27, 26, 15, 16, 17, 25]
53: [12, 28, 27, 26, 16, 17, 25]
54: [12, 28, 27, 26, 17, 25]
55: [53, 37, 47]
56: [31, 53]
57: [31, 53]
58: [31, 53, 37]
59: [53, 37]
60: [53, 37]
61: [53, 37]
62: [53, 37]
63: [53, 37]
51
0: [47, 32]
1: [47, 32]
2: [47, 32]
3: [38, 47, 32]
4: [38, 47]
5: [38, 47]
6: [38, 47]
7: [38, 47]
8: [47, 32]
9: [16, 14, 15, 12]
10: [17, 16, 14, 15, 12]
11: [18, 17, 16, 14, 15, 12]
12: [18, 17, 16, 12, 15]
13: [18, 17, 12, 16]
14: [18, 12, 17]
15: [38, 47]
16: [47, 32]
17: [16, 25, 14, 15, 12]
18: [17, 25]
19: [18, 25, 14]
20: [25, 15]
21: [25, 16]
22: [12, 18, 17, 25]
23: [38, 47]
24: [47, 32]
25: [14, 15, 16, 25, 26, 12]
26: [17, 26]
27: [18, 26, 14]
28: [26, 15]
29: [26, 16]
30: [12, 18, 26, 17, 25]
31: [38, 47]
32: [47, 32]
33: [14, 15, 16, 25, 26, 27, 12]
34: [17, 27]
35: [18, 27, 14]
36: [27, 15]
37: [27, 16]
38: [12, 27, 18, 26, 17, 25]
39: [38, 47]
40: [47, 32]
41: [14, 15, 16, 25, 26, 27, 28, 12]
42: [17, 28]
43: [18, 28, 14]
44: [28, 15]
45: [28, 16]
46: [12, 28, 27, 18, 26, 17, 25]
47: [38, 47]
48: [47, 32, 53]
49: [14, 15, 16, 25, 26, 27, 28, 12]
50: [14, 15, 16, 17, 25, 26, 27, 28, 12]
51: []
52: [12, 28, 27, 18, 26, 15, 16, 17, 25]
53: [12, 28, 27, 18, 26, 16, 17, 25]
54: [12, 28, 27, 18, 26, 17, 25]
55: [53, 38, 47]
56: [32, 53]
57: [32, 53]
58: [32, 53]
59: [32, 53, 38]
60: [53, 38]
61: [53, 38]
62: [53, 38]
63: [53, 38]
52
0: [47, 33]
1: [47, 33]
2: [47, 33]
3: [47, 33]
4: [39, 47, 33]
5: [39, 47]
6: [39, 47]
7: [39, 47]
8: [47, 33]
9: [16, 15, 12]
10: [17, 16, 15, 12]
11: [18, 17, 16, 12, 15]
12: [19, 18, 17, 12, 16, 15]
13: [19, 18, 12, 17, 16]
14: [19, 12, 18, 17]
15: [39, 47]
16: [47, 33]
17: [16, 25, 15, 12]
18: [17, 25]
19: [18, 25]
20: [19, 25, 15]
21: [25, 16]
22: [12, 19, 18, 17, 25]
23: [39, 47]
24: [47, 33]
25: [16, 25, 26, 15, 12]
26: [17, 26]
27: [18, 26]
28: [19, 26, 15]
29: [26, 16]
30: [12, 19, 18, 26, 17, 25]
31: [39, 47]
32: [47, 33]
33: [15, 16, 25, 26, 27, 12]
34: [17, 27]
35: [18, 27]
36: [19, 27, 15]
37: [27, 16]
38: [12, 27, 19, 18, 26, 17, 25]
39: [39, 47]
40: [47, 33]
41: [15, 16, 25, 26, 27, 28, 12]
42: [17, 28]
43: [18, 28]
44: [19, 28, 15]
45: [28, 16]
46: [12, 28, 27, 19, 18, 26, 17, 25]
47: [39, 47]
48: [47, 33, 53]
49: [15, 16, 25, 26, 27, 28, 12]
50: [15, 16, 17, 25, 26, 27, 28, 12]
51: [15, 16, 17, 18, 25, 26, 27, 28, 12]
52: []
53: [12, 28, 27, 19, 18, 26, 16, 17, 25]
54: [12, 28, 27, 19, 18, 26, 17, 25]
55: [53, 39, 47]
56: [33, 53]
57: [33, 53]
58: [33, 53]
59: [33, 53]
60: [33, 53, 39]
61: [53, 39]
62: [53, 39]
63: [53, 39]
53
0: [47, 34]
1: [47, 34]
2: [47, 34]
3: [47, 34]
4: [47, 34]
5: [40, 47, 34]
6: [40, 47]
7: [40, 47]
8: [47, 34]
9: [16, 12]
10: [17, 16, 12]
11: [18, 17, 12, 16]
12: [19, 18, 12, 17, 16]
13: [20, 19, 12, 18, 17, 16]
14: [12, 20, 19, 18, 17]
15: [40, 47]
16: [47, 34]
17: [16, 25, 12]
18: [17, 25]
19: [18, 25]
20: [19, 25]
21: [20, 25, 16]
22: [12, 20, 19, 18, 17, 25]
23: [40, 47]
24: [47, 34]
25: [16, 25, 26, 12]
26: [17, 26]
27: [18, 26]
28: [19, 26]
29: [20, 26, 16]
30: [12, 20, 19, 18, 26, 17, 25]
31: [40, 47]
32: [47, 34]
33: [16, 25, 26, 27, 12]
34: [17, 27]
35: [18, 27]
36: [19, 27]
37: [20, 27, 16]
38: [12, 20, 27, 19, 18, 26, 17, 25]
39: [40, 47]
40: [47, 34]
41: [16, 25, 26, 27, 28, 12]
42: [17, 28]
43: [18, 28]
44: [19, 28]
45: [20, 28, 16]
46: [12, 20, 28, 27, 19, 18, 26, 17, 25]
47: [40, 47]
48: [47, 34, 53]
49: [16, 25, 26, 27, 28, 12]
50: [16, 17, 25, 26, 27, 28, 12]
51: [16, 17, 18, 25, 26, 27, 28, 12]
52: [16, 17, 18, 19, 25, 26, 27, 28, 12]
53: []
54: [12, 20, 28, 27, 19, 18, 26, 17, 25]
55: [53, 40, 47]
56: [34, 53]
57: [34, 53]
58: [34, 53]
59: [34, 53]
60: [34, 53]
61: [34, 53, 40]
62: [53, 40]
63: [53, 40]
54
0: [47, 35]
1: [47, 35]
2: [47, 35]
3: [47, 35]
4: [47, 35]
5: [47, 35]
6: [41, 47, 35]
7: [41, 47]
8: [47, 35]
9: [12]
10: [17, 12]
11: [18, 12, 17]
12: [19, 12, 18, 17]
13: [12, 20, 19, 18, 17]
14: [12, 20, 19, 18, 17]
15: [41, 47]
16: [47, 35]
17: [25, 12]
18: [17, 25]
19: [18, 25]
20: [19, 25]
21: [20, 25]
22: [12, 20, 19, 18, 17, 25]
23: [41, 47]
24: [47, 35]
25: [25, 26, 12]
26: [17, 26]
27: [18, 26]
28: [19, 26]
29: [20, 26]
30: [12, 20, 19, 18, 26, 17, 25]
31: [41, 47]
32: [47, 35]
33: [25, 26, 27, 12]
34: [17, 27]
35: [18, 27]
36: [19, 27]
37: [20, 27]
38: [12, 20, 27, 19, 18, 26, 17, 25]
39: [41, 47]
40: [47, 35]
41: [25, 26, 27, 28, 12]
42: [17, 28]
43: [18, 28]
44: [19, 28]
45: [20, 28]
46: [12, 20, 28, 27, 19, 18, 26, 17, 25]
47: [41, 47]
48: [47, 35, 53]
49: [25, 26, 27, 28, 12]
50: [17, 25, 26, 27, 28, 12]
51: [17, 18, 25, 26, 27, 28, 12]
52: [17, 18, 19, 25, 26, 27, 28, 12]
53: [17, 18, 19, 20, 25, 26, 27, 28, 12]
54: []
55: [53, 41, 47]
56: [35, 53]
57: [35, 53]
58: [35, 53]
59: [35, 53]
60: [35, 53]
61: [35, 53]
62: [35, 53, 41]
63: [53, 41]
55
0: [29, 47]
1: [29, 36, 47]
2: [29, 37, 36, 47]
3: [29, 38, 37, 36, 47]
4: [29, 39, 38, 37, 36, 47]
5: [29, 40, 39, 38, 37, 36, 47]
6: [29, 41, 40, 39, 38, 37, 36, 47]
7: [29, 41, 40, 39, 38, 37, 36, 47]
8: [47, 48, 29]
9: [36, 48]
10: [37, 48]
11: [38, 48]
12: [39, 48]
13: [40, 48]
14: [41, 48]
15: [29, 41, 40, 39, 38, 37, 48, 36, 47]
16: [47, 48, 49, 29]
17: [36, 49]
18: [37, 49]
19: [38, 49]
20: [39, 49]
21: [40, 49]
22: [41, 49]
23: [29, 41, 40, 39, 38, 49, 37, 48, 36, 47]
24: [47, 48, 49, 50, 29]
25: [36, 50]
26: [37, 50]
27: [38, 50]
28: [39, 50]
29: [40, 50]
30: [41, 50]
31: [29, 41, 40, 39, 50, 38, 49, 37, 48, 36, 47]
32: [47, 48, 49, 50, 51, 29]
33: [36, 51]
34: [37, 51]
35: [38, 51]
36: [39, 51]
37: [40, 51]
38: [41, 51]
39: [29, 41, 40, 51, 39, 50, 38, 49, 37, 48, 36, 47]
40: [47, 48, 49, 50, 51, 52, 29]
41: [36, 52]
42: [37, 52]
43: [38, 52]
44: [39, 52]
45: [40, 52]
46: [41, 52]
47: [29, 41, 40, 52, 51, 39, 50, 38, 49, 37, 48, 36, 47]
48: [47, 48, 49, 50, 51, 52, 53, 29]
49: [47, 36, 53]
50: [47, 37, 53]
51: [47, 38, 53]
52: [47, 39, 53]
53: [47, 40, 53]
54: [47, 41, 53]
55: []
56: [48, 49, 50, 51, 52, 53, 29]
57: [36, 48, 49, 50, 51, 52, 53, 29]
58: [36, 37, 48, 49, 50, 51, 52, 53, 29]
59: [36, 37, 38, 48, 49, 50, 51, 52, 53, 29]
60: [36, 37, 38, 39, 48, 49, 50, 51, 52, 53, 29]
61: [36, 37, 38, 39, 40, 48, 49, 50, 51, 52, 53, 29]
62: [36, 37, 38, 39, 40, 41, 48, 49, 50, 51, 52, 53, 29]
63: [36, 37, 38, 39, 40, 41, 48, 49, 50, 51, 52, 53, 29]
56
0: [32, 33, 34, 35, 30, 31, 29]
1: [32, 33, 34, 35, 30, 31, 29]
2: [32, 33, 34, 35, 31, 29]
3: [32, 33, 34, 35, 29]
4: [33, 34, 35, 29]
5: [34, 35, 29]
6: [35, 29]
7: [29]
8: [32, 33, 34, 35, 48, 30, 31, 29]
9: [48, 30]
10: [48, 31]
11: [48, 32]
12: [48, 33]
13: [48, 34]
14: [48, 35]
15: [48, 29]
16: [32, 33, 34, 35, 48, 49, 30, 31, 29]
17: [49, 30]
18: [49, 31]
19: [49, 32]
20: [49, 33]
21: [49, 34]
22: [49, 35]
23: [49, 29, 48]
24: [32, 33, 34, 35, 48, 49, 50, 30, 31, 29]
25: [50, 30]
26: [50, 31]
27: [50, 32]
28: [50, 33]
29: [50, 34]
30: [50, 35]
31: [50, 29, 49, 48]
32: [32, 33, 34, 35, 48, 49, 50, 51, 30, 31, 29]
33: [51, 30]
34: [51, 31]
35: [51, 32]
36: [51, 33]
37: [51, 34]
38: [51, 35]
39: [51, 29, 50, 49, 48]
40: [32, 33, 34, 35, 48, 49, 50, 51, 52, 30, 31, 29]
41: [52, 30]
42: [52, 31]
43: [52, 32]
44: [52, 33]
45: [52, 34]
46: [52, 35]
47: [52, 29, 51, 50, 49, 48]
48: [32, 33, 34, 35, 48, 49, 50, 51, 52, 53, 30, 31, 29]
49: [53, 30]
50: [53, 31]
51: [53, 32]
52: [53, 33]
53: [53, 34]
54: [53, 35]
55: [53, 29, 52, 51, 50, 49, 48]
56: []
57: [29, 53, 30, 52, 31, 32, 51, 33, 50, 49, 34, 48, 35]
58: [29, 53, 52, 31, 32, 51, 33, 50, 49, 34, 48, 35]
59: [29, 53, 52, 32, 51, 33, 50, 49, 34, 48, 35]
60: [29, 53, 52, 51, 33, 50, 49, 34, 48, 35]
61: [29, 53, 52, 51, 50, 49, 34, 48, 35]
62: [29, 53, 52, 51, 50, 49, 48, 35]
63: [29, 53, 52, 51, 50, 49, 48]
57
0: [32, 33, 34, 35, 30, 31, 29]
1: [36, 32, 33, 34, 35, 30, 31, 29]
2: [36, 32, 33, 34, 35, 31, 29]
3: [36, 32, 33, 34, 35, 29]
4: [36, 33, 34, 35, 29]
5: [36, 34, 35, 29]
6: [36, 35, 29]
7: [36, 29]
8: [32, 33, 34, 35, 48, 30, 31, 29]
9: [36, 48, 30]
10: [48, 31]
11: [48, 32]
12: [48, 33]
13: [48, 34]
14: [48, 35]
15: [29, 48, 36]
16: [32, 33, 34, 35, 48, 49, 30, 31, 29]
17: [36, 49, 30]
18: [49, 31]
19: [49, 32]
20: [49, 33]
21: [49, 34]
22: [49, 35]
23: [29, 49, 48, 36]
24: [32, 33, 34, 35, 48, 49, 50, 30, 31, 29]
25: [36, 50, 30]
26: [50, 31]
27: [50, 32]
28: [50, 33]
29: [50, 34]
30: [50, 35]
31: [29, 50, 49, 48, 36]
32: [32, 33, 34, 35, 48, 49, 50, 51, 30, 31, 29]
33: [36, 51, 30]
34: [51, 31]
35: [51, 32]
36: [51, 33]
37: [51, 34]
38: [51, 35]
39: [29, 51, 50, 49, 48, 36]
40: [32, 33, 34, 35, 48, 49, 50, 51, 52, 30, 31, 29]
41: [36, 52, 30]
42: [52, 31]
43: [52, 32]
44: [52, 33]
45: [52, 34]
46: [52, 35]
47: [29, 52, 51, 50, 49, 48, 36]
48: [32, 33, 34, 35, 48, 49, 50, 51, 52, 53, 30, 31, 29]
49: [36, 53, 30]
50: [53, 31]
51: [53, 32]
52: [53, 33]
53: [53, 34]
54: [53, 35]
55: [29, 53, 52, 51, 50, 49, 48, 36]
56: [32, 33, 34, 35, 48, 49, 50, 51, 52, 53, 30, 31, 29]
57: []
58: [29, 53, 52, 31, 32, 51, 33, 50, 49, 34, 48, 35, 36]
59: [29, 53, 52, 32, 51, 33, 50, 49, 34, 48, 35, 36]
60: [29, 53, 52, 51, 33, 50, 49, 34, 48, 35, 36]
61: [29, 53, 52, 51, 50, 49, 34, 48, 35, 36]
62: [29, 53, 52, 51, 50, 49, 48, 35, 36]
63: [29, 53, 52, 51, 50, 49, 48, 36]
58
0: [32, 33, 34, 35, 31, 29]
1: [36, 32, 33, 34, 35, 31, 29]
2: [37, 36, 32, 33, 34, 35, 31, 29]
3: [37, 36, 32, 33, 34, 35, 29]
4: [37, 36, 33, 34, 35, 29]
5: [37, 36, 34, 35, 29]
6: [37, 36, 29, 35]
7: [37, 29, 36]
8: [32, 33, 34, 35, 48, 31, 29]
9: [36, 48]
10: [37, 48, 31]
11: [48, 32]
12: [48, 33]
13: [48, 34]
14: [48, 35]
15: [29, 37, 48, 36]
16: [32, 33, 34, 35, 48, 49, 31, 29]
17: [36, 49]
18: [37, 49, 31]
19: [49, 32]
20: [49, 33]
21: [49, 34]
22: [49, 35]
23: [29, 49, 37, 48, 36]
24: [32, 33, 34, 35, 48, 49, 50, 31, 29]
25: [36, 50]
26: [37, 50, 31]
27: [50, 32]
28: [50, 33]
29: [50, 34]
30: [50, 35]
31: [29, 50, 49, 37, 48, 36]
32: [32, 33, 34, 35, 48, 49, 50, 51, 31, 29]
33: [36, 51]
34: [37, 51, 31]
35: [51, 32]
36: [51, 33]
37: [51, 34]
38: [51, 35]
39: [29, 51, 50, 49, 37, 48, 36]
40: [32, 33, 34, 35, 48, 49, 50, 51, 52, 31, 29]
41: [36, 52]
42: [37, 52, 31]
43: [52, 32]
44: [52, 33]
45: [52, 34]
46: [52, 35]
47: [29, 52, 51, 50, 49, 37, 48, 36]
48: [32, 33, 34, 35, 48, 49, 50, 51, 52, 53, 31, 29]
49: [36, 53]
50: [37, 53, 31]
51: [53, 32]
52: [53, 33]
53: [53, 34]
54: [53, 35]
55: [29, 53, 52, 51, 50, 49, 37, 48, 36]
56: [32, 33, 34, 35, 48, 49, 50, 51, 52, 53, 31, 29]
57: [32, 33, 34, 35, 36, 48, 49, 50, 51, 52, 53, 31, 29]
58: []
59: [29, 53, 52, 32, 51, 33, 50, 49, 34, 37, 48, 35, 36]
60: [29, 53, 52, 51, 33, 50, 49, 34, 37, 48, 35, 36]
61: [29, 53, 52, 51, 50, 49, 34, 37, 48, 35, 36]
62: [29, 53, 52, 51, 50, 49, 37, 48, 35, 36]
63: [29, 53, 52, 51, 50, 49, 37, 48, 36]
59
0: [32, 33, 34, 35, 29]
1: [36, 32, 33, 34, 35, 29]
2: [37, 36, 32, 33, 34, 35, 29]
3: [38, 37, 36, 32, 33, 34, 35, 29]
4: [38, 37, 36, 33, 34, 35, 29]
5: [38, 37, 36, 29, 34, 35]
6: [38, 37, 29, 36, 35]
7: [29, 38, 37, 36]
8: [32, 33, 34, 35, 48, 29]
9: [36, 48]
10: [37, 48]
11: [38, 48, 32]
12: [48, 33]
13: [48, 34]
14: [48, 35]
15: [29, 38, 37, 48, 36]
16: [32, 33, 34, 35, 48, 49, 29]
17: [36, 49]
18: [37, 49]
19: [38, 49, 32]
20: [49, 33]
21: [49, 34]
22: [49, 35]
23: [29, 38, 49, 37, 48, 36]
24: [32, 33, 34, 35, 48, 49, 50, 29]
25: [36, 50]
26: [37, 50]
27: [38, 50, 32]
28: [50, 33]
29: [50, 34]
30: [50, 35]
31: [29, 50, 38, 49, 37, 48, 36]
32: [32, 33, 34, 35, 48, 49, 50, 51, 29]
33: [36, 51]
34: [37, 51]
35: [38, 51, 32]
36: [51, 33]
37: [51, 34]
38: [51, 35]
39: [29, 51, 50, 38, 49, 37, 48, 36]
40: [32, 33, 34, 35, 48, 49, 50, 51, 52, 29]
41: [36, 52]
42: [37, 52]
43: [38, 52, 32]
44: [52, 33]
45: [52, 34]
46: [52, 35]
47: [29, 52, 51, 50, 38, 49, 37, 48, 36]
48: [32, 33, 34, 35, 48, 49, 50, 51, 52, 53, 29]
49: [36, 53]
50: [37, 53]
51: [38, 53, 32]
52: [53, 33]
53: [53, 34]
54: [53, 35]
55: [29, 53, 52, 51, 50, 38, 49, 37, 48, 36]
56: [32, 33, 34, 35, 48, 49, 50, 51, 52, 53, 29]
57: [32, 33, 34, 35, 36, 48, 49, 50, 51, 52, 53, 29]
58: [32, 33, 34, 35, 36, 37, 48, 49, 50, 51, 52, 53, 29]
59: []
60: [29, 53, 52, 51, 33, 50, 38, 49, 34, 37, 48, 35, 36]
61: [29, 53, 52, 51, 50, 38, 49, 34, 37, 48, 35, 36]
62: [29, 53, 52, 51, 50, 38, 49, 37, 48, 35, 36]
63: [29, 53, 52, 51, 50, 38, 49, 37, 48, 36]
60
0: [33, 34, 35, 29]
1: [36, 33, 34, 35, 29]
2: [37, 36, 33, 34, 35, 29]
3: [38, 37, 36, 33, 34, 35, 29]
4: [39, 38, 37, 36, 29, 33, 34, 35]
5: [39, 38, 37, 29, 36, 34, 35]
6: [39, 29, 38, 37, 36, 35]
7: [29, 39, 38, 37, 36]
8: [48, 33, 34, 35, 29]
9: [36, 48]
10: [37, 48]
11: [38, 48]
12: [39, 48, 33]
13: [48, 34]
14: [48, 35]
15: [29, 39, 38, 37, 48, 36]
16: [33, 34, 35, 48, 49, 29]
17: [36, 49]
18: [37, 49]
19: [38, 49]
20: [39, 49, 33]
21: [49, 34]
22: [49, 35]
23: [29, 39, 38, 49, 37, 48, 36]
24: [33, 34, 35, 48, 49, 50, 29]
25: [36, 50]
26: [37, 50]
27: [38, 50]
28: [39, 50, 33]
29: [50, 34]
30: [50, 35]
31: [29, 39, 50, 38, 49, 37, 48, 36]
32: [33, 34, 35, 48, 49, 50, 51, 29]
33: [36, 51]
34: [37, 51]
35: [38, 51]
36: [39, 51, 33]
37: [51, 34]
38: [51, 35]
39: [29, 51, 39, 50, 38, 49, 37, 48, 36]
40: [33, 34, 35, 48, 49, 50, 51, 52, 29]
41: [36, 52]
42: [37, 52]
43: [38, 52]
44: [39, 52, 33]
45: [52, 34]
46: [52, 35]
47: [29, 52, 51, 39, 50, 38, 49, 37, 48, 36]
48: [33, 34, 35, 48, 49, 50, 51, 52, 53, 29]
49: [36, 53]
50: [37, 53]
51: [38, 53]
52: [39, 53, 33]
53: [53, 34]
54: [53, 35]
55: [29, 53, 52, 51, 39, 50, 38, 49, 37, 48, 36]
56: [33, 34, 35, 48, 49, 50, 51, 52, 53, 29]
57: [33, 34, 35, 36, 48, 49, 50, 51, 52, 53, 29]
58: [33, 34, 35, 36, 37, 48, 49, 50, 51, 52, 53, 29]
59: [33, 34, 35, 36, 37, 38, 48, 49, 50, 51, 52, 53, 29]
60: []
61: [29, 53, 52, 51, 39, 50, 38, 49, 34, 37, 48, 35, 36]
62: [29, 53, 52, 51, 39, 50, 38, 49, 37, 48, 35, 36]
63: [29, 53, 52, 51, 39, 50, 38, 49, 37, 48, 36]
61
0: [34, 35, 29]
1: [36, 34, 35, 29]
2: [37, 36, 34, 35, 29]
3: [38, 37, 36, 29, 34, 35]
4: [39, 38, 37, 29, 36, 34, 35]
5: [40, 39, 29, 38, 37, 36, 34, 35]
6: [40, 29, 39, 38, 37, 36, 35]
7: [40, 29, 39, 38, 37, 36]
8: [48, 34, 35, 29]
9: [36, 48]
10: [37, 48]
11: [38, 48]
12: [39, 48]
13: [40, 48, 34]
14: [48, 35]
15: [29, 40, 39, 38, 37, 48, 36]
16: [48, 49, 34, 35, 29]
17: [36, 49]
18: [37, 49]
19: [38, 49]
20: [39, 49]
21: [40, 49, 34]
22: [49, 35]
23: [29, 40, 39, 38, 49, 37, 48, 36]
24: [34, 35, 48, 49, 50, 29]
25: [36, 50]
26: [37, 50]
27: [38, 50]
28: [39, 50]
29: [40, 50, 34]
30: [50, 35]
31: [29, 40, 39, 50, 38, 49, 37, 48, 36]
32: [34, 35, 48, 49, 50, 51, 29]
33: [36, 51]
34: [37, 51]
35: [38, 51]
36: [39, 51]
37: [40, 51, 34]
38: [51, 35]
39: [29, 40, 51, 39, 50, 38, 49, 37, 48, 36]
40: [34, 35, 48, 49, 50, 51, 52, 29]
41: [36, 52]
42: [37, 52]
43: [38, 52]
44: [39, 52]
45: [40, 52, 34]
46: [52, 35]
47: [29, 40, 52, 51, 39, 50, 38, 49, 37, 48, 36]
48: [34, 35, 48, 49, 50, 51, 52, 53, 29]
49: [36, 53]
50: [37, 53]
51: [38, 53]
52: [39, 53]
53: [40, 53, 34]
54: [53, 35]
55: [29, 53, 40, 52, 51, 39, 50, 38, 49, 37, 48, 36]
56: [34, 35, 48, 49, 50, 51, 52, 53, 29]
57: [34, 35, 36, 48, 49, 50, 51, 52, 53, 29]
58: [34, 35, 36, 37, 48, 49, 50, 51, 52, 53, 29]
59: [34, 35, 36, 37, 38, 48, 49, 50, 51, 52, 53, 29]
60: [34, 35, 36, 37, 38, 39, 48, 49, 50, 51, 52, 53, 29]
61: []
62: [29, 53, 40, 52, 51, 39, 50, 38, 49, 37, 48, 35, 36]
63: [29, 53, 40, 52, 51, 39, 50, 38, 49, 37, 48, 36]
62
0: [35, 29]
1: [36, 35, 29]
2: [37, 36, 29, 35]
3: [38, 37, 29, 36, 35]
4: [39, 29, 38, 37, 36, 35]
5: [40, 29, 39, 38, 37, 36, 35]
6: [41, 40, 29, 39, 38, 37, 36, 35]
7: [41, 29, 40, 39, 38, 37, 36]
8: [48, 35, 29]
9: [36, 48]
10: [37, 48]
11: [38, 48]
12: [39, 48]
13: [40, 48]
14: [41, 48, 35]
15: [29, 41, 40, 39, 38, 37, 48, 36]
16: [48, 49, 35, 29]
17: [36, 49]
18: [37, 49]
19: [38, 49]
20: [39, 49]
21: [40, 49]
22: [41, 49, 35]
23: [29, 41, 40, 39, 38, 49, 37, 48, 36]
24: [48, 49, 50, 35, 29]
25: [36, 50]
26: [37, 50]
27: [38, 50]
28: [39, 50]
29: [40, 50]
30: [41, 50, 35]
31: [29, 41, 40, 39, 50, 38, 49, 37, 48, 36]
32: [35, 48, 49, 50, 51, 29]
33: [36, 51]
34: [37, 51]
35: [38, 51]
36: [39, 51]
37: [40, 51]
38: [41, 51, 35]
39: [29, 41, 40, 51, 39, 50, 38, 49, 37, 48, 36]
40: [35, 48, 49, 50, 51, 52, 29]
41: [36, 52]
42: [37, 52]
43: [38, 52]
44: [39, 52]
45: [40, 52]
46: [41, 52, 35]
47: [29, 41, 40, 52, 51, 39, 50, 38, 49, 37, 48, 36]
48: [35, 48, 49, 50, 51, 52, 53, 29]
49: [36, 53]
50: [37, 53]
51: [38, 53]
52: [39, 53]
53: [40, 53]
54: [41, 53, 35]
55: [29, 41, 53, 40, 52, 51, 39, 50, 38, 49, 37, 48, 36]
56: [35, 48, 49, 50, 51, 52, 53, 29]
57: [35, 36, 48, 49, 50, 51, 52, 53, 29]
58: [35, 36, 37, 48, 49, 50, 51, 52, 53, 29]
59: [35, 36, 37, 38, 48, 49, 50, 51, 52, 53, 29]
60: [35, 36, 37, 38, 39, 48, 49, 50, 51, 52, 53, 29]
61: [35, 36, 37, 38, 39, 40, 48, 49, 50, 51, 52, 53, 29]
62: []
63: [29, 41, 53, 40, 52, 51, 39, 50, 38, 49, 37, 48, 36]
63
0: [29]
1: [36, 29]
2: [37, 29, 36]
3: [29, 38, 37, 36]
4: [29, 39, 38, 37, 36]
5: [40, 29, 39, 38, 37, 36]
6: [41, 29, 40, 39, 38, 37, 36]
7: [29, 41, 40, 39, 38, 37, 36]
8: [48, 29]
9: [36, 48]
10: [37, 48]
11: [38, 48]
12: [39, 48]
13: [40, 48]
14: [41, 48]
15: [29, 41, 40, 39, 38, 37, 48, 36]
16: [48, 49, 29]
17: [36, 49]
18: [37, 49]
19: [38, 49]
20: [39, 49]
21: [40, 49]
22: [41, 49]
23: [29, 41, 40, 39, 38, 49, 37, 48, 36]
24: [48, 49, 50, 29]
25: [36, 50]
26: [37, 50]
27: [38, 50]
28: [39, 50]
29: [40, 50]
30: [41, 50]
31: [29, 41, 40, 39, 50, 38, 49, 37, 48, 36]
32: [48, 49, 50, 51, 29]
33: [36, 51]
34: [37, 51]
35: [38, 51]
36: [39, 51]
37: [40, 51]
38: [41, 51]
39: [29, 41, 40, 51, 39, 50, 38, 49, 37, 48, 36]
40: [48, 49, 50, 51, 52, 29]
41: [36, 52]
42: [37, 52]
43: [38, 52]
44: [39, 52]
45: [40, 52]
46: [41, 52]
47: [29, 41, 40, 52, 51, 39, 50, 38, 49, 37, 48, 36]
48: [48, 49, 50, 51, 52, 53, 29]
49: [36, 53]
50: [37, 53]
51: [38, 53]
52: [39, 53]
53: [40, 53]
54: [41, 53]
55: [29, 41, 53, 40, 52, 51, 39, 50, 38, 49, 37, 48, 36]
56: [48, 49, 50, 51, 52, 53, 29]
57: [36, 48, 49, 50, 51, 52, 53, 29]
58: [36, 37, 48, 49, 50, 51, 52, 53, 29]
59: [36, 37, 38, 48, 49, 50, 51, 52, 53, 29]
60: [36, 37, 38, 39, 48, 49, 50, 51, 52, 53, 29]
61: [36, 37, 38, 39, 40, 48, 49, 50, 51, 52, 53, 29]
62: [36, 37, 38, 39, 40, 41, 48, 49, 50, 51, 52, 53, 29]
63: []
