18
1: [5, 6, 10, 9]
2: [9, 10, 6, 5]
3: [4, 8, 12, 13, 14, 15, 11, 7, 3, 2, 1, 0]
4: [0, 1, 2, 3, 7, 11, 15, 14, 13, 12, 8, 4]
5: [0, 1, 5, 9, 13, 12, 8, 4]
6: [4, 8, 12, 13, 9, 5, 1, 0]
7: [0, 1, 2, 6, 10, 14, 13, 12, 8, 4]
8: [4, 8, 12, 13, 14, 10, 6, 2, 1, 0]
9: [1, 2, 3, 7, 11, 15, 14, 13, 9, 5]
10: [5, 9, 13, 14, 15, 11, 7, 3, 2, 1]
11: [2, 3, 7, 11, 15, 14, 10, 6]
12: [6, 10, 14, 15, 11, 7, 3, 2]
13: [0, 1, 2, 3, 7, 6, 5, 4]
14: [4, 5, 6, 7, 3, 2, 1, 0]
15: [4, 5, 6, 7, 11, 10, 9, 8]
16: [8, 9, 10, 11, 7, 6, 5, 4]
17: [8, 9, 10, 11, 15, 14, 13, 12]
18: [12, 13, 14, 15, 11, 10, 9, 8]
16
0
0: []
1: [13, 4, 5, 7, 6, 14, 8, 3]
2: [4, 13, 7, 14, 8, 3]
3: [4, 13, 14, 3]
4: [8, 3, 6, 14, 13, 5, 7, 4]
5: [5, 14, 13, 6]
6: [14, 7, 13, 8]
7: [4, 13, 14, 3]
8: [8, 3, 6, 5, 7, 4]
9: [5, 6]
10: [7, 8]
11: [4, 3]
12: [8, 3, 6, 5, 7, 4]
13: [8, 3, 5, 6, 7, 4]
14: [8, 3, 7, 4]
15: [3, 4]
1
0: [8, 3, 6, 14, 13, 5, 7, 4]
1: []
2: [9, 4, 13, 7, 14, 8, 10, 3]
3: [9, 4, 13, 14, 10, 3]
4: [8, 3, 6, 14, 13, 5, 7, 4]
5: [10, 5, 14, 13, 6, 9]
6: [7, 13, 14, 8]
7: [9, 4, 13, 14, 10, 3]
8: [8, 3, 6, 5, 7, 4]
9: [10, 5, 6, 9]
10: [7, 8]
11: [9, 4, 10, 3]
12: [8, 3, 5, 6, 7, 4]
13: [10, 5, 8, 3, 6, 7, 9, 4]
14: [10, 7, 8, 9, 3, 4]
15: [9, 10, 4, 3]
2
0: [8, 3, 14, 13, 7, 4]
1: [8, 10, 3, 14, 13, 9, 7, 4]
2: []
3: [9, 11, 4, 13, 12, 14, 10, 3]
4: [8, 3, 14, 13, 7, 4]
5: [10, 13, 14, 9]
6: [12, 7, 13, 14, 11, 8]
7: [9, 11, 4, 13, 12, 14, 10, 3]
8: [8, 3, 7, 4]
9: [10, 9]
10: [12, 7, 11, 8]
11: [9, 11, 4, 12, 10, 3]
12: [8, 3, 7, 4]
13: [10, 7, 8, 9, 3, 4]
14: [12, 7, 9, 10, 11, 4, 8, 3]
15: [9, 11, 4, 12, 10, 3]
3
0: [3, 14, 13, 4]
1: [10, 3, 14, 13, 9, 4]
2: [10, 3, 12, 14, 11, 13, 9, 4]
3: []
4: [3, 13, 14, 4]
5: [10, 13, 14, 9]
6: [12, 13, 11, 14]
7: [9, 11, 4, 13, 12, 14, 10, 3]
8: [3, 4]
9: [10, 9]
10: [12, 11]
11: [9, 11, 4, 12, 10, 3]
12: [3, 4]
13: [9, 10, 4, 3]
14: [9, 11, 4, 12, 10, 3]
15: [9, 11, 4, 12, 10, 3]
4
0: [13, 4, 5, 7, 6, 14, 8, 3]
1: [13, 4, 5, 7, 6, 14, 8, 3]
2: [4, 13, 7, 14, 8, 3]
3: [4, 13, 14, 3]
4: []
5: [14, 15, 5, 6, 16, 13]
6: [14, 15, 7, 8, 16, 13]
7: [14, 15, 16, 4, 13, 3]
8: [8, 16, 3, 6, 5, 15, 7, 4]
9: [16, 5, 6, 15]
10: [16, 8, 15, 7]
11: [16, 15, 3, 4]
12: [8, 3, 6, 5, 7, 4]
13: [8, 3, 6, 5, 7, 4]
14: [8, 3, 7, 4]
15: [3, 4]
5
0: [13, 6, 5, 14]
1: [9, 6, 13, 14, 5, 10]
2: [9, 13, 14, 10]
3: [9, 14, 13, 10]
4: [16, 13, 6, 5, 14, 15]
5: []
6: [1, 2]
7: [14, 15, 9, 16, 10, 13]
8: [16, 5, 6, 15]
9: [2, 1]
10: [1, 2]
11: [15, 16, 9, 10]
12: [5, 6]
13: [10, 5, 6, 9]
14: [10, 9]
15: [10, 9]
6
0: [8, 13, 14, 7]
1: [8, 13, 14, 7]
2: [8, 11, 14, 13, 12, 7]
3: [11, 14, 12, 13]
4: [16, 13, 8, 15, 14, 7]
5: [2, 1]
6: []
7: [14, 15, 11, 12, 16, 13]
8: [16, 8, 15, 7]
9: [1, 2]
10: [1, 2]
11: [15, 11, 12, 16]
12: [7, 8]
13: [7, 8]
14: [12, 7, 11, 8]
15: [12, 11]
7
0: [3, 13, 14, 4]
1: [10, 3, 14, 13, 9, 4]
2: [10, 3, 12, 14, 11, 13, 9, 4]
3: [10, 3, 12, 14, 11, 13, 9, 4]
4: [16, 13, 3, 14, 15, 4]
5: [16, 13, 10, 9, 14, 15]
6: [16, 13, 12, 11, 14, 15]
7: []
8: [16, 15, 3, 4]
9: [15, 16, 9, 10]
10: [15, 11, 12, 16]
11: [9, 11, 4, 15, 16, 12, 10, 3]
12: [4, 3]
13: [9, 4, 10, 3]
14: [9, 11, 4, 12, 10, 3]
15: [9, 11, 4, 12, 10, 3]
8
0: [4, 5, 7, 6, 8, 3]
1: [4, 5, 7, 6, 8, 3]
2: [4, 7, 8, 3]
3: [4, 3]
4: [15, 4, 5, 7, 16, 6, 8, 3]
5: [15, 5, 6, 16]
6: [15, 8, 16, 7]
7: [16, 15, 3, 4]
8: []
9: [16, 17, 6, 5, 18, 15]
10: [16, 17, 8, 18, 15, 7]
11: [16, 17, 18, 3, 15, 4]
12: [8, 18, 3, 6, 17, 5, 7, 4]
13: [8, 18, 3, 6, 17, 5, 7, 4]
14: [8, 18, 3, 17, 7, 4]
15: [17, 18, 3, 4]
9
0: [6, 5]
1: [9, 6, 5, 10]
2: [9, 10]
3: [9, 10]
4: [15, 5, 6, 16]
5: [1, 2]
6: [1, 2]
7: [16, 9, 10, 15]
8: [18, 15, 5, 6, 16, 17]
9: []
10: [2, 1]
11: [16, 17, 10, 9, 18, 15]
12: [18, 5, 17, 6]
13: [10, 5, 18, 17, 6, 9]
14: [10, 17, 18, 9]
15: [17, 10, 18, 9]
10
0: [8, 7]
1: [8, 7]
2: [8, 11, 12, 7]
3: [11, 12]
4: [15, 8, 16, 7]
5: [1, 2]
6: [2, 1]
7: [16, 11, 12, 15]
8: [18, 15, 7, 8, 16, 17]
9: [1, 2]
10: []
11: [16, 17, 12, 11, 18, 15]
12: [18, 7, 17, 8]
13: [7, 17, 18, 8]
14: [12, 7, 17, 18, 11, 8]
15: [17, 12, 18, 11]
11
0: [3, 4]
1: [10, 3, 9, 4]
2: [10, 3, 12, 11, 9, 4]
3: [10, 3, 12, 11, 9, 4]
4: [16, 15, 3, 4]
5: [16, 9, 10, 15]
6: [16, 11, 12, 15]
7: [16, 10, 3, 12, 11, 15, 9, 4]
8: [18, 15, 16, 17, 4, 3]
9: [18, 15, 9, 16, 17, 10]
10: [18, 15, 11, 12, 16, 17]
11: []
12: [17, 18, 4, 3]
13: [9, 4, 17, 18, 10, 3]
14: [9, 11, 4, 17, 18, 12, 10, 3]
15: [9, 11, 4, 17, 18, 12, 10, 3]
12
0: [4, 5, 7, 6, 8, 3]
1: [4, 5, 6, 7, 8, 3]
2: [8, 4, 7, 3]
3: [3, 4]
4: [4, 5, 7, 6, 8, 3]
5: [6, 5]
6: [8, 7]
7: [3, 4]
8: [17, 4, 5, 7, 18, 6, 8, 3]
9: [17, 6, 18, 5]
10: [8, 17, 18, 7]
11: [17, 18, 3, 4]
12: []
13: [8, 18, 3, 6, 17, 5, 7, 4]
14: [8, 18, 3, 17, 7, 4]
15: [18, 3, 17, 4]
13
0: [4, 5, 6, 7, 8, 3]
1: [9, 6, 8, 4, 5, 7, 10, 3]
2: [8, 9, 10, 3, 4, 7]
3: [9, 10, 3, 4]
4: [4, 5, 7, 6, 8, 3]
5: [9, 6, 5, 10]
6: [8, 7]
7: [10, 3, 9, 4]
8: [17, 4, 5, 7, 18, 6, 8, 3]
9: [9, 6, 17, 18, 5, 10]
10: [8, 17, 18, 7]
11: [18, 10, 3, 17, 9, 4]
12: [17, 4, 5, 7, 18, 6, 8, 3]
13: []
14: [8, 18, 10, 3, 17, 9, 7, 4]
15: [18, 10, 3, 17, 9, 4]
14
0: [8, 4, 7, 3]
1: [8, 9, 10, 3, 4, 7]
2: [8, 11, 9, 10, 3, 12, 4, 7]
3: [11, 10, 3, 12, 9, 4]
4: [4, 7, 8, 3]
5: [9, 10]
6: [8, 11, 12, 7]
7: [10, 3, 12, 11, 9, 4]
8: [17, 4, 7, 18, 8, 3]
9: [9, 17, 18, 10]
10: [8, 11, 18, 17, 12, 7]
11: [18, 10, 3, 12, 17, 11, 9, 4]
12: [17, 4, 7, 18, 8, 3]
13: [9, 4, 17, 7, 18, 8, 10, 3]
14: []
15: [18, 10, 3, 12, 17, 11, 9, 4]
15
0: [3, 4]
1: [9, 10, 3, 4]
2: [11, 10, 3, 12, 9, 4]
3: [10, 3, 12, 11, 9, 4]
4: [4, 3]
5: [9, 10]
6: [11, 12]
7: [10, 3, 12, 11, 9, 4]
8: [17, 18, 4, 3]
9: [9, 18, 17, 10]
10: [18, 11, 17, 12]
11: [18, 10, 3, 12, 17, 11, 9, 4]
12: [17, 4, 18, 3]
13: [9, 4, 17, 18, 10, 3]
14: [9, 11, 4, 17, 18, 12, 10, 3]
15: []
