46
1: [14, 15, 21, 20]
2: [20, 21, 15, 14]
3: [13, 19, 25, 26, 27, 28, 22, 16, 10, 9, 8, 7]
4: [7, 8, 9, 10, 16, 22, 28, 27, 26, 25, 19, 13]
5: [7, 8, 14, 20, 26, 25, 19, 13]
6: [13, 19, 25, 26, 20, 14, 8, 7]
7: [7, 8, 9, 15, 21, 27, 26, 25, 19, 13]
8: [13, 19, 25, 26, 27, 21, 15, 9, 8, 7]
9: [8, 9, 10, 16, 22, 28, 27, 26, 20, 14]
10: [14, 20, 26, 27, 28, 22, 16, 10, 9, 8]
11: [9, 10, 16, 22, 28, 27, 21, 15]
12: [15, 21, 27, 28, 22, 16, 10, 9]
13: [7, 8, 9, 10, 16, 15, 14, 13]
14: [13, 14, 15, 16, 10, 9, 8, 7]
15: [13, 14, 15, 16, 22, 21, 20, 19]
16: [19, 20, 21, 22, 16, 15, 14, 13]
17: [19, 20, 21, 22, 28, 27, 26, 25]
18: [25, 26, 27, 28, 22, 21, 20, 19]
19: [0, 1, 2, 3, 4, 5, 11, 17, 23, 29, 35, 34, 33, 32, 31, 30, 24, 18, 12, 6]
20: [6, 12, 18, 24, 30, 31, 32, 33, 34, 35, 29, 23, 17, 11, 5, 4, 3, 2, 1, 0]
21: [6, 7, 8, 9, 10, 11, 5, 4, 3, 2, 1, 0]
22: [0, 1, 2, 3, 4, 5, 11, 10, 9, 8, 7, 6]
23: [6, 12, 13, 14, 15, 16, 17, 11, 5, 4, 3, 2, 1, 0]
24: [0, 1, 2, 3, 4, 5, 11, 17, 16, 15, 14, 13, 12, 6]
25: [6, 12, 18, 19, 20, 21, 22, 23, 17, 11, 5, 4, 3, 2, 1, 0]
26: [0, 1, 2, 3, 4, 5, 11, 17, 23, 22, 21, 20, 19, 18, 12, 6]
27: [6, 12, 18, 24, 25, 26, 27, 28, 29, 23, 17, 11, 5, 4, 3, 2, 1, 0]
28: [0, 1, 2, 3, 4, 5, 11, 17, 23, 29, 28, 27, 26, 25, 24, 18, 12, 6]
29: [12, 18, 24, 30, 31, 32, 33, 34, 35, 29, 23, 17, 11, 10, 9, 8, 7, 6]
30: [6, 7, 8, 9, 10, 11, 17, 23, 29, 35, 34, 33, 32, 31, 30, 24, 18, 12]
31: [18, 24, 30, 31, 32, 33, 34, 35, 29, 23, 17, 16, 15, 14, 13, 12]
32: [12, 13, 14, 15, 16, 17, 23, 29, 35, 34, 33, 32, 31, 30, 24, 18]
33: [24, 30, 31, 32, 33, 34, 35, 29, 23, 22, 21, 20, 19, 18]
34: [18, 19, 20, 21, 22, 23, 29, 35, 34, 33, 32, 31, 30, 24]
35: [30, 31, 32, 33, 34, 35, 29, 28, 27, 26, 25, 24]
36: [24, 25, 26, 27, 28, 29, 35, 34, 33, 32, 31, 30]
37: [6, 12, 18, 24, 30, 31, 25, 19, 13, 7, 1, 0]
38: [0, 1, 7, 13, 19, 25, 31, 30, 24, 18, 12, 6]
39: [7, 13, 19, 25, 31, 32, 26, 20, 14, 8, 2, 1]
40: [1, 2, 8, 14, 20, 26, 32, 31, 25, 19, 13, 7]
41: [8, 14, 20, 26, 32, 33, 27, 21, 15, 9, 3, 2]
42: [2, 3, 9, 15, 21, 27, 33, 32, 26, 20, 14, 8]
43: [9, 15, 21, 27, 33, 34, 28, 22, 16, 10, 4, 3]
44: [3, 4, 10, 16, 22, 28, 34, 33, 27, 21, 15, 9]
45: [10, 16, 22, 28, 34, 35, 29, 23, 17, 11, 5, 4]
46: [4, 5, 11, 17, 23, 29, 35, 34, 28, 22, 16, 10]
36
0
0: []
1: [38, 19, 22, 24, 26, 28, 37, 21, 23, 25, 27, 20]
2: [19, 22, 24, 26, 28, 21, 23, 25, 27, 20]
3: [19, 22, 24, 26, 28, 21, 23, 25, 27, 20]
4: [19, 22, 24, 26, 28, 21, 23, 25, 27, 20]
5: [19, 22, 24, 26, 28, 21, 23, 25, 27, 20]
6: [37, 20, 21, 23, 25, 27, 38, 22, 24, 26, 28, 19]
7: [21, 38, 37, 22]
8: [21, 22]
9: [21, 22]
10: [21, 22]
11: [19, 21, 22, 24, 26, 28, 23, 25, 27, 20]
12: [37, 20, 23, 25, 27, 38, 24, 26, 28, 19]
13: [38, 23, 37, 24]
14: [23, 24]
15: [23, 24]
16: [23, 24]
17: [19, 23, 24, 26, 28, 25, 27, 20]
18: [25, 27, 20, 37, 38, 26, 28, 19]
19: [25, 38, 37, 26]
20: [25, 26]
21: [25, 26]
22: [25, 26]
23: [25, 26, 19, 28, 27, 20]
24: [27, 20, 37, 38, 28, 19]
25: [27, 38, 37, 28]
26: [27, 28]
27: [27, 28]
28: [27, 28]
29: [27, 19, 28, 20]
30: [20, 37, 38, 19]
31: [20, 37, 38, 19]
32: [20, 19]
33: [20, 19]
34: [20, 19]
35: [19, 20]
1
0: [37, 20, 21, 23, 25, 27, 38, 22, 24, 26, 28, 19]
1: []
2: [40, 19, 22, 24, 26, 28, 21, 39, 23, 25, 27, 20]
3: [19, 22, 24, 26, 28, 21, 23, 25, 27, 20]
4: [19, 22, 24, 26, 28, 21, 23, 25, 27, 20]
5: [19, 22, 24, 26, 28, 21, 23, 25, 27, 20]
6: [37, 20, 21, 23, 25, 27, 38, 22, 24, 26, 28, 19]
7: [38, 39, 21, 22, 40, 37]
8: [40, 21, 22, 39]
9: [21, 22]
10: [21, 22]
11: [19, 22, 24, 26, 28, 21, 23, 25, 27, 20]
12: [37, 20, 23, 25, 27, 38, 24, 26, 28, 19]
13: [38, 39, 23, 24, 40, 37]
14: [40, 23, 24, 39]
15: [23, 24]
16: [24, 23]
17: [24, 26, 19, 28, 23, 25, 27, 20]
18: [25, 27, 20, 37, 38, 26, 28, 19]
19: [38, 39, 25, 40, 37, 26]
20: [40, 25, 39, 26]
21: [25, 26]
22: [25, 26]
23: [26, 19, 28, 25, 27, 20]
24: [27, 20, 37, 38, 28, 19]
25: [38, 39, 27, 40, 37, 28]
26: [40, 27, 39, 28]
27: [27, 28]
28: [27, 28]
29: [19, 28, 27, 20]
30: [20, 37, 38, 19]
31: [38, 39, 40, 20, 37, 19]
32: [40, 39, 20, 19]
33: [20, 19]
34: [19, 20]
35: [19, 20]
2
0: [20, 21, 23, 25, 27, 22, 24, 26, 28, 19]
1: [39, 20, 21, 23, 25, 27, 40, 22, 24, 26, 28, 19]
2: []
3: [42, 19, 22, 24, 26, 28, 41, 21, 23, 25, 27, 20]
4: [19, 22, 24, 26, 28, 21, 23, 25, 27, 20]
5: [19, 22, 24, 26, 28, 21, 23, 25, 27, 20]
6: [20, 21, 23, 25, 27, 22, 24, 26, 28, 19]
7: [39, 21, 22, 40]
8: [40, 41, 21, 22, 42, 39]
9: [42, 21, 22, 41]
10: [22, 21]
11: [19, 22, 24, 26, 28, 21, 23, 25, 27, 20]
12: [25, 27, 20, 23, 24, 26, 28, 19]
13: [39, 23, 24, 40]
14: [40, 41, 23, 24, 42, 39]
15: [42, 24, 23, 41]
16: [24, 23]
17: [24, 26, 19, 28, 23, 25, 27, 20]
18: [25, 27, 20, 26, 28, 19]
19: [39, 25, 40, 26]
20: [40, 41, 25, 26, 42, 39]
21: [42, 25, 26, 41]
22: [26, 25]
23: [26, 19, 28, 25, 27, 20]
24: [27, 20, 28, 19]
25: [39, 40, 27, 28]
26: [40, 41, 42, 27, 39, 28]
27: [42, 41, 27, 28]
28: [28, 27]
29: [19, 28, 27, 20]
30: [20, 19]
31: [40, 39, 20, 19]
32: [40, 41, 42, 39, 20, 19]
33: [41, 42, 19, 20]
34: [19, 20]
35: [19, 20]
3
0: [20, 21, 23, 25, 27, 22, 24, 26, 28, 19]
1: [20, 21, 23, 25, 27, 22, 24, 26, 28, 19]
2: [41, 20, 21, 23, 25, 27, 42, 22, 24, 26, 28, 19]
3: []
4: [44, 19, 22, 24, 26, 28, 43, 21, 23, 25, 27, 20]
5: [19, 22, 24, 26, 28, 21, 23, 25, 27, 20]
6: [20, 21, 23, 25, 27, 22, 24, 26, 28, 19]
7: [21, 22]
8: [41, 21, 22, 42]
9: [42, 43, 22, 21, 41, 44]
10: [44, 22, 21, 43]
11: [19, 22, 24, 26, 28, 21, 23, 25, 27, 20]
12: [25, 27, 20, 23, 24, 26, 28, 19]
13: [23, 24]
14: [41, 24, 23, 42]
15: [42, 43, 24, 23, 41, 44]
16: [44, 24, 43, 23]
17: [24, 26, 19, 28, 23, 25, 27, 20]
18: [25, 27, 20, 26, 28, 19]
19: [25, 26]
20: [41, 25, 26, 42]
21: [42, 43, 26, 25, 44, 41]
22: [44, 26, 43, 25]
23: [26, 19, 28, 25, 27, 20]
24: [27, 20, 28, 19]
25: [27, 28]
26: [41, 42, 27, 28]
27: [42, 43, 41, 28, 44, 27]
28: [44, 43, 28, 27]
29: [19, 28, 27, 20]
30: [20, 19]
31: [20, 19]
32: [41, 42, 19, 20]
33: [42, 43, 41, 44, 19, 20]
34: [43, 44, 19, 20]
35: [19, 20]
4
0: [20, 21, 23, 25, 27, 22, 24, 26, 28, 19]
1: [20, 21, 23, 25, 27, 22, 24, 26, 28, 19]
2: [20, 21, 23, 25, 27, 22, 24, 26, 28, 19]
3: [43, 20, 21, 23, 25, 27, 44, 22, 24, 26, 28, 19]
4: []
5: [46, 19, 22, 24, 26, 28, 45, 21, 23, 25, 27, 20]
6: [20, 21, 23, 25, 27, 22, 24, 26, 28, 19]
7: [21, 22]
8: [22, 21]
9: [43, 22, 21, 44]
10: [44, 45, 22, 21, 43, 46]
11: [46, 19, 22, 24, 26, 28, 45, 21, 23, 25, 27, 20]
12: [25, 27, 20, 23, 24, 26, 28, 19]
13: [24, 23]
14: [24, 23]
15: [43, 24, 44, 23]
16: [44, 45, 24, 43, 46, 23]
17: [46, 19, 24, 26, 28, 45, 23, 25, 27, 20]
18: [25, 27, 20, 26, 28, 19]
19: [25, 26]
20: [26, 25]
21: [43, 26, 44, 25]
22: [44, 45, 26, 43, 46, 25]
23: [26, 19, 28, 46, 45, 25, 27, 20]
24: [27, 20, 28, 19]
25: [27, 28]
26: [28, 27]
27: [43, 28, 44, 27]
28: [44, 45, 28, 43, 46, 27]
29: [19, 28, 46, 45, 27, 20]
30: [20, 19]
31: [19, 20]
32: [19, 20]
33: [43, 44, 19, 20]
34: [44, 45, 43, 19, 46, 20]
35: [19, 45, 46, 20]
5
0: [20, 21, 23, 25, 27, 22, 24, 26, 28, 19]
1: [20, 21, 23, 25, 27, 22, 24, 26, 28, 19]
2: [20, 21, 23, 25, 27, 22, 24, 26, 28, 19]
3: [20, 21, 23, 25, 27, 22, 24, 26, 28, 19]
4: [45, 20, 21, 23, 25, 27, 46, 22, 24, 26, 28, 19]
5: []
6: [20, 21, 22, 23, 25, 27, 24, 26, 28, 19]
7: [22, 21]
8: [22, 21]
9: [22, 21]
10: [45, 22, 21, 46]
11: [46, 19, 22, 24, 26, 28, 45, 21, 23, 25, 27, 20]
12: [20, 23, 24, 25, 27, 26, 28, 19]
13: [24, 23]
14: [24, 23]
15: [24, 23]
16: [24, 45, 46, 23]
17: [46, 19, 24, 26, 28, 45, 23, 25, 27, 20]
18: [25, 26, 27, 20, 28, 19]
19: [26, 25]
20: [26, 25]
21: [26, 25]
22: [26, 45, 46, 25]
23: [26, 19, 28, 46, 45, 25, 27, 20]
24: [27, 20, 28, 19]
25: [28, 27]
26: [28, 27]
27: [28, 27]
28: [28, 45, 46, 27]
29: [19, 28, 46, 45, 27, 20]
30: [19, 20]
31: [19, 20]
32: [19, 20]
33: [19, 20]
34: [19, 45, 46, 20]
35: [19, 46, 45, 20]
6
0: [38, 19, 22, 24, 26, 28, 37, 21, 23, 25, 27, 20]
1: [38, 19, 22, 24, 26, 28, 37, 21, 23, 25, 27, 20]
2: [19, 22, 24, 26, 28, 21, 23, 25, 27, 20]
3: [19, 22, 24, 26, 28, 21, 23, 25, 27, 20]
4: [19, 22, 24, 26, 28, 21, 23, 25, 27, 20]
5: [19, 21, 22, 24, 26, 28, 23, 25, 27, 20]
6: []
7: [21, 30, 38, 37, 22, 29]
8: [21, 30, 22, 29]
9: [21, 30, 22, 29]
10: [21, 30, 22, 29]
11: [21, 30, 19, 22, 23, 24, 26, 28, 25, 27, 20, 29]
12: [37, 20, 23, 25, 27, 29, 38, 24, 26, 28, 30, 19]
13: [23, 38, 37, 24]
14: [23, 24]
15: [23, 24]
16: [23, 24]
17: [30, 23, 19, 24, 25, 26, 28, 27, 20, 29]
18: [37, 20, 25, 27, 29, 38, 26, 28, 30, 19]
19: [25, 38, 37, 26]
20: [25, 26]
21: [25, 26]
22: [25, 26]
23: [25, 30, 27, 26, 19, 28, 20, 29]
24: [37, 27, 20, 29, 38, 28, 30, 19]
25: [27, 37, 38, 28]
26: [27, 28]
27: [27, 28]
28: [27, 28]
29: [27, 30, 29, 19, 20, 28]
30: [37, 20, 29, 38, 30, 19]
31: [37, 20, 29, 38, 30, 19]
32: [20, 29, 30, 19]
33: [20, 29, 30, 19]
34: [20, 29, 30, 19]
35: [20, 29, 30, 19]
7
0: [37, 22, 21, 38]
1: [40, 37, 22, 21, 38, 39]
2: [40, 22, 21, 39]
3: [22, 21]
4: [21, 22]
5: [21, 22]
6: [29, 22, 37, 38, 21, 30]
7: []
8: [13, 4, 5, 7, 6, 14, 8, 3]
9: [4, 13, 7, 14, 8, 3]
10: [4, 13, 14, 3]
11: [21, 30, 22, 29]
12: [29, 37, 38, 30]
13: [8, 3, 6, 14, 13, 5, 7, 4]
14: [5, 14, 13, 6]
15: [14, 7, 13, 8]
16: [4, 13, 14, 3]
17: [30, 29]
18: [29, 37, 38, 30]
19: [8, 3, 6, 5, 7, 4]
20: [5, 6]
21: [7, 8]
22: [4, 3]
23: [30, 29]
24: [29, 37, 38, 30]
25: [8, 3, 6, 5, 7, 4]
26: [8, 3, 5, 6, 7, 4]
27: [8, 3, 7, 4]
28: [3, 4]
29: [30, 29]
30: [29, 38, 37, 30]
31: [38, 39, 29, 40, 37, 30]
32: [39, 40, 29, 30]
33: [29, 30]
34: [29, 30]
35: [30, 29]
8
0: [22, 21]
1: [39, 22, 21, 40]
2: [42, 39, 22, 21, 40, 41]
3: [42, 21, 22, 41]
4: [21, 22]
5: [21, 22]
6: [29, 22, 21, 30]
7: [8, 3, 6, 14, 13, 5, 7, 4]
8: []
9: [9, 4, 13, 7, 14, 8, 10, 3]
10: [9, 4, 13, 14, 10, 3]
11: [21, 30, 22, 29]
12: [29, 30]
13: [8, 3, 6, 14, 13, 5, 7, 4]
14: [10, 5, 14, 13, 6, 9]
15: [7, 13, 14, 8]
16: [9, 4, 13, 14, 10, 3]
17: [30, 29]
18: [29, 30]
19: [8, 3, 6, 5, 7, 4]
20: [10, 5, 6, 9]
21: [7, 8]
22: [9, 4, 10, 3]
23: [30, 29]
24: [29, 30]
25: [8, 3, 5, 6, 7, 4]
26: [10, 5, 8, 3, 6, 7, 9, 4]
27: [10, 7, 8, 9, 3, 4]
28: [9, 10, 4, 3]
29: [30, 29]
30: [29, 30]
31: [40, 29, 39, 30]
32: [40, 41, 42, 29, 39, 30]
33: [41, 42, 29, 30]
34: [30, 29]
35: [30, 29]
9
0: [22, 21]
1: [22, 21]
2: [41, 21, 22, 42]
3: [41, 44, 21, 22, 42, 43]
4: [44, 21, 22, 43]
5: [21, 22]
6: [29, 22, 21, 30]
7: [8, 3, 14, 13, 7, 4]
8: [8, 10, 3, 14, 13, 9, 7, 4]
9: []
10: [9, 11, 4, 13, 12, 14, 10, 3]
11: [21, 30, 22, 29]
12: [29, 30]
13: [8, 3, 14, 13, 7, 4]
14: [10, 13, 14, 9]
15: [12, 7, 13, 14, 11, 8]
16: [9, 11, 4, 13, 12, 14, 10, 3]
17: [30, 29]
18: [29, 30]
19: [8, 3, 7, 4]
20: [10, 9]
21: [12, 7, 11, 8]
22: [9, 11, 4, 12, 10, 3]
23: [30, 29]
24: [29, 30]
25: [8, 3, 7, 4]
26: [10, 7, 8, 9, 3, 4]
27: [12, 7, 9, 10, 11, 4, 8, 3]
28: [9, 11, 4, 12, 10, 3]
29: [30, 29]
30: [29, 30]
31: [29, 30]
32: [42, 41, 29, 30]
33: [42, 43, 41, 44, 30, 29]
34: [43, 44, 30, 29]
35: [30, 29]
10
0: [22, 21]
1: [21, 22]
2: [21, 22]
3: [43, 21, 22, 44]
4: [43, 46, 21, 22, 44, 45]
5: [21, 46, 45, 22]
6: [29, 22, 21, 30]
7: [3, 14, 13, 4]
8: [10, 3, 14, 13, 9, 4]
9: [10, 3, 12, 14, 11, 13, 9, 4]
10: []
11: [21, 30, 46, 45, 22, 29]
12: [29, 30]
13: [3, 13, 14, 4]
14: [10, 13, 14, 9]
15: [12, 13, 11, 14]
16: [9, 11, 4, 13, 12, 14, 10, 3]
17: [30, 46, 45, 29]
18: [29, 30]
19: [3, 4]
20: [10, 9]
21: [12, 11]
22: [9, 11, 4, 12, 10, 3]
23: [30, 46, 45, 29]
24: [29, 30]
25: [3, 4]
26: [9, 10, 4, 3]
27: [9, 11, 4, 12, 10, 3]
28: [9, 11, 4, 12, 10, 3]
29: [30, 45, 46, 29]
30: [29, 30]
31: [29, 30]
32: [30, 29]
33: [44, 43, 30, 29]
34: [44, 45, 30, 43, 46, 29]
35: [45, 30, 46, 29]
11
0: [20, 21, 22, 23, 25, 27, 24, 26, 28, 19]
1: [20, 21, 23, 25, 27, 22, 24, 26, 28, 19]
2: [20, 21, 23, 25, 27, 22, 24, 26, 28, 19]
3: [20, 21, 23, 25, 27, 22, 24, 26, 28, 19]
4: [45, 20, 21, 23, 25, 27, 46, 22, 24, 26, 28, 19]
5: [45, 20, 21, 23, 25, 27, 46, 22, 24, 26, 28, 19]
6: [29, 22, 20, 21, 23, 24, 25, 27, 26, 28, 19, 30]
7: [29, 22, 21, 30]
8: [29, 22, 21, 30]
9: [29, 22, 21, 30]
10: [29, 22, 45, 46, 21, 30]
11: []
12: [24, 29, 20, 23, 25, 26, 27, 28, 19, 30]
13: [24, 23]
14: [24, 23]
15: [24, 23]
16: [24, 45, 46, 23]
17: [46, 19, 24, 26, 28, 30, 45, 23, 25, 27, 29, 20]
18: [26, 29, 25, 27, 20, 28, 19, 30]
19: [26, 25]
20: [26, 25]
21: [26, 25]
22: [26, 45, 46, 25]
23: [46, 19, 26, 28, 30, 45, 25, 27, 29, 20]
24: [28, 29, 27, 19, 20, 30]
25: [28, 27]
26: [28, 27]
27: [28, 27]
28: [28, 45, 46, 27]
29: [46, 19, 28, 30, 45, 27, 29, 20]
30: [19, 29, 30, 20]
31: [19, 30, 29, 20]
32: [19, 30, 29, 20]
33: [19, 30, 29, 20]
34: [46, 19, 30, 45, 29, 20]
35: [46, 19, 30, 45, 29, 20]
12
0: [38, 19, 24, 26, 28, 37, 23, 25, 27, 20]
1: [38, 19, 24, 26, 28, 37, 23, 25, 27, 20]
2: [24, 26, 19, 28, 23, 25, 27, 20]
3: [24, 26, 19, 28, 23, 25, 27, 20]
4: [24, 26, 19, 28, 23, 25, 27, 20]
5: [19, 23, 24, 26, 28, 25, 27, 20]
6: [38, 19, 24, 26, 28, 30, 37, 23, 25, 27, 29, 20]
7: [30, 38, 37, 29]
8: [30, 29]
9: [30, 29]
10: [30, 29]
11: [30, 23, 19, 24, 25, 26, 28, 27, 20, 29]
12: []
13: [32, 23, 38, 37, 24, 31]
14: [32, 23, 24, 31]
15: [32, 23, 24, 31]
16: [32, 23, 24, 31]
17: [32, 23, 25, 30, 19, 24, 26, 27, 28, 20, 29, 31]
18: [37, 20, 25, 27, 29, 31, 38, 32, 26, 28, 30, 19]
19: [25, 37, 38, 26]
20: [25, 26]
21: [25, 26]
22: [25, 26]
23: [32, 25, 27, 30, 19, 20, 26, 28, 29, 31]
24: [37, 20, 27, 29, 31, 38, 32, 28, 30, 19]
25: [27, 37, 38, 28]
26: [27, 28]
27: [27, 28]
28: [27, 28]
29: [32, 27, 20, 29, 30, 31, 19, 28]
30: [37, 20, 29, 31, 38, 32, 30, 19]
31: [37, 20, 29, 31, 38, 32, 30, 19]
32: [20, 29, 31, 32, 30, 19]
33: [20, 29, 31, 32, 30, 19]
34: [20, 29, 31, 32, 30, 19]
35: [32, 20, 29, 31, 30, 19]
13
0: [24, 37, 38, 23]
1: [40, 37, 24, 39, 38, 23]
2: [40, 24, 39, 23]
3: [24, 23]
4: [24, 23]
5: [23, 24]
6: [24, 37, 38, 23]
7: [13, 4, 5, 7, 6, 14, 8, 3]
8: [13, 4, 5, 7, 6, 14, 8, 3]
9: [4, 13, 7, 14, 8, 3]
10: [4, 13, 14, 3]
11: [23, 24]
12: [24, 31, 37, 38, 23, 32]
13: []
14: [14, 15, 5, 6, 16, 13]
15: [14, 15, 7, 8, 16, 13]
16: [14, 15, 16, 4, 13, 3]
17: [32, 23, 24, 31]
18: [31, 37, 38, 32]
19: [8, 16, 3, 6, 5, 15, 7, 4]
20: [16, 5, 6, 15]
21: [16, 8, 15, 7]
22: [16, 15, 3, 4]
23: [32, 31]
24: [31, 38, 37, 32]
25: [8, 3, 6, 5, 7, 4]
26: [8, 3, 6, 5, 7, 4]
27: [8, 3, 7, 4]
28: [3, 4]
29: [32, 31]
30: [38, 31, 37, 32]
31: [38, 39, 31, 40, 37, 32]
32: [39, 31, 40, 32]
33: [31, 32]
34: [32, 31]
35: [32, 31]
14
0: [24, 23]
1: [39, 24, 40, 23]
2: [42, 39, 24, 23, 40, 41]
3: [42, 24, 23, 41]
4: [23, 24]
5: [23, 24]
6: [24, 23]
7: [13, 6, 5, 14]
8: [9, 6, 13, 14, 5, 10]
9: [9, 13, 14, 10]
10: [9, 14, 13, 10]
11: [23, 24]
12: [24, 31, 23, 32]
13: [16, 13, 6, 5, 14, 15]
14: []
15: [1, 2]
16: [14, 15, 9, 16, 10, 13]
17: [32, 23, 24, 31]
18: [31, 32]
19: [16, 5, 6, 15]
20: [2, 1]
21: [1, 2]
22: [15, 16, 9, 10]
23: [32, 31]
24: [31, 32]
25: [5, 6]
26: [10, 5, 6, 9]
27: [10, 9]
28: [10, 9]
29: [32, 31]
30: [31, 32]
31: [40, 31, 39, 32]
32: [40, 41, 31, 32, 42, 39]
33: [41, 32, 42, 31]
34: [32, 31]
35: [32, 31]
15
0: [24, 23]
1: [24, 23]
2: [41, 24, 23, 42]
3: [41, 44, 23, 24, 42, 43]
4: [44, 23, 24, 43]
5: [23, 24]
6: [24, 23]
7: [8, 13, 14, 7]
8: [8, 13, 14, 7]
9: [8, 11, 14, 13, 12, 7]
10: [11, 14, 12, 13]
11: [23, 24]
12: [24, 31, 23, 32]
13: [16, 13, 8, 15, 14, 7]
14: [2, 1]
15: []
16: [14, 15, 11, 12, 16, 13]
17: [32, 23, 24, 31]
18: [31, 32]
19: [16, 8, 15, 7]
20: [1, 2]
21: [1, 2]
22: [15, 11, 12, 16]
23: [32, 31]
24: [31, 32]
25: [7, 8]
26: [7, 8]
27: [12, 7, 11, 8]
28: [12, 11]
29: [32, 31]
30: [31, 32]
31: [31, 32]
32: [42, 32, 41, 31]
33: [42, 43, 32, 41, 44, 31]
34: [43, 32, 44, 31]
35: [32, 31]
16
0: [24, 23]
1: [24, 23]
2: [23, 24]
3: [43, 23, 24, 44]
4: [43, 46, 23, 24, 44, 45]
5: [46, 23, 45, 24]
6: [24, 23]
7: [3, 13, 14, 4]
8: [10, 3, 14, 13, 9, 4]
9: [10, 3, 12, 14, 11, 13, 9, 4]
10: [10, 3, 12, 14, 11, 13, 9, 4]
11: [23, 46, 45, 24]
12: [24, 31, 23, 32]
13: [16, 13, 3, 14, 15, 4]
14: [16, 13, 10, 9, 14, 15]
15: [16, 13, 12, 11, 14, 15]
16: []
17: [32, 23, 46, 45, 24, 31]
18: [31, 32]
19: [16, 15, 3, 4]
20: [15, 16, 9, 10]
21: [15, 11, 12, 16]
22: [9, 11, 4, 15, 16, 12, 10, 3]
23: [32, 45, 46, 31]
24: [31, 32]
25: [4, 3]
26: [9, 4, 10, 3]
27: [9, 11, 4, 12, 10, 3]
28: [9, 11, 4, 12, 10, 3]
29: [32, 45, 46, 31]
30: [31, 32]
31: [32, 31]
32: [32, 31]
33: [44, 32, 43, 31]
34: [44, 45, 32, 43, 46, 31]
35: [32, 45, 46, 31]
17
0: [20, 23, 24, 25, 27, 26, 28, 19]
1: [25, 27, 20, 23, 24, 26, 28, 19]
2: [25, 27, 20, 23, 24, 26, 28, 19]
3: [25, 27, 20, 23, 24, 26, 28, 19]
4: [45, 20, 23, 25, 27, 46, 24, 26, 28, 19]
5: [45, 20, 23, 25, 27, 46, 24, 26, 28, 19]
6: [24, 29, 20, 23, 25, 26, 27, 28, 19, 30]
7: [29, 30]
8: [29, 30]
9: [29, 30]
10: [29, 45, 46, 30]
11: [45, 20, 23, 25, 27, 29, 46, 24, 26, 28, 30, 19]
12: [24, 31, 26, 29, 20, 23, 25, 27, 28, 32, 19, 30]
13: [24, 31, 23, 32]
14: [24, 31, 23, 32]
15: [24, 31, 23, 32]
16: [24, 31, 45, 46, 23, 32]
17: []
18: [26, 31, 28, 29, 32, 19, 20, 25, 27, 30]
19: [26, 25]
20: [26, 25]
21: [26, 25]
22: [26, 45, 46, 25]
23: [32, 46, 19, 26, 28, 30, 45, 25, 31, 27, 29, 20]
24: [28, 31, 32, 19, 29, 30, 27, 20]
25: [28, 27]
26: [28, 27]
27: [28, 27]
28: [28, 46, 45, 27]
29: [32, 46, 19, 28, 30, 45, 31, 27, 29, 20]
30: [32, 19, 30, 31, 29, 20]
31: [32, 19, 30, 31, 29, 20]
32: [32, 19, 30, 31, 29, 20]
33: [32, 19, 30, 31, 29, 20]
34: [32, 46, 19, 30, 45, 31, 29, 20]
35: [32, 46, 19, 30, 45, 31, 29, 20]
18
0: [26, 19, 28, 38, 37, 25, 27, 20]
1: [26, 19, 28, 38, 37, 25, 27, 20]
2: [26, 19, 28, 25, 27, 20]
3: [26, 19, 28, 25, 27, 20]
4: [26, 19, 28, 25, 27, 20]
5: [25, 26, 19, 28, 27, 20]
6: [38, 19, 26, 28, 30, 37, 25, 27, 29, 20]
7: [30, 38, 37, 29]
8: [30, 29]
9: [30, 29]
10: [30, 29]
11: [25, 30, 27, 26, 19, 28, 20, 29]
12: [32, 38, 19, 26, 28, 30, 37, 25, 31, 27, 29, 20]
13: [32, 37, 38, 31]
14: [32, 31]
15: [32, 31]
16: [32, 31]
17: [32, 25, 27, 30, 19, 20, 26, 28, 29, 31]
18: []
19: [25, 34, 37, 38, 33, 26]
20: [25, 34, 33, 26]
21: [25, 34, 33, 26]
22: [25, 34, 33, 26]
23: [25, 34, 32, 27, 33, 20, 29, 30, 31, 26, 19, 28]
24: [33, 37, 20, 27, 29, 31, 38, 34, 32, 28, 30, 19]
25: [27, 37, 38, 28]
26: [27, 28]
27: [27, 28]
28: [27, 28]
29: [34, 27, 32, 33, 20, 29, 31, 30, 19, 28]
30: [33, 37, 20, 29, 31, 38, 34, 32, 30, 19]
31: [33, 37, 20, 29, 31, 38, 34, 32, 30, 19]
32: [33, 20, 29, 31, 34, 32, 30, 19]
33: [33, 20, 29, 31, 34, 32, 30, 19]
34: [33, 20, 29, 31, 34, 32, 30, 19]
35: [33, 34, 20, 29, 31, 32, 30, 19]
19
0: [26, 37, 38, 25]
1: [40, 37, 26, 38, 39, 25]
2: [40, 26, 39, 25]
3: [26, 25]
4: [25, 26]
5: [25, 26]
6: [26, 37, 38, 25]
7: [4, 5, 7, 6, 8, 3]
8: [4, 5, 7, 6, 8, 3]
9: [4, 7, 8, 3]
10: [4, 3]
11: [25, 26]
12: [26, 37, 38, 25]
13: [15, 4, 5, 7, 16, 6, 8, 3]
14: [15, 5, 6, 16]
15: [15, 8, 16, 7]
16: [16, 15, 3, 4]
17: [25, 26]
18: [33, 26, 38, 37, 34, 25]
19: []
20: [16, 17, 6, 5, 18, 15]
21: [16, 17, 8, 18, 15, 7]
22: [16, 17, 18, 3, 15, 4]
23: [25, 34, 33, 26]
24: [33, 38, 37, 34]
25: [8, 18, 3, 6, 17, 5, 7, 4]
26: [8, 18, 3, 6, 17, 5, 7, 4]
27: [8, 18, 3, 17, 7, 4]
28: [17, 18, 3, 4]
29: [34, 33]
30: [33, 38, 37, 34]
31: [38, 39, 33, 40, 34, 37]
32: [39, 33, 40, 34]
33: [33, 34]
34: [33, 34]
35: [34, 33]
20
0: [26, 25]
1: [39, 26, 40, 25]
2: [42, 39, 26, 40, 25, 41]
3: [42, 25, 26, 41]
4: [25, 26]
5: [25, 26]
6: [26, 25]
7: [6, 5]
8: [9, 6, 5, 10]
9: [9, 10]
10: [9, 10]
11: [25, 26]
12: [26, 25]
13: [15, 5, 6, 16]
14: [1, 2]
15: [1, 2]
16: [16, 9, 10, 15]
17: [25, 26]
18: [33, 26, 34, 25]
19: [18, 15, 5, 6, 16, 17]
20: []
21: [2, 1]
22: [16, 17, 10, 9, 18, 15]
23: [25, 34, 33, 26]
24: [33, 34]
25: [18, 5, 17, 6]
26: [10, 5, 18, 17, 6, 9]
27: [10, 17, 18, 9]
28: [17, 10, 18, 9]
29: [34, 33]
30: [33, 34]
31: [40, 33, 34, 39]
32: [40, 41, 33, 34, 42, 39]
33: [41, 33, 34, 42]
34: [34, 33]
35: [34, 33]
21
0: [26, 25]
1: [26, 25]
2: [41, 25, 26, 42]
3: [41, 44, 25, 26, 43, 42]
4: [44, 25, 43, 26]
5: [25, 26]
6: [26, 25]
7: [8, 7]
8: [8, 7]
9: [8, 11, 12, 7]
10: [11, 12]
11: [25, 26]
12: [26, 25]
13: [15, 8, 16, 7]
14: [1, 2]
15: [2, 1]
16: [16, 11, 12, 15]
17: [25, 26]
18: [33, 26, 34, 25]
19: [18, 15, 7, 8, 16, 17]
20: [1, 2]
21: []
22: [16, 17, 12, 11, 18, 15]
23: [25, 34, 33, 26]
24: [33, 34]
25: [18, 7, 17, 8]
26: [7, 17, 18, 8]
27: [12, 7, 17, 18, 11, 8]
28: [17, 12, 18, 11]
29: [34, 33]
30: [33, 34]
31: [33, 34]
32: [42, 33, 34, 41]
33: [42, 43, 34, 33, 41, 44]
34: [43, 34, 33, 44]
35: [34, 33]
22
0: [26, 25]
1: [25, 26]
2: [25, 26]
3: [43, 25, 44, 26]
4: [43, 46, 25, 44, 45, 26]
5: [25, 46, 45, 26]
6: [26, 25]
7: [3, 4]
8: [10, 3, 9, 4]
9: [10, 3, 12, 11, 9, 4]
10: [10, 3, 12, 11, 9, 4]
11: [25, 46, 45, 26]
12: [26, 25]
13: [16, 15, 3, 4]
14: [16, 9, 10, 15]
15: [16, 11, 12, 15]
16: [16, 10, 3, 12, 11, 15, 9, 4]
17: [25, 45, 46, 26]
18: [33, 26, 34, 25]
19: [18, 15, 16, 17, 4, 3]
20: [18, 15, 9, 16, 17, 10]
21: [18, 15, 11, 12, 16, 17]
22: []
23: [25, 34, 45, 46, 33, 26]
24: [33, 34]
25: [17, 18, 4, 3]
26: [9, 4, 17, 18, 10, 3]
27: [9, 11, 4, 17, 18, 12, 10, 3]
28: [9, 11, 4, 17, 18, 12, 10, 3]
29: [34, 45, 46, 33]
30: [33, 34]
31: [33, 34]
32: [34, 33]
33: [44, 34, 33, 43]
34: [44, 45, 34, 33, 43, 46]
35: [34, 45, 46, 33]
23
0: [25, 26, 27, 20, 28, 19]
1: [25, 27, 20, 26, 28, 19]
2: [25, 27, 20, 26, 28, 19]
3: [25, 27, 20, 26, 28, 19]
4: [25, 27, 20, 45, 46, 26, 28, 19]
5: [25, 27, 20, 45, 46, 26, 28, 19]
6: [26, 29, 25, 27, 20, 28, 19, 30]
7: [29, 30]
8: [29, 30]
9: [29, 30]
10: [29, 45, 46, 30]
11: [45, 20, 25, 27, 29, 46, 26, 28, 30, 19]
12: [26, 31, 28, 29, 32, 19, 20, 25, 27, 30]
13: [31, 32]
14: [31, 32]
15: [31, 32]
16: [31, 45, 46, 32]
17: [45, 20, 25, 27, 29, 31, 46, 32, 26, 28, 30, 19]
18: [33, 26, 28, 31, 32, 34, 19, 29, 30, 25, 27, 20]
19: [33, 26, 34, 25]
20: [33, 26, 34, 25]
21: [33, 26, 34, 25]
22: [33, 26, 46, 45, 34, 25]
23: []
24: [33, 28, 32, 34, 19, 30, 31, 29, 27, 20]
25: [28, 27]
26: [28, 27]
27: [28, 27]
28: [28, 46, 45, 27]
29: [32, 34, 46, 19, 28, 30, 45, 33, 31, 27, 29, 20]
30: [32, 33, 34, 19, 30, 31, 29, 20]
31: [32, 34, 19, 30, 33, 31, 29, 20]
32: [32, 34, 19, 30, 33, 31, 29, 20]
33: [32, 34, 19, 30, 33, 31, 29, 20]
34: [32, 34, 46, 19, 30, 45, 33, 31, 29, 20]
35: [32, 34, 46, 19, 30, 45, 33, 31, 29, 20]
24
0: [19, 28, 38, 37, 27, 20]
1: [19, 28, 38, 37, 27, 20]
2: [19, 28, 27, 20]
3: [19, 28, 27, 20]
4: [19, 28, 27, 20]
5: [27, 19, 28, 20]
6: [38, 19, 28, 30, 37, 27, 29, 20]
7: [30, 37, 38, 29]
8: [30, 29]
9: [30, 29]
10: [30, 29]
11: [27, 30, 29, 19, 20, 28]
12: [32, 38, 19, 28, 30, 37, 31, 27, 29, 20]
13: [32, 37, 38, 31]
14: [32, 31]
15: [32, 31]
16: [32, 31]
17: [32, 27, 20, 29, 30, 31, 19, 28]
18: [32, 34, 38, 19, 28, 30, 37, 33, 31, 27, 29, 20]
19: [34, 37, 38, 33]
20: [34, 33]
21: [34, 33]
22: [34, 33]
23: [34, 27, 32, 33, 20, 29, 31, 30, 19, 28]
24: []
25: [27, 36, 37, 38, 35, 28]
26: [27, 36, 35, 28]
27: [27, 36, 35, 28]
28: [27, 36, 35, 28]
29: [27, 36, 33, 34, 35, 20, 29, 31, 32, 30, 19, 28]
30: [33, 35, 37, 20, 29, 31, 36, 38, 34, 32, 30, 19]
31: [33, 35, 37, 20, 29, 31, 36, 38, 34, 32, 30, 19]
32: [33, 35, 20, 29, 31, 36, 34, 32, 30, 19]
33: [33, 35, 20, 29, 31, 36, 34, 32, 30, 19]
34: [33, 35, 20, 29, 31, 36, 34, 32, 30, 19]
35: [33, 35, 36, 20, 29, 31, 34, 32, 30, 19]
25
0: [28, 37, 38, 27]
1: [40, 37, 28, 38, 39, 27]
2: [40, 28, 39, 27]
3: [28, 27]
4: [27, 28]
5: [27, 28]
6: [28, 37, 38, 27]
7: [4, 5, 7, 6, 8, 3]
8: [4, 5, 6, 7, 8, 3]
9: [8, 4, 7, 3]
10: [3, 4]
11: [27, 28]
12: [28, 38, 37, 27]
13: [4, 5, 7, 6, 8, 3]
14: [6, 5]
15: [8, 7]
16: [3, 4]
17: [27, 28]
18: [28, 38, 37, 27]
19: [17, 4, 5, 7, 18, 6, 8, 3]
20: [17, 6, 18, 5]
21: [8, 17, 18, 7]
22: [17, 18, 3, 4]
23: [27, 28]
24: [35, 28, 38, 37, 36, 27]
25: []
26: [8, 18, 3, 6, 17, 5, 7, 4]
27: [8, 18, 3, 17, 7, 4]
28: [18, 3, 17, 4]
29: [27, 36, 35, 28]
30: [35, 38, 36, 37]
31: [38, 39, 35, 36, 40, 37]
32: [39, 35, 36, 40]
33: [35, 36]
34: [35, 36]
35: [36, 35]
26
0: [28, 27]
1: [39, 40, 28, 27]
2: [42, 39, 40, 41, 28, 27]
3: [42, 41, 27, 28]
4: [27, 28]
5: [27, 28]
6: [28, 27]
7: [4, 5, 6, 7, 8, 3]
8: [9, 6, 8, 4, 5, 7, 10, 3]
9: [8, 9, 10, 3, 4, 7]
10: [9, 10, 3, 4]
11: [27, 28]
12: [28, 27]
13: [4, 5, 7, 6, 8, 3]
14: [9, 6, 5, 10]
15: [8, 7]
16: [10, 3, 9, 4]
17: [27, 28]
18: [28, 27]
19: [17, 4, 5, 7, 18, 6, 8, 3]
20: [9, 6, 17, 18, 5, 10]
21: [8, 17, 18, 7]
22: [18, 10, 3, 17, 9, 4]
23: [27, 28]
24: [35, 28, 36, 27]
25: [17, 4, 5, 7, 18, 6, 8, 3]
26: []
27: [8, 18, 10, 3, 17, 9, 7, 4]
28: [18, 10, 3, 17, 9, 4]
29: [27, 36, 35, 28]
30: [35, 36]
31: [40, 35, 36, 39]
32: [40, 41, 35, 36, 42, 39]
33: [41, 35, 36, 42]
34: [36, 35]
35: [36, 35]
27
0: [28, 27]
1: [28, 27]
2: [41, 42, 27, 28]
3: [41, 44, 43, 42, 27, 28]
4: [44, 43, 27, 28]
5: [27, 28]
6: [28, 27]
7: [8, 4, 7, 3]
8: [8, 9, 10, 3, 4, 7]
9: [8, 11, 9, 10, 3, 12, 4, 7]
10: [11, 10, 3, 12, 9, 4]
11: [27, 28]
12: [28, 27]
13: [4, 7, 8, 3]
14: [9, 10]
15: [8, 11, 12, 7]
16: [10, 3, 12, 11, 9, 4]
17: [27, 28]
18: [28, 27]
19: [17, 4, 7, 18, 8, 3]
20: [9, 17, 18, 10]
21: [8, 11, 18, 17, 12, 7]
22: [18, 10, 3, 12, 17, 11, 9, 4]
23: [27, 28]
24: [35, 28, 36, 27]
25: [17, 4, 7, 18, 8, 3]
26: [9, 4, 17, 7, 18, 8, 10, 3]
27: []
28: [18, 10, 3, 12, 17, 11, 9, 4]
29: [27, 36, 35, 28]
30: [35, 36]
31: [35, 36]
32: [42, 35, 36, 41]
33: [42, 43, 36, 35, 41, 44]
34: [43, 36, 35, 44]
35: [36, 35]
28
0: [28, 27]
1: [27, 28]
2: [27, 28]
3: [43, 27, 44, 28]
4: [43, 46, 27, 44, 45, 28]
5: [27, 46, 45, 28]
6: [28, 27]
7: [3, 4]
8: [9, 10, 3, 4]
9: [11, 10, 3, 12, 9, 4]
10: [10, 3, 12, 11, 9, 4]
11: [27, 45, 46, 28]
12: [28, 27]
13: [4, 3]
14: [9, 10]
15: [11, 12]
16: [10, 3, 12, 11, 9, 4]
17: [27, 45, 46, 28]
18: [28, 27]
19: [17, 18, 4, 3]
20: [9, 18, 17, 10]
21: [18, 11, 17, 12]
22: [18, 10, 3, 12, 17, 11, 9, 4]
23: [27, 45, 46, 28]
24: [35, 28, 36, 27]
25: [17, 4, 18, 3]
26: [9, 4, 17, 18, 10, 3]
27: [9, 11, 4, 17, 18, 12, 10, 3]
28: []
29: [27, 36, 45, 46, 35, 28]
30: [35, 36]
31: [35, 36]
32: [36, 35]
33: [44, 36, 35, 43]
34: [44, 45, 36, 35, 43, 46]
35: [36, 45, 35, 46]
29
0: [27, 20, 28, 19]
1: [27, 20, 28, 19]
2: [27, 20, 28, 19]
3: [27, 20, 28, 19]
4: [27, 20, 45, 46, 28, 19]
5: [27, 20, 45, 46, 28, 19]
6: [28, 29, 27, 19, 20, 30]
7: [29, 30]
8: [29, 30]
9: [29, 30]
10: [29, 45, 46, 30]
11: [45, 27, 20, 29, 46, 28, 30, 19]
12: [28, 31, 32, 19, 29, 30, 27, 20]
13: [31, 32]
14: [31, 32]
15: [31, 32]
16: [31, 46, 45, 32]
17: [45, 20, 27, 29, 31, 46, 32, 28, 30, 19]
18: [33, 28, 32, 34, 19, 30, 31, 29, 27, 20]
19: [33, 34]
20: [33, 34]
21: [33, 34]
22: [33, 46, 45, 34]
23: [33, 45, 20, 27, 29, 31, 46, 34, 32, 28, 30, 19]
24: [35, 28, 32, 33, 34, 36, 19, 30, 31, 29, 27, 20]
25: [35, 28, 36, 27]
26: [35, 28, 36, 27]
27: [35, 28, 36, 27]
28: [35, 28, 46, 45, 36, 27]
29: []
30: [32, 34, 35, 36, 19, 30, 33, 31, 29, 20]
31: [32, 34, 36, 19, 30, 35, 33, 31, 29, 20]
32: [32, 34, 36, 19, 30, 35, 33, 31, 29, 20]
33: [32, 34, 36, 19, 30, 35, 33, 31, 29, 20]
34: [32, 34, 36, 46, 19, 30, 35, 45, 33, 31, 29, 20]
35: [32, 34, 36, 46, 19, 30, 35, 45, 33, 31, 29, 20]
30
0: [19, 38, 37, 20]
1: [19, 37, 38, 20]
2: [19, 20]
3: [19, 20]
4: [19, 20]
5: [19, 20]
6: [38, 19, 30, 37, 29, 20]
7: [37, 30, 38, 29]
8: [30, 29]
9: [30, 29]
10: [30, 29]
11: [20, 29, 30, 19]
12: [32, 38, 19, 30, 37, 31, 29, 20]
13: [32, 37, 38, 31]
14: [32, 31]
15: [32, 31]
16: [32, 31]
17: [32, 20, 29, 31, 30, 19]
18: [32, 34, 38, 19, 30, 37, 33, 31, 29, 20]
19: [34, 37, 38, 33]
20: [34, 33]
21: [34, 33]
22: [34, 33]
23: [33, 34, 20, 29, 31, 32, 30, 19]
24: [32, 34, 36, 38, 19, 30, 35, 37, 33, 31, 29, 20]
25: [36, 37, 35, 38]
26: [36, 35]
27: [36, 35]
28: [36, 35]
29: [33, 35, 36, 20, 29, 31, 34, 32, 30, 19]
30: []
31: [33, 35, 37, 20, 29, 31, 36, 38, 34, 32, 30, 19]
32: [33, 35, 20, 29, 31, 36, 34, 32, 30, 19]
33: [33, 35, 20, 29, 31, 36, 34, 32, 30, 19]
34: [33, 35, 20, 29, 31, 36, 34, 32, 30, 19]
35: [33, 35, 20, 29, 31, 36, 34, 32, 30, 19]
31
0: [19, 37, 38, 20]
1: [40, 37, 19, 38, 39, 20]
2: [40, 39, 19, 20]
3: [19, 20]
4: [19, 20]
5: [20, 19]
6: [38, 19, 30, 37, 29, 20]
7: [40, 37, 30, 38, 39, 29]
8: [39, 40, 30, 29]
9: [30, 29]
10: [29, 30]
11: [20, 29, 30, 19]
12: [32, 38, 19, 30, 37, 31, 29, 20]
13: [40, 37, 32, 38, 39, 31]
14: [39, 32, 40, 31]
15: [32, 31]
16: [32, 31]
17: [20, 29, 31, 32, 30, 19]
18: [32, 34, 38, 19, 30, 37, 33, 31, 29, 20]
19: [40, 37, 34, 33, 38, 39]
20: [39, 34, 40, 33]
21: [34, 33]
22: [33, 34]
23: [33, 20, 29, 31, 34, 32, 30, 19]
24: [32, 34, 36, 38, 19, 30, 35, 37, 33, 31, 29, 20]
25: [40, 37, 36, 35, 38, 39]
26: [39, 36, 35, 40]
27: [36, 35]
28: [35, 36]
29: [33, 35, 20, 29, 31, 36, 34, 32, 30, 19]
30: [32, 34, 36, 38, 19, 30, 35, 37, 33, 31, 29, 20]
31: []
32: [33, 35, 39, 20, 29, 31, 40, 36, 34, 32, 30, 19]
33: [33, 35, 20, 29, 31, 36, 34, 32, 30, 19]
34: [33, 35, 20, 29, 31, 36, 34, 32, 30, 19]
35: [33, 35, 20, 29, 31, 36, 34, 32, 30, 19]
32
0: [19, 20]
1: [40, 39, 19, 20]
2: [42, 39, 40, 41, 19, 20]
3: [41, 42, 19, 20]
4: [20, 19]
5: [20, 19]
6: [19, 30, 29, 20]
7: [40, 30, 39, 29]
8: [42, 39, 40, 41, 30, 29]
9: [41, 42, 29, 30]
10: [29, 30]
11: [20, 29, 30, 19]
12: [32, 19, 30, 31, 29, 20]
13: [40, 32, 39, 31]
14: [42, 39, 32, 40, 41, 31]
15: [41, 32, 42, 31]
16: [31, 32]
17: [20, 29, 31, 32, 30, 19]
18: [32, 34, 19, 30, 33, 31, 29, 20]
19: [40, 34, 33, 39]
20: [42, 39, 34, 33, 40, 41]
21: [41, 33, 34, 42]
22: [33, 34]
23: [33, 20, 29, 31, 34, 32, 30, 19]
24: [32, 34, 36, 19, 30, 35, 33, 31, 29, 20]
25: [40, 36, 35, 39]
26: [42, 39, 36, 35, 40, 41]
27: [41, 35, 36, 42]
28: [35, 36]
29: [33, 35, 20, 29, 31, 36, 34, 32, 30, 19]
30: [32, 34, 36, 19, 30, 35, 33, 31, 29, 20]
31: [32, 34, 36, 40, 19, 30, 35, 39, 33, 31, 29, 20]
32: []
33: [33, 35, 41, 20, 29, 31, 42, 36, 34, 32, 30, 19]
34: [33, 35, 20, 29, 31, 36, 34, 32, 30, 19]
35: [33, 35, 20, 29, 31, 36, 34, 32, 30, 19]
33
0: [19, 20]
1: [19, 20]
2: [41, 42, 19, 20]
3: [41, 44, 42, 43, 20, 19]
4: [43, 44, 20, 19]
5: [20, 19]
6: [19, 30, 29, 20]
7: [30, 29]
8: [42, 41, 29, 30]
9: [41, 44, 42, 43, 29, 30]
10: [43, 44, 29, 30]
11: [20, 29, 30, 19]
12: [32, 19, 30, 31, 29, 20]
13: [32, 31]
14: [42, 32, 41, 31]
15: [41, 44, 31, 32, 42, 43]
16: [43, 31, 44, 32]
17: [20, 29, 31, 32, 30, 19]
18: [32, 34, 19, 30, 33, 31, 29, 20]
19: [34, 33]
20: [42, 33, 34, 41]
21: [41, 44, 33, 34, 42, 43]
22: [43, 33, 34, 44]
23: [33, 20, 29, 31, 34, 32, 30, 19]
24: [32, 34, 36, 19, 30, 35, 33, 31, 29, 20]
25: [36, 35]
26: [42, 35, 36, 41]
27: [41, 44, 35, 36, 42, 43]
28: [43, 35, 36, 44]
29: [33, 35, 20, 29, 31, 36, 34, 32, 30, 19]
30: [32, 34, 36, 19, 30, 35, 33, 31, 29, 20]
31: [32, 34, 36, 19, 30, 35, 33, 31, 29, 20]
32: [32, 34, 36, 42, 19, 30, 41, 35, 33, 31, 29, 20]
33: []
34: [33, 35, 43, 20, 29, 31, 36, 44, 34, 32, 30, 19]
35: [33, 35, 20, 29, 31, 36, 34, 32, 30, 19]
34
0: [19, 20]
1: [19, 20]
2: [20, 19]
3: [43, 44, 20, 19]
4: [43, 46, 20, 45, 44, 19]
5: [20, 45, 46, 19]
6: [19, 30, 29, 20]
7: [29, 30]
8: [29, 30]
9: [44, 43, 29, 30]
10: [43, 46, 29, 44, 45, 30]
11: [45, 20, 29, 46, 30, 19]
12: [32, 19, 30, 31, 29, 20]
13: [32, 31]
14: [31, 32]
15: [44, 31, 43, 32]
16: [43, 46, 31, 44, 45, 32]
17: [45, 20, 29, 31, 46, 32, 30, 19]
18: [32, 34, 19, 30, 33, 31, 29, 20]
19: [33, 34]
20: [33, 34]
21: [44, 33, 34, 43]
22: [43, 46, 33, 34, 44, 45]
23: [33, 45, 20, 29, 31, 46, 34, 32, 30, 19]
24: [32, 34, 36, 19, 30, 35, 33, 31, 29, 20]
25: [35, 36]
26: [35, 36]
27: [44, 35, 36, 43]
28: [43, 46, 35, 36, 44, 45]
29: [33, 35, 45, 20, 29, 31, 36, 46, 34, 32, 30, 19]
30: [32, 34, 36, 19, 30, 35, 33, 31, 29, 20]
31: [32, 34, 36, 19, 30, 35, 33, 31, 29, 20]
32: [32, 34, 36, 19, 30, 35, 33, 31, 29, 20]
33: [32, 34, 36, 44, 19, 30, 43, 35, 33, 31, 29, 20]
34: []
35: [33, 35, 45, 20, 29, 31, 36, 46, 34, 32, 30, 19]
35
0: [19, 20]
1: [20, 19]
2: [20, 19]
3: [20, 19]
4: [20, 45, 46, 19]
5: [20, 45, 46, 19]
6: [19, 29, 30, 20]
7: [29, 30]
8: [29, 30]
9: [29, 30]
10: [29, 46, 45, 30]
11: [45, 20, 29, 46, 30, 19]
12: [32, 19, 30, 31, 29, 20]
13: [31, 32]
14: [31, 32]
15: [31, 32]
16: [46, 31, 45, 32]
17: [45, 20, 29, 31, 46, 32, 30, 19]
18: [32, 33, 34, 19, 30, 31, 29, 20]
19: [33, 34]
20: [33, 34]
21: [33, 34]
22: [33, 46, 45, 34]
23: [33, 45, 20, 29, 31, 46, 34, 32, 30, 19]
24: [32, 34, 35, 36, 19, 30, 33, 31, 29, 20]
25: [35, 36]
26: [35, 36]
27: [35, 36]
28: [35, 46, 36, 45]
29: [33, 35, 45, 20, 29, 31, 36, 46, 34, 32, 30, 19]
30: [32, 34, 36, 19, 30, 35, 33, 31, 29, 20]
31: [32, 34, 36, 19, 30, 35, 33, 31, 29, 20]
32: [32, 34, 36, 19, 30, 35, 33, 31, 29, 20]
33: [32, 34, 36, 19, 30, 35, 33, 31, 29, 20]
34: [32, 34, 36, 46, 19, 30, 35, 45, 33, 31, 29, 20]
35: []
