11.8363	1	68	11.8247	1	68	11.0101	1	68	0	0	0	0.00499866	0.00456	0.00529667	0.00499866	0	0.0609267	0.00901014	0.00818667	0.00976667	0.00900977	0	0.109727	1.80251	1.80244	12.0142	
12.0197	1	102	11.9957	1	102	11.2015	1	102	0	0	0	0.0100135	0.00957667	0.0104767	0.0100137	0	0.121467	0.0180194	0.0167133	0.0191667	0.0180201	0	0.219067	1.79951	1.79954	12.1788	
12.2855	1	96	12.2463	1	96	11.4293	1	96	0	0	0	0.0150321	0.0144467	0.0157333	0.0150323	0	0.181813	0.0270613	0.02574	0.02888	0.0270613	0	0.328493	1.80023	1.80021	12.4197	
12.6747	1	129	12.6197	1	129	11.8123	1	129	0	0	0	0.0200388	0.01896	0.02063	0.020039	0	0.24307	0.0360503	0.03408	0.03753	0.0360508	0	0.436327	1.79903	1.79903	12.7842	
13.1203	1	135	13.0458	1	135	12.2475	1	135	0	0	0	0.0250457	0.02427	0.0259	0.0250455	0	0.302653	0.0450287	0.0431233	0.04726	0.0450275	0	0.545147	1.79786	1.79783	13.1997	
13.6961	1	171	13.5975	1	171	12.8017	1	171	0	0	0	0.0300466	0.0291633	0.0308833	0.0300469	0	0.36232	0.0540337	0.0523433	0.05599	0.0540347	0	0.65185	1.79833	1.79835	13.7375	
14.3802	1	169	14.2531	1	169	13.4473	1	166	0	0	0	0.0350705	0.0341	0.0359567	0.0350704	0	0.423087	0.0630685	0.0610333	0.0652	0.0630689	0	0.76169	1.79833	1.79835	14.3785	
15.2027	1	171	15.0384	1	171	14.2548	1	167	0	0	0	0.0400701	0.0391767	0.0412133	0.0400704	0	0.483607	0.0720535	0.07	0.07444	0.0720542	0	0.86973	1.79818	1.79819	15.146	
16.1693	1	221	15.9603	1	215	15.1559	1	215	0	0	0	0.045052	0.04408	0.0459767	0.0450475	0	0.5426	0.0809881	0.07868	0.0831867	0.0809796	0	0.977223	1.79766	1.79765	16.0482	
17.3505	1	211	17.0808	1	211	16.2675	1	207	0	0	0	0.0500313	0.04901	0.0508733	0.0463506	0	0.558257	0.08998	0.0875233	0.0921367	0.0833333	0	1	1.79847	1.79789	17.1408	
18.7604	1	210	18.4109	1	210	17.6175	1	210	0	0	0	0.0550172	0.0536967	0.0561433	0.0463509	0	0.558253	0.0989539	0.09659	0.10164	0.0833333	0	1	1.7986	1.79788	18.4402	
20.5192	1	235	20.0612	1	235	19.2452	1	247	0	0	0	0.0600335	0.05899	0.0610867	0.0463502	0	0.55825	0.108034	0.105183	0.111413	0.0833333	0	1	1.79956	1.79791	20.0465	
22.7189	1	249	22.0897	1	249	21.2556	1	284	0	0	0	0.0650391	0.06378	0.0665867	0.0463504	0	0.558257	0.117071	0.114347	0.12029	0.0833333	0	1	1.8	1.7979	22.0192	
25.6197	1	277	24.7073	1	277	23.8275	1	273	0	0	0	0.0700516	0.0683867	0.0712833	0.0463505	0	0.55827	0.126149	0.12274	0.128863	0.0833333	0	1	1.8008	1.79789	24.5569	
29.7114	1	280	28.2357	1	280	27.3248	1	297	0	0	0	0.0750506	0.0737533	0.07642	0.0463506	0	0.55825	0.135162	0.1309	0.138273	0.0833333	0	1	1.80094	1.79789	27.9579	
36.2398	1	480	33.2118	1	293	32.2937	1	401	0	0	0	0.080056	0.07884	0.0811733	0.0463503	0	0.55827	0.144157	0.141343	0.147373	0.0833333	0	1	1.8007	1.7979	32.7026	
57.6468	1	2134	42.0619	1	345	40.9088	1	369	0	0	0	0.0850664	0.0832533	0.0864733	0.0463491	0	0.55826	0.153203	0.149443	0.15688	0.0833333	0	1	1.80098	1.79795	40.9329	
19390.5	1	1.03039e+06	51.4635	1	586	50.2294	1	586	0	0	0	0.0900691	0.0885467	0.0914667	0.0463529	0	0.558187	0.16217	0.15884	0.165153	0.0833333	0	1	1.8005	1.7978	48.982	
