8.32193	1	31	8.31234	1	31	7.52528	1	30	0	0	0	0.00499391	0.00471	0.00536	0.00499396	0.00470333	0.00528333	0.00895208	0.00824333	0.00963	0.00895245	0.00825	0.00979	1.7926	1.79266	8.51073	
8.34764	1	44	8.32721	1	44	7.52711	1	40	0	0	0	0.0100062	0.00962333	0.01048	0.0100061	0.00947333	0.0105233	0.0180378	0.0172933	0.0192367	0.0180377	0.01706	0.0190833	1.80265	1.80267	8.50652	
8.40593	1	51	8.37606	1	51	7.57564	1	47	0	0	0	0.0150311	0.0145233	0.0156967	0.015031	0.0144667	0.0156933	0.02704	0.0259333	0.0284833	0.0270399	0.02496	0.0285367	1.79893	1.79895	8.55078	
8.43381	1	43	8.39091	1	43	7.59861	1	43	0	0	0	0.020063	0.0194867	0.0205667	0.020063	0.0194767	0.0207	0.0360579	0.0347767	0.0372567	0.0360582	0.0339367	0.0374867	1.79723	1.79725	8.55903	
8.48813	1	48	8.43069	1	48	7.62962	1	44	0	0	0	0.0250671	0.02449	0.0257333	0.0250667	0.0244167	0.02571	0.0451318	0.0439833	0.0464533	0.0451312	0.0435967	0.04701	1.80044	1.80045	8.58592	
8.53586	1	47	8.46603	1	47	7.66961	1	47	0	0	0	0.0300682	0.02949	0.0307167	0.0300683	0.0293267	0.03087	0.0541228	0.0526633	0.0563	0.0541226	0.0526167	0.0564733	1.8	1.79999	8.6121	
8.58429	1	51	8.49805	1	51	7.70236	1	47	0	0	0	0.0350706	0.0342367	0.0362133	0.0350702	0.03431	0.0358933	0.0631154	0.0612733	0.06533	0.0631146	0.0615967	0.0648633	1.79966	1.79967	8.63446	
8.62422	1	53	8.52167	1	49	7.71765	1	46	0	0	0	0.0400941	0.0389867	0.0411167	0.0400934	0.0393067	0.0407833	0.072177	0.0700667	0.0745967	0.0721759	0.0700933	0.0740367	1.80019	1.80019	8.64841	
8.68995	1	51	8.56693	1	51	7.7693	1	48	0	0	0	0.0450691	0.04441	0.0457233	0.0450685	0.0441233	0.04579	0.0810798	0.07946	0.0826367	0.0810788	0.0792533	0.0831967	1.79901	1.79901	8.68288	
8.73747	1	54	8.59485	1	52	7.79027	1	48	0	0	0	0.050078	0.04917	0.05091	0.0500772	0.0487267	0.0508767	0.090079	0.0880267	0.09225	0.0900781	0.0871933	0.0923833	1.79877	1.79879	8.7009	
8.78653	1	56	8.62319	1	51	7.82493	1	49	0	0	0	0.055088	0.0541533	0.0558567	0.0550871	0.0537733	0.0558967	0.0990448	0.0965533	0.101737	0.0990429	0.0960333	0.101443	1.79794	1.79793	8.71852	
8.85136	1	52	8.66259	1	51	7.86492	1	48	0	0	0	0.0600776	0.0585933	0.0612533	0.0600774	0.0590967	0.0612433	0.108018	0.105313	0.110653	0.108016	0.105353	0.110423	1.79797	1.79795	8.74596	
8.92237	1	62	8.70682	1	62	7.91137	1	62	0	0	0	0.0651088	0.0641933	0.06608	0.0651082	0.0640133	0.0660567	0.117103	0.115033	0.120723	0.117101	0.114093	0.119353	1.79857	1.79857	8.77764	
8.99009	1	68	8.74935	1	59	7.95487	1	55	0	0	0	0.0700993	0.0692433	0.0712167	0.0700988	0.06898	0.0712367	0.126046	0.123663	0.128517	0.126046	0.123237	0.128347	1.79811	1.79812	8.8093	
9.05221	1	59	8.77681	1	59	7.97735	1	57	0	0	0	0.0750704	0.0737167	0.0760867	0.0750698	0.07403	0.0762267	0.134952	0.131797	0.13759	0.134951	0.132293	0.13744	1.79767	1.79767	8.8247	
9.13364	1	59	8.82211	1	58	8.02329	1	54	0	0	0	0.0800622	0.0788433	0.08149	0.0800624	0.0789067	0.08127	0.143966	0.141463	0.14713	0.143967	0.141003	0.146377	1.79817	1.79818	8.85546	
9.21256	1	66	8.8624	1	66	8.05946	1	66	0	0	0	0.0850492	0.0838967	0.0865433	0.0850496	0.08406	0.08615	0.152894	0.149913	0.155517	0.152893	0.150287	0.155307	1.79771	1.79769	8.88261	
9.3049	1	97	8.90965	1	97	8.10732	1	97	0	0	0	0.0900403	0.0881367	0.0912167	0.0900407	0.0889333	0.0910133	0.161919	0.158543	0.16451	0.16192	0.159533	0.164217	1.7983	1.7983	8.91476	
9.40538	1	84	8.96078	1	69	8.1531	1	69	0	0	0	0.0950421	0.09396	0.0965867	0.0950417	0.0938233	0.09619	0.170904	0.16843	0.17513	0.170902	0.167647	0.17354	1.79819	1.79818	8.95062	
9.49447	1	83	8.99819	1	67	8.19718	1	67	0	0	0	0.100014	0.0985767	0.101243	0.100014	0.09878	0.10123	0.179775	0.176603	0.18299	0.179775	0.175907	0.182417	1.7975	1.79751	8.97449	
9.60288	1	84	9.04659	1	78	8.24181	1	78	0	0	0	0.105002	0.103807	0.106227	0.105002	0.10361	0.106097	0.188774	0.18556	0.191903	0.188774	0.185313	0.191207	1.79782	1.79781	9.00502	
9.71978	1	78	9.0986	1	72	8.29887	1	71	0	0	0	0.110025	0.108787	0.111333	0.110025	0.109007	0.11106	0.197877	0.1946	0.20158	0.197877	0.194673	0.2004	1.79847	1.79848	9.04087	
9.85037	1	84	9.14261	1	74	8.34097	1	74	0	0	0	0.115005	0.113727	0.116963	0.115005	0.113767	0.115997	0.206856	0.20342	0.21087	0.206858	0.202647	0.209093	1.79868	1.79868	9.06524	
9.98615	1	86	9.19678	1	75	8.40349	1	75	0	0	0	0.119998	0.118613	0.121213	0.119998	0.118713	0.121087	0.215819	0.211733	0.21892	0.21582	0.212357	0.218507	1.79853	1.79853	9.10153	
10.1436	1	87	9.25418	1	73	8.44995	1	73	0	0	0	0.124993	0.12335	0.12636	0.124993	0.12362	0.126163	0.224817	0.22087	0.228107	0.224817	0.221	0.227703	1.79863	1.79863	9.13747	
10.2872	1	93	9.30026	1	92	8.49487	1	88	0	0	0	0.129989	0.128747	0.13121	0.129989	0.128333	0.131407	0.233857	0.230573	0.237133	0.233858	0.230013	0.23678	1.79906	1.79906	9.16495	
10.4851	1	92	9.35897	1	76	8.55325	1	76	0	0	0	0.134996	0.133797	0.136793	0.134996	0.133163	0.136407	0.242939	0.23918	0.246713	0.242939	0.238577	0.24574	1.7996	1.7996	9.20112	
10.6757	1	100	9.41583	1	81	8.61179	1	77	0	0	0	0.139994	0.1387	0.142043	0.139993	0.138507	0.14127	0.251935	0.248517	0.255967	0.251932	0.2472	0.255123	1.79962	1.79961	9.23559	
10.8865	1	119	9.46951	1	79	8.66485	1	79	0	0	0	0.14498	0.1435	0.146687	0.14498	0.143503	0.146263	0.260957	0.257767	0.264273	0.260958	0.255497	0.264327	1.79996	1.79996	9.26463	
11.1774	1	139	9.5445	1	79	8.73755	1	79	0	0	0	0.149981	0.14896	0.151417	0.149982	0.148433	0.151693	0.270074	0.265633	0.274083	0.270076	0.264883	0.273943	1.80072	1.80073	9.31326	
11.4523	1	120	9.60472	1	84	8.79578	1	80	0	0	0	0.154962	0.153983	0.15644	0.154963	0.153447	0.15676	0.279055	0.27535	0.282653	0.279059	0.272987	0.28268	1.80079	1.80081	9.34459	
11.7461	1	111	9.66783	1	79	8.85506	1	75	0	0	0	0.159973	0.15789	0.16147	0.159974	0.15847	0.161843	0.288068	0.28388	0.291447	0.288069	0.282833	0.292403	1.80072	1.80073	9.38306	
12.1487	1	148	9.73756	1	85	8.92921	1	85	0	0	0	0.164998	0.16387	0.166513	0.164998	0.163287	0.166883	0.297156	0.29383	0.300683	0.297156	0.292293	0.30163	1.80097	1.80097	9.4204	
12.5525	1	129	9.80682	1	88	8.99762	1	85	0	0	0	0.170008	0.168587	0.171523	0.170009	0.168313	0.17159	0.306168	0.30249	0.30979	0.306173	0.30213	0.310367	1.80091	1.80092	9.46021	
13.0402	1	152	9.8655	1	82	9.05313	1	82	0	0	0	0.175015	0.17378	0.176443	0.175016	0.173323	0.176317	0.315161	0.309647	0.319467	0.315161	0.310633	0.318897	1.80077	1.80076	9.48997	
13.6882	1	179	9.94819	1	87	9.13773	1	83	0	0	0	0.180034	0.178163	0.18141	0.180034	0.17835	0.181373	0.324183	0.32065	0.327567	0.324182	0.31987	0.32888	1.80068	1.80067	9.53203	
14.4001	1	188	10.0249	1	86	9.20994	1	85	0	0	0	0.185041	0.1837	0.186537	0.185044	0.183433	0.186797	0.333238	0.329753	0.336673	0.333245	0.328513	0.33841	1.80089	1.8009	9.57164	
15.3027	1	212	10.1053	1	100	9.29488	1	96	0	0	0	0.190052	0.188987	0.191353	0.190055	0.188583	0.191777	0.342298	0.3384	0.345987	0.342304	0.33832	0.34743	1.80108	1.80108	9.61176	
16.4482	1	226	10.1899	1	98	9.37357	1	98	0	0	0	0.195077	0.19343	0.196657	0.195073	0.193567	0.196863	0.351373	0.34831	0.3549	0.351363	0.347367	0.35721	1.8012	1.80118	9.65239	
17.9294	1	238	10.2664	1	94	9.4538	1	94	0	0	0	0.200077	0.198647	0.202083	0.20008	0.198153	0.202047	0.360248	0.356233	0.365297	0.360256	0.355673	0.36654	1.80055	1.80056	9.68383	
19.6476	1	284	10.3526	1	109	9.53518	1	105	0	0	0	0.20508	0.20363	0.206777	0.205075	0.203073	0.20714	0.369223	0.36587	0.372783	0.369214	0.364583	0.37602	1.80038	1.80039	9.72742	
22.8715	1	344	10.4688	1	111	9.65575	1	107	0	0	0	0.210069	0.208173	0.2115	0.210066	0.208127	0.212343	0.378256	0.37335	0.38255	0.378249	0.373953	0.385943	1.80062	1.80062	9.77888	
27.4518	1	570	10.5654	1	101	9.75659	1	101	0	0	0	0.215034	0.213277	0.21678	0.215027	0.213507	0.217177	0.387101	0.38325	0.39125	0.38709	0.38341	0.39423	1.80019	1.80019	9.81694	
37.3954	1	794	10.6653	1	114	9.85462	1	110	0	0	0	0.220014	0.218435	0.221163	0.220013	0.21852	0.222177	0.39613	0.39251	0.399047	0.396127	0.391585	0.403395	1.80048	1.80047	9.85898	
138.033	1	5183	10.7734	1	123	9.95677	1	123	0	0	0	0.224951	0.223607	0.225914	0.224937	0.223759	0.2265	0.40501	0.402494	0.407637	0.404984	0.401671	0.409473	1.80044	1.80043	9.89711	
2889.87	1	57832	10.8608	1	137	10.0362	1	133	0	0	0	0.229947	0.228989	0.231441	0.228967	0.227994	0.230453	0.413981	0.411366	0.4172	0.412237	0.409024	0.416853	1.80033	1.80042	9.93416	
