8.968	3	30	8.96327	3	30	8.15307	3	28	0	0	0	0.00499391	0.00471	0.00536	0.00499401	0.00471	0.00536	0.00895208	0.00824333	0.00963	0.00895229	0.00824333	0.00963	1.7926	1.79261	9.16069	
9.05879	3	33	9.04814	3	33	8.22973	3	29	0	0	0	0.0100062	0.00962333	0.01048	0.0100061	0.00962333	0.01048	0.0180378	0.0172933	0.0192367	0.0180377	0.0172933	0.0192367	1.80265	1.80267	9.22408	
9.12313	3	34	9.10747	3	34	8.31114	3	30	0	0	0	0.0150311	0.0145233	0.0156967	0.015031	0.0145233	0.0156967	0.02704	0.0259333	0.0284833	0.0270397	0.0259333	0.0284833	1.79893	1.79893	9.27636	
9.18963	3	33	9.16653	3	33	8.36594	3	30	0	0	0	0.020063	0.0194867	0.0205667	0.0200629	0.0194867	0.0205667	0.0360579	0.0347767	0.0372567	0.0360583	0.0347767	0.0372567	1.79723	1.79726	9.32598	
9.26236	3	40	9.23302	3	34	8.43093	3	30	0	0	0	0.0250671	0.02449	0.0257333	0.0250669	0.0244867	0.0257367	0.0451318	0.0439833	0.0464533	0.0451318	0.0439833	0.0464567	1.80044	1.80046	9.37848	
9.33763	3	40	9.30063	3	37	8.50909	3	37	0	0	0	0.0300682	0.02949	0.0307167	0.0300678	0.0294933	0.0307067	0.0541228	0.0526633	0.0563	0.0541219	0.0526667	0.0563	1.8	1.79999	9.43455	
9.3921	3	40	9.34671	3	39	8.54608	3	35	0	0	0	0.0350706	0.0342367	0.0362133	0.03507	0.0342333	0.0362133	0.0631154	0.0612733	0.06533	0.0631146	0.0612733	0.06533	1.79966	1.79968	9.46962	
9.46281	3	42	9.40998	3	39	8.60157	3	39	0	0	0	0.0400941	0.0389867	0.0411167	0.0400938	0.0389867	0.04112	0.072177	0.0700667	0.0745967	0.0721765	0.0700667	0.0746	1.80019	1.80019	9.52165	
9.52849	3	49	9.46425	3	49	8.65354	3	45	0	0	0	0.0450691	0.04441	0.0457233	0.0450683	0.0444133	0.0457233	0.0810798	0.07946	0.0826367	0.0810781	0.0794633	0.08265	1.79901	1.79901	9.5634	
9.60091	3	48	9.52745	3	48	8.72218	3	44	0	0	0	0.050078	0.04917	0.05091	0.0500777	0.04916	0.05091	0.090079	0.0880267	0.09225	0.090078	0.0880167	0.0922467	1.79877	1.79876	9.61486	
9.66628	3	78	9.57981	3	49	8.7656	3	49	0	0	0	0.055088	0.0541533	0.0558567	0.0550874	0.05415	0.0558533	0.0990448	0.0965533	0.101737	0.0990435	0.09655	0.101733	1.79794	1.79793	9.65714	
9.74674	3	68	9.64729	3	41	8.83248	3	40	0	0	0	0.0600776	0.0585933	0.0612533	0.0600772	0.05859	0.06125	0.108018	0.105313	0.110653	0.108017	0.105297	0.11065	1.79797	1.79796	9.70854	
9.83306	3	72	9.71815	3	47	8.90399	3	43	0	0	0	0.0651088	0.0641933	0.06608	0.0651086	0.0641933	0.0660767	0.117103	0.115033	0.120723	0.117103	0.115043	0.120737	1.79857	1.79858	9.76689	
9.89796	3	63	9.76625	3	48	8.957	3	47	0	0	0	0.0700993	0.0692433	0.0712167	0.070099	0.0692467	0.07121	0.126046	0.123663	0.128517	0.126046	0.123673	0.128537	1.79811	1.79812	9.80234	
9.96608	3	75	9.81554	3	46	8.99944	3	46	0	0	0	0.0750704	0.0737167	0.0760867	0.0750706	0.0737167	0.0760867	0.134952	0.131797	0.13759	0.134952	0.131797	0.13759	1.79767	1.79767	9.8404	
10.0404	3	81	9.87149	3	56	9.05317	3	56	0	0	0	0.0800622	0.0788433	0.08149	0.0800623	0.07884	0.08149	0.143966	0.141463	0.14713	0.143967	0.14147	0.14713	1.79817	1.79818	9.88224	
10.1238	3	127	9.9314	3	51	9.10978	3	51	0	0	0	0.0850492	0.0838967	0.0865433	0.085049	0.0838967	0.0865467	0.152894	0.149913	0.155517	0.152893	0.149897	0.155517	1.79771	1.79771	9.9292	
10.2098	3	90	9.98931	3	48	9.171	3	48	0	0	0	0.0900403	0.0881367	0.0912167	0.0900406	0.0881367	0.0912167	0.161919	0.158543	0.16451	0.16192	0.158537	0.164513	1.7983	1.7983	9.96852	
10.2805	3	123	10.0345	3	51	9.21227	3	51	0	0	0	0.0950421	0.09396	0.0965867	0.0950424	0.0939533	0.0965867	0.170904	0.16843	0.17513	0.170904	0.168453	0.175127	1.79819	1.79818	10.0002	
10.3714	3	124	10.0919	3	55	9.27057	3	55	0	0	0	0.100014	0.0985767	0.101243	0.100014	0.0985867	0.10124	0.179775	0.176603	0.18299	0.179777	0.176613	0.182987	1.7975	1.79751	10.0441	
10.4715	3	175	10.1434	3	57	9.315	3	57	0	0	0	0.105002	0.103807	0.106227	0.105002	0.10381	0.106237	0.188774	0.18556	0.191903	0.188775	0.185557	0.191893	1.79782	1.79782	10.0761	
10.5669	3	150	10.2007	3	60	9.37489	3	56	0	0	0	0.110025	0.108787	0.111333	0.110026	0.108787	0.111333	0.197877	0.1946	0.20158	0.197879	0.194613	0.201577	1.79847	1.79848	10.1197	
10.6767	3	152	10.2597	3	57	9.42918	3	57	0	0	0	0.115005	0.113727	0.116963	0.115005	0.113727	0.116977	0.206856	0.20342	0.21087	0.206857	0.20342	0.210897	1.79868	1.79868	10.1586	
10.782	3	189	10.3001	3	54	9.46609	3	52	0	0	0	0.119998	0.118613	0.121213	0.119998	0.118613	0.1212	0.215819	0.211733	0.21892	0.215821	0.211747	0.21893	1.79853	1.79854	10.1843	
10.914	3	315	10.36	3	58	9.53164	3	54	0	0	0	0.124993	0.12335	0.12636	0.124993	0.123347	0.12636	0.224817	0.22087	0.228107	0.224818	0.220867	0.22812	1.79863	1.79864	10.2234	
11.0368	3	219	10.4142	3	58	9.57761	3	54	0	0	0	0.129989	0.128747	0.13121	0.12999	0.128743	0.131213	0.233857	0.230573	0.237133	0.233861	0.230573	0.23716	1.79906	1.79907	10.2602	
11.2104	3	318	10.4614	3	56	9.62323	3	53	0	0	0	0.134996	0.133797	0.136793	0.134995	0.133797	0.136793	0.242939	0.23918	0.246713	0.242939	0.239177	0.246713	1.7996	1.79961	10.2866	
11.3636	3	282	10.5145	3	73	9.68152	3	69	0	0	0	0.139994	0.1387	0.142043	0.139994	0.13869	0.142037	0.251935	0.248517	0.255967	0.251935	0.248527	0.255963	1.79962	1.79962	10.3202	
11.537	3	269	10.565	3	67	9.72346	3	67	0	0	0	0.14498	0.1435	0.146687	0.144979	0.1435	0.14669	0.260957	0.257767	0.264273	0.260955	0.257703	0.264277	1.79996	1.79995	10.3513	
11.8093	3	356	10.6198	3	68	9.78469	3	64	0	0	0	0.149981	0.14896	0.151417	0.149982	0.148957	0.15141	0.270074	0.265633	0.274083	0.270078	0.265647	0.274073	1.80072	1.80073	10.3795	
12.1409	3	514	10.671	3	72	9.83377	3	68	0	0	0	0.154962	0.153983	0.15644	0.154964	0.153983	0.156443	0.279055	0.27535	0.282653	0.279058	0.275347	0.28267	1.80079	1.8008	10.4069	
12.327	3	503	10.7139	3	77	9.87299	3	77	0	0	0	0.159973	0.15789	0.16147	0.159974	0.157883	0.16147	0.288068	0.28388	0.291447	0.288069	0.28387	0.291447	1.80072	1.80072	10.4323	
12.7303	3	593	10.7663	3	73	9.9234	3	73	0	0	0	0.164998	0.16387	0.166513	0.164998	0.163867	0.166487	0.297156	0.29383	0.300683	0.297157	0.293863	0.300687	1.80097	1.80097	10.4597	
13.1595	3	679	10.8179	3	83	9.98198	3	83	0	0	0	0.170008	0.168587	0.171523	0.170008	0.168577	0.171523	0.306168	0.30249	0.30979	0.306172	0.302487	0.309793	1.80091	1.80092	10.4864	
13.7523	3	939	10.8584	3	87	10.0164	3	87	0	0	0	0.174994	0.173283	0.176453	0.174995	0.17329	0.176455	0.315	0.309082	0.318007	0.315002	0.30911	0.318005	1.80007	1.80006	10.5047	
14.6253	3	851	10.9119	3	84	10.0756	3	84	0	0	0	0.180034	0.178163	0.18141	0.180035	0.178163	0.181407	0.324183	0.32065	0.327567	0.324184	0.320653	0.327573	1.80068	1.80067	10.53	
15.0552	3	928	10.9574	3	73	10.1151	3	73	0	0	0	0.185041	0.1837	0.186537	0.185051	0.183937	0.18653	0.333238	0.329753	0.336673	0.333259	0.329973	0.336717	1.80089	1.80091	10.5544	
16.78	3	1128	11.0073	3	83	10.1654	3	83	0	0	0	0.190052	0.188987	0.191353	0.190053	0.188993	0.191353	0.342298	0.3384	0.345987	0.342301	0.338407	0.345967	1.80108	1.80108	10.5707	
18.3768	3	1862	11.0525	3	75	10.2116	3	75	0	0	0	0.195044	0.193883	0.196118	0.195044	0.193887	0.196112	0.351054	0.348013	0.354205	0.351054	0.348008	0.35421	1.79987	1.79987	10.5878	
21.56	3	3208	11.0954	3	82	10.2526	3	82	0	0	0	0.200077	0.198647	0.202083	0.200075	0.19864	0.202087	0.360248	0.356233	0.365297	0.360245	0.35624	0.365287	1.80055	1.80055	10.6018	
23.7727	3	2535	11.1457	3	81	10.3033	3	81	0	0	0	0.205006	0.203912	0.206452	0.204998	0.203914	0.206442	0.369149	0.365972	0.372956	0.369135	0.365978	0.372946	1.80067	1.80068	10.6202	
29.6194	3	3545	11.1988	3	89	10.358	3	89	0	0	0	0.210005	0.208768	0.21136	0.210031	0.208772	0.211368	0.378131	0.374278	0.3817	0.37818	0.374273	0.381702	1.80058	1.80059	10.636	
36.5273	3	4168	11.2476	3	105	10.4067	3	105	0	0	0	0.215008	0.213822	0.216462	0.215003	0.213778	0.216455	0.387159	0.383503	0.391215	0.387146	0.383245	0.391208	1.80067	1.80066	10.6511	
72.6908	3	5820	11.3033	3	126	10.4622	3	126	0	0	0	0.220007	0.218762	0.220918	0.220009	0.218442	0.220928	0.396147	0.3922	0.398645	0.396148	0.392192	0.398645	1.80061	1.8006	10.6636	
1052.37	3	50552	11.3457	3	91	10.4993	3	96	0	0	0	0.224951	0.223607	0.225914	0.224629	0.214166	0.225917	0.40501	0.402494	0.407637	0.404434	0.386137	0.40763	1.80044	1.80045	10.674	
