3.88518	1	7	3.88518	1	7	3.88518	1	7	0	0	0	0.00503313	0.00484667	0.00526333	0.00503292	0.00484667	0.00526	0.00503313	0.00484667	0.00526333	0.00503292	0.00484667	0.00526	1	1	4.88518	
3.87607	1	7	3.87607	1	7	3.87607	1	7	0	0	0	0.0100071	0.00978667	0.01026	0.0100069	0.00978667	0.0102567	0.0100071	0.00978667	0.01026	0.0100069	0.00978667	0.0102567	1	1	4.87607	
3.866	1	7	3.866	1	7	3.866	1	7	0	0	0	0.0149985	0.01468	0.0154533	0.0149983	0.01468	0.01545	0.0149985	0.01468	0.0154533	0.0149983	0.01468	0.01545	1	1	4.866	
3.87064	1	7	3.87064	1	7	3.87064	1	7	0	0	0	0.019986	0.0196467	0.0205267	0.019986	0.0196467	0.0205233	0.019986	0.0196467	0.0205267	0.019986	0.0196467	0.0205233	1	1	4.87064	
3.87667	1	7	3.87667	1	7	3.87666	1	7	0	0	0	0.0249837	0.0245867	0.0255	0.024984	0.0245867	0.0254967	0.0249837	0.0245867	0.0255	0.024984	0.0245867	0.0254967	1	1	4.87667	
3.87566	1	7	3.87566	1	7	3.87565	1	7	0	0	0	0.0300242	0.0296033	0.03046	0.0300244	0.0296033	0.0304567	0.0300242	0.0296033	0.03046	0.0300244	0.0296033	0.0304567	1	1	4.87566	
3.8743	1	7	3.8743	1	7	3.87428	1	7	0	0	0	0.0350258	0.0346	0.0353167	0.0350256	0.0346	0.0353167	0.0350258	0.0346	0.0353167	0.0350256	0.0346	0.0353167	1	1	4.8743	
3.87277	1	7	3.87277	1	7	3.87275	1	7	0	0	0	0.0400277	0.0394067	0.04053	0.0400275	0.0394067	0.0405333	0.0400277	0.0394067	0.04053	0.0400275	0.0394067	0.0405333	1	1	4.87277	
3.8707	1	7	3.8707	1	7	3.8707	1	7	0	0	0	0.0450169	0.04435	0.0456767	0.0450169	0.04435	0.04568	0.0450169	0.04435	0.0456767	0.0450169	0.04435	0.04568	1	1	4.8707	
3.87228	1	7	3.87228	1	7	3.87228	1	7	0	0	0	0.0499998	0.0493933	0.0506733	0.0499998	0.0493967	0.0506767	0.0499998	0.0493933	0.0506733	0.0499998	0.0493967	0.0506767	1	1	4.87228	
3.87294	1	7	3.87294	1	7	3.87295	1	7	0	0	0	0.0550015	0.0543467	0.0556	0.0550015	0.05435	0.0556033	0.0550015	0.0543467	0.0556	0.0550015	0.05435	0.0556033	1	1	4.87294	
3.87336	1	7	3.87336	1	7	3.87339	1	7	0	0	0	0.0599671	0.05932	0.0604033	0.0599673	0.0593233	0.0604033	0.0599671	0.05932	0.0604033	0.0599673	0.0593233	0.0604033	1	1	4.87336	
3.87293	1	7	3.87293	1	7	3.87295	1	7	0	0	0	0.0650215	0.0643533	0.06553	0.0650213	0.0643567	0.0655333	0.0650215	0.0643533	0.06553	0.0650213	0.0643567	0.0655333	1	1	4.87293	
3.8726	1	7	3.8726	1	7	3.87261	1	7	0	0	0	0.0699788	0.0690033	0.07044	0.0699785	0.0690067	0.07044	0.0699788	0.0690033	0.07044	0.0699785	0.0690067	0.07044	1	1	4.8726	
3.87256	1	7	3.87256	1	7	3.87258	1	7	0	0	0	0.0749758	0.07389	0.0755633	0.0749756	0.0738933	0.0755667	0.0749758	0.07389	0.0755633	0.0749756	0.0738933	0.0755667	1	1	4.87256	
3.87219	1	7	3.87219	1	7	3.87221	1	7	0	0	0	0.0799906	0.0788467	0.0806333	0.0799904	0.07885	0.0806333	0.0799906	0.0788467	0.0806333	0.0799904	0.07885	0.0806333	1	1	4.87219	
3.87187	1	7	3.87187	1	7	3.87188	1	7	0	0	0	0.0850135	0.0838667	0.08573	0.0850133	0.08387	0.08573	0.0850135	0.0838667	0.08573	0.0850133	0.08387	0.08573	1	1	4.87187	
3.87122	1	7	3.87122	1	7	3.87123	1	7	0	0	0	0.0900252	0.0889933	0.09087	0.090025	0.0889967	0.09087	0.0900252	0.0889933	0.09087	0.090025	0.0889967	0.09087	1	1	4.87122	
3.87139	1	7	3.87139	1	7	3.8714	1	7	0	0	0	0.09501	0.0940767	0.0960067	0.09501	0.0940833	0.0960067	0.09501	0.0940767	0.0960067	0.09501	0.0940833	0.0960067	1	1	4.87139	
3.87203	1	7	3.87203	1	7	3.87205	1	7	0	0	0	0.100001	0.0991267	0.101043	0.100001	0.0991333	0.101047	0.100001	0.0991267	0.101043	0.100001	0.0991333	0.101047	1	1	4.87203	
3.87202	1	7	3.87202	1	7	3.87204	1	7	0	0	0	0.105056	0.104223	0.10609	0.105056	0.10423	0.106093	0.105056	0.104223	0.10609	0.105056	0.10423	0.106093	1	1	4.87202	
3.87125	1	7	3.87125	1	7	3.87126	1	7	0	0	0	0.110075	0.109163	0.111127	0.110075	0.10917	0.11113	0.110075	0.109163	0.111127	0.110075	0.10917	0.11113	1	1	4.87125	
3.87122	1	7	3.87122	1	7	3.87124	1	7	0	0	0	0.115058	0.11411	0.115987	0.115058	0.114117	0.115987	0.115058	0.11411	0.115987	0.115058	0.114117	0.115987	1	1	4.87122	
3.87139	1	7	3.87139	1	7	3.87141	1	7	0	0	0	0.120091	0.11904	0.120967	0.120091	0.119047	0.12097	0.120091	0.11904	0.120967	0.120091	0.119047	0.12097	1	1	4.87139	
3.87136	1	7	3.87136	1	7	3.87138	1	7	0	0	0	0.125086	0.124113	0.12595	0.125086	0.12412	0.12595	0.125086	0.124113	0.12595	0.125086	0.12412	0.12595	1	1	4.87136	
3.87066	1	7	3.87066	1	7	3.87067	1	7	0	0	0	0.130036	0.129193	0.130967	0.130035	0.1292	0.13097	0.130036	0.129193	0.130967	0.130035	0.1292	0.13097	1	1	4.87066	
3.87046	1	7	3.87046	1	7	3.87048	1	7	0	0	0	0.135046	0.134153	0.13592	0.135046	0.13416	0.135923	0.135046	0.134153	0.13592	0.135046	0.13416	0.135923	1	1	4.87046	
3.87154	1	7	3.87154	1	7	3.87156	1	7	0	0	0	0.140089	0.13911	0.141013	0.140089	0.139117	0.141013	0.140089	0.13911	0.141013	0.140089	0.139117	0.141013	1	1	4.87154	
3.87128	1	7	3.87128	1	7	3.87129	1	7	0	0	0	0.1451	0.144033	0.146127	0.1451	0.14404	0.146127	0.1451	0.144033	0.146127	0.1451	0.14404	0.146127	1	1	4.87128	
3.87111	1	7	3.87111	1	7	3.87112	1	7	0	0	0	0.150073	0.149	0.151137	0.150072	0.149007	0.151133	0.150073	0.149	0.151137	0.150072	0.149007	0.151133	1	1	4.87111	
3.87086	1	7	3.87086	1	7	3.87087	1	7	0	0	0	0.155095	0.153887	0.156357	0.155095	0.153883	0.156353	0.155095	0.153887	0.156357	0.155095	0.153883	0.156353	1	1	4.87086	
3.86972	1	7	3.86972	1	7	3.86973	1	7	0	0	0	0.160132	0.15898	0.161417	0.160131	0.158977	0.161413	0.160132	0.15898	0.161417	0.160131	0.158977	0.161413	1	1	4.86972	
3.86891	1	7	3.86891	1	7	3.86892	1	7	0	0	0	0.165184	0.164157	0.166407	0.165183	0.164153	0.166403	0.165184	0.164157	0.166407	0.165183	0.164153	0.166403	1	1	4.86891	
3.86894	1	7	3.86894	1	7	3.86895	1	7	0	0	0	0.17018	0.169217	0.171373	0.17018	0.169213	0.17137	0.17018	0.169217	0.171373	0.17018	0.169213	0.17137	1	1	4.86894	
3.86887	1	7	3.86887	1	7	3.86888	1	7	0	0	0	0.175217	0.174063	0.17638	0.175217	0.17406	0.176377	0.175217	0.174063	0.17638	0.175217	0.17406	0.176377	1	1	4.86887	
3.86841	1	7	3.86841	1	7	3.86842	1	7	0	0	0	0.180281	0.178947	0.181643	0.18028	0.178943	0.18164	0.180281	0.178947	0.181643	0.18028	0.178943	0.18164	1	1	4.86841	
3.8674	1	7	3.8674	1	7	3.86741	1	7	0	0	0	0.185281	0.183897	0.18673	0.18528	0.183893	0.186727	0.185281	0.183897	0.18673	0.18528	0.183893	0.186727	1	1	4.8674	
3.86665	1	7	3.86665	1	7	3.86665	1	7	0	0	0	0.190259	0.188923	0.191553	0.190258	0.18892	0.19155	0.190259	0.188923	0.191553	0.190258	0.18892	0.19155	1	1	4.86665	
3.86603	1	7	3.86603	1	7	3.86604	1	7	0	0	0	0.195212	0.193857	0.196627	0.195212	0.19386	0.196623	0.195212	0.193857	0.196627	0.195212	0.19386	0.196623	1	1	4.86603	
3.86609	1	7	3.86609	1	7	3.8661	1	7	0	0	0	0.200214	0.198957	0.201677	0.200213	0.19896	0.201673	0.200214	0.198957	0.201677	0.200213	0.19896	0.201673	1	1	4.86609	
3.8653	1	7	3.8653	1	7	3.86531	1	7	0	0	0	0.205177	0.203887	0.206603	0.205177	0.203887	0.2066	0.205177	0.203887	0.206603	0.205177	0.203887	0.2066	1	1	4.8653	
3.86511	1	7	3.86511	1	7	3.86512	1	7	0	0	0	0.210146	0.208837	0.211633	0.210146	0.20884	0.21163	0.210146	0.208837	0.211633	0.210146	0.20884	0.21163	1	1	4.86511	
3.865	1	7	3.865	1	7	3.86501	1	7	0	0	0	0.215114	0.21374	0.216803	0.215114	0.213743	0.2168	0.215114	0.21374	0.216803	0.215114	0.213743	0.2168	1	1	4.865	
3.86437	1	7	3.86437	1	7	3.86438	1	7	0	0	0	0.220136	0.218777	0.221903	0.220135	0.21878	0.2219	0.220136	0.218777	0.221903	0.220135	0.21878	0.2219	1	1	4.86437	
3.86388	1	7	3.86388	1	7	3.86388	1	7	0	0	0	0.225164	0.223753	0.22687	0.225164	0.223757	0.226867	0.225164	0.223753	0.22687	0.225164	0.223757	0.226867	1	1	4.86388	
3.86343	1	7	3.86343	1	7	3.86344	1	7	0	0	0	0.230132	0.228897	0.231807	0.230131	0.2289	0.231803	0.230132	0.228897	0.231807	0.230131	0.2289	0.231803	1	1	4.86343	
3.86304	1	7	3.86304	1	7	3.86305	1	7	0	0	0	0.235071	0.23388	0.236817	0.23507	0.23388	0.236813	0.235071	0.23388	0.236817	0.23507	0.23388	0.236813	1	1	4.86304	
3.86275	1	7	3.86275	1	7	3.86276	1	7	0	0	0	0.24003	0.238713	0.241923	0.24003	0.238713	0.24192	0.24003	0.238713	0.241923	0.24003	0.238713	0.24192	1	1	4.86275	
3.86198	1	7	3.86198	1	7	3.862	1	7	0	0	0	0.24505	0.243763	0.246913	0.24505	0.243763	0.24691	0.24505	0.243763	0.246913	0.24505	0.243763	0.24691	1	1	4.86198	
3.8611	1	7	3.8611	1	7	3.86112	1	7	0	0	0	0.249962	0.248783	0.251893	0.249962	0.248783	0.25189	0.249962	0.248783	0.251893	0.249962	0.248783	0.25189	1	1	4.8611	
3.86083	1	7	3.86083	1	7	3.86086	1	7	0	0	0	0.254964	0.253697	0.25695	0.254964	0.253697	0.256947	0.254964	0.253697	0.25695	0.254964	0.253697	0.256947	1	1	4.86083	
3.86014	1	7	3.86014	1	7	3.86016	1	7	0	0	0	0.259973	0.258533	0.26183	0.259974	0.258533	0.261827	0.259973	0.258533	0.26183	0.259974	0.258533	0.261827	1	1	4.86014	
3.85919	1	7	3.85919	1	7	3.85921	1	7	0	0	0	0.265002	0.263803	0.266847	0.265003	0.263803	0.266843	0.265002	0.263803	0.266847	0.265003	0.263803	0.266843	1	1	4.85919	
3.8582	1	7	3.8582	1	7	3.85822	1	7	0	0	0	0.270024	0.268843	0.271843	0.270025	0.268843	0.27184	0.270024	0.268843	0.271843	0.270025	0.268843	0.27184	1	1	4.8582	
3.85742	1	7	3.85742	1	7	3.85744	1	7	0	0	0	0.275018	0.273793	0.276993	0.275018	0.273793	0.27699	0.275018	0.273793	0.276993	0.275018	0.273793	0.27699	1	1	4.85742	
3.85708	1	7	3.85708	1	7	3.8571	1	7	0	0	0	0.28004	0.27887	0.282073	0.280041	0.27887	0.28207	0.28004	0.27887	0.282073	0.280041	0.27887	0.28207	1	1	4.85708	
3.85641	1	7	3.85641	1	7	3.85643	1	7	0	0	0	0.285015	0.283613	0.287233	0.285016	0.283613	0.28723	0.285015	0.283613	0.287233	0.285016	0.283613	0.28723	1	1	4.85641	
3.85614	1	7	3.85614	1	7	3.85617	1	7	0	0	0	0.290035	0.288733	0.29204	0.290036	0.288733	0.292037	0.290035	0.288733	0.29204	0.290036	0.288733	0.292037	1	1	4.85614	
3.85528	1	7	3.85528	1	7	3.8553	1	7	0	0	0	0.295025	0.29379	0.29713	0.295026	0.29379	0.297127	0.295025	0.29379	0.29713	0.295026	0.29379	0.297127	1	1	4.85528	
3.85489	1	7	3.85489	1	7	3.85491	1	7	0	0	0	0.300039	0.298713	0.302297	0.30004	0.298717	0.302293	0.300039	0.298713	0.302297	0.30004	0.298717	0.302293	1	1	4.85489	
3.8542	1	7	3.8542	1	7	3.85422	1	7	0	0	0	0.305055	0.303653	0.30702	0.305056	0.303657	0.307017	0.305055	0.303653	0.30702	0.305056	0.303657	0.307017	1	1	4.8542	
3.85356	1	7	3.85356	1	7	3.85358	1	7	0	0	0	0.310057	0.30852	0.311997	0.310058	0.30852	0.311993	0.310057	0.30852	0.311997	0.310058	0.30852	0.311993	1	1	4.85356	
3.85301	1	7	3.85301	1	7	3.85303	1	7	0	0	0	0.315019	0.31352	0.316983	0.31502	0.31352	0.316983	0.315019	0.31352	0.316983	0.31502	0.31352	0.316983	1	1	4.85301	
3.85264	1	7	3.85264	1	7	3.85266	1	7	0	0	0	0.319978	0.318463	0.32199	0.319979	0.318463	0.32199	0.319978	0.318463	0.32199	0.319979	0.318463	0.32199	1	1	4.85264	
3.852	1	7	3.852	1	7	3.85202	1	7	0	0	0	0.324963	0.323313	0.327123	0.324965	0.323313	0.327123	0.324963	0.323313	0.327123	0.324965	0.323313	0.327123	1	1	4.852	
3.85123	1	7	3.85123	1	7	3.85125	1	7	0	0	0	0.329995	0.328247	0.33219	0.329997	0.328247	0.33219	0.329995	0.328247	0.33219	0.329997	0.328247	0.33219	1	1	4.85123	
3.85068	1	7	3.85068	1	7	3.8507	1	7	0	0	0	0.33498	0.33312	0.3371	0.334982	0.333123	0.3371	0.33498	0.33312	0.3371	0.334982	0.333123	0.3371	1	1	4.85068	
3.85017	1	7	3.85017	1	7	3.85019	1	7	0	0	0	0.339973	0.33812	0.342147	0.339975	0.338123	0.342147	0.339973	0.33812	0.342147	0.339975	0.338123	0.342147	1	1	4.85017	
3.84976	1	7	3.84976	1	7	3.84979	1	7	0	0	0	0.344971	0.343307	0.34728	0.344972	0.34331	0.34728	0.344971	0.343307	0.34728	0.344972	0.34331	0.34728	1	1	4.84976	
3.84955	1	7	3.84955	1	7	3.84957	1	7	0	0	0	0.350014	0.348253	0.352393	0.350015	0.348257	0.352393	0.350014	0.348253	0.352393	0.350015	0.348257	0.352393	1	1	4.84955	
3.84914	1	7	3.84914	1	7	3.84916	1	7	0	0	0	0.354954	0.353173	0.35734	0.354955	0.353177	0.35734	0.354954	0.353173	0.35734	0.354955	0.353177	0.35734	1	1	4.84914	
3.84866	1	7	3.84866	1	7	3.84868	1	7	0	0	0	0.35996	0.358467	0.362383	0.359961	0.35847	0.36238	0.35996	0.358467	0.362383	0.359961	0.35847	0.36238	1	1	4.84866	
3.84789	1	7	3.84789	1	7	3.84791	1	7	0	0	0	0.364936	0.363493	0.36731	0.364937	0.363497	0.367307	0.364936	0.363493	0.36731	0.364937	0.363497	0.367307	1	1	4.84789	
3.84733	1	7	3.84733	1	7	3.84735	1	7	0	0	0	0.369959	0.36853	0.372257	0.36996	0.368533	0.372253	0.369959	0.36853	0.372257	0.36996	0.368533	0.372253	1	1	4.84733	
3.84685	1	7	3.84685	1	7	3.84687	1	7	0	0	0	0.374922	0.373217	0.377313	0.374923	0.37322	0.37731	0.374922	0.373217	0.377313	0.374923	0.37322	0.37731	1	1	4.84685	
3.84606	1	7	3.84606	1	7	3.84607	1	7	0	0	0	0.379929	0.378367	0.382327	0.37993	0.378367	0.382323	0.379929	0.378367	0.382327	0.37993	0.378367	0.382323	1	1	4.84606	
3.84548	1	7	3.84548	1	7	3.8455	1	7	0	0	0	0.384977	0.38334	0.387293	0.384978	0.38334	0.38729	0.384977	0.38334	0.387293	0.384978	0.38334	0.38729	1	1	4.84548	
3.84482	1	7	3.84482	1	7	3.84484	1	7	0	0	0	0.389953	0.388323	0.392323	0.389954	0.388323	0.39232	0.389953	0.388323	0.392323	0.389954	0.388323	0.39232	1	1	4.84482	
3.84412	1	7	3.84412	1	7	3.84414	1	7	0	0	0	0.39501	0.39345	0.39733	0.395011	0.393453	0.397327	0.39501	0.39345	0.39733	0.395011	0.393453	0.397327	1	1	4.84412	
3.84356	1	7	3.84356	1	7	3.84358	1	7	0	0	0	0.400027	0.398437	0.40228	0.400028	0.39844	0.402277	0.400027	0.398437	0.40228	0.400028	0.39844	0.402277	1	1	4.84356	
3.84283	1	7	3.84283	1	7	3.84285	1	7	0	0	0	0.405089	0.4035	0.407143	0.40509	0.403503	0.40714	0.405089	0.4035	0.407143	0.40509	0.403503	0.40714	1	1	4.84283	
3.84214	1	7	3.84214	1	7	3.84216	1	7	0	0	0	0.410107	0.408143	0.412367	0.410108	0.408147	0.412363	0.410107	0.408143	0.412367	0.410108	0.408147	0.412363	1	1	4.84214	
3.84125	1	7	3.84125	1	7	3.84126	1	7	0	0	0	0.415085	0.41318	0.417193	0.415085	0.413183	0.41719	0.415085	0.41318	0.417193	0.415085	0.413183	0.41719	1	1	4.84125	
3.84066	1	7	3.84066	1	7	3.84068	1	7	0	0	0	0.420099	0.418263	0.422237	0.4201	0.418267	0.422233	0.420099	0.418263	0.422237	0.4201	0.418267	0.422233	1	1	4.84066	
3.83994	1	7	3.83994	1	7	3.83996	1	7	0	0	0	0.425086	0.423197	0.427313	0.425087	0.4232	0.42731	0.425086	0.423197	0.427313	0.425087	0.4232	0.42731	1	1	4.83994	
3.83926	1	7	3.83926	1	7	3.83928	1	7	0	0	0	0.4301	0.428197	0.43227	0.4301	0.4282	0.432267	0.4301	0.428197	0.43227	0.4301	0.4282	0.432267	1	1	4.83926	
3.83872	1	7	3.83872	1	7	3.83873	1	7	0	0	0	0.435068	0.433283	0.437193	0.435068	0.433287	0.43719	0.435068	0.433283	0.437193	0.435068	0.433287	0.43719	1	1	4.83872	
3.83821	1	7	3.83821	1	7	3.83822	1	7	0	0	0	0.440064	0.438063	0.442123	0.440064	0.438067	0.44212	0.440064	0.438063	0.442123	0.440064	0.438067	0.44212	1	1	4.83821	
3.83785	1	7	3.83785	1	7	3.83786	1	7	0	0	0	0.445103	0.443103	0.44721	0.445102	0.443107	0.447207	0.445103	0.443103	0.44721	0.445102	0.443107	0.447207	1	1	4.83785	
3.8371	1	7	3.8371	1	7	3.83711	1	7	0	0	0	0.45006	0.44807	0.452117	0.450059	0.44807	0.452113	0.45006	0.44807	0.452117	0.450059	0.44807	0.452113	1	1	4.8371	
3.83658	1	7	3.83658	1	7	3.83659	1	7	0	0	0	0.45518	0.453163	0.45733	0.455179	0.453163	0.457327	0.45518	0.453163	0.45733	0.455179	0.453163	0.457327	1	1	4.83658	
3.83581	1	7	3.83581	1	7	3.83583	1	7	0	0	0	0.460153	0.458033	0.462353	0.460153	0.458033	0.46235	0.460153	0.458033	0.462353	0.460153	0.458033	0.46235	1	1	4.83581	
3.83532	1	7	3.83532	1	7	3.83534	1	7	0	0	0	0.465124	0.463133	0.467567	0.465123	0.463133	0.467563	0.465124	0.463133	0.467567	0.465123	0.463133	0.467563	1	1	4.83532	
3.8347	1	7	3.8347	1	7	3.83472	1	7	0	0	0	0.47014	0.46793	0.472587	0.47014	0.46793	0.472583	0.47014	0.46793	0.472587	0.47014	0.46793	0.472583	1	1	4.8347	
3.83397	1	7	3.83397	1	7	3.83398	1	7	0	0	0	0.475105	0.472893	0.477557	0.475104	0.472893	0.477553	0.475105	0.472893	0.477557	0.475104	0.472893	0.477553	1	1	4.83397	
3.83322	1	7	3.83322	1	7	3.83323	1	7	0	0	0	0.480154	0.478047	0.48266	0.480153	0.478047	0.482657	0.480154	0.478047	0.48266	0.480153	0.478047	0.482657	1	1	4.83322	
3.83268	1	7	3.83268	1	7	3.8327	1	7	0	0	0	0.485161	0.483107	0.48742	0.48516	0.483107	0.487417	0.485161	0.483107	0.48742	0.48516	0.483107	0.487417	1	1	4.83268	
3.83206	1	7	3.83206	1	7	3.83207	1	7	0	0	0	0.490162	0.488077	0.492193	0.490161	0.488077	0.49219	0.490162	0.488077	0.492193	0.490161	0.488077	0.49219	1	1	4.83206	
3.83146	1	7	3.83146	1	7	3.83147	1	7	0	0	0	0.49515	0.49298	0.497327	0.495149	0.49298	0.497323	0.49515	0.49298	0.497327	0.495149	0.49298	0.497323	1	1	4.83146	
3.831	1	7	3.831	1	7	3.83101	1	7	0	0	0	0.500193	0.498007	0.50225	0.500192	0.498007	0.502247	0.500193	0.498007	0.50225	0.500192	0.498007	0.502247	1	1	4.831	
3.83029	1	7	3.83029	1	7	3.83031	1	7	0	0	0	0.505152	0.50293	0.507137	0.505151	0.50293	0.507133	0.505152	0.50293	0.507137	0.505151	0.50293	0.507133	1	1	4.83029	
3.82961	1	7	3.82961	1	7	3.82962	1	7	0	0	0	0.510164	0.50804	0.512417	0.510163	0.50804	0.512413	0.510164	0.50804	0.512417	0.510163	0.50804	0.512413	1	1	4.82961	
3.82883	1	7	3.82883	1	7	3.82884	1	7	0	0	0	0.515199	0.513037	0.517437	0.515198	0.513037	0.517433	0.515199	0.513037	0.517437	0.515198	0.513037	0.517433	1	1	4.82883	
3.82811	1	7	3.82811	1	7	3.82812	1	7	0	0	0	0.520178	0.51798	0.522423	0.520178	0.51798	0.52242	0.520178	0.51798	0.522423	0.520178	0.51798	0.52242	1	1	4.82811	
3.82732	1	7	3.82732	1	7	3.82733	1	7	0	0	0	0.525159	0.522977	0.527247	0.525158	0.522977	0.527243	0.525159	0.522977	0.527247	0.525158	0.522977	0.527243	1	1	4.82732	
3.82656	1	7	3.82656	1	7	3.82657	1	7	0	0	0	0.530138	0.52793	0.53204	0.530137	0.52793	0.532037	0.530138	0.52793	0.53204	0.530137	0.52793	0.532037	1	1	4.82656	
3.82585	1	7	3.82585	1	7	3.82586	1	7	0	0	0	0.53509	0.53287	0.53698	0.535089	0.53287	0.536977	0.53509	0.53287	0.53698	0.535089	0.53287	0.536977	1	1	4.82585	
3.82512	1	7	3.82512	1	7	3.82513	1	7	0	0	0	0.540062	0.537847	0.54189	0.540061	0.537847	0.541887	0.540062	0.537847	0.54189	0.540061	0.537847	0.541887	1	1	4.82512	
3.82441	1	7	3.82441	1	7	3.82442	1	7	0	0	0	0.545019	0.542683	0.546767	0.545018	0.542683	0.546767	0.545019	0.542683	0.546767	0.545018	0.542683	0.546767	1	1	4.82441	
3.82363	1	7	3.82363	1	7	3.82364	1	7	0	0	0	0.550052	0.54768	0.55173	0.55005	0.54768	0.55173	0.550052	0.54768	0.55173	0.55005	0.54768	0.55173	1	1	4.82363	
3.82279	1	7	3.82279	1	7	3.82281	1	7	0	0	0	0.555067	0.552717	0.55697	0.555065	0.552717	0.55697	0.555067	0.552717	0.55697	0.555065	0.552717	0.55697	1	1	4.82279	
3.82218	1	7	3.82218	1	7	3.82219	1	7	0	0	0	0.560037	0.557853	0.562013	0.560035	0.557853	0.562013	0.560037	0.557853	0.562013	0.560035	0.557853	0.562013	1	1	4.82218	
3.82146	1	7	3.82146	1	7	3.82148	1	7	0	0	0	0.565038	0.562847	0.567047	0.565036	0.562847	0.567047	0.565038	0.562847	0.567047	0.565036	0.562847	0.567047	1	1	4.82146	
3.82084	1	7	3.82084	1	7	3.82085	1	7	0	0	0	0.570019	0.567987	0.571877	0.570018	0.567987	0.571877	0.570019	0.567987	0.571877	0.570018	0.567987	0.571877	1	1	4.82084	
3.82012	1	7	3.82012	1	7	3.82013	1	7	0	0	0	0.57499	0.572857	0.57707	0.574988	0.572857	0.57707	0.57499	0.572857	0.57707	0.574988	0.572857	0.57707	1	1	4.82012	
3.81947	1	7	3.81947	1	7	3.81949	1	7	0	0	0	0.579978	0.57772	0.582213	0.579975	0.57772	0.582213	0.579978	0.57772	0.582213	0.579975	0.57772	0.582213	1	1	4.81947	
3.81883	1	7	3.81883	1	7	3.81885	1	7	0	0	0	0.584984	0.582687	0.587163	0.584982	0.582687	0.587163	0.584984	0.582687	0.587163	0.584982	0.582687	0.587163	1	1	4.81883	
3.81822	1	7	3.81822	1	7	3.81824	1	7	0	0	0	0.589958	0.587593	0.592113	0.589956	0.587593	0.592113	0.589958	0.587593	0.592113	0.589956	0.587593	0.592113	1	1	4.81822	
3.81759	1	7	3.81759	1	7	3.8176	1	7	0	0	0	0.594978	0.59255	0.597227	0.594976	0.59255	0.597227	0.594978	0.59255	0.597227	0.594976	0.59255	0.597227	1	1	4.81759	
3.817	1	7	3.817	1	7	3.81701	1	7	0	0	0	0.599903	0.597743	0.602013	0.599901	0.597743	0.602013	0.599903	0.597743	0.602013	0.599901	0.597743	0.602013	1	1	4.817	
3.8163	1	7	3.8163	1	7	3.81631	1	7	0	0	0	0.604821	0.602697	0.606853	0.604819	0.602697	0.606853	0.604821	0.602697	0.606853	0.604819	0.602697	0.606853	1	1	4.8163	
3.81566	1	7	3.81566	1	7	3.81567	1	7	0	0	0	0.609812	0.607587	0.61168	0.60981	0.607587	0.61168	0.609812	0.607587	0.61168	0.60981	0.607587	0.61168	1	1	4.81566	
3.8149	1	7	3.8149	1	7	3.81491	1	7	0	0	0	0.61487	0.612577	0.616683	0.614868	0.612577	0.616683	0.61487	0.612577	0.616683	0.614868	0.612577	0.616683	1	1	4.8149	
3.81415	1	7	3.81415	1	7	3.81416	1	7	0	0	0	0.619831	0.617607	0.62157	0.619829	0.617607	0.62157	0.619831	0.617607	0.62157	0.619829	0.617607	0.62157	1	1	4.81415	
3.81354	1	7	3.81354	1	7	3.81355	1	7	0	0	0	0.624903	0.62281	0.626517	0.624901	0.62281	0.626517	0.624903	0.62281	0.626517	0.624901	0.62281	0.626517	1	1	4.81354	
3.81284	1	7	3.81284	1	7	3.81285	1	7	0	0	0	0.629923	0.627927	0.631537	0.629921	0.627927	0.631537	0.629923	0.627927	0.631537	0.629921	0.627927	0.631537	1	1	4.81284	
3.81226	1	7	3.81226	1	7	3.81227	1	7	0	0	0	0.634912	0.633017	0.63661	0.63491	0.633017	0.63661	0.634912	0.633017	0.63661	0.63491	0.633017	0.63661	1	1	4.81226	
3.81149	1	7	3.81149	1	7	3.8115	1	7	0	0	0	0.639955	0.638057	0.641693	0.639953	0.638057	0.641693	0.639955	0.638057	0.641693	0.639953	0.638057	0.641693	1	1	4.81149	
3.81083	1	7	3.81083	1	7	3.81084	1	7	0	0	0	0.64492	0.64296	0.64644	0.644919	0.64296	0.64644	0.64492	0.64296	0.64644	0.644919	0.64296	0.64644	1	1	4.81083	
3.81001	1	7	3.81001	1	7	3.81002	1	7	0	0	0	0.649931	0.64791	0.651557	0.64993	0.64791	0.651557	0.649931	0.64791	0.651557	0.64993	0.64791	0.651557	1	1	4.81001	
3.80934	1	7	3.80934	1	7	3.80935	1	7	0	0	0	0.654976	0.653037	0.656613	0.654974	0.653037	0.656613	0.654976	0.653037	0.656613	0.654974	0.653037	0.656613	1	1	4.80934	
3.80874	1	7	3.80874	1	7	3.80876	1	7	0	0	0	0.659958	0.657967	0.66145	0.659956	0.657967	0.66145	0.659958	0.657967	0.66145	0.659956	0.657967	0.66145	1	1	4.80874	
3.80803	1	7	3.80803	1	7	3.80804	1	7	0	0	0	0.664927	0.66291	0.666333	0.664925	0.66291	0.666333	0.664927	0.66291	0.666333	0.664925	0.66291	0.666333	1	1	4.80803	
3.80741	1	7	3.80741	1	7	3.80742	1	7	0	0	0	0.669951	0.667847	0.671333	0.669949	0.667847	0.671333	0.669951	0.667847	0.671333	0.669949	0.667847	0.671333	1	1	4.80741	
3.80654	1	7	3.80654	1	7	3.80655	1	7	0	0	0	0.674925	0.672927	0.676537	0.674922	0.672927	0.676537	0.674925	0.672927	0.676537	0.674922	0.672927	0.676537	1	1	4.80654	
3.80593	1	7	3.80593	1	7	3.80595	1	7	0	0	0	0.679923	0.677943	0.681507	0.67992	0.677943	0.681507	0.679923	0.677943	0.681507	0.67992	0.677943	0.681507	1	1	4.80593	
3.80514	1	7	3.80514	1	7	3.80515	1	7	0	0	0	0.684924	0.6829	0.686337	0.684922	0.6829	0.686337	0.684924	0.6829	0.686337	0.684922	0.6829	0.686337	1	1	4.80514	
3.80445	1	7	3.80445	1	7	3.80446	1	7	0	0	0	0.689882	0.688137	0.691387	0.689879	0.688133	0.691387	0.689882	0.688137	0.691387	0.689879	0.688133	0.691387	1	1	4.80445	
3.80368	1	7	3.80368	1	7	3.8037	1	7	0	0	0	0.694896	0.693357	0.69655	0.694893	0.693353	0.69655	0.694896	0.693357	0.69655	0.694893	0.693353	0.69655	1	1	4.80368	
3.80282	1	7	3.80282	1	7	3.80284	1	7	0	0	0	0.699911	0.698447	0.701707	0.699909	0.698447	0.701707	0.699911	0.698447	0.701707	0.699909	0.698447	0.701707	1	1	4.80282	
3.80205	1	7	3.80205	1	7	3.80206	1	7	0	0	0	0.704931	0.703377	0.706697	0.704929	0.703377	0.706697	0.704931	0.703377	0.706697	0.704929	0.703377	0.706697	1	1	4.80205	
3.80123	1	7	3.80123	1	7	3.80124	1	7	0	0	0	0.709932	0.708137	0.71179	0.70993	0.708137	0.71179	0.709932	0.708137	0.71179	0.70993	0.708137	0.71179	1	1	4.80123	
3.80052	1	7	3.80052	1	7	3.80053	1	7	0	0	0	0.714931	0.713177	0.71684	0.714929	0.713177	0.71684	0.714931	0.713177	0.71684	0.714929	0.713177	0.71684	1	1	4.80052	
3.79961	1	7	3.79961	1	7	3.79962	1	7	0	0	0	0.71995	0.7183	0.721943	0.719948	0.7183	0.721943	0.71995	0.7183	0.721943	0.719948	0.7183	0.721943	1	1	4.79961	
3.79895	1	7	3.79895	1	7	3.79896	1	7	0	0	0	0.724993	0.723197	0.726993	0.724991	0.723197	0.726993	0.724993	0.723197	0.726993	0.724991	0.723197	0.726993	1	1	4.79895	
3.79836	1	7	3.79836	1	7	3.79837	1	7	0	0	0	0.729989	0.72811	0.732023	0.729987	0.72811	0.732023	0.729989	0.72811	0.732023	0.729987	0.72811	0.732023	1	1	4.79836	
3.79758	1	7	3.79758	1	7	3.79759	1	7	0	0	0	0.734981	0.733117	0.73708	0.734979	0.733117	0.73708	0.734981	0.733117	0.73708	0.734979	0.733117	0.73708	1	1	4.79758	
3.79682	1	7	3.79682	1	7	3.79683	1	7	0	0	0	0.740023	0.738133	0.74218	0.740021	0.738133	0.74218	0.740023	0.738133	0.74218	0.740021	0.738133	0.74218	1	1	4.79682	
3.79616	1	7	3.79616	1	7	3.79617	1	7	0	0	0	0.744991	0.743123	0.747037	0.744989	0.743123	0.747037	0.744991	0.743123	0.747037	0.744989	0.743123	0.747037	1	1	4.79616	
3.79547	1	7	3.79547	1	7	3.79548	1	7	0	0	0	0.750027	0.748183	0.75198	0.750025	0.74818	0.75198	0.750027	0.748183	0.75198	0.750025	0.74818	0.75198	1	1	4.79547	
3.79459	1	7	3.79459	1	7	3.7946	1	7	0	0	0	0.75496	0.752987	0.756843	0.754958	0.752983	0.756843	0.75496	0.752987	0.756843	0.754958	0.752983	0.756843	1	1	4.79459	
3.79375	1	7	3.79375	1	7	3.79376	1	7	0	0	0	0.759955	0.758063	0.761883	0.759953	0.75806	0.761883	0.759955	0.758063	0.761883	0.759953	0.75806	0.761883	1	1	4.79375	
3.79303	1	7	3.79303	1	7	3.79304	1	7	0	0	0	0.764954	0.763273	0.766787	0.764952	0.76327	0.766787	0.764954	0.763273	0.766787	0.764952	0.76327	0.766787	1	1	4.79303	
3.79237	1	7	3.79237	1	7	3.79238	1	7	0	0	0	0.76996	0.76815	0.77165	0.769958	0.768147	0.77165	0.76996	0.76815	0.77165	0.769958	0.768147	0.77165	1	1	4.79237	
3.79171	1	7	3.79171	1	7	3.79172	1	7	0	0	0	0.774975	0.773037	0.77671	0.774973	0.773033	0.77671	0.774975	0.773037	0.77671	0.774973	0.773033	0.77671	1	1	4.79171	
3.79095	1	7	3.79095	1	7	3.79096	1	7	0	0	0	0.779928	0.778267	0.781573	0.779926	0.778263	0.781573	0.779928	0.778267	0.781573	0.779926	0.778263	0.781573	1	1	4.79095	
3.79022	1	7	3.79022	1	7	3.79023	1	7	0	0	0	0.784889	0.78316	0.786483	0.784887	0.783157	0.786483	0.784889	0.78316	0.786483	0.784887	0.783157	0.786483	1	1	4.79022	
3.78938	1	7	3.78938	1	7	3.78939	1	7	0	0	0	0.78992	0.788153	0.79163	0.789918	0.78815	0.79163	0.78992	0.788153	0.79163	0.789918	0.78815	0.79163	1	1	4.78938	
3.78851	1	7	3.78851	1	7	3.78852	1	7	0	0	0	0.794933	0.793113	0.79685	0.794932	0.79311	0.79685	0.794933	0.793113	0.79685	0.794932	0.79311	0.79685	1	1	4.78851	
3.78772	1	7	3.78772	1	7	3.78773	1	7	0	0	0	0.799949	0.798187	0.801953	0.799948	0.798183	0.801953	0.799949	0.798187	0.801953	0.799948	0.798183	0.801953	1	1	4.78772	
3.78691	1	7	3.78691	1	7	3.78692	1	7	0	0	0	0.804948	0.803067	0.80698	0.804947	0.803063	0.80698	0.804948	0.803067	0.80698	0.804947	0.803063	0.80698	1	1	4.78691	
3.78618	1	7	3.78618	1	7	3.78619	1	7	0	0	0	0.80994	0.80802	0.811817	0.809939	0.808017	0.811817	0.80994	0.80802	0.811817	0.809939	0.808017	0.811817	1	1	4.78618	
3.78538	1	7	3.78538	1	7	3.78539	1	7	0	0	0	0.814959	0.81325	0.81644	0.814959	0.813247	0.81644	0.814959	0.81325	0.81644	0.814959	0.813247	0.81644	1	1	4.78538	
3.78436	1	7	3.78436	1	7	3.78437	1	7	0	0	0	0.81996	0.81835	0.82127	0.819959	0.818347	0.82127	0.81996	0.81835	0.82127	0.819959	0.818347	0.82127	1	1	4.78436	
3.78352	1	7	3.78352	1	7	3.78353	1	7	0	0	0	0.825002	0.823473	0.826163	0.825002	0.823473	0.826163	0.825002	0.823473	0.826163	0.825002	0.823473	0.826163	1	1	4.78352	
3.78274	1	7	3.78274	1	7	3.78275	1	7	0	0	0	0.829987	0.82835	0.831263	0.829986	0.82835	0.831263	0.829987	0.82835	0.831263	0.829986	0.82835	0.831263	1	1	4.78274	
3.78181	1	7	3.78181	1	7	3.78182	1	7	0	0	0	0.835007	0.833347	0.836293	0.835006	0.83335	0.836293	0.835007	0.833347	0.836293	0.835006	0.83335	0.836293	1	1	4.78181	
3.78105	1	7	3.78105	1	7	3.78106	1	7	0	0	0	0.84	0.838343	0.84134	0.839999	0.838347	0.84134	0.84	0.838343	0.84134	0.839999	0.838347	0.84134	1	1	4.78105	
3.7802	1	7	3.7802	1	7	3.78021	1	7	0	0	0	0.844985	0.843337	0.846163	0.844985	0.84334	0.846163	0.844985	0.843337	0.846163	0.844985	0.84334	0.846163	1	1	4.7802	
3.77928	1	7	3.77928	1	7	3.77929	1	7	0	0	0	0.849982	0.84841	0.851453	0.849981	0.848413	0.851453	0.849982	0.84841	0.851453	0.849981	0.848413	0.851453	1	1	4.77928	
3.77843	1	7	3.77843	1	7	3.77844	1	7	0	0	0	0.85502	0.85363	0.856407	0.855019	0.853633	0.856407	0.85502	0.85363	0.856407	0.855019	0.853633	0.856407	1	1	4.77843	
3.77752	1	7	3.77752	1	7	3.77753	1	7	0	0	0	0.860068	0.858627	0.861577	0.860067	0.858633	0.861577	0.860068	0.858627	0.861577	0.860067	0.858633	0.861577	1	1	4.77752	
3.7767	1	7	3.7767	1	7	3.77671	1	7	0	0	0	0.865001	0.863553	0.866453	0.865001	0.86356	0.866453	0.865001	0.863553	0.866453	0.865001	0.86356	0.866453	1	1	4.7767	
3.77597	1	7	3.77597	1	7	3.77598	1	7	0	0	0	0.869953	0.86868	0.871253	0.869953	0.868687	0.871253	0.869953	0.86868	0.871253	0.869953	0.868687	0.871253	1	1	4.77597	
3.77513	1	7	3.77513	1	7	3.77514	1	7	0	0	0	0.874931	0.873617	0.875907	0.874931	0.873623	0.875907	0.874931	0.873617	0.875907	0.874931	0.873623	0.875907	1	1	4.77513	
3.77427	1	7	3.77427	1	7	3.77428	1	7	0	0	0	0.879909	0.87865	0.881057	0.879909	0.878657	0.881057	0.879909	0.87865	0.881057	0.879909	0.878657	0.881057	1	1	4.77427	
3.77334	1	7	3.77334	1	7	3.77335	1	7	0	0	0	0.884859	0.883567	0.886037	0.884859	0.883573	0.886037	0.884859	0.883567	0.886037	0.884859	0.883573	0.886037	1	1	4.77334	
3.77255	1	7	3.77255	1	7	3.77256	1	7	0	0	0	0.889908	0.88883	0.890943	0.889908	0.888833	0.890943	0.889908	0.88883	0.890943	0.889908	0.888833	0.890943	1	1	4.77255	
3.77165	1	7	3.77165	1	7	3.77166	1	7	0	0	0	0.894956	0.8941	0.896027	0.894956	0.894103	0.896027	0.894956	0.8941	0.896027	0.894956	0.894103	0.896027	1	1	4.77165	
3.77073	1	7	3.77073	1	7	3.77074	1	7	0	0	0	0.899986	0.899097	0.901433	0.899986	0.8991	0.901433	0.899986	0.899097	0.901433	0.899986	0.8991	0.901433	1	1	4.77073	
3.76987	1	7	3.76987	1	7	3.76988	1	7	0	0	0	0.904927	0.90416	0.906277	0.904927	0.904163	0.906277	0.904927	0.90416	0.906277	0.904927	0.904163	0.906277	1	1	4.76987	
3.76884	1	7	3.76884	1	7	3.76885	1	7	0	0	0	0.9099	0.90917	0.91104	0.9099	0.909173	0.91104	0.9099	0.90917	0.91104	0.9099	0.909173	0.91104	1	1	4.76884	
3.76792	1	7	3.76792	1	7	3.76793	1	7	0	0	0	0.9149	0.9142	0.91601	0.914899	0.914203	0.91601	0.9149	0.9142	0.91601	0.914899	0.914203	0.91601	1	1	4.76792	
3.76688	1	7	3.76688	1	7	3.76689	1	7	0	0	0	0.919954	0.919297	0.921063	0.919953	0.919293	0.921063	0.919954	0.919297	0.921063	0.919953	0.919293	0.921063	1	1	4.76688	
3.7659	1	7	3.7659	1	7	3.76591	1	7	0	0	0	0.924994	0.924277	0.92607	0.924993	0.92428	0.92607	0.924994	0.924277	0.92607	0.924993	0.92428	0.92607	1	1	4.7659	
3.76494	1	7	3.76494	1	7	3.76495	1	7	0	0	0	0.930026	0.929227	0.931047	0.930025	0.92923	0.931047	0.930026	0.929227	0.931047	0.930025	0.92923	0.931047	1	1	4.76494	
3.76398	1	7	3.76398	1	7	3.764	1	7	0	0	0	0.935013	0.934263	0.936077	0.935013	0.93426	0.936077	0.935013	0.934263	0.936077	0.935013	0.93426	0.936077	1	1	4.76398	
3.76296	1	7	3.76296	1	7	3.76297	1	7	0	0	0	0.940029	0.939147	0.941117	0.940029	0.939143	0.941117	0.940029	0.939147	0.941117	0.940029	0.939143	0.941117	1	1	4.76296	
3.76205	1	7	3.76205	1	7	3.76206	1	7	0	0	0	0.945005	0.944133	0.946007	0.945005	0.94413	0.946003	0.945005	0.944133	0.946007	0.945005	0.94413	0.946003	1	1	4.76205	
3.76105	1	7	3.76105	1	7	3.76106	1	7	0	0	0	0.949992	0.94902	0.950757	0.949992	0.949017	0.950753	0.949992	0.94902	0.950757	0.949992	0.949017	0.950753	1	1	4.76105	
3.76009	1	7	3.76009	1	7	3.7601	1	7	0	0	0	0.954993	0.95422	0.955827	0.954993	0.954217	0.955823	0.954993	0.95422	0.955827	0.954993	0.954217	0.955823	1	1	4.76009	
3.75906	1	7	3.75906	1	7	3.75907	1	7	0	0	0	0.96001	0.959347	0.96071	0.96001	0.959343	0.960707	0.96001	0.959347	0.96071	0.96001	0.959343	0.960707	1	1	4.75906	
3.75807	1	7	3.75807	1	7	3.75808	1	7	0	0	0	0.965087	0.964467	0.965803	0.965087	0.964467	0.9658	0.965087	0.964467	0.965803	0.965087	0.964467	0.9658	1	1	4.75807	
3.75696	1	7	3.75696	1	7	3.75697	1	7	0	0	0	0.970102	0.96949	0.970793	0.970102	0.969487	0.970793	0.970102	0.96949	0.970793	0.970102	0.969487	0.970793	1	1	4.75696	
3.75587	1	7	3.75587	1	7	3.75588	1	7	0	0	0	0.975118	0.97452	0.97568	0.975117	0.974517	0.97568	0.975118	0.97452	0.97568	0.975117	0.974517	0.97568	1	1	4.75587	
3.75472	1	7	3.75472	1	7	3.75473	1	7	0	0	0	0.98008	0.97959	0.98065	0.980079	0.979587	0.980643	0.98008	0.97959	0.98065	0.980079	0.979587	0.980643	1	1	4.75472	
3.75358	1	7	3.75358	1	7	3.75359	1	7	0	0	0	0.985064	0.984683	0.985557	0.985064	0.98468	0.98555	0.985064	0.984683	0.985557	0.985064	0.98468	0.98555	1	1	4.75358	
3.75239	1	7	3.75239	1	7	3.7524	1	7	0	0	0	0.990054	0.98972	0.990423	0.990054	0.98972	0.990423	0.990054	0.98972	0.990423	0.990054	0.98972	0.990423	1	1	4.75239	
3.75119	1	7	3.75119	1	7	3.7512	1	7	0	0	0	0.995026	0.994713	0.995237	0.995026	0.994713	0.995237	0.995026	0.994713	0.995237	0.995026	0.994713	0.995237	1	1	4.75119	
3.75	1	7	3.75	1	7	3.75001	1	7	0	0	0	1	1	1	1	1	1	1	1	1	1	1	1	1	1	4.75	
