3.81609	1	8	3.81609	1	8	3.81609	1	8	0	0	0	0.00503313	0.00484667	0.00526333	0.00503292	0	0.02034	0.00503313	0.00484667	0.00526333	0.00503292	0	0.02034	1	1	4.81589	
3.80847	1	12	3.80847	1	12	3.80847	1	12	0	0	0	0.0100071	0.00978667	0.01026	0.0100069	0	0.0406567	0.0100071	0.00978667	0.01026	0.0100069	0	0.0406567	1	1	4.80772	
3.81841	1	13	3.81841	1	13	3.81841	1	13	0	0	0	0.0149985	0.01468	0.0154533	0.0149981	0	0.0602167	0.0149985	0.01468	0.0154533	0.0149981	0	0.0602167	1	1	4.81715	
3.82345	1	13	3.82345	1	13	3.82345	1	13	0	0	0	0.019986	0.0196467	0.0205267	0.0199858	0	0.0805067	0.019986	0.0196467	0.0205267	0.0199858	0	0.0805067	1	1	4.82171	
3.82989	1	13	3.82989	1	13	3.8299	1	13	0	0	0	0.0249837	0.0245867	0.0255	0.0249837	0	0.1007	0.0249837	0.0245867	0.0255	0.0249837	0	0.1007	1	1	4.828	
3.82183	1	12	3.82183	1	12	3.82178	1	12	0	0	0	0.0300242	0.0296033	0.03046	0.030024	0	0.12085	0.0300242	0.0296033	0.03046	0.030024	0	0.12085	1	1	4.81943	
3.83064	1	13	3.83064	1	13	3.8306	1	13	0	0	0	0.0350258	0.0346	0.0353167	0.0350252	0	0.14059	0.0350258	0.0346	0.0353167	0.0350252	0	0.14059	1	1	4.82782	
3.83241	1	14	3.83241	1	14	3.8324	1	14	0	0	0	0.0400277	0.0394067	0.04053	0.0400273	0	0.160503	0.0400277	0.0394067	0.04053	0.0400273	0	0.160503	1	1	4.8291	
3.83781	1	14	3.83781	1	14	3.83778	1	14	0	0	0	0.0450169	0.04435	0.0456767	0.0450167	0	0.18061	0.0450169	0.04435	0.0456767	0.0450167	0	0.18061	1	1	4.83406	
3.84822	1	14	3.84822	1	14	3.84822	1	14	0	0	0	0.0499998	0.0493933	0.0506733	0.0499994	0	0.201593	0.0499998	0.0493933	0.0506733	0.0499994	0	0.201593	1	1	4.84405	
3.85397	1	14	3.85397	1	14	3.85397	1	14	0	0	0	0.0550015	0.0543467	0.0556	0.055001	0	0.22187	0.0550015	0.0543467	0.0556	0.055001	0	0.22187	1	1	4.84914	
3.85945	1	15	3.85945	1	15	3.85947	1	15	0	0	0	0.0599671	0.05932	0.0604033	0.0599673	0	0.241723	0.0599671	0.05932	0.0604033	0.0599673	0	0.241723	1	1	4.85427	
3.86673	1	17	3.86673	1	17	3.86675	1	17	0	0	0	0.0650215	0.0643533	0.06553	0.065021	0	0.262287	0.0650215	0.0643533	0.06553	0.065021	0	0.262287	1	1	4.86123	
3.87357	1	18	3.87357	1	18	3.87361	1	18	0	0	0	0.0699788	0.0690033	0.07044	0.0699783	0	0.28182	0.0699788	0.0690033	0.07044	0.0699783	0	0.28182	1	1	4.86751	
3.88428	1	15	3.88428	1	15	3.88428	1	15	0	0	0	0.0749758	0.07389	0.0755633	0.0749756	0	0.302113	0.0749758	0.07389	0.0755633	0.0749756	0	0.302113	1	1	4.87763	
3.89467	1	21	3.89467	1	21	3.89471	1	21	0	0	0	0.0799906	0.0788467	0.0806333	0.0799904	0	0.321807	0.0799906	0.0788467	0.0806333	0.0799904	0	0.321807	1	1	4.88777	
3.90406	1	18	3.90406	1	18	3.90406	1	18	0	0	0	0.0850135	0.0838667	0.08573	0.0850135	0	0.341753	0.0850135	0.0838667	0.08573	0.0850135	0	0.341753	1	1	4.89648	
3.90629	1	20	3.90629	1	20	3.90628	1	20	0	0	0	0.0900252	0.0889933	0.09087	0.090025	0	0.36183	0.0900252	0.0889933	0.09087	0.090025	0	0.36183	1	1	4.89858	
3.92127	1	19	3.92127	1	19	3.92128	1	19	0	0	0	0.09501	0.0940767	0.0960067	0.0950104	0	0.38137	0.09501	0.0940767	0.0960067	0.0950104	0	0.38137	1	1	4.91253	
3.93208	1	19	3.93208	1	19	3.93208	1	19	0	0	0	0.100001	0.0991267	0.101043	0.100001	0	0.40157	0.100001	0.0991267	0.101043	0.100001	0	0.40157	1	1	4.92297	
3.94647	1	20	3.94647	1	20	3.94649	1	20	0	0	0	0.105056	0.104223	0.10609	0.105056	0	0.421723	0.105056	0.104223	0.10609	0.105056	0	0.421723	1	1	4.93681	
3.95836	1	21	3.95836	1	21	3.95836	1	21	0	0	0	0.110075	0.109163	0.111127	0.110075	0	0.4419	0.110075	0.109163	0.111127	0.110075	0	0.4419	1	1	4.94847	
3.96891	1	19	3.96891	1	19	3.96892	1	19	0	0	0	0.115058	0.11411	0.115987	0.115058	0	0.462143	0.115058	0.11411	0.115987	0.115058	0	0.462143	1	1	4.95839	
3.98773	1	20	3.98773	1	20	3.98772	1	20	0	0	0	0.120091	0.11904	0.120967	0.120091	0	0.482547	0.120091	0.11904	0.120967	0.120091	0	0.482547	1	1	4.97683	
4.00931	1	19	4.00931	1	19	4.00931	1	19	0	0	0	0.125086	0.124113	0.12595	0.125086	0	0.502093	0.125086	0.124113	0.12595	0.125086	0	0.502093	1	1	4.99781	
4.0205	1	20	4.0205	1	20	4.0205	1	20	0	0	0	0.130036	0.129193	0.130967	0.130036	0	0.521277	0.130036	0.129193	0.130967	0.130036	0	0.521277	1	1	5.0081	
4.03108	1	20	4.03108	1	20	4.03108	1	20	0	0	0	0.135046	0.134153	0.13592	0.135046	0	0.541637	0.135046	0.134153	0.13592	0.135046	0	0.541637	1	1	5.0183	
4.04909	1	20	4.04908	1	20	4.0491	1	20	0	0	0	0.140089	0.13911	0.141013	0.140089	0	0.562097	0.140089	0.13911	0.141013	0.140089	0	0.562097	1	1	5.03559	
4.07327	1	23	4.07327	1	23	4.07328	1	23	0	0	0	0.1451	0.144033	0.146127	0.1451	0	0.58218	0.1451	0.144033	0.146127	0.1451	0	0.58218	1	1	5.05927	
4.08691	1	25	4.08691	1	25	4.08691	1	25	0	0	0	0.150073	0.149	0.151137	0.150072	0	0.60193	0.150073	0.149	0.151137	0.150072	0	0.60193	1	1	5.07272	
4.10106	1	25	4.10106	1	25	4.10108	1	25	0	0	0	0.155095	0.153887	0.156357	0.155094	0	0.62258	0.155095	0.153887	0.156357	0.155094	0	0.62258	1	1	5.08591	
4.12486	1	22	4.12486	1	22	4.12488	1	22	0	0	0	0.160132	0.15898	0.161417	0.160131	0	0.643027	0.160132	0.15898	0.161417	0.160131	0	0.643027	1	1	5.1092	
4.14382	1	21	4.14381	1	21	4.14382	1	21	0	0	0	0.165184	0.164157	0.166407	0.165183	0	0.66371	0.165184	0.164157	0.166407	0.165183	0	0.66371	1	1	5.1273	
4.17255	1	21	4.17255	1	21	4.17256	1	21	0	0	0	0.17018	0.169217	0.171373	0.17018	0	0.684067	0.17018	0.169217	0.171373	0.17018	0	0.684067	1	1	5.1556	
4.1921	1	22	4.19209	1	22	4.19209	1	22	0	0	0	0.175217	0.174063	0.17638	0.175216	0	0.704047	0.175217	0.174063	0.17638	0.175216	0	0.704047	1	1	5.17417	
4.21881	1	23	4.2188	1	23	4.21878	1	23	0	0	0	0.180281	0.178947	0.181643	0.18028	0	0.724467	0.180281	0.178947	0.181643	0.18028	0	0.724467	1	1	5.20045	
4.24166	1	26	4.24164	1	26	4.24164	1	26	0	0	0	0.185281	0.183897	0.18673	0.185281	0	0.74426	0.185281	0.183897	0.18673	0.185281	0	0.74426	1	1	5.22295	
4.26154	1	28	4.26152	1	28	4.26153	1	28	0	0	0	0.190259	0.188923	0.191553	0.190257	0	0.7641	0.190259	0.188923	0.191553	0.190257	0	0.7641	1	1	5.242	
4.28627	1	26	4.28625	1	26	4.28624	1	26	0	0	0	0.195212	0.193857	0.196627	0.195213	0	0.784883	0.195212	0.193857	0.196627	0.195213	0	0.784883	1	1	5.26569	
4.31888	1	27	4.31885	1	27	4.31887	1	27	0	0	0	0.200214	0.198957	0.201677	0.200214	0	0.804163	0.200214	0.198957	0.201677	0.200214	0	0.804163	1	1	5.29755	
4.34825	1	30	4.34823	1	30	4.34825	1	30	0	0	0	0.205177	0.203887	0.206603	0.205176	0	0.824543	0.205177	0.203887	0.206603	0.205176	0	0.824543	1	1	5.32661	
4.3756	1	24	4.37557	1	24	4.37557	1	24	0	0	0	0.210146	0.208837	0.211633	0.210145	0	0.844993	0.210146	0.208837	0.211633	0.210145	0	0.844993	1	1	5.35329	
4.41102	1	28	4.41097	1	28	4.41098	1	28	0	0	0	0.215114	0.21374	0.216803	0.215114	0	0.86461	0.215114	0.21374	0.216803	0.215114	0	0.86461	1	1	5.38805	
4.44202	1	28	4.44197	1	28	4.44196	1	28	0	0	0	0.220136	0.218777	0.221903	0.220135	0	0.884867	0.220136	0.218777	0.221903	0.220135	0	0.884867	1	1	5.41875	
4.47922	1	27	4.47916	1	27	4.47916	1	27	0	0	0	0.225164	0.223753	0.22687	0.225165	0	0.90485	0.225164	0.223753	0.22687	0.225165	0	0.90485	1	1	5.45463	
4.50481	1	28	4.50475	1	28	4.5047	1	28	0	0	0	0.230132	0.228897	0.231807	0.230129	0	0.924727	0.230132	0.228897	0.231807	0.230129	0	0.924727	1	1	5.47946	
4.55324	1	35	4.55317	1	35	4.55312	1	35	0	0	0	0.235071	0.23388	0.236817	0.235075	0	0.944307	0.235071	0.23388	0.236817	0.235075	0	0.944307	1	1	5.52723	
4.58546	1	29	4.58539	1	29	4.58537	1	29	0	0	0	0.24003	0.238713	0.241923	0.240034	0	0.96353	0.24003	0.238713	0.241923	0.240034	0	0.96353	1	1	5.55849	
4.62717	1	29	4.62705	1	29	4.6271	1	29	0	0	0	0.24505	0.243763	0.246913	0.245058	0	0.98406	0.24505	0.243763	0.246913	0.245058	0	0.98406	1	1	5.59955	
4.66705	1	29	4.66693	1	29	4.66683	1	29	0	0	0	0.249962	0.248783	0.251893	0.249709	0	1	0.249962	0.248783	0.251893	0.249709	0	1	1	1	5.63836	
4.71041	1	29	4.71028	1	29	4.71124	1	29	0	0	0	0.254964	0.253697	0.25695	0.25	0	1	0.254964	0.253697	0.25695	0.25	0	1	1	1	5.68117	
4.7572	1	29	4.75707	1	29	4.75791	1	29	0	0	0	0.259973	0.258533	0.26183	0.25	0	1	0.259973	0.258533	0.26183	0.25	0	1	1	1	5.72688	
4.80594	1	34	4.80576	1	34	4.8064	1	34	0	0	0	0.265002	0.263803	0.266847	0.25	0	1	0.265002	0.263803	0.266847	0.25	0	1	1	1	5.77447	
4.8557	1	28	4.85549	1	28	4.85376	1	29	0	0	0	0.270024	0.268843	0.271843	0.25	0	1	0.270024	0.268843	0.271843	0.25	0	1	1	1	5.8239	
4.90647	1	34	4.90625	1	34	4.90476	1	34	0	0	0	0.275018	0.273793	0.276993	0.25	0	1	0.275018	0.273793	0.276993	0.25	0	1	1	1	5.873	
4.95256	1	32	4.95229	1	32	4.95185	1	32	0	0	0	0.28004	0.27887	0.282073	0.25	0	1	0.28004	0.27887	0.282073	0.25	0	1	1	1	5.91874	
5.01023	1	42	5.00993	1	42	5.00957	1	42	0	0	0	0.285015	0.283613	0.287233	0.25	0	1	0.285015	0.283613	0.287233	0.25	0	1	1	1	5.97519	
5.06752	1	35	5.06714	1	35	5.06544	1	35	0	0	0	0.290035	0.288733	0.29204	0.25	0	1	0.290035	0.288733	0.29204	0.25	0	1	1	1	6.03178	
5.13307	1	31	5.13263	1	31	5.13001	1	34	0	0	0	0.295025	0.29379	0.29713	0.25	0	1	0.295025	0.29379	0.29713	0.25	0	1	1	1	6.09646	
5.19698	1	36	5.19652	1	36	5.19635	1	36	0	0	0	0.300039	0.298713	0.302297	0.25	0	1	0.300039	0.298713	0.302297	0.25	0	1	1	1	6.15853	
5.26715	1	37	5.2666	1	37	5.26594	1	38	0	0	0	0.305055	0.303653	0.30702	0.25	0	1	0.305055	0.303653	0.30702	0.25	0	1	1	1	6.2276	
5.32647	1	36	5.3258	1	36	5.32859	1	36	0	0	0	0.310057	0.30852	0.311997	0.25	0	1	0.310057	0.30852	0.311997	0.25	0	1	1	1	6.28565	
5.40709	1	36	5.40633	1	36	5.40455	1	36	0	0	0	0.315019	0.31352	0.316983	0.25	0	1	0.315019	0.31352	0.316983	0.25	0	1	1	1	6.36567	
5.48822	1	36	5.48736	1	36	5.48677	1	36	0	0	0	0.319978	0.318463	0.32199	0.25	0	1	0.319978	0.318463	0.32199	0.25	0	1	1	1	6.44565	
5.56652	1	36	5.56548	1	36	5.56847	1	37	0	0	0	0.324963	0.323313	0.327123	0.25	0	1	0.324963	0.323313	0.327123	0.25	0	1	1	1	6.52292	
5.65679	1	37	5.65561	1	37	5.65617	1	44	0	0	0	0.329995	0.328247	0.33219	0.25	0	1	0.329995	0.328247	0.33219	0.25	0	1	1	1	6.61167	
5.74123	1	39	5.73988	1	39	5.74163	1	43	0	0	0	0.33498	0.33312	0.3371	0.25	0	1	0.33498	0.33312	0.3371	0.25	0	1	1	1	6.69429	
5.84436	1	44	5.84283	1	44	5.83676	1	44	0	0	0	0.339973	0.33812	0.342147	0.25	0	1	0.339973	0.33812	0.342147	0.25	0	1	1	1	6.79631	
5.93658	1	46	5.93483	1	46	5.94084	1	46	0	0	0	0.344971	0.343307	0.34728	0.25	0	1	0.344971	0.343307	0.34728	0.25	0	1	1	1	6.88688	
6.05567	1	40	6.0536	1	40	6.04307	1	40	0	0	0	0.350014	0.348253	0.352393	0.25	0	1	0.350014	0.348253	0.352393	0.25	0	1	1	1	7.0047	
6.15525	1	38	6.15295	1	38	6.15607	1	45	0	0	0	0.354954	0.353173	0.35734	0.25	0	1	0.354954	0.353173	0.35734	0.25	0	1	1	1	7.10195	
6.28153	1	43	6.2788	1	43	6.27222	1	43	0	0	0	0.35996	0.358467	0.362383	0.25	0	1	0.35996	0.358467	0.362383	0.25	0	1	1	1	7.22669	
6.40459	1	45	6.40144	1	45	6.40272	1	45	0	0	0	0.364936	0.363493	0.36731	0.25	0	1	0.364936	0.363493	0.36731	0.25	0	1	1	1	7.3478	
6.54287	1	44	6.53915	1	44	6.52899	1	51	0	0	0	0.369959	0.36853	0.372257	0.25	0	1	0.369959	0.36853	0.372257	0.25	0	1	1	1	7.48454	
6.67357	1	46	6.66931	1	46	6.6668	1	46	0	0	0	0.374922	0.373217	0.377313	0.25	0	1	0.374922	0.373217	0.377313	0.25	0	1	1	1	7.61356	
6.84473	1	50	6.83983	1	50	6.82431	1	50	0	0	0	0.379929	0.378367	0.382327	0.25	0	1	0.379929	0.378367	0.382327	0.25	0	1	1	1	7.78339	
6.99498	1	44	6.98932	1	44	6.99327	1	45	0	0	0	0.384977	0.38334	0.387293	0.25	0	1	0.384977	0.38334	0.387293	0.25	0	1	1	1	7.92994	
7.1689	1	46	7.16219	1	46	7.16119	1	46	0	0	0	0.389953	0.388323	0.392323	0.25	0	1	0.389953	0.388323	0.392323	0.25	0	1	1	1	8.10102	
7.36779	1	44	7.3601	1	44	7.34901	1	50	0	0	0	0.39501	0.39345	0.39733	0.25	0	1	0.39501	0.39345	0.39733	0.25	0	1	1	1	8.29737	
7.56221	1	48	7.55317	1	48	7.53776	1	48	0	0	0	0.400027	0.398437	0.40228	0.25	0	1	0.400027	0.398437	0.40228	0.25	0	1	1	1	8.4891	
7.79881	1	47	7.78785	1	47	7.76012	1	52	0	0	0	0.405089	0.4035	0.407143	0.25	0	1	0.405089	0.4035	0.407143	0.25	0	1	1	1	8.72154	
8.02116	1	47	8.00793	1	47	8.00096	1	48	0	0	0	0.410107	0.408143	0.412367	0.25	0	1	0.410107	0.408143	0.412367	0.25	0	1	1	1	8.93902	
8.27662	1	47	8.26143	1	47	8.23721	1	59	0	0	0	0.415085	0.41318	0.417193	0.25	0	1	0.415085	0.41318	0.417193	0.25	0	1	1	1	9.19057	
8.5488	1	50	8.53078	1	49	8.51895	1	51	0	0	0	0.420099	0.418263	0.422237	0.25	0	1	0.420099	0.418263	0.422237	0.25	0	1	1	1	9.45737	
8.86336	1	52	8.84152	1	52	8.82813	1	52	0	0	0	0.425086	0.423197	0.427313	0.25	0	1	0.425086	0.423197	0.427313	0.25	0	1	1	1	9.76592	
9.21637	1	52	9.18958	1	52	9.15524	1	53	0	0	0	0.4301	0.428197	0.43227	0.25	0	1	0.4301	0.428197	0.43227	0.25	0	1	1	1	10.1109	
9.57767	1	54	9.54509	1	54	9.51811	1	58	0	0	0	0.435068	0.433283	0.437193	0.25	0	1	0.435068	0.433283	0.437193	0.25	0	1	1	1	10.4639	
9.97053	1	60	9.9306	1	60	9.92068	1	60	0	0	0	0.440064	0.438063	0.442123	0.25	0	1	0.440064	0.438063	0.442123	0.25	0	1	1	1	10.847	
10.4427	1	59	10.3928	1	59	10.3674	1	59	0	0	0	0.445103	0.443103	0.44721	0.25	0	1	0.445103	0.443103	0.44721	0.25	0	1	1	1	11.3047	
11	1	56	10.9348	1	56	10.8906	1	59	0	0	0	0.45006	0.44807	0.452117	0.25	0	1	0.45006	0.44807	0.452117	0.25	0	1	1	1	11.8424	
11.5867	1	58	11.5016	1	58	11.4706	1	60	0	0	0	0.45518	0.453163	0.45733	0.25	0	1	0.45518	0.453163	0.45733	0.25	0	1	1	1	12.4034	
12.3452	1	60	12.2186	1	60	12.151	1	60	0	0	0	0.460153	0.458033	0.462353	0.25	0	1	0.460153	0.458033	0.462353	0.25	0	1	1	1	13.1123	
13.178	1	135	12.9746	1	61	12.9328	1	65	0	0	0	0.465124	0.463133	0.467567	0.25	0	1	0.465124	0.463133	0.467567	0.25	0	1	1	1	13.8594	
14.3777	1	253	13.9662	1	67	13.8977	1	70	0	0	0	0.47014	0.46793	0.472587	0.25	0	1	0.47014	0.46793	0.472587	0.25	0	1	1	1	14.8358	
15.8636	1	183	15.0998	1	71	15.0588	1	71	0	0	0	0.475105	0.472893	0.477557	0.25	0	1	0.475105	0.472893	0.477557	0.25	0	1	1	1	15.9497	
19.3505	1	351	16.6678	1	83	16.5692	1	83	0	0	0	0.480154	0.478047	0.48266	0.25	0	1	0.480154	0.478047	0.48266	0.25	0	1	1	1	17.4711	
33.9065	1	860	18.7004	1	95	18.5375	1	100	0	0	0	0.485161	0.483107	0.48742	0.25	0	1	0.485161	0.483107	0.48742	0.25	0	1	1	1	19.4136	
2400.15	1	49947	19.8665	1	107	19.9125	1	109	0	0	0	0.490162	0.488077	0.492193	0.25	0	1	0.490162	0.488077	0.492193	0.25	0	1	1	1	20.4651	
