3.44269	1	8	3.44269	1	8	3.44267	1	8	0	0	0	0.00503313	0.00484667	0.00526333	0.00503292	0.00477	0.00526333	0.00503313	0.00484667	0.00526333	0.00503292	0.00477	0.00526333	1	1	4.44257	
3.43026	1	8	3.43026	1	8	3.43026	1	8	0	0	0	0.0100071	0.00978667	0.01026	0.0100067	0.00976333	0.01022	0.0100071	0.00978667	0.01026	0.0100067	0.00976333	0.01022	1	1	4.43003	
3.43854	1	8	3.43854	1	8	3.43854	1	8	0	0	0	0.0149985	0.01468	0.0154533	0.0149981	0.0145	0.0155433	0.0149985	0.01468	0.0154533	0.0149981	0.0145	0.0155433	1	1	4.43828	
3.42635	1	12	3.42628	1	12	3.42626	1	12	0	0	0	0.019986	0.0196467	0.0205267	0.0199858	0.0195333	0.0206	0.019986	0.0196467	0.0205267	0.0199858	0.0195333	0.0206	1	1	4.42612	
3.42271	1	12	3.42264	1	12	3.42264	1	12	0	0	0	0.0249837	0.0245867	0.0255	0.0249837	0.02443	0.0254367	0.0249837	0.0245867	0.0255	0.0249837	0.02443	0.0254367	1	1	4.42232	
3.42806	1	12	3.42801	1	12	3.42801	1	12	0	0	0	0.0300242	0.0296033	0.03046	0.0300242	0.0295367	0.03045	0.0300242	0.0296033	0.03046	0.0300242	0.0295367	0.03045	1	1	4.42758	
3.43234	1	12	3.43225	1	12	3.43225	1	12	0	0	0	0.0350258	0.0346	0.0353167	0.0350256	0.0339667	0.03555	0.0350258	0.0346	0.0353167	0.0350256	0.0339667	0.03555	1	1	4.43176	
3.43105	1	12	3.4309	1	12	3.43087	1	12	0	0	0	0.0400277	0.0394067	0.04053	0.0400275	0.0392733	0.0404067	0.0400277	0.0394067	0.04053	0.0400275	0.0392733	0.0404067	1	1	4.43029	
3.42731	1	12	3.4272	1	12	3.42716	1	12	0	0	0	0.0450169	0.04435	0.0456767	0.0450169	0.0446033	0.0457133	0.0450169	0.04435	0.0456767	0.0450169	0.0446033	0.0457133	1	1	4.42661	
3.42699	1	13	3.42682	1	13	3.4268	1	13	0	0	0	0.0499998	0.0493933	0.0506733	0.0499996	0.0493033	0.0504067	0.0499998	0.0493933	0.0506733	0.0499996	0.0493033	0.0504067	1	1	4.42617	
3.43091	1	13	3.4307	1	13	3.4307	1	13	0	0	0	0.0550015	0.0543467	0.0556	0.0550008	0.0542733	0.0558833	0.0550015	0.0543467	0.0556	0.0550008	0.0542733	0.0558833	1	1	4.42989	
3.42273	1	13	3.42243	1	13	3.42244	1	13	0	0	0	0.0599671	0.05932	0.0604033	0.0599667	0.0592633	0.0608033	0.0599671	0.05932	0.0604033	0.0599667	0.0592633	0.0608033	1	1	4.4215	
3.42974	1	12	3.42946	1	12	3.42949	1	12	0	0	0	0.0650215	0.0643533	0.06553	0.0650213	0.0642667	0.0657867	0.0650215	0.0643533	0.06553	0.0650213	0.0642667	0.0657867	1	1	4.42855	
3.42641	1	13	3.42608	1	13	3.4261	1	13	0	0	0	0.0699788	0.0690033	0.07044	0.0699785	0.06901	0.0708333	0.0699788	0.0690033	0.07044	0.0699785	0.06901	0.0708333	1	1	4.42513	
3.42814	1	14	3.42777	1	14	3.42777	1	14	0	0	0	0.0749758	0.07389	0.0755633	0.0749756	0.0738967	0.0759467	0.0749758	0.07389	0.0755633	0.0749756	0.0738967	0.0759467	1	1	4.42682	
3.43419	1	14	3.43371	1	14	3.43371	1	14	0	0	0	0.0799906	0.0788467	0.0806333	0.0799908	0.07907	0.0804367	0.0799906	0.0788467	0.0806333	0.0799908	0.07907	0.0804367	1	1	4.43262	
3.43185	1	13	3.43132	1	13	3.43133	1	13	0	0	0	0.0850135	0.0838667	0.08573	0.0850135	0.08422	0.08575	0.0850135	0.0838667	0.08573	0.0850135	0.08422	0.08575	1	1	4.43015	
3.43139	1	13	3.43083	1	13	3.43085	1	13	0	0	0	0.0900252	0.0889933	0.09087	0.0900246	0.0889433	0.0910333	0.0900252	0.0889933	0.09087	0.0900246	0.0889433	0.0910333	1	1	4.42961	
3.4357	1	13	3.43512	1	13	3.43514	1	13	0	0	0	0.09501	0.0940767	0.0960067	0.09501	0.09391	0.09565	0.09501	0.0940767	0.0960067	0.09501	0.09391	0.09565	1	1	4.43375	
3.43164	1	14	3.43095	1	14	3.43095	1	14	0	0	0	0.100001	0.0991267	0.101043	0.100001	0.09864	0.101073	0.100001	0.0991267	0.101043	0.100001	0.09864	0.101073	1	1	4.42955	
3.43609	1	14	3.43524	1	14	3.43528	1	14	0	0	0	0.105056	0.104223	0.10609	0.105057	0.104383	0.10579	0.105056	0.104223	0.10609	0.105057	0.104383	0.10579	1	1	4.43387	
3.43413	1	13	3.43323	1	13	3.43327	1	13	0	0	0	0.110075	0.109163	0.111127	0.110075	0.108977	0.110777	0.110075	0.109163	0.111127	0.110075	0.108977	0.110777	1	1	4.43167	
3.43657	1	14	3.43562	1	14	3.43561	1	14	0	0	0	0.115058	0.11411	0.115987	0.115057	0.114547	0.115937	0.115058	0.11411	0.115987	0.115057	0.114547	0.115937	1	1	4.43389	
3.43566	1	13	3.43457	1	13	3.43456	1	13	0	0	0	0.120091	0.11904	0.120967	0.120091	0.119447	0.120737	0.120091	0.11904	0.120967	0.120091	0.119447	0.120737	1	1	4.43283	
3.43852	1	14	3.43735	1	14	3.43736	1	14	0	0	0	0.125086	0.124113	0.12595	0.125086	0.123553	0.126257	0.125086	0.124113	0.12595	0.125086	0.123553	0.126257	1	1	4.43556	
3.44159	1	14	3.44027	1	14	3.44026	1	14	0	0	0	0.130036	0.129193	0.130967	0.130036	0.128823	0.1316	0.130036	0.129193	0.130967	0.130036	0.128823	0.1316	1	1	4.43846	
3.44097	1	14	3.43959	1	14	3.4396	1	14	0	0	0	0.135046	0.134153	0.13592	0.135047	0.13368	0.135887	0.135046	0.134153	0.13592	0.135047	0.13368	0.135887	1	1	4.43767	
3.44309	1	14	3.44166	1	14	3.44167	1	14	0	0	0	0.140089	0.13911	0.141013	0.140089	0.13858	0.140937	0.140089	0.13911	0.141013	0.140089	0.13858	0.140937	1	1	4.43967	
3.44682	1	14	3.44519	1	14	3.44519	1	14	0	0	0	0.1451	0.144033	0.146127	0.1451	0.143907	0.14607	0.1451	0.144033	0.146127	0.1451	0.143907	0.14607	1	1	4.4431	
3.44698	1	14	3.44531	1	14	3.44532	1	14	0	0	0	0.150073	0.149	0.151137	0.150073	0.148943	0.15102	0.150073	0.149	0.151137	0.150073	0.148943	0.15102	1	1	4.44323	
3.45098	1	14	3.44916	1	14	3.44916	1	14	0	0	0	0.155095	0.153887	0.156357	0.155096	0.154273	0.156363	0.155095	0.153887	0.156357	0.155096	0.154273	0.156363	1	1	4.44688	
3.45132	1	15	3.44929	1	15	3.44932	1	15	0	0	0	0.160132	0.15898	0.161417	0.16013	0.159163	0.161623	0.160132	0.15898	0.161417	0.16013	0.159163	0.161623	1	1	4.44692	
3.45181	1	14	3.44987	1	14	3.44989	1	14	0	0	0	0.165184	0.164157	0.166407	0.165183	0.163723	0.16639	0.165184	0.164157	0.166407	0.165183	0.163723	0.16639	1	1	4.44757	
3.45465	1	14	3.45237	1	14	3.45238	1	14	0	0	0	0.17018	0.169217	0.171373	0.17018	0.168517	0.1711	0.17018	0.169217	0.171373	0.17018	0.168517	0.1711	1	1	4.44998	
3.45571	1	17	3.45322	1	17	3.45322	1	17	0	0	0	0.175217	0.174063	0.17638	0.175216	0.17341	0.175923	0.175217	0.174063	0.17638	0.175216	0.17341	0.175923	1	1	4.45073	
3.45741	1	15	3.45479	1	15	3.4548	1	15	0	0	0	0.180281	0.178947	0.181643	0.18028	0.179187	0.181073	0.180281	0.178947	0.181643	0.18028	0.179187	0.181073	1	1	4.45218	
3.45831	1	14	3.45562	1	14	3.45562	1	14	0	0	0	0.185281	0.183897	0.18673	0.18528	0.184033	0.186257	0.185281	0.183897	0.18673	0.18528	0.184033	0.186257	1	1	4.45299	
3.45961	1	14	3.45665	1	14	3.45666	1	14	0	0	0	0.190259	0.188923	0.191553	0.190258	0.188867	0.19141	0.190259	0.188923	0.191553	0.190258	0.188867	0.19141	1	1	4.45389	
3.46436	1	14	3.46124	1	14	3.46125	1	14	0	0	0	0.195212	0.193857	0.196627	0.195212	0.19437	0.196293	0.195212	0.193857	0.196627	0.195212	0.19437	0.196293	1	1	4.45834	
3.46616	1	14	3.46292	1	14	3.46292	1	14	0	0	0	0.200214	0.198957	0.201677	0.200214	0.198663	0.202257	0.200214	0.198957	0.201677	0.200214	0.198663	0.202257	1	1	4.45996	
3.46813	1	17	3.4648	1	17	3.46479	1	17	0	0	0	0.205177	0.203887	0.206603	0.205178	0.204123	0.206407	0.205177	0.203887	0.206603	0.205178	0.204123	0.206407	1	1	4.4618	
3.46991	1	14	3.46627	1	14	3.46627	1	14	0	0	0	0.210146	0.208837	0.211633	0.210146	0.20856	0.211453	0.210146	0.208837	0.211633	0.210146	0.20856	0.211453	1	1	4.46313	
3.47455	1	16	3.47063	1	16	3.47064	1	16	0	0	0	0.215114	0.21374	0.216803	0.215114	0.21379	0.216423	0.215114	0.21374	0.216803	0.215114	0.21379	0.216423	1	1	4.46742	
3.47794	1	15	3.47372	1	15	3.4737	1	15	0	0	0	0.220136	0.218777	0.221903	0.220136	0.21884	0.22148	0.220136	0.218777	0.221903	0.220136	0.21884	0.22148	1	1	4.47044	
3.47616	1	16	3.47192	1	16	3.47192	1	16	0	0	0	0.225164	0.223753	0.22687	0.225164	0.22336	0.226567	0.225164	0.223753	0.22687	0.225164	0.22336	0.226567	1	1	4.46839	
3.47809	1	14	3.47371	1	14	3.47371	1	14	0	0	0	0.230132	0.228897	0.231807	0.230132	0.229393	0.231343	0.230132	0.228897	0.231807	0.230132	0.229393	0.231343	1	1	4.47025	
3.48205	1	14	3.47723	1	14	3.47724	1	14	0	0	0	0.235071	0.23388	0.236817	0.235071	0.23378	0.23716	0.235071	0.23388	0.236817	0.235071	0.23378	0.23716	1	1	4.47369	
3.48416	1	15	3.47921	1	15	3.47922	1	15	0	0	0	0.24003	0.238713	0.241923	0.24003	0.238783	0.241287	0.24003	0.238713	0.241923	0.24003	0.238783	0.241287	1	1	4.47546	
3.48602	1	14	3.48084	1	14	3.48083	1	14	0	0	0	0.24505	0.243763	0.246913	0.24505	0.24349	0.24627	0.24505	0.243763	0.246913	0.24505	0.24349	0.24627	1	1	4.47711	
3.48875	1	19	3.48328	1	19	3.48328	1	19	0	0	0	0.249962	0.248783	0.251893	0.249962	0.24861	0.251293	0.249962	0.248783	0.251893	0.249962	0.24861	0.251293	1	1	4.47948	
3.49249	1	18	3.48663	1	18	3.48661	1	18	0	0	0	0.254964	0.253697	0.25695	0.254964	0.253813	0.256057	0.254964	0.253697	0.25695	0.254964	0.253813	0.256057	1	1	4.48273	
3.49521	1	14	3.48906	1	14	3.48908	1	14	0	0	0	0.259973	0.258533	0.26183	0.259974	0.258303	0.261577	0.259973	0.258533	0.26183	0.259974	0.258303	0.261577	1	1	4.48504	
3.49979	1	20	3.49341	1	20	3.49343	1	20	0	0	0	0.265002	0.263803	0.266847	0.265002	0.263567	0.26736	0.265002	0.263803	0.266847	0.265002	0.263567	0.26736	1	1	4.48935	
3.50287	1	16	3.49606	1	16	3.49608	1	16	0	0	0	0.270024	0.268843	0.271843	0.270025	0.267803	0.271687	0.270024	0.268843	0.271843	0.270025	0.267803	0.271687	1	1	4.49192	
3.50594	1	15	3.49893	1	15	3.49893	1	15	0	0	0	0.275018	0.273793	0.276993	0.275018	0.273443	0.276	0.275018	0.273793	0.276993	0.275018	0.273443	0.276	1	1	4.49473	
3.50721	1	15	3.4999	1	15	3.49993	1	15	0	0	0	0.28004	0.27887	0.282073	0.28004	0.27869	0.281673	0.28004	0.27887	0.282073	0.28004	0.27869	0.281673	1	1	4.49555	
3.50965	1	18	3.50209	1	18	3.5021	1	18	0	0	0	0.285015	0.283613	0.287233	0.285016	0.283643	0.2865	0.285015	0.283613	0.287233	0.285016	0.283643	0.2865	1	1	4.49766	
3.5133	1	15	3.50526	1	15	3.50527	1	15	0	0	0	0.290035	0.288733	0.29204	0.290035	0.28809	0.29274	0.290035	0.288733	0.29204	0.290035	0.28809	0.29274	1	1	4.50083	
3.51731	1	17	3.50892	1	17	3.50892	1	17	0	0	0	0.295025	0.29379	0.29713	0.295026	0.293187	0.296683	0.295025	0.29379	0.29713	0.295026	0.293187	0.296683	1	1	4.50438	
3.52234	1	18	3.51362	1	18	3.51362	1	18	0	0	0	0.300039	0.298713	0.302297	0.300039	0.298987	0.30144	0.300039	0.298713	0.302297	0.300039	0.298987	0.30144	1	1	4.50889	
3.5244	1	20	3.51517	1	20	3.51519	1	20	0	0	0	0.305055	0.303653	0.30702	0.305055	0.30309	0.30794	0.305055	0.303653	0.30702	0.305055	0.30309	0.30794	1	1	4.51029	
3.52782	1	17	3.51826	1	17	3.51829	1	17	0	0	0	0.310057	0.30852	0.311997	0.310057	0.308787	0.311177	0.310057	0.30852	0.311997	0.310057	0.308787	0.311177	1	1	4.51325	
3.53076	1	19	3.52073	1	19	3.52073	1	19	0	0	0	0.315019	0.31352	0.316983	0.315019	0.312953	0.316487	0.315019	0.31352	0.316983	0.315019	0.312953	0.316487	1	1	4.51573	
3.53373	1	17	3.52331	1	17	3.52331	1	17	0	0	0	0.319978	0.318463	0.32199	0.319978	0.31872	0.321103	0.319978	0.318463	0.32199	0.319978	0.31872	0.321103	1	1	4.51831	
3.53902	1	17	3.52828	1	17	3.52829	1	17	0	0	0	0.324963	0.323313	0.327123	0.324963	0.32322	0.327867	0.324963	0.323313	0.327123	0.324963	0.32322	0.327867	1	1	4.52306	
3.54319	1	19	3.53175	1	19	3.53175	1	19	0	0	0	0.329995	0.328247	0.33219	0.329996	0.327947	0.332503	0.329995	0.328247	0.33219	0.329996	0.327947	0.332503	1	1	4.52653	
3.54664	1	19	3.53487	1	19	3.53489	1	19	0	0	0	0.33498	0.33312	0.3371	0.334981	0.33286	0.33657	0.33498	0.33312	0.3371	0.334981	0.33286	0.33657	1	1	4.52947	
3.54838	1	20	3.53597	1	20	3.53598	1	20	0	0	0	0.339973	0.33812	0.342147	0.339974	0.33869	0.34128	0.339973	0.33812	0.342147	0.339974	0.33869	0.34128	1	1	4.53047	
3.55346	1	20	3.54047	1	20	3.54047	1	20	0	0	0	0.344971	0.343307	0.34728	0.344972	0.343497	0.346177	0.344971	0.343307	0.34728	0.344972	0.343497	0.346177	1	1	4.53497	
3.55781	1	18	3.54459	1	18	3.54459	1	18	0	0	0	0.350014	0.348253	0.352393	0.350016	0.34818	0.35127	0.350014	0.348253	0.352393	0.350016	0.34818	0.35127	1	1	4.53876	
3.56299	1	17	3.54905	1	17	3.54905	1	17	0	0	0	0.354954	0.353173	0.35734	0.354955	0.353103	0.356633	0.354954	0.353173	0.35734	0.354955	0.353103	0.356633	1	1	4.5431	
3.56514	1	19	3.55086	1	19	3.55086	1	19	0	0	0	0.35996	0.358467	0.362383	0.35996	0.358743	0.362297	0.35996	0.358467	0.362383	0.35996	0.358743	0.362297	1	1	4.54499	
3.56968	1	19	3.55451	1	19	3.5545	1	19	0	0	0	0.364936	0.363493	0.36731	0.364937	0.363263	0.367587	0.364936	0.363493	0.36731	0.364937	0.363263	0.367587	1	1	4.54838	
3.57219	1	18	3.55653	1	18	3.55654	1	18	0	0	0	0.369959	0.36853	0.372257	0.36996	0.36756	0.37172	0.369959	0.36853	0.372257	0.36996	0.36756	0.37172	1	1	4.55046	
3.57854	1	19	3.56208	1	19	3.56209	1	19	0	0	0	0.374922	0.373217	0.377313	0.374923	0.37371	0.37643	0.374922	0.373217	0.377313	0.374923	0.37371	0.37643	1	1	4.55585	
3.58266	1	18	3.56573	1	18	3.56575	1	18	0	0	0	0.379929	0.378367	0.382327	0.37993	0.378183	0.38148	0.379929	0.378367	0.382327	0.37993	0.378183	0.38148	1	1	4.55931	
3.58828	1	19	3.57031	1	19	3.5703	1	19	0	0	0	0.384977	0.38334	0.387293	0.384978	0.382663	0.38623	0.384977	0.38334	0.387293	0.384978	0.382663	0.38623	1	1	4.56389	
3.59307	1	20	3.57469	1	20	3.5747	1	20	0	0	0	0.389953	0.388323	0.392323	0.389954	0.387997	0.39226	0.389953	0.388323	0.392323	0.389954	0.387997	0.39226	1	1	4.56812	
3.59555	1	18	3.57646	1	18	3.57647	1	18	0	0	0	0.39501	0.39345	0.39733	0.395011	0.393097	0.396943	0.39501	0.39345	0.39733	0.395011	0.393097	0.396943	1	1	4.56981	
3.60141	1	21	3.58135	1	21	3.58137	1	21	0	0	0	0.400027	0.398437	0.40228	0.400028	0.398447	0.40218	0.400027	0.398437	0.40228	0.400028	0.398447	0.40218	1	1	4.57467	
3.6053	1	18	3.58457	1	18	3.58458	1	18	0	0	0	0.405089	0.4035	0.407143	0.40509	0.403473	0.406783	0.405089	0.4035	0.407143	0.40509	0.403473	0.406783	1	1	4.57762	
3.61099	1	19	3.5894	1	19	3.58941	1	19	0	0	0	0.410107	0.408143	0.412367	0.410108	0.40867	0.41229	0.410107	0.408143	0.412367	0.410108	0.40867	0.41229	1	1	4.58252	
3.61619	1	20	3.5933	1	20	3.5933	1	20	0	0	0	0.415085	0.41318	0.417193	0.415085	0.413837	0.4176	0.415085	0.41318	0.417193	0.415085	0.413837	0.4176	1	1	4.5861	
3.62192	1	20	3.59846	1	20	3.59845	1	20	0	0	0	0.420099	0.418263	0.422237	0.4201	0.417757	0.421547	0.420099	0.418263	0.422237	0.4201	0.417757	0.421547	1	1	4.59117	
3.6277	1	20	3.60367	1	20	3.60366	1	20	0	0	0	0.425086	0.423197	0.427313	0.425086	0.42296	0.428213	0.425086	0.423197	0.427313	0.425086	0.42296	0.428213	1	1	4.5963	
3.63235	1	19	3.60687	1	19	3.60688	1	19	0	0	0	0.4301	0.428197	0.43227	0.430099	0.427727	0.432253	0.4301	0.428197	0.43227	0.430099	0.427727	0.432253	1	1	4.59931	
3.63883	1	21	3.61243	1	21	3.61243	1	21	0	0	0	0.435068	0.433283	0.437193	0.435067	0.432843	0.43715	0.435068	0.433283	0.437193	0.435067	0.432843	0.43715	1	1	4.60484	
3.64257	1	20	3.61511	1	20	3.61512	1	20	0	0	0	0.440064	0.438063	0.442123	0.440063	0.438143	0.442003	0.440064	0.438063	0.442123	0.440063	0.438143	0.442003	1	1	4.6076	
3.64886	1	20	3.62078	1	20	3.6208	1	20	0	0	0	0.445103	0.443103	0.44721	0.445101	0.443367	0.44619	0.445103	0.443103	0.44721	0.445101	0.443367	0.44619	1	1	4.61304	
3.65408	1	19	3.6246	1	19	3.62458	1	19	0	0	0	0.45006	0.44807	0.452117	0.450059	0.447757	0.451517	0.45006	0.44807	0.452117	0.450059	0.447757	0.451517	1	1	4.61673	
3.66067	1	19	3.62999	1	19	3.63001	1	19	0	0	0	0.45518	0.453163	0.45733	0.455179	0.452847	0.45903	0.45518	0.453163	0.45733	0.455179	0.452847	0.45903	1	1	4.62183	
3.66598	1	21	3.63426	1	21	3.63426	1	21	0	0	0	0.460153	0.458033	0.462353	0.460153	0.457883	0.461827	0.460153	0.458033	0.462353	0.460153	0.457883	0.461827	1	1	4.62608	
3.67238	1	20	3.63929	1	20	3.63931	1	20	0	0	0	0.465124	0.463133	0.467567	0.465122	0.463987	0.466697	0.465124	0.463133	0.467567	0.465122	0.463987	0.466697	1	1	4.63116	
3.6788	1	19	3.64469	1	19	3.64469	1	19	0	0	0	0.47014	0.46793	0.472587	0.470139	0.468077	0.472463	0.47014	0.46793	0.472587	0.470139	0.468077	0.472463	1	1	4.63639	
3.68194	1	21	3.64657	1	21	3.64657	1	21	0	0	0	0.475105	0.472893	0.477557	0.475104	0.47382	0.476	0.475105	0.472893	0.477557	0.475104	0.47382	0.476	1	1	4.63792	
3.69206	1	21	3.65488	1	21	3.6549	1	21	0	0	0	0.480154	0.478047	0.48266	0.480153	0.478507	0.482827	0.480154	0.478047	0.48266	0.480153	0.478507	0.482827	1	1	4.64625	
3.69846	1	19	3.65932	1	19	3.65934	1	19	0	0	0	0.485161	0.483107	0.48742	0.48516	0.483257	0.488897	0.485161	0.483107	0.48742	0.48516	0.483257	0.488897	1	1	4.65049	
3.70469	1	23	3.66444	1	23	3.66444	1	23	0	0	0	0.490162	0.488077	0.492193	0.49016	0.488147	0.49196	0.490162	0.488077	0.492193	0.49016	0.488147	0.49196	1	1	4.65534	
3.71142	1	22	3.67006	1	22	3.67005	1	22	0	0	0	0.49515	0.49298	0.497327	0.495148	0.493447	0.497843	0.49515	0.49298	0.497327	0.495148	0.493447	0.497843	1	1	4.66096	
3.71743	1	21	3.67408	1	21	3.67409	1	21	0	0	0	0.500193	0.498007	0.50225	0.500194	0.49819	0.502907	0.500193	0.498007	0.50225	0.500194	0.49819	0.502907	1	1	4.66492	
3.72421	1	20	3.67914	1	20	3.67915	1	20	0	0	0	0.505152	0.50293	0.507137	0.505151	0.502787	0.507487	0.505152	0.50293	0.507137	0.505151	0.502787	0.507487	1	1	4.66994	
3.73132	1	20	3.6844	1	20	3.68441	1	20	0	0	0	0.510164	0.50804	0.512417	0.510162	0.508777	0.512267	0.510164	0.50804	0.512417	0.510162	0.508777	0.512267	1	1	4.67502	
3.73729	1	20	3.68894	1	20	3.68894	1	20	0	0	0	0.515199	0.513037	0.517437	0.515197	0.51289	0.517337	0.515199	0.513037	0.517437	0.515197	0.51289	0.517337	1	1	4.6793	
3.74575	1	21	3.69519	1	21	3.69522	1	21	0	0	0	0.520178	0.51798	0.522423	0.520177	0.517643	0.52182	0.520178	0.51798	0.522423	0.520177	0.517643	0.52182	1	1	4.68546	
3.75426	1	21	3.70092	1	21	3.70094	1	21	0	0	0	0.525159	0.522977	0.527247	0.525157	0.52337	0.527077	0.525159	0.522977	0.527247	0.525157	0.52337	0.527077	1	1	4.69099	
3.75932	1	20	3.70454	1	20	3.70456	1	20	0	0	0	0.530138	0.52793	0.53204	0.530136	0.526697	0.531733	0.530138	0.52793	0.53204	0.530136	0.526697	0.531733	1	1	4.69453	
3.7675	1	22	3.71073	1	22	3.71072	1	22	0	0	0	0.53509	0.53287	0.53698	0.535087	0.533227	0.537783	0.53509	0.53287	0.53698	0.535087	0.533227	0.537783	1	1	4.70042	
3.77417	1	21	3.71506	1	21	3.71509	1	21	0	0	0	0.540062	0.537847	0.54189	0.540059	0.538157	0.542033	0.540062	0.537847	0.54189	0.540059	0.538157	0.542033	1	1	4.70474	
3.78381	1	21	3.72252	1	21	3.72251	1	21	0	0	0	0.545019	0.542683	0.546767	0.545018	0.54298	0.54654	0.545019	0.542683	0.546767	0.545018	0.54298	0.54654	1	1	4.71206	
3.78979	1	20	3.72609	1	20	3.7261	1	20	0	0	0	0.550052	0.54768	0.55173	0.550049	0.548093	0.55237	0.550052	0.54768	0.55173	0.550049	0.548093	0.55237	1	1	4.71552	
3.7995	1	21	3.73378	1	21	3.73377	1	21	0	0	0	0.555067	0.552717	0.55697	0.555063	0.55228	0.55799	0.555067	0.552717	0.55697	0.555063	0.55228	0.55799	1	1	4.72281	
3.80695	1	21	3.73811	1	21	3.73809	1	21	0	0	0	0.560037	0.557853	0.562013	0.560033	0.557627	0.562157	0.560037	0.557853	0.562013	0.560033	0.557627	0.562157	1	1	4.72702	
3.81777	1	23	3.74663	1	23	3.74663	1	23	0	0	0	0.565038	0.562847	0.567047	0.565035	0.56278	0.56754	0.565038	0.562847	0.567047	0.565035	0.56278	0.56754	1	1	4.73551	
3.8232	1	21	3.74866	1	21	3.74866	1	21	0	0	0	0.570019	0.567987	0.571877	0.570017	0.56776	0.571653	0.570019	0.567987	0.571877	0.570017	0.56776	0.571653	1	1	4.73722	
3.8332	1	20	3.75519	1	20	3.75522	1	20	0	0	0	0.57499	0.572857	0.57707	0.574987	0.57176	0.577043	0.57499	0.572857	0.57707	0.574987	0.57176	0.577043	1	1	4.74366	
3.84438	1	21	3.76307	1	21	3.76308	1	21	0	0	0	0.579978	0.57772	0.582213	0.579975	0.578077	0.581333	0.579978	0.57772	0.582213	0.579975	0.578077	0.581333	1	1	4.75134	
3.8547	1	21	3.77077	1	21	3.77079	1	21	0	0	0	0.584984	0.582687	0.587163	0.584982	0.58204	0.586993	0.584984	0.582687	0.587163	0.584982	0.58204	0.586993	1	1	4.75904	
3.86276	1	21	3.77499	1	21	3.77501	1	21	0	0	0	0.589958	0.587593	0.592113	0.589955	0.587787	0.592143	0.589958	0.587593	0.592113	0.589955	0.587787	0.592143	1	1	4.76301	
3.87392	1	21	3.78213	1	21	3.78217	1	21	0	0	0	0.594978	0.59255	0.597227	0.594977	0.592507	0.597303	0.594978	0.59255	0.597227	0.594977	0.592507	0.597303	1	1	4.77013	
3.88352	1	22	3.78855	1	22	3.78857	1	22	0	0	0	0.599903	0.597743	0.602013	0.599902	0.59815	0.60187	0.599903	0.597743	0.602013	0.599902	0.59815	0.60187	1	1	4.7763	
3.89165	1	24	3.79278	1	24	3.79279	1	24	0	0	0	0.604821	0.602697	0.606853	0.604818	0.602387	0.60661	0.604821	0.602697	0.606853	0.604818	0.602387	0.60661	1	1	4.78029	
3.90626	1	23	3.80257	1	23	3.80258	1	23	0	0	0	0.609812	0.607587	0.61168	0.609808	0.607127	0.612747	0.609812	0.607587	0.61168	0.609808	0.607127	0.612747	1	1	4.78983	
3.91559	1	22	3.80829	1	22	3.80829	1	22	0	0	0	0.61487	0.612577	0.616683	0.614867	0.61223	0.617013	0.61487	0.612577	0.616683	0.614867	0.61223	0.617013	1	1	4.79549	
3.92646	1	22	3.8145	1	22	3.81451	1	22	0	0	0	0.619831	0.617607	0.62157	0.61983	0.617283	0.6217	0.619831	0.617607	0.62157	0.61983	0.617283	0.6217	1	1	4.80137	
3.93593	1	21	3.81868	1	21	3.81869	1	21	0	0	0	0.624903	0.62281	0.626517	0.624902	0.622313	0.627273	0.624903	0.62281	0.626517	0.624902	0.622313	0.627273	1	1	4.80544	
3.95007	1	23	3.82752	1	23	3.82753	1	23	0	0	0	0.629923	0.627927	0.631537	0.629921	0.626663	0.632523	0.629923	0.627927	0.631537	0.629921	0.626663	0.632523	1	1	4.81424	
3.96226	1	22	3.83355	1	22	3.83356	1	22	0	0	0	0.634912	0.633017	0.63661	0.634909	0.6334	0.636223	0.634912	0.633017	0.63661	0.634909	0.6334	0.636223	1	1	4.81991	
3.97322	1	22	3.83955	1	21	3.83955	1	21	0	0	0	0.639955	0.638057	0.641693	0.639953	0.6372	0.64378	0.639955	0.638057	0.641693	0.639953	0.6372	0.64378	1	1	4.8257	
3.98678	1	22	3.84741	1	22	3.84743	1	22	0	0	0	0.64492	0.64296	0.64644	0.644919	0.642277	0.647657	0.64492	0.64296	0.64644	0.644919	0.642277	0.647657	1	1	4.83336	
4.00029	1	24	3.85386	1	24	3.85387	1	24	0	0	0	0.649931	0.64791	0.651557	0.64993	0.645677	0.652907	0.649931	0.64791	0.651557	0.64993	0.645677	0.652907	1	1	4.8395	
4.01025	1	24	3.85775	1	24	3.85775	1	24	0	0	0	0.654976	0.653037	0.656613	0.654973	0.653217	0.65822	0.654976	0.653037	0.656613	0.654973	0.653217	0.65822	1	1	4.84342	
4.02638	1	23	3.86602	1	23	3.86603	1	23	0	0	0	0.659958	0.657967	0.66145	0.659957	0.657203	0.662437	0.659958	0.657967	0.66145	0.659957	0.657203	0.662437	1	1	4.85157	
4.04309	1	21	3.87634	1	21	3.87635	1	21	0	0	0	0.664927	0.66291	0.666333	0.664925	0.662567	0.66791	0.664927	0.66291	0.666333	0.664925	0.662567	0.66791	1	1	4.86154	
4.05547	1	24	3.88085	1	24	3.88086	1	24	0	0	0	0.669951	0.667847	0.671333	0.669949	0.667913	0.67223	0.669951	0.667847	0.671333	0.669949	0.667913	0.67223	1	1	4.86578	
4.06906	1	22	3.88652	1	22	3.88653	1	22	0	0	0	0.674925	0.672927	0.676537	0.674922	0.672213	0.676753	0.674925	0.672927	0.676537	0.674922	0.672213	0.676753	1	1	4.87139	
4.08776	1	22	3.89569	1	22	3.8957	1	22	0	0	0	0.679923	0.677943	0.681507	0.679919	0.676743	0.682237	0.679923	0.677943	0.681507	0.679919	0.676743	0.682237	1	1	4.88012	
4.1026	1	22	3.9014	1	22	3.90142	1	22	0	0	0	0.684924	0.6829	0.686337	0.684923	0.682557	0.686177	0.684924	0.6829	0.686337	0.684923	0.682557	0.686177	1	1	4.88593	
4.12205	1	23	3.91006	1	23	3.91007	1	23	0	0	0	0.689882	0.688137	0.691387	0.68988	0.68777	0.69342	0.689882	0.688137	0.691387	0.68988	0.68777	0.69342	1	1	4.8943	
4.13665	1	22	3.91702	1	22	3.91703	1	22	0	0	0	0.694896	0.693357	0.69655	0.694894	0.692433	0.69674	0.694896	0.693357	0.69655	0.694894	0.692433	0.69674	1	1	4.90091	
4.16037	1	22	3.92564	1	22	3.92566	1	22	0	0	0	0.699911	0.698447	0.701707	0.69991	0.697173	0.70146	0.699911	0.698447	0.701707	0.69991	0.697173	0.70146	1	1	4.90919	
4.17978	1	22	3.93287	1	22	3.93288	1	22	0	0	0	0.704931	0.703377	0.706697	0.704929	0.70287	0.7066	0.704931	0.703377	0.706697	0.704929	0.70287	0.7066	1	1	4.91615	
4.19738	1	22	3.93946	1	22	3.93947	1	22	0	0	0	0.709932	0.708137	0.71179	0.709931	0.70645	0.712347	0.709932	0.708137	0.71179	0.709931	0.70645	0.712347	1	1	4.92242	
4.22242	1	22	3.94824	1	22	3.94826	1	22	0	0	0	0.714931	0.713177	0.71684	0.714928	0.710907	0.716973	0.714931	0.713177	0.71684	0.714928	0.710907	0.716973	1	1	4.93099	
4.24581	1	24	3.95587	1	24	3.95589	1	24	0	0	0	0.71995	0.7183	0.721943	0.719948	0.718087	0.72213	0.71995	0.7183	0.721943	0.719948	0.718087	0.72213	1	1	4.9385	
4.2692	1	24	3.96525	1	24	3.96527	1	24	0	0	0	0.724993	0.723197	0.726993	0.724992	0.72346	0.727607	0.724993	0.723197	0.726993	0.724992	0.72346	0.727607	1	1	4.94762	
4.29548	1	24	3.97263	1	24	3.97264	1	24	0	0	0	0.729989	0.72811	0.732023	0.729989	0.72748	0.73292	0.729989	0.72811	0.732023	0.729989	0.72748	0.73292	1	1	4.95482	
4.31836	1	25	3.97672	1	25	3.97672	1	25	0	0	0	0.734981	0.733117	0.73708	0.73498	0.731643	0.74002	0.734981	0.733117	0.73708	0.73498	0.731643	0.74002	1	1	4.95874	
4.34947	1	23	3.98907	1	22	3.9891	1	22	0	0	0	0.740023	0.738133	0.74218	0.740022	0.736873	0.742193	0.740023	0.738133	0.74218	0.740022	0.736873	0.742193	1	1	4.97083	
4.38058	1	24	3.99635	1	24	3.99637	1	24	0	0	0	0.744991	0.743123	0.747037	0.744987	0.742383	0.749657	0.744991	0.743123	0.747037	0.744987	0.742383	0.749657	1	1	4.97784	
4.41244	1	24	4.00458	1	23	4.0046	1	23	0	0	0	0.750027	0.748183	0.75198	0.750026	0.747377	0.754703	0.750027	0.748183	0.75198	0.750026	0.747377	0.754703	1	1	4.98574	
4.45346	1	26	4.01359	1	22	4.0136	1	22	0	0	0	0.75496	0.752987	0.756843	0.754957	0.752317	0.75882	0.75496	0.752987	0.756843	0.754957	0.752317	0.75882	1	1	4.99438	
4.48966	1	25	4.02519	1	24	4.02519	1	24	0	0	0	0.759955	0.758063	0.761883	0.759953	0.75822	0.76154	0.759955	0.758063	0.761883	0.759953	0.75822	0.76154	1	1	5.00574	
4.52689	1	26	4.02889	1	24	4.02892	1	24	0	0	0	0.764954	0.763273	0.766787	0.764953	0.761217	0.767957	0.764954	0.763273	0.766787	0.764953	0.761217	0.767957	1	1	5.00918	
4.5702	1	26	4.03743	1	26	4.03745	1	26	0	0	0	0.76996	0.76815	0.77165	0.769957	0.76615	0.772283	0.76996	0.76815	0.77165	0.769957	0.76615	0.772283	1	1	5.01741	
4.62242	1	29	4.04852	1	24	4.04854	1	24	0	0	0	0.774975	0.773037	0.77671	0.774972	0.77252	0.778053	0.774975	0.773037	0.77671	0.774972	0.77252	0.778053	1	1	5.02809	
4.676	1	29	4.05694	1	24	4.05694	1	24	0	0	0	0.779928	0.778267	0.781573	0.779926	0.77739	0.782913	0.779928	0.778267	0.781573	0.779926	0.77739	0.782913	1	1	5.0361	
4.73553	1	30	4.06605	1	27	4.06607	1	27	0	0	0	0.784889	0.78316	0.786483	0.78489	0.782053	0.787203	0.784889	0.78316	0.786483	0.78489	0.782053	0.787203	1	1	5.045	
4.80072	1	34	4.07441	1	25	4.07444	1	25	0	0	0	0.78992	0.788153	0.79163	0.78992	0.787717	0.791277	0.78992	0.788153	0.79163	0.78992	0.787717	0.791277	1	1	5.05309	
4.87493	1	37	4.08263	1	24	4.08265	1	24	0	0	0	0.794933	0.793113	0.79685	0.794933	0.792883	0.797263	0.794933	0.793113	0.79685	0.794933	0.792883	0.797263	1	1	5.06112	
4.96553	1	36	4.0913	1	25	4.09131	1	25	0	0	0	0.799949	0.798187	0.801953	0.799948	0.79546	0.80198	0.799949	0.798187	0.801953	0.799948	0.79546	0.80198	1	1	5.06907	
5.06421	1	35	4.10095	1	25	4.10097	1	25	0	0	0	0.804948	0.803067	0.80698	0.804948	0.802817	0.80743	0.804948	0.803067	0.80698	0.804948	0.802817	0.80743	1	1	5.07877	
5.20165	1	45	4.11106	1	24	4.11106	1	24	0	0	0	0.80994	0.80802	0.811817	0.80994	0.8075	0.81323	0.80994	0.80802	0.811817	0.80994	0.8075	0.81323	1	1	5.08841	
5.34952	1	39	4.12189	1	26	4.12191	1	26	0	0	0	0.814959	0.81325	0.81644	0.814958	0.812857	0.817253	0.814959	0.81325	0.81644	0.814958	0.812857	0.817253	1	1	5.09857	
5.53828	1	49	4.13351	1	27	4.13353	1	27	0	0	0	0.81996	0.81835	0.82127	0.819964	0.81814	0.82143	0.81996	0.81835	0.82127	0.819964	0.81814	0.82143	1	1	5.1101	
5.7569	1	53	4.13976	1	28	4.13979	1	28	0	0	0	0.825002	0.823473	0.826163	0.825002	0.822473	0.828187	0.825002	0.823473	0.826163	0.825002	0.822473	0.828187	1	1	5.11591	
6.18281	1	72	4.1512	1	27	4.1512	1	27	0	0	0	0.829987	0.82835	0.831263	0.829986	0.827413	0.833657	0.829987	0.82835	0.831263	0.829986	0.827413	0.833657	1	1	5.12696	
6.71	1	91	4.16314	1	31	4.16318	1	31	0	0	0	0.835007	0.833347	0.836293	0.835016	0.831483	0.837937	0.835007	0.833347	0.836293	0.835016	0.831483	0.837937	1	1	5.13837	
8.79377	1	259	4.17415	1	31	4.17415	1	31	0	0	0	0.839994	0.83923	0.840831	0.839996	0.838269	0.84106	0.839994	0.83923	0.840831	0.839996	0.838269	0.84106	1	1	5.14878	
112.615	1	2519	4.18362	1	35	4.18345	1	35	0	0	0	0.845017	0.84424	0.845811	0.84492	0.84304	0.847196	0.845017	0.84424	0.845811	0.84492	0.84304	0.847196	1	1	5.15794	
487.449	1	11371	4.19432	1	38	4.19403	1	38	0	0	0	0.85	0.849076	0.850809	0.849435	0.846423	0.851257	0.85	0.849076	0.850809	0.849435	0.846423	0.851257	1	1	5.16796	
