10.4282	1	196	4.12333	1	39	4.12332	1	39	0	0	0	0.459971	0.45886	0.461585	0.459976	0.458232	0.461512	0.459971	0.45886	0.461585	0.459976	0.458232	0.461512	1	1	5.08365	
3.84196	1	12	3.83952	1	12	3.83952	1	12	0	0	0	0.00503313	0.00484667	0.00526333	0.00503292	0.00484	0.00529	0.00503313	0.00484667	0.00526333	0.00503292	0.00484	0.00529	1	1	4.83927	
3.84028	1	12	3.8352	1	12	3.8352	1	12	0	0	0	0.0100071	0.00978667	0.01026	0.0100069	0.00966333	0.01021	0.0100071	0.00978667	0.01026	0.0100069	0.00966333	0.01021	1	1	4.83489	
3.86039	1	13	3.85269	1	13	3.85268	1	13	0	0	0	0.0149985	0.01468	0.0154533	0.0149981	0.0146367	0.0154667	0.0149985	0.01468	0.0154533	0.0149981	0.0146367	0.0154667	1	1	4.85226	
3.8614	1	16	3.8508	1	16	3.85081	1	16	0	0	0	0.019986	0.0196467	0.0205267	0.0199858	0.0194333	0.02025	0.019986	0.0196467	0.0205267	0.0199858	0.0194333	0.02025	1	1	4.85041	
3.86512	1	14	3.85176	1	14	3.85176	1	14	0	0	0	0.0249837	0.0245867	0.0255	0.0249833	0.0245167	0.0256633	0.0249837	0.0245867	0.0255	0.0249833	0.0245167	0.0256633	1	1	4.85115	
3.8703	1	12	3.85433	1	12	3.85431	1	12	0	0	0	0.0300242	0.0296033	0.03046	0.030024	0.0295333	0.03042	0.0300242	0.0296033	0.03046	0.030024	0.0295333	0.03042	1	1	4.85358	
3.86511	1	14	3.84643	1	14	3.84643	1	14	0	0	0	0.0350258	0.0346	0.0353167	0.0350254	0.0346	0.03542	0.0350258	0.0346	0.0353167	0.0350254	0.0346	0.03542	1	1	4.84548	
3.8748	1	15	3.85233	1	15	3.8523	1	15	0	0	0	0.0400277	0.0394067	0.04053	0.0400277	0.0394633	0.0406933	0.0400277	0.0394067	0.04053	0.0400277	0.0394633	0.0406933	1	1	4.85132	
3.87589	1	13	3.85064	1	12	3.85066	1	12	0	0	0	0.0450169	0.04435	0.0456767	0.0450167	0.0445033	0.0456733	0.0450169	0.04435	0.0456767	0.0450167	0.0445033	0.0456733	1	1	4.84921	
3.88469	1	17	3.85612	1	17	3.85613	1	17	0	0	0	0.0499998	0.0493933	0.0506733	0.0499996	0.04938	0.0505967	0.0499998	0.0493933	0.0506733	0.0499996	0.04938	0.0505967	1	1	4.85484	
3.88911	1	15	3.85655	1	15	3.85658	1	15	0	0	0	0.0550015	0.0543467	0.0556	0.0550013	0.0540567	0.05581	0.0550015	0.0543467	0.0556	0.0550013	0.0540567	0.05581	1	1	4.8551	
3.89296	1	16	3.85745	1	16	3.85748	1	16	0	0	0	0.0599671	0.05932	0.0604033	0.0599675	0.0592067	0.06113	0.0599671	0.05932	0.0604033	0.0599675	0.0592067	0.06113	1	1	4.85595	
3.89624	1	15	3.85688	1	15	3.85687	1	15	0	0	0	0.0650215	0.0643533	0.06553	0.0650213	0.06444	0.0658867	0.0650215	0.0643533	0.06553	0.0650213	0.06444	0.0658867	1	1	4.85521	
3.90316	1	15	3.86028	1	15	3.86028	1	15	0	0	0	0.0699788	0.0690033	0.07044	0.0699788	0.0693433	0.0709467	0.0699788	0.0690033	0.07044	0.0699788	0.0693433	0.0709467	1	1	4.85846	
3.91039	1	16	3.86372	1	16	3.86373	1	16	0	0	0	0.0749758	0.07389	0.0755633	0.0749754	0.0743467	0.0756267	0.0749758	0.07389	0.0755633	0.0749754	0.0743467	0.0756267	1	1	4.86176	
3.91702	1	20	3.86622	1	20	3.86624	1	20	0	0	0	0.0799906	0.0788467	0.0806333	0.0799908	0.0793567	0.08153	0.0799906	0.0788467	0.0806333	0.0799908	0.0793567	0.08153	1	1	4.86393	
3.92329	1	18	3.86841	1	18	3.86843	1	18	0	0	0	0.0850135	0.0838667	0.08573	0.0850144	0.08394	0.0858167	0.0850135	0.0838667	0.08573	0.0850144	0.08394	0.0858167	1	1	4.86589	
3.92427	1	20	3.86605	1	20	3.86606	1	20	0	0	0	0.0900252	0.0889933	0.09087	0.0900246	0.08865	0.0912933	0.0900252	0.0889933	0.09087	0.0900246	0.08865	0.0912933	1	1	4.86341	
3.93505	1	21	3.87156	1	21	3.87158	1	21	0	0	0	0.09501	0.0940767	0.0960067	0.0950106	0.0940367	0.09605	0.09501	0.0940767	0.0960067	0.0950106	0.0940367	0.09605	1	1	4.86892	
3.93819	1	16	3.87075	1	16	3.87075	1	16	0	0	0	0.100001	0.0991267	0.101043	0.100001	0.09908	0.101097	0.100001	0.0991267	0.101043	0.100001	0.09908	0.101097	1	1	4.86767	
3.94434	1	23	3.87166	1	22	3.87164	1	22	0	0	0	0.105056	0.104223	0.10609	0.105057	0.10378	0.106213	0.105056	0.104223	0.10609	0.105057	0.10378	0.106213	1	1	4.86868	
3.95033	1	19	3.87369	1	19	3.87372	1	19	0	0	0	0.110075	0.109163	0.111127	0.110076	0.108923	0.11127	0.110075	0.109163	0.111127	0.110076	0.108923	0.11127	1	1	4.87049	
3.95474	1	20	3.87333	1	20	3.87334	1	20	0	0	0	0.115058	0.11411	0.115987	0.115059	0.114177	0.11584	0.115058	0.11411	0.115987	0.115059	0.114177	0.11584	1	1	4.86982	
3.96362	1	21	3.87593	1	20	3.87593	1	20	0	0	0	0.120091	0.11904	0.120967	0.120091	0.11851	0.12148	0.120091	0.11904	0.120967	0.120091	0.11851	0.12148	1	1	4.87216	
3.97114	1	22	3.87956	1	22	3.87955	1	22	0	0	0	0.125086	0.124113	0.12595	0.125085	0.124093	0.12614	0.125086	0.124113	0.12595	0.125085	0.124093	0.12614	1	1	4.87574	
3.97676	1	20	3.87874	1	20	3.87873	1	20	0	0	0	0.130036	0.129193	0.130967	0.130036	0.129197	0.13131	0.130036	0.129193	0.130967	0.130036	0.129197	0.13131	1	1	4.87461	
3.98531	1	21	3.88196	1	21	3.88196	1	21	0	0	0	0.135046	0.134153	0.13592	0.135046	0.13409	0.1361	0.135046	0.134153	0.13592	0.135046	0.13409	0.1361	1	1	4.87778	
3.99246	1	19	3.88258	1	18	3.88259	1	18	0	0	0	0.140089	0.13911	0.141013	0.140089	0.139243	0.141317	0.140089	0.13911	0.141013	0.140089	0.139243	0.141317	1	1	4.87804	
4.00286	1	19	3.8872	1	19	3.88719	1	19	0	0	0	0.1451	0.144033	0.146127	0.1451	0.144373	0.145997	0.1451	0.144033	0.146127	0.1451	0.144373	0.145997	1	1	4.88263	
4.00894	1	20	3.88763	1	19	3.88762	1	19	0	0	0	0.150073	0.149	0.151137	0.150073	0.148663	0.151733	0.150073	0.149	0.151137	0.150073	0.148663	0.151733	1	1	4.8827	
4.02034	1	22	3.89253	1	22	3.89253	1	22	0	0	0	0.155095	0.153887	0.156357	0.155094	0.153197	0.15665	0.155095	0.153887	0.156357	0.155094	0.153197	0.15665	1	1	4.88737	
4.02818	1	23	3.89284	1	23	3.89285	1	23	0	0	0	0.160132	0.15898	0.161417	0.160131	0.158603	0.161737	0.160132	0.15898	0.161417	0.160131	0.158603	0.161737	1	1	4.88752	
4.03932	1	21	3.89631	1	20	3.89632	1	20	0	0	0	0.165184	0.164157	0.166407	0.165183	0.164453	0.16607	0.165184	0.164157	0.166407	0.165183	0.164453	0.16607	1	1	4.89087	
4.04614	1	21	3.89666	1	20	3.89668	1	20	0	0	0	0.17018	0.169217	0.171373	0.170179	0.169217	0.17166	0.17018	0.169217	0.171373	0.170179	0.169217	0.17166	1	1	4.89096	
4.0579	1	20	3.89977	1	20	3.8998	1	20	0	0	0	0.175217	0.174063	0.17638	0.175217	0.173637	0.176097	0.175217	0.174063	0.17638	0.175217	0.173637	0.176097	1	1	4.89387	
4.06805	1	23	3.90224	1	21	3.90223	1	21	0	0	0	0.180281	0.178947	0.181643	0.180281	0.178673	0.181933	0.180281	0.178947	0.181643	0.180281	0.178673	0.181933	1	1	4.89572	
4.08146	1	23	3.90697	1	22	3.90698	1	22	0	0	0	0.185281	0.183897	0.18673	0.18528	0.18446	0.186127	0.185281	0.183897	0.18673	0.18528	0.18446	0.186127	1	1	4.90036	
4.09425	1	21	3.91045	1	21	3.91045	1	21	0	0	0	0.190259	0.188923	0.191553	0.190257	0.188923	0.19157	0.190259	0.188923	0.191553	0.190257	0.188923	0.19157	1	1	4.90343	
4.10109	1	27	3.90944	1	27	3.90945	1	27	0	0	0	0.195212	0.193857	0.196627	0.195212	0.19403	0.19658	0.195212	0.193857	0.196627	0.195212	0.19403	0.19658	1	1	4.90226	
4.11469	1	26	3.91226	1	26	3.91226	1	26	0	0	0	0.200214	0.198957	0.201677	0.200213	0.19847	0.20149	0.200214	0.198957	0.201677	0.200213	0.19847	0.20149	1	1	4.90494	
4.12324	1	26	3.91338	1	26	3.91339	1	26	0	0	0	0.205177	0.203887	0.206603	0.205177	0.203833	0.2066	0.205177	0.203887	0.206603	0.205177	0.203833	0.2066	1	1	4.90582	
4.13651	1	25	3.91686	1	24	3.91686	1	24	0	0	0	0.210146	0.208837	0.211633	0.210146	0.207813	0.211143	0.210146	0.208837	0.211633	0.210146	0.207813	0.211143	1	1	4.90896	
4.15059	1	28	3.91928	1	27	3.91927	1	27	0	0	0	0.215114	0.21374	0.216803	0.215114	0.2139	0.216347	0.215114	0.21374	0.216803	0.215114	0.2139	0.216347	1	1	4.91104	
4.16642	1	24	3.92308	1	22	3.92309	1	22	0	0	0	0.220136	0.218777	0.221903	0.220136	0.218993	0.221393	0.220136	0.218777	0.221903	0.220136	0.218993	0.221393	1	1	4.91458	
4.17742	1	24	3.92379	1	24	3.92379	1	24	0	0	0	0.225164	0.223753	0.22687	0.225164	0.224093	0.22593	0.225164	0.223753	0.22687	0.225164	0.224093	0.22593	1	1	4.91527	
4.19724	1	23	3.93056	1	21	3.93056	1	21	0	0	0	0.230132	0.228897	0.231807	0.230131	0.228923	0.23203	0.230132	0.228897	0.231807	0.230131	0.228923	0.23203	1	1	4.92153	
4.21022	1	26	3.93152	1	24	3.93153	1	24	0	0	0	0.235071	0.23388	0.236817	0.23507	0.233317	0.23656	0.235071	0.23388	0.236817	0.23507	0.233317	0.23656	1	1	4.92218	
4.22263	1	26	3.93163	1	25	3.93162	1	25	0	0	0	0.24003	0.238713	0.241923	0.24003	0.238963	0.241317	0.24003	0.238713	0.241923	0.24003	0.238963	0.241317	1	1	4.92209	
4.24098	1	27	3.93732	1	26	3.93734	1	26	0	0	0	0.24505	0.243763	0.246913	0.245049	0.24407	0.247133	0.24505	0.243763	0.246913	0.245049	0.24407	0.247133	1	1	4.92717	
4.25549	1	31	3.93779	1	31	3.9378	1	31	0	0	0	0.249962	0.248783	0.251893	0.249963	0.248423	0.251637	0.249962	0.248783	0.251893	0.249963	0.248423	0.251637	1	1	4.92759	
4.27816	1	28	3.944	1	28	3.94401	1	28	0	0	0	0.254964	0.253697	0.25695	0.254963	0.253103	0.25625	0.254964	0.253697	0.25695	0.254963	0.253103	0.25625	1	1	4.93326	
4.29548	1	27	3.94663	1	27	3.94665	1	27	0	0	0	0.259973	0.258533	0.26183	0.259973	0.25896	0.261523	0.259973	0.258533	0.26183	0.259973	0.25896	0.261523	1	1	4.93557	
4.31531	1	27	3.94883	1	23	3.94885	1	23	0	0	0	0.265002	0.263803	0.266847	0.265003	0.263647	0.266087	0.265002	0.263803	0.266847	0.265003	0.263647	0.266087	1	1	4.93722	
4.33317	1	27	3.94977	1	27	3.94978	1	27	0	0	0	0.270024	0.268843	0.271843	0.270025	0.26883	0.271647	0.270024	0.268843	0.271843	0.270025	0.26883	0.271647	1	1	4.93785	
4.35546	1	30	3.95342	1	24	3.95343	1	24	0	0	0	0.275018	0.273793	0.276993	0.275018	0.273383	0.276667	0.275018	0.273793	0.276993	0.275018	0.273383	0.276667	1	1	4.94112	
4.38212	1	27	3.95931	1	27	3.95933	1	27	0	0	0	0.28004	0.27887	0.282073	0.280041	0.278813	0.281277	0.28004	0.27887	0.282073	0.280041	0.278813	0.281277	1	1	4.94655	
4.40765	1	31	3.96195	1	28	3.96195	1	28	0	0	0	0.285015	0.283613	0.287233	0.285014	0.28373	0.287453	0.285015	0.283613	0.287233	0.285014	0.28373	0.287453	1	1	4.94881	
4.42674	1	28	3.96403	1	27	3.96405	1	27	0	0	0	0.290035	0.288733	0.29204	0.290034	0.287987	0.291627	0.290035	0.288733	0.29204	0.290034	0.287987	0.291627	1	1	4.95045	
4.45144	1	33	3.96635	1	28	3.96637	1	28	0	0	0	0.295025	0.29379	0.29713	0.295026	0.291947	0.296787	0.295025	0.29379	0.29713	0.295026	0.291947	0.296787	1	1	4.95248	
4.48636	1	29	3.97329	1	29	3.97328	1	29	0	0	0	0.300039	0.298713	0.302297	0.300039	0.2977	0.30152	0.300039	0.298713	0.302297	0.300039	0.2977	0.30152	1	1	4.95874	
4.50614	1	31	3.97283	1	31	3.97283	1	31	0	0	0	0.305055	0.303653	0.30702	0.305055	0.303503	0.30762	0.305055	0.303653	0.30702	0.305055	0.303503	0.30762	1	1	4.95797	
4.54858	1	34	3.97949	1	26	3.97949	1	26	0	0	0	0.310057	0.30852	0.311997	0.310057	0.30887	0.312207	0.310057	0.30852	0.311997	0.310057	0.30887	0.312207	1	1	4.96422	
4.5752	1	32	3.98436	1	31	3.98437	1	31	0	0	0	0.315019	0.31352	0.316983	0.315019	0.31383	0.3167	0.315019	0.31352	0.316983	0.315019	0.31383	0.3167	1	1	4.96834	
4.60809	1	30	3.98555	1	28	3.98555	1	28	0	0	0	0.319978	0.318463	0.32199	0.319977	0.318837	0.321477	0.319978	0.318463	0.32199	0.319977	0.318837	0.321477	1	1	4.96886	
4.6414	1	35	3.98763	1	28	3.98765	1	28	0	0	0	0.324963	0.323313	0.327123	0.324965	0.32378	0.32647	0.324963	0.323313	0.327123	0.324965	0.32378	0.32647	1	1	4.97116	
4.67789	1	37	3.99315	1	30	3.99315	1	30	0	0	0	0.329995	0.328247	0.33219	0.329996	0.328807	0.33168	0.329995	0.328247	0.33219	0.329996	0.328807	0.33168	1	1	4.97579	
4.72466	1	37	3.99819	1	32	3.9982	1	32	0	0	0	0.33498	0.33312	0.3371	0.334982	0.33329	0.336123	0.33498	0.33312	0.3371	0.334982	0.33329	0.336123	1	1	4.98001	
4.76799	1	39	4.00089	1	30	4.00089	1	30	0	0	0	0.339973	0.33812	0.342147	0.339974	0.33887	0.342727	0.339973	0.33812	0.342147	0.339974	0.33887	0.342727	1	1	4.98185	
4.81435	1	38	4.00608	1	31	4.00608	1	31	0	0	0	0.344971	0.343307	0.34728	0.344972	0.342617	0.3466	0.344971	0.343307	0.34728	0.344972	0.342617	0.3466	1	1	4.98704	
4.85968	1	35	4.00842	1	28	4.00843	1	28	0	0	0	0.350014	0.348253	0.352393	0.350015	0.348183	0.351457	0.350014	0.348253	0.352393	0.350015	0.348183	0.351457	1	1	4.98892	
4.90981	1	45	4.01304	1	32	4.01305	1	32	0	0	0	0.354954	0.353173	0.35734	0.354955	0.35385	0.35615	0.354954	0.353173	0.35734	0.354955	0.35385	0.35615	1	1	4.99278	
4.98006	1	45	4.01684	1	37	4.01687	1	37	0	0	0	0.35996	0.358467	0.362383	0.359961	0.35835	0.360763	0.35996	0.358467	0.362383	0.359961	0.35835	0.360763	1	1	4.99579	
5.03142	1	42	4.02097	1	29	4.02098	1	29	0	0	0	0.364936	0.363493	0.36731	0.364935	0.362427	0.36689	0.364936	0.363493	0.36731	0.364935	0.362427	0.36689	1	1	4.99975	
5.10078	1	45	4.02483	1	32	4.02484	1	32	0	0	0	0.369959	0.36853	0.372257	0.36996	0.36812	0.37117	0.369959	0.36853	0.372257	0.36996	0.36812	0.37117	1	1	5.00258	
5.17651	1	51	4.03161	1	35	4.03164	1	35	0	0	0	0.374922	0.373217	0.377313	0.374923	0.373	0.37633	0.374922	0.373217	0.377313	0.374923	0.373	0.37633	1	1	5.00866	
5.24028	1	45	4.03454	1	35	4.03455	1	35	0	0	0	0.379929	0.378367	0.382327	0.37993	0.378537	0.382137	0.379929	0.378367	0.382327	0.37993	0.378537	0.382137	1	1	5.01112	
5.34373	1	57	4.04087	1	37	4.04089	1	37	0	0	0	0.384977	0.38334	0.387293	0.384977	0.38367	0.38653	0.384977	0.38334	0.387293	0.384977	0.38367	0.38653	1	1	5.0163	
5.41602	1	47	4.04315	1	43	4.04316	1	43	0	0	0	0.389953	0.388323	0.392323	0.389951	0.388067	0.392923	0.389953	0.388323	0.392323	0.389951	0.388067	0.392923	1	1	5.01812	
5.53873	1	60	4.04932	1	44	4.04934	1	44	0	0	0	0.39501	0.39345	0.39733	0.395009	0.392377	0.39644	0.39501	0.39345	0.39733	0.395009	0.392377	0.39644	1	1	5.02329	
5.63286	1	49	4.05418	1	38	4.05419	1	38	0	0	0	0.400027	0.398437	0.40228	0.400026	0.396117	0.40237	0.400027	0.398437	0.40228	0.400026	0.396117	0.40237	1	1	5.02701	
5.76789	1	60	4.05875	1	38	4.05875	1	38	0	0	0	0.405089	0.4035	0.407143	0.405087	0.40274	0.406847	0.405089	0.4035	0.407143	0.405087	0.40274	0.406847	1	1	5.03114	
5.93247	1	67	4.06772	1	36	4.06772	1	36	0	0	0	0.410107	0.408143	0.412367	0.410107	0.408307	0.411667	0.410107	0.408143	0.412367	0.410107	0.408307	0.411667	1	1	5.039	
6.07348	1	61	4.07018	1	35	4.07022	1	35	0	0	0	0.415085	0.41318	0.417193	0.415083	0.412227	0.41636	0.415085	0.41318	0.417193	0.415083	0.412227	0.41636	1	1	5.04071	
6.27589	1	75	4.07498	1	36	4.075	1	36	0	0	0	0.420099	0.418263	0.422237	0.420097	0.41771	0.422037	0.420099	0.418263	0.422237	0.420097	0.41771	0.422037	1	1	5.0447	
6.47981	1	93	4.08367	1	38	4.08367	1	38	0	0	0	0.425086	0.423197	0.427313	0.425088	0.423083	0.426243	0.425086	0.423197	0.427313	0.425088	0.423083	0.426243	1	1	5.05223	
6.71963	1	79	4.08638	1	38	4.0864	1	38	0	0	0	0.4301	0.428197	0.43227	0.430101	0.428587	0.431753	0.4301	0.428197	0.43227	0.430101	0.428587	0.431753	1	1	5.05374	
7.02809	1	89	4.09129	1	36	4.09132	1	36	0	0	0	0.435068	0.433283	0.437193	0.435069	0.433127	0.438583	0.435068	0.433283	0.437193	0.435069	0.433127	0.438583	1	1	5.05782	
7.45074	1	106	4.09992	1	36	4.0999	1	36	0	0	0	0.440064	0.438063	0.442123	0.440063	0.437033	0.442547	0.440064	0.438063	0.442123	0.440063	0.437033	0.442547	1	1	5.0653	
7.7555	1	112	4.10292	1	35	4.10294	1	35	0	0	0	0.445103	0.443103	0.44721	0.445105	0.443737	0.4471	0.445103	0.443103	0.44721	0.445105	0.443737	0.4471	1	1	5.06772	
8.37115	1	134	4.11014	1	37	4.11014	1	37	0	0	0	0.45006	0.44807	0.452117	0.450056	0.44826	0.452813	0.45006	0.44807	0.452117	0.450056	0.44826	0.452813	1	1	5.07285	
9.36816	1	213	4.11862	1	37	4.11864	1	37	0	0	0	0.45518	0.453163	0.45733	0.455165	0.452143	0.457417	0.45518	0.453163	0.45733	0.455165	0.452143	0.457417	1	1	5.08025	
10.4282	1	196	4.12333	1	39	4.12332	1	39	0	0	0	0.459971	0.45886	0.461585	0.459976	0.458232	0.461512	0.459971	0.45886	0.461585	0.459976	0.458232	0.461512	1	1	5.08365	
12.9248	1	257	4.1295	1	38	4.12951	1	38	0	0	0	0.464942	0.4639	0.466715	0.464954	0.46313	0.466838	0.464942	0.4639	0.466715	0.464954	0.46313	0.466838	1	1	5.08864	
24.8852	1	862	4.1338	1	44	4.13381	1	44	0	0	0	0.469915	0.469331	0.471174	0.469928	0.468503	0.471596	0.469915	0.469331	0.471174	0.469928	0.468503	0.471596	1	1	5.09224	
1182.31	1	18056	4.1424	1	46	4.14177	1	46	0	0	0	0.474903	0.474377	0.476221	0.474058	0.47254	0.475503	0.474903	0.474377	0.476221	0.474058	0.47254	0.475503	1	1	5.09915	
