3.86949	1	12	3.86696	1	12	3.86689	1	12	0	0	0	0.00503313	0.00484667	0.00526333	0.00503292	0.00474	0.00532667	0.00503313	0.00484667	0.00526333	0.00503292	0.00474	0.00532667	1	1	4.86676	
3.88625	1	12	3.88081	1	12	3.88086	1	12	0	0	0	0.0100071	0.00978667	0.01026	0.0100069	0.00972667	0.01022	0.0100071	0.00978667	0.01026	0.0100069	0.00972667	0.01022	1	1	4.88063	
3.89824	1	12	3.89038	1	12	3.89039	1	12	0	0	0	0.0149985	0.01468	0.0154533	0.0149981	0.01455	0.0153767	0.0149985	0.01468	0.0154533	0.0149981	0.01455	0.0153767	1	1	4.88992	
3.89342	1	12	3.88256	1	12	3.88255	1	12	0	0	0	0.019986	0.0196467	0.0205267	0.019986	0.01963	0.0203633	0.019986	0.0196467	0.0205267	0.019986	0.01963	0.0203633	1	1	4.88194	
3.89458	1	13	3.88091	1	12	3.88091	1	12	0	0	0	0.0249837	0.0245867	0.0255	0.0249837	0.0244133	0.02561	0.0249837	0.0245867	0.0255	0.0249837	0.0244133	0.02561	1	1	4.88015	
3.8961	1	13	3.87917	1	13	3.87916	1	13	0	0	0	0.0300242	0.0296033	0.03046	0.0300242	0.02937	0.0305367	0.0300242	0.0296033	0.03046	0.0300242	0.02937	0.0305367	1	1	4.87855	
3.90298	1	14	3.88226	1	13	3.88224	1	13	0	0	0	0.0350258	0.0346	0.0353167	0.0350256	0.0343267	0.0355167	0.0350258	0.0346	0.0353167	0.0350256	0.0343267	0.0355167	1	1	4.88137	
3.91531	1	14	3.89143	1	14	3.89144	1	14	0	0	0	0.0400277	0.0394067	0.04053	0.0400273	0.0395133	0.0409633	0.0400277	0.0394067	0.04053	0.0400273	0.0395133	0.0409633	1	1	4.89023	
3.91341	1	16	3.88642	1	16	3.88642	1	16	0	0	0	0.0450169	0.04435	0.0456767	0.0450167	0.0445267	0.0454933	0.0450169	0.04435	0.0456767	0.0450167	0.0445267	0.0454933	1	1	4.88517	
3.92357	1	16	3.89262	1	16	3.89262	1	16	0	0	0	0.0499998	0.0493933	0.0506733	0.0499996	0.0495767	0.0504233	0.0499998	0.0493933	0.0506733	0.0499996	0.0495767	0.0504233	1	1	4.89124	
3.92867	1	14	3.89443	1	14	3.89443	1	14	0	0	0	0.0550015	0.0543467	0.0556	0.055001	0.0546233	0.0554667	0.0550015	0.0543467	0.0556	0.055001	0.0546233	0.0554667	1	1	4.89286	
3.93159	1	21	3.89488	1	21	3.89492	1	21	0	0	0	0.0599671	0.05932	0.0604033	0.0599669	0.0592767	0.0606833	0.0599671	0.05932	0.0604033	0.0599669	0.0592767	0.0606833	1	1	4.89323	
3.93857	1	16	3.89741	1	16	3.89742	1	16	0	0	0	0.0650215	0.0643533	0.06553	0.0650215	0.0646333	0.0655167	0.0650215	0.0643533	0.06553	0.0650215	0.0646333	0.0655167	1	1	4.89543	
3.94221	1	17	3.89667	1	16	3.89668	1	16	0	0	0	0.0699788	0.0690033	0.07044	0.0699785	0.0694067	0.07074	0.0699788	0.0690033	0.07044	0.0699785	0.0694067	0.07074	1	1	4.89467	
3.94439	1	16	3.89521	1	16	3.89525	1	16	0	0	0	0.0749758	0.07389	0.0755633	0.0749756	0.07421	0.07572	0.0749758	0.07389	0.0755633	0.0749756	0.07421	0.07572	1	1	4.89296	
3.95601	1	17	3.90247	1	16	3.90245	1	16	0	0	0	0.0799906	0.0788467	0.0806333	0.0799906	0.0788733	0.08076	0.0799906	0.0788467	0.0806333	0.0799906	0.0788733	0.08076	1	1	4.89997	
3.95975	1	21	3.90259	1	20	3.90261	1	20	0	0	0	0.0850135	0.0838667	0.08573	0.0850137	0.08426	0.0862667	0.0850135	0.0838667	0.08573	0.0850137	0.08426	0.0862667	1	1	4.90006	
3.96569	1	16	3.90348	1	16	3.90349	1	16	0	0	0	0.0900252	0.0889933	0.09087	0.0900256	0.08898	0.0912333	0.0900252	0.0889933	0.09087	0.0900256	0.08898	0.0912333	1	1	4.90095	
3.97374	1	18	3.90705	1	18	3.90706	1	18	0	0	0	0.09501	0.0940767	0.0960067	0.0950113	0.0943033	0.0958967	0.09501	0.0940767	0.0960067	0.0950113	0.0943033	0.0958967	1	1	4.90414	
3.98084	1	20	3.90928	1	20	3.90927	1	20	0	0	0	0.100001	0.0991267	0.101043	0.100002	0.0992467	0.101063	0.100001	0.0991267	0.101043	0.100002	0.0992467	0.101063	1	1	4.90617	
3.9857	1	18	3.909	1	18	3.90899	1	18	0	0	0	0.105056	0.104223	0.10609	0.105057	0.104017	0.105933	0.105056	0.104223	0.10609	0.105057	0.104017	0.105933	1	1	4.90562	
3.99397	1	19	3.91193	1	19	3.91196	1	19	0	0	0	0.110075	0.109163	0.111127	0.110075	0.10926	0.111613	0.110075	0.109163	0.111127	0.110075	0.10926	0.111613	1	1	4.90851	
3.9957	1	20	3.90883	1	20	3.90884	1	20	0	0	0	0.115058	0.11411	0.115987	0.115058	0.113773	0.11648	0.115058	0.11411	0.115987	0.115058	0.113773	0.11648	1	1	4.90523	
4.00329	1	23	3.91109	1	23	3.9111	1	23	0	0	0	0.120091	0.11904	0.120967	0.120091	0.118713	0.12087	0.120091	0.11904	0.120967	0.120091	0.118713	0.12087	1	1	4.9072	
4.0124	1	21	3.91434	1	20	3.91433	1	20	0	0	0	0.125086	0.124113	0.12595	0.125086	0.123963	0.126457	0.125086	0.124113	0.12595	0.125086	0.123963	0.126457	1	1	4.91025	
4.02132	1	22	3.91751	1	20	3.9175	1	20	0	0	0	0.130036	0.129193	0.130967	0.130036	0.129183	0.130877	0.130036	0.129193	0.130967	0.130036	0.129183	0.130877	1	1	4.91327	
4.02727	1	20	3.91764	1	20	3.91765	1	20	0	0	0	0.135046	0.134153	0.13592	0.135046	0.133553	0.136007	0.135046	0.134153	0.13592	0.135046	0.133553	0.136007	1	1	4.91313	
4.03308	1	20	3.91703	1	20	3.91704	1	20	0	0	0	0.140089	0.13911	0.141013	0.140089	0.138287	0.141867	0.140089	0.13911	0.141013	0.140089	0.138287	0.141867	1	1	4.91241	
4.04794	1	21	3.92491	1	19	3.9249	1	19	0	0	0	0.1451	0.144033	0.146127	0.1451	0.144033	0.146043	0.1451	0.144033	0.146127	0.1451	0.144033	0.146043	1	1	4.91996	
4.05523	1	20	3.92586	1	20	3.92587	1	20	0	0	0	0.150073	0.149	0.151137	0.150072	0.148823	0.150867	0.150073	0.149	0.151137	0.150072	0.148823	0.150867	1	1	4.92065	
4.06459	1	28	3.92662	1	28	3.92662	1	28	0	0	0	0.155095	0.153887	0.156357	0.155096	0.154227	0.156083	0.155095	0.153887	0.156357	0.155096	0.154227	0.156083	1	1	4.92145	
4.07444	1	21	3.9317	1	21	3.93169	1	21	0	0	0	0.160132	0.15898	0.161417	0.160131	0.159423	0.160683	0.160132	0.15898	0.161417	0.160131	0.159423	0.160683	1	1	4.92616	
4.08161	1	21	3.92919	1	20	3.9292	1	20	0	0	0	0.165184	0.164157	0.166407	0.165183	0.163627	0.166173	0.165184	0.164157	0.166407	0.165183	0.163627	0.166173	1	1	4.92332	
4.09067	1	21	3.93136	1	21	3.93137	1	21	0	0	0	0.17018	0.169217	0.171373	0.17018	0.1695	0.17129	0.17018	0.169217	0.171373	0.17018	0.1695	0.17129	1	1	4.92505	
4.10664	1	21	3.93875	1	21	3.93875	1	21	0	0	0	0.175217	0.174063	0.17638	0.175217	0.17389	0.17682	0.175217	0.174063	0.17638	0.175217	0.17389	0.17682	1	1	4.93218	
4.1144	1	22	3.93882	1	21	3.93882	1	21	0	0	0	0.180281	0.178947	0.181643	0.18028	0.178643	0.18113	0.180281	0.178947	0.181643	0.18028	0.178643	0.18113	1	1	4.93215	
4.1289	1	23	3.94294	1	23	3.94294	1	23	0	0	0	0.185281	0.183897	0.18673	0.18528	0.184163	0.186553	0.185281	0.183897	0.18673	0.18528	0.184163	0.186553	1	1	4.93605	
4.14225	1	22	3.94693	1	20	3.94693	1	20	0	0	0	0.190259	0.188923	0.191553	0.190258	0.18901	0.191313	0.190259	0.188923	0.191553	0.190258	0.18901	0.191313	1	1	4.93983	
4.1525	1	22	3.94804	1	22	3.94805	1	22	0	0	0	0.195212	0.193857	0.196627	0.195211	0.19393	0.196963	0.195212	0.193857	0.196627	0.195211	0.19393	0.196963	1	1	4.94045	
4.16263	1	25	3.94849	1	25	3.94852	1	25	0	0	0	0.200214	0.198957	0.201677	0.200213	0.198297	0.202513	0.200214	0.198957	0.201677	0.200213	0.198297	0.202513	1	1	4.94078	
4.17945	1	23	3.9539	1	23	3.95389	1	23	0	0	0	0.205177	0.203887	0.206603	0.205176	0.204143	0.20651	0.205177	0.203887	0.206603	0.205176	0.204143	0.20651	1	1	4.94557	
4.19216	1	23	3.95674	1	23	3.95675	1	23	0	0	0	0.210146	0.208837	0.211633	0.210146	0.208403	0.211507	0.210146	0.208837	0.211633	0.210146	0.208403	0.211507	1	1	4.94836	
4.20905	1	27	3.95997	1	27	3.95996	1	27	0	0	0	0.215114	0.21374	0.216803	0.215114	0.21364	0.21642	0.215114	0.21374	0.216803	0.215114	0.21364	0.21642	1	1	4.95129	
4.22077	1	26	3.96252	1	24	3.96252	1	24	0	0	0	0.220136	0.218777	0.221903	0.220135	0.218893	0.22119	0.220136	0.218777	0.221903	0.220135	0.218893	0.22119	1	1	4.95343	
4.23919	1	23	3.96581	1	23	3.96583	1	23	0	0	0	0.225164	0.223753	0.22687	0.225164	0.223993	0.226343	0.225164	0.223753	0.22687	0.225164	0.223993	0.226343	1	1	4.9564	
4.25265	1	25	3.96678	1	25	3.96679	1	25	0	0	0	0.230132	0.228897	0.231807	0.230131	0.228683	0.231247	0.230132	0.228897	0.231807	0.230131	0.228683	0.231247	1	1	4.95712	
4.26866	1	26	3.96992	1	24	3.96992	1	24	0	0	0	0.235071	0.23388	0.236817	0.23507	0.233823	0.236757	0.235071	0.23388	0.236817	0.23507	0.233823	0.236757	1	1	4.95981	
4.28361	1	29	3.97112	1	24	3.97111	1	24	0	0	0	0.24003	0.238713	0.241923	0.24003	0.238553	0.241457	0.24003	0.238713	0.241923	0.24003	0.238553	0.241457	1	1	4.96079	
4.30652	1	28	3.97783	1	28	3.97784	1	28	0	0	0	0.24505	0.243763	0.246913	0.24505	0.244167	0.246273	0.24505	0.243763	0.246913	0.24505	0.244167	0.246273	1	1	4.96701	
4.31901	1	28	3.97658	1	27	3.97661	1	27	0	0	0	0.249962	0.248783	0.251893	0.249962	0.24895	0.250967	0.249962	0.248783	0.251893	0.249962	0.24895	0.250967	1	1	4.96544	
4.33901	1	27	3.97976	1	24	3.97977	1	24	0	0	0	0.254964	0.253697	0.25695	0.254965	0.253577	0.25627	0.254964	0.253697	0.25695	0.254965	0.253577	0.25627	1	1	4.96816	
4.35903	1	27	3.98368	1	23	3.98369	1	23	0	0	0	0.259973	0.258533	0.26183	0.259974	0.258783	0.261347	0.259973	0.258533	0.26183	0.259974	0.258783	0.261347	1	1	4.97166	
4.38366	1	28	3.98763	1	28	3.98764	1	28	0	0	0	0.265002	0.263803	0.266847	0.265003	0.263683	0.26588	0.265002	0.263803	0.266847	0.265003	0.263683	0.26588	1	1	4.97523	
4.40477	1	27	3.99014	1	27	3.99014	1	27	0	0	0	0.270024	0.268843	0.271843	0.270025	0.268217	0.27131	0.270024	0.268843	0.271843	0.270025	0.268217	0.27131	1	1	4.97752	
4.43159	1	32	3.99606	1	32	3.99609	1	32	0	0	0	0.275018	0.273793	0.276993	0.275019	0.27276	0.276747	0.275018	0.273793	0.276993	0.275019	0.27276	0.276747	1	1	4.98278	
4.45469	1	39	3.99809	1	39	3.99808	1	39	0	0	0	0.28004	0.27887	0.282073	0.28004	0.27887	0.281773	0.28004	0.27887	0.282073	0.28004	0.27887	0.281773	1	1	4.9844	
4.48251	1	29	4.00266	1	29	4.00268	1	29	0	0	0	0.285015	0.283613	0.287233	0.285015	0.283067	0.287317	0.285015	0.283613	0.287233	0.285015	0.283067	0.287317	1	1	4.98859	
4.50747	1	30	4.00529	1	28	4.00531	1	28	0	0	0	0.290035	0.288733	0.29204	0.290035	0.288827	0.291767	0.290035	0.288733	0.29204	0.290035	0.288827	0.291767	1	1	4.99053	
4.53322	1	29	4.00687	1	28	4.00688	1	28	0	0	0	0.295025	0.29379	0.29713	0.295025	0.29351	0.296943	0.295025	0.29379	0.29713	0.295025	0.29351	0.296943	1	1	4.99172	
4.56698	1	30	4.01232	1	28	4.01233	1	28	0	0	0	0.300039	0.298713	0.302297	0.30004	0.299017	0.30147	0.300039	0.298713	0.302297	0.30004	0.299017	0.30147	1	1	4.99657	
4.6029	1	34	4.01584	1	29	4.01584	1	29	0	0	0	0.305055	0.303653	0.30702	0.305054	0.303593	0.30666	0.305055	0.303653	0.30702	0.305054	0.303593	0.30666	1	1	4.99964	
4.63775	1	34	4.0202	1	28	4.02022	1	28	0	0	0	0.310057	0.30852	0.311997	0.310057	0.308457	0.311487	0.310057	0.30852	0.311997	0.310057	0.308457	0.311487	1	1	5.00353	
4.66965	1	31	4.0206	1	30	4.02061	1	30	0	0	0	0.315019	0.31352	0.316983	0.31502	0.313563	0.316887	0.315019	0.31352	0.316983	0.31502	0.313563	0.316887	1	1	5.00339	
4.70446	1	33	4.02395	1	30	4.02393	1	30	0	0	0	0.319978	0.318463	0.32199	0.319978	0.318063	0.321193	0.319978	0.318463	0.32199	0.319978	0.318063	0.321193	1	1	5.0063	
4.74491	1	34	4.03021	1	31	4.03021	1	31	0	0	0	0.324963	0.323313	0.327123	0.324964	0.323403	0.326337	0.324963	0.323313	0.327123	0.324964	0.323403	0.326337	1	1	5.01183	
4.79271	1	35	4.03476	1	30	4.03476	1	30	0	0	0	0.329995	0.328247	0.33219	0.329995	0.328203	0.33194	0.329995	0.328247	0.33219	0.329995	0.328203	0.33194	1	1	5.01592	
4.84137	1	36	4.03668	1	36	4.03669	1	36	0	0	0	0.33498	0.33312	0.3371	0.33498	0.333613	0.336283	0.33498	0.33312	0.3371	0.33498	0.333613	0.336283	1	1	5.01757	
4.89773	1	47	4.04531	1	36	4.04533	1	36	0	0	0	0.339973	0.33812	0.342147	0.339974	0.338113	0.342083	0.339973	0.33812	0.342147	0.339974	0.338113	0.342083	1	1	5.02486	
4.9378	1	38	4.04547	1	31	4.0455	1	31	0	0	0	0.344971	0.343307	0.34728	0.344971	0.343037	0.34657	0.344971	0.343307	0.34728	0.344971	0.343037	0.34657	1	1	5.02488	
4.99631	1	44	4.05437	1	40	4.05437	1	40	0	0	0	0.350014	0.348253	0.352393	0.350014	0.348403	0.352357	0.350014	0.348253	0.352393	0.350014	0.348403	0.352357	1	1	5.03263	
5.0473	1	52	4.05492	1	35	4.05493	1	35	0	0	0	0.354954	0.353173	0.35734	0.354955	0.353053	0.356387	0.354954	0.353173	0.35734	0.354955	0.353053	0.356387	1	1	5.03311	
5.12618	1	40	4.06074	1	29	4.06077	1	29	0	0	0	0.35996	0.358467	0.362383	0.359961	0.358163	0.363037	0.35996	0.358467	0.362383	0.359961	0.358163	0.363037	1	1	5.03803	
5.19757	1	47	4.06527	1	36	4.06528	1	36	0	0	0	0.364936	0.363493	0.36731	0.364936	0.362783	0.366133	0.364936	0.363493	0.36731	0.364936	0.362783	0.366133	1	1	5.04174	
5.27142	1	48	4.06977	1	30	4.0698	1	30	0	0	0	0.369959	0.36853	0.372257	0.369959	0.368427	0.37251	0.369959	0.36853	0.372257	0.369959	0.368427	0.37251	1	1	5.04537	
5.35888	1	44	4.07457	1	32	4.07454	1	32	0	0	0	0.374922	0.373217	0.377313	0.374921	0.372827	0.376007	0.374922	0.373217	0.377313	0.374921	0.372827	0.376007	1	1	5.0493	
5.43676	1	46	4.07734	1	38	4.07733	1	38	0	0	0	0.379929	0.378367	0.382327	0.379929	0.377313	0.382123	0.379929	0.378367	0.382327	0.379929	0.377313	0.382123	1	1	5.05135	
5.53463	1	54	4.07985	1	37	4.07986	1	37	0	0	0	0.384977	0.38334	0.387293	0.384976	0.383373	0.386873	0.384977	0.38334	0.387293	0.384976	0.383373	0.386873	1	1	5.05329	
5.6627	1	57	4.08812	1	44	4.08812	1	44	0	0	0	0.389953	0.388323	0.392323	0.389953	0.38789	0.39142	0.389953	0.388323	0.392323	0.389953	0.38789	0.39142	1	1	5.06013	
5.78886	1	60	4.09328	1	36	4.09331	1	36	0	0	0	0.39501	0.39345	0.39733	0.395011	0.39255	0.396947	0.39501	0.39345	0.39733	0.395011	0.39255	0.396947	1	1	5.06485	
5.92647	1	74	4.10029	1	36	4.1003	1	36	0	0	0	0.400027	0.398437	0.40228	0.400027	0.39827	0.401627	0.400027	0.398437	0.40228	0.400027	0.39827	0.401627	1	1	5.07059	
6.07246	1	71	4.1036	1	36	4.10365	1	36	0	0	0	0.405089	0.4035	0.407143	0.40509	0.40406	0.406223	0.405089	0.4035	0.407143	0.40509	0.40406	0.406223	1	1	5.0734	
6.24478	1	80	4.10818	1	43	4.10819	1	43	0	0	0	0.410107	0.408143	0.412367	0.410105	0.40827	0.41184	0.410107	0.408143	0.412367	0.410105	0.40827	0.41184	1	1	5.07717	
6.46014	1	78	4.11268	1	38	4.11269	1	38	0	0	0	0.415085	0.41318	0.417193	0.415084	0.412683	0.417073	0.415085	0.41318	0.417193	0.415084	0.412683	0.417073	1	1	5.0807	
6.7083	1	84	4.12042	1	39	4.12043	1	39	0	0	0	0.420099	0.418263	0.422237	0.420098	0.418693	0.42228	0.420099	0.418263	0.422237	0.420098	0.418693	0.42228	1	1	5.08688	
6.99365	1	110	4.12224	1	36	4.12226	1	36	0	0	0	0.425086	0.423197	0.427313	0.425083	0.42272	0.426957	0.425086	0.423197	0.427313	0.425083	0.42272	0.426957	1	1	5.08768	
7.31564	1	87	4.13277	1	37	4.13279	1	37	0	0	0	0.4301	0.428197	0.43227	0.430098	0.42758	0.433197	0.4301	0.428197	0.43227	0.430098	0.42758	0.433197	1	1	5.09689	
7.8111	1	111	4.13765	1	39	4.13766	1	39	0	0	0	0.435068	0.433283	0.437193	0.435062	0.432667	0.436747	0.435068	0.433283	0.437193	0.435062	0.432667	0.436747	1	1	5.10072	
8.37438	1	116	4.14353	1	40	4.14354	1	40	0	0	0	0.440064	0.438063	0.442123	0.440071	0.43841	0.441893	0.440064	0.438063	0.442123	0.440071	0.43841	0.441893	1	1	5.10573	
9.13873	1	173	4.15078	1	42	4.15079	1	42	0	0	0	0.445103	0.443103	0.44721	0.445095	0.442523	0.446647	0.445103	0.443103	0.44721	0.445095	0.442523	0.446647	1	1	5.11119	
10.409	1	226	4.15805	1	38	4.1581	1	38	0	0	0	0.45006	0.44807	0.452117	0.450066	0.44739	0.45172	0.45006	0.44807	0.452117	0.450066	0.44739	0.45172	1	1	5.11663	
12.9803	1	305	4.16347	1	38	4.16351	1	38	0	0	0	0.45518	0.453163	0.45733	0.455191	0.45335	0.457847	0.45518	0.453163	0.45733	0.455191	0.45335	0.457847	1	1	5.12127	
21.8321	1	759	4.16793	1	44	4.16792	1	44	0	0	0	0.459892	0.459191	0.461011	0.459899	0.458709	0.461376	0.459892	0.459191	0.461011	0.459899	0.458709	0.461376	1	1	5.12482	
699.376	1	10049	4.17502	1	51	4.17475	1	51	0	0	0	0.464879	0.464263	0.466077	0.464449	0.463163	0.465313	0.464879	0.464263	0.466077	0.464449	0.463163	0.465313	1	1	5.13026	
