3.8389	1	8	3.8389	1	8	3.8389	1	8	0	0	0	0.00503313	0.00484667	0.00526333	0.00503292	0.00484	0.00529	0.00503313	0.00484667	0.00526333	0.00503292	0.00484	0.00529	1	1	4.83869	
3.8342	1	8	3.8342	1	8	3.8342	1	8	0	0	0	0.0100071	0.00978667	0.01026	0.0100069	0.00966333	0.01021	0.0100071	0.00978667	0.01026	0.0100069	0.00966333	0.01021	1	1	4.83385	
3.84965	1	12	3.84965	1	12	3.84964	1	12	0	0	0	0.0149985	0.01468	0.0154533	0.0149981	0.0146367	0.0154667	0.0149985	0.01468	0.0154533	0.0149981	0.0146367	0.0154667	1	1	4.84921	
3.84737	1	13	3.84737	1	13	3.84738	1	13	0	0	0	0.019986	0.0196467	0.0205267	0.0199858	0.0194333	0.02025	0.019986	0.0196467	0.0205267	0.0199858	0.0194333	0.02025	1	1	4.84686	
3.84583	1	12	3.84583	1	12	3.84584	1	12	0	0	0	0.0249837	0.0245867	0.0255	0.0249833	0.0245167	0.0256633	0.0249837	0.0245867	0.0255	0.0249833	0.0245167	0.0256633	1	1	4.84495	
3.84913	1	11	3.84913	1	11	3.84911	1	11	0	0	0	0.0300242	0.0296033	0.03046	0.030024	0.0295333	0.03042	0.0300242	0.0296033	0.03046	0.030024	0.0295333	0.03042	1	1	4.84824	
3.8395	1	12	3.8395	1	12	3.8395	1	12	0	0	0	0.0350258	0.0346	0.0353167	0.0350254	0.0346	0.03542	0.0350258	0.0346	0.0353167	0.0350254	0.0346	0.03542	1	1	4.83838	
3.84509	1	13	3.84509	1	13	3.84505	1	13	0	0	0	0.0400277	0.0394067	0.04053	0.0400275	0.0394633	0.0406933	0.0400277	0.0394067	0.04053	0.0400275	0.0394633	0.0406933	1	1	4.84387	
3.84509	1	13	3.84509	1	13	3.84511	1	13	0	0	0	0.0450169	0.04435	0.0456767	0.0450167	0.0445033	0.0456733	0.0450169	0.04435	0.0456767	0.0450167	0.0445033	0.0456733	1	1	4.84356	
3.84682	1	14	3.84682	1	14	3.84683	1	14	0	0	0	0.0499998	0.0493933	0.0506733	0.0499996	0.04938	0.0505967	0.0499998	0.0493933	0.0506733	0.0499996	0.04938	0.0505967	1	1	4.84545	
3.84774	1	13	3.84774	1	13	3.84776	1	13	0	0	0	0.0550015	0.0543467	0.0556	0.055001	0.0540567	0.05581	0.0550015	0.0543467	0.0556	0.055001	0.0540567	0.05581	1	1	4.84617	
3.84752	1	13	3.84752	1	13	3.84753	1	13	0	0	0	0.0599671	0.05932	0.0604033	0.0599673	0.0592067	0.06113	0.0599671	0.05932	0.0604033	0.0599673	0.0592067	0.06113	1	1	4.84588	
3.84499	1	13	3.84499	1	13	3.84499	1	13	0	0	0	0.0650215	0.0643533	0.06553	0.0650213	0.06444	0.0658867	0.0650215	0.0643533	0.06553	0.0650213	0.06444	0.0658867	1	1	4.84317	
3.84705	1	14	3.84705	1	14	3.84706	1	14	0	0	0	0.0699788	0.0690033	0.07044	0.0699788	0.0693433	0.0709467	0.0699788	0.0690033	0.07044	0.0699788	0.0693433	0.0709467	1	1	4.845	
3.85097	1	14	3.85097	1	14	3.85098	1	14	0	0	0	0.0749758	0.07389	0.0755633	0.0749754	0.0743467	0.0756267	0.0749758	0.07389	0.0755633	0.0749754	0.0743467	0.0756267	1	1	4.84883	
3.85101	1	14	3.85101	1	14	3.85103	1	14	0	0	0	0.0799906	0.0788467	0.0806333	0.0799908	0.0793567	0.08153	0.0799906	0.0788467	0.0806333	0.0799908	0.0793567	0.08153	1	1	4.84845	
3.85405	1	14	3.85405	1	14	3.85406	1	14	0	0	0	0.0850135	0.0838667	0.08573	0.0850144	0.08394	0.0858167	0.0850135	0.0838667	0.08573	0.0850144	0.08394	0.0858167	1	1	4.85132	
3.85002	1	13	3.85002	1	13	3.85003	1	13	0	0	0	0.0900252	0.0889933	0.09087	0.0900246	0.08865	0.0912933	0.0900252	0.0889933	0.09087	0.0900246	0.08865	0.0912933	1	1	4.84723	
3.85425	1	14	3.85425	1	14	3.85427	1	14	0	0	0	0.09501	0.0940767	0.0960067	0.0950106	0.0940367	0.09605	0.09501	0.0940767	0.0960067	0.0950106	0.0940367	0.09605	1	1	4.8514	
3.85275	1	14	3.85275	1	14	3.85274	1	14	0	0	0	0.100001	0.0991267	0.101043	0.100001	0.09908	0.101097	0.100001	0.0991267	0.101043	0.100001	0.09908	0.101097	1	1	4.84967	
3.85353	1	14	3.85353	1	14	3.85351	1	14	0	0	0	0.105056	0.104223	0.10609	0.105057	0.10378	0.106213	0.105056	0.104223	0.10609	0.105057	0.10378	0.106213	1	1	4.85034	
3.85474	1	14	3.85474	1	14	3.85476	1	14	0	0	0	0.110075	0.109163	0.111127	0.110076	0.108923	0.11127	0.110075	0.109163	0.111127	0.110076	0.108923	0.11127	1	1	4.85138	
3.85301	1	14	3.85301	1	14	3.85302	1	14	0	0	0	0.115058	0.11411	0.115987	0.115059	0.114177	0.11584	0.115058	0.11411	0.115987	0.115059	0.114177	0.11584	1	1	4.84956	
3.85461	1	14	3.85461	1	14	3.85459	1	14	0	0	0	0.120091	0.11904	0.120967	0.120091	0.11851	0.12148	0.120091	0.11904	0.120967	0.120091	0.11851	0.12148	1	1	4.85095	
3.85787	1	14	3.85787	1	14	3.85786	1	14	0	0	0	0.125086	0.124113	0.12595	0.125085	0.124093	0.12614	0.125086	0.124113	0.12595	0.125085	0.124093	0.12614	1	1	4.85403	
3.85524	1	14	3.85524	1	14	3.85524	1	14	0	0	0	0.130036	0.129193	0.130967	0.130036	0.129197	0.13131	0.130036	0.129193	0.130967	0.130036	0.129197	0.13131	1	1	4.85112	
3.85851	1	14	3.85851	1	14	3.85851	1	14	0	0	0	0.135046	0.134153	0.13592	0.135046	0.13409	0.1361	0.135046	0.134153	0.13592	0.135046	0.13409	0.1361	1	1	4.85444	
3.85945	1	19	3.85945	1	19	3.85946	1	19	0	0	0	0.140089	0.13911	0.141013	0.140089	0.139243	0.141317	0.140089	0.13911	0.141013	0.140089	0.139243	0.141317	1	1	4.85497	
3.86387	1	14	3.86387	1	14	3.86386	1	14	0	0	0	0.1451	0.144033	0.146127	0.1451	0.144373	0.145997	0.1451	0.144033	0.146127	0.1451	0.144373	0.145997	1	1	4.85931	
3.86231	1	14	3.86231	1	14	3.86231	1	14	0	0	0	0.150073	0.149	0.151137	0.150073	0.148663	0.151733	0.150073	0.149	0.151137	0.150073	0.148663	0.151733	1	1	4.8577	
3.86833	1	19	3.86833	1	19	3.86832	1	19	0	0	0	0.155095	0.153887	0.156357	0.155094	0.153197	0.15665	0.155095	0.153887	0.156357	0.155094	0.153197	0.15665	1	1	4.86336	
3.8658	1	14	3.8658	1	14	3.86582	1	14	0	0	0	0.160132	0.15898	0.161417	0.160131	0.158603	0.161737	0.160132	0.15898	0.161417	0.160131	0.158603	0.161737	1	1	4.86072	
3.86911	1	14	3.8691	1	14	3.86911	1	14	0	0	0	0.165184	0.164157	0.166407	0.165182	0.16445	0.16607	0.165184	0.164157	0.166407	0.165182	0.16445	0.16607	1	1	4.86389	
3.8666	1	14	3.8666	1	14	3.86661	1	14	0	0	0	0.17018	0.169217	0.171373	0.170179	0.16922	0.17166	0.17018	0.169217	0.171373	0.170179	0.16922	0.17166	1	1	4.86123	
3.87001	1	20	3.87001	1	20	3.87004	1	20	0	0	0	0.175217	0.174063	0.17638	0.175217	0.173637	0.176097	0.175217	0.174063	0.17638	0.175217	0.173637	0.176097	1	1	4.86448	
3.87206	1	14	3.87205	1	14	3.87204	1	14	0	0	0	0.180281	0.178947	0.181643	0.18028	0.178673	0.181933	0.180281	0.178947	0.181643	0.18028	0.178673	0.181933	1	1	4.8663	
3.87714	1	14	3.87713	1	14	3.87714	1	14	0	0	0	0.185281	0.183897	0.18673	0.18528	0.18446	0.186127	0.185281	0.183897	0.18673	0.18528	0.18446	0.186127	1	1	4.87116	
3.87943	1	19	3.87942	1	19	3.87941	1	19	0	0	0	0.190259	0.188923	0.191553	0.190257	0.188923	0.191577	0.190259	0.188923	0.191553	0.190257	0.188923	0.191577	1	1	4.873	
3.87735	1	19	3.87734	1	19	3.87735	1	19	0	0	0	0.195212	0.193857	0.196627	0.195212	0.19403	0.19658	0.195212	0.193857	0.196627	0.195212	0.19403	0.19658	1	1	4.87093	
3.87885	1	18	3.87885	1	18	3.87883	1	18	0	0	0	0.200214	0.198957	0.201677	0.200213	0.19847	0.20149	0.200214	0.198957	0.201677	0.200213	0.19847	0.20149	1	1	4.87225	
3.87942	1	19	3.87941	1	19	3.87941	1	19	0	0	0	0.205177	0.203887	0.206603	0.205177	0.203833	0.2066	0.205177	0.203887	0.206603	0.205177	0.203833	0.2066	1	1	4.87268	
3.88195	1	18	3.88194	1	18	3.88194	1	18	0	0	0	0.210146	0.208837	0.211633	0.210146	0.207813	0.211143	0.210146	0.208837	0.211633	0.210146	0.207813	0.211143	1	1	4.87476	
3.88277	1	15	3.88276	1	15	3.88277	1	15	0	0	0	0.215114	0.21374	0.216803	0.215114	0.2139	0.216347	0.215114	0.21374	0.216803	0.215114	0.2139	0.216347	1	1	4.87569	
3.88595	1	20	3.88594	1	20	3.88594	1	20	0	0	0	0.220136	0.218777	0.221903	0.220136	0.218993	0.221393	0.220136	0.218777	0.221903	0.220136	0.218993	0.221393	1	1	4.8787	
3.88715	1	19	3.88713	1	19	3.88712	1	19	0	0	0	0.225164	0.223753	0.22687	0.225164	0.224093	0.22593	0.225164	0.223753	0.22687	0.225164	0.224093	0.22593	1	1	4.87974	
3.89186	1	18	3.89184	1	18	3.89183	1	18	0	0	0	0.230132	0.228897	0.231807	0.230132	0.228923	0.232033	0.230132	0.228897	0.231807	0.230132	0.228923	0.232033	1	1	4.8841	
3.894	1	19	3.89398	1	19	3.89398	1	19	0	0	0	0.235071	0.23388	0.236817	0.23507	0.233317	0.23656	0.235071	0.23388	0.236817	0.23507	0.233317	0.23656	1	1	4.88604	
3.89382	1	17	3.8938	1	17	3.89379	1	17	0	0	0	0.24003	0.238713	0.241923	0.24003	0.238963	0.24132	0.24003	0.238713	0.241923	0.24003	0.238963	0.24132	1	1	4.88561	
3.89889	1	18	3.89887	1	18	3.89889	1	18	0	0	0	0.24505	0.243763	0.246913	0.24505	0.24407	0.247133	0.24505	0.243763	0.246913	0.24505	0.24407	0.247133	1	1	4.89064	
3.89764	1	19	3.89761	1	19	3.89761	1	19	0	0	0	0.249962	0.248783	0.251893	0.249963	0.248423	0.251637	0.249962	0.248783	0.251893	0.249963	0.248423	0.251637	1	1	4.88905	
3.90171	1	20	3.90167	1	20	3.90169	1	20	0	0	0	0.254964	0.253697	0.25695	0.254964	0.253103	0.256253	0.254964	0.253697	0.25695	0.254964	0.253103	0.256253	1	1	4.89304	
3.90377	1	20	3.90373	1	20	3.90376	1	20	0	0	0	0.259973	0.258533	0.26183	0.259973	0.25896	0.261523	0.259973	0.258533	0.26183	0.259973	0.25896	0.261523	1	1	4.89485	
3.90699	1	20	3.90695	1	20	3.90696	1	20	0	0	0	0.265002	0.263803	0.266847	0.265002	0.263647	0.266087	0.265002	0.263803	0.266847	0.265002	0.263647	0.266087	1	1	4.89762	
3.90717	1	21	3.90713	1	21	3.90714	1	21	0	0	0	0.270024	0.268843	0.271843	0.270025	0.26883	0.271647	0.270024	0.268843	0.271843	0.270025	0.26883	0.271647	1	1	4.89789	
3.90801	1	19	3.90798	1	19	3.90798	1	19	0	0	0	0.275018	0.273793	0.276993	0.275018	0.273383	0.276667	0.275018	0.273793	0.276993	0.275018	0.273383	0.276667	1	1	4.89831	
3.91401	1	20	3.91396	1	20	3.91398	1	20	0	0	0	0.28004	0.27887	0.282073	0.28004	0.278813	0.281277	0.28004	0.27887	0.282073	0.28004	0.278813	0.281277	1	1	4.90416	
3.91557	1	20	3.91552	1	20	3.91553	1	20	0	0	0	0.285015	0.283613	0.287233	0.285015	0.28373	0.287453	0.285015	0.283613	0.287233	0.285015	0.28373	0.287453	1	1	4.90553	
3.91719	1	18	3.91715	1	18	3.91716	1	18	0	0	0	0.290035	0.288733	0.29204	0.290034	0.287987	0.291623	0.290035	0.288733	0.29204	0.290034	0.287987	0.291623	1	1	4.90689	
3.91862	1	20	3.91856	1	20	3.91858	1	20	0	0	0	0.295025	0.29379	0.29713	0.295026	0.291947	0.296783	0.295025	0.29379	0.29713	0.295026	0.291947	0.296783	1	1	4.90798	
3.92541	1	21	3.92535	1	21	3.92535	1	21	0	0	0	0.300039	0.298713	0.302297	0.300038	0.2977	0.30152	0.300039	0.298713	0.302297	0.300038	0.2977	0.30152	1	1	4.91463	
3.92342	1	20	3.92334	1	20	3.92334	1	20	0	0	0	0.305055	0.303653	0.30702	0.305055	0.303503	0.30762	0.305055	0.303653	0.30702	0.305055	0.303503	0.30762	1	1	4.91253	
3.92639	1	19	3.92633	1	19	3.92632	1	19	0	0	0	0.310057	0.30852	0.311997	0.310058	0.308877	0.312207	0.310057	0.30852	0.311997	0.310058	0.308877	0.312207	1	1	4.91546	
3.93184	1	20	3.93177	1	20	3.93179	1	20	0	0	0	0.315019	0.31352	0.316983	0.315019	0.31383	0.3167	0.315019	0.31352	0.316983	0.315019	0.31383	0.3167	1	1	4.92041	
3.9312	1	20	3.93114	1	20	3.93114	1	20	0	0	0	0.319978	0.318463	0.32199	0.319977	0.318833	0.32148	0.319978	0.318463	0.32199	0.319977	0.318833	0.32148	1	1	4.9195	
3.93478	1	22	3.93471	1	22	3.93472	1	22	0	0	0	0.324963	0.323313	0.327123	0.324965	0.323777	0.326467	0.324963	0.323313	0.327123	0.324965	0.323777	0.326467	1	1	4.92293	
3.9388	1	19	3.93871	1	19	3.93873	1	19	0	0	0	0.329995	0.328247	0.33219	0.329996	0.328803	0.33168	0.329995	0.328247	0.33219	0.329996	0.328803	0.33168	1	1	4.92685	
3.94014	1	20	3.94006	1	20	3.94008	1	20	0	0	0	0.33498	0.33312	0.3371	0.334982	0.33329	0.336123	0.33498	0.33312	0.3371	0.334982	0.33329	0.336123	1	1	4.92789	
3.94281	1	21	3.94272	1	21	3.94272	1	21	0	0	0	0.339973	0.33812	0.342147	0.339973	0.338867	0.342727	0.339973	0.33812	0.342147	0.339973	0.338867	0.342727	1	1	4.9302	
3.94552	1	21	3.9454	1	21	3.94541	1	21	0	0	0	0.344971	0.343307	0.34728	0.344972	0.342617	0.3466	0.344971	0.343307	0.34728	0.344972	0.342617	0.3466	1	1	4.93272	
3.94902	1	20	3.94891	1	20	3.94892	1	20	0	0	0	0.350014	0.348253	0.352393	0.350015	0.348187	0.351457	0.350014	0.348253	0.352393	0.350015	0.348187	0.351457	1	1	4.93591	
3.95245	1	28	3.95233	1	28	3.95234	1	28	0	0	0	0.354954	0.353173	0.35734	0.354955	0.353843	0.35615	0.354954	0.353173	0.35734	0.354955	0.353843	0.35615	1	1	4.93935	
3.95601	1	21	3.95588	1	21	3.95588	1	21	0	0	0	0.35996	0.358467	0.362383	0.359961	0.358347	0.360763	0.35996	0.358467	0.362383	0.359961	0.358347	0.360763	1	1	4.94248	
3.95854	1	20	3.95841	1	20	3.95843	1	20	0	0	0	0.364936	0.363493	0.36731	0.364936	0.362423	0.366893	0.364936	0.363493	0.36731	0.364936	0.362423	0.366893	1	1	4.94499	
3.9614	1	22	3.96124	1	22	3.96125	1	22	0	0	0	0.369959	0.36853	0.372257	0.369959	0.368117	0.371167	0.369959	0.36853	0.372257	0.369959	0.368117	0.371167	1	1	4.9476	
3.96545	1	21	3.96527	1	21	3.96529	1	21	0	0	0	0.374922	0.373217	0.377313	0.374924	0.373003	0.376333	0.374922	0.373217	0.377313	0.374924	0.373003	0.376333	1	1	4.95133	
3.96652	1	21	3.96634	1	21	3.96634	1	21	0	0	0	0.379929	0.378367	0.382327	0.37993	0.378537	0.382137	0.379929	0.378367	0.382327	0.37993	0.378537	0.382137	1	1	4.95237	
3.97278	1	20	3.97259	1	20	3.97262	1	20	0	0	0	0.384977	0.38334	0.387293	0.384978	0.383663	0.38654	0.384977	0.38334	0.387293	0.384978	0.383663	0.38654	1	1	4.9581	
3.97358	1	22	3.97338	1	22	3.97338	1	22	0	0	0	0.389953	0.388323	0.392323	0.389954	0.388067	0.392923	0.389953	0.388323	0.392323	0.389954	0.388067	0.392923	1	1	4.9586	
3.97981	1	20	3.97956	1	20	3.97958	1	20	0	0	0	0.39501	0.39345	0.39733	0.39501	0.392387	0.39644	0.39501	0.39345	0.39733	0.39501	0.392387	0.39644	1	1	4.96444	
3.98289	1	21	3.98267	1	21	3.98267	1	21	0	0	0	0.400027	0.398437	0.40228	0.400027	0.39611	0.402363	0.400027	0.398437	0.40228	0.400027	0.39611	0.402363	1	1	4.96718	
3.98594	1	20	3.9857	1	20	3.98571	1	20	0	0	0	0.405089	0.4035	0.407143	0.40509	0.402747	0.40685	0.405089	0.4035	0.407143	0.40509	0.402747	0.40685	1	1	4.97009	
3.98856	1	21	3.98829	1	21	3.98829	1	21	0	0	0	0.410107	0.408143	0.412367	0.410107	0.408313	0.411673	0.410107	0.408143	0.412367	0.410107	0.408313	0.411673	1	1	4.9727	
3.99349	1	21	3.9932	1	21	3.9932	1	21	0	0	0	0.415085	0.41318	0.417193	0.415084	0.412223	0.416363	0.415085	0.41318	0.417193	0.415084	0.412223	0.416363	1	1	4.97736	
3.99487	1	20	3.99457	1	20	3.99457	1	20	0	0	0	0.420099	0.418263	0.422237	0.4201	0.41771	0.42204	0.420099	0.418263	0.422237	0.4201	0.41771	0.42204	1	1	4.97826	
4.00058	1	21	4.00028	1	21	4.00029	1	21	0	0	0	0.425086	0.423197	0.427313	0.425088	0.42308	0.426243	0.425086	0.423197	0.427313	0.425088	0.42308	0.426243	1	1	4.9838	
4.00426	1	21	4.00389	1	21	4.0039	1	21	0	0	0	0.4301	0.428197	0.43227	0.430099	0.428587	0.43175	0.4301	0.428197	0.43227	0.430099	0.428587	0.43175	1	1	4.98669	
4.00784	1	22	4.00748	1	22	4.00746	1	22	0	0	0	0.435068	0.433283	0.437193	0.435067	0.433127	0.438593	0.435068	0.433283	0.437193	0.435067	0.433127	0.438593	1	1	4.99035	
4.01074	1	22	4.01038	1	22	4.01038	1	22	0	0	0	0.440064	0.438063	0.442123	0.440064	0.437037	0.44255	0.440064	0.438063	0.442123	0.440064	0.437037	0.44255	1	1	4.99315	
4.01411	1	21	4.01369	1	21	4.01371	1	21	0	0	0	0.445103	0.443103	0.44721	0.445101	0.443723	0.44709	0.445103	0.443103	0.44721	0.445101	0.443723	0.44709	1	1	4.99613	
4.01954	1	23	4.01912	1	23	4.01913	1	23	0	0	0	0.45006	0.44807	0.452117	0.450058	0.448273	0.452813	0.45006	0.44807	0.452117	0.450058	0.448273	0.452813	1	1	5.00111	
4.02259	1	22	4.02212	1	22	4.02212	1	22	0	0	0	0.45518	0.453163	0.45733	0.455179	0.452163	0.45744	0.45518	0.453163	0.45733	0.455179	0.452163	0.45744	1	1	5.00401	
4.02792	1	21	4.02747	1	21	4.02746	1	21	0	0	0	0.460153	0.458033	0.462353	0.460153	0.458517	0.46193	0.460153	0.458033	0.462353	0.460153	0.458517	0.46193	1	1	5.00906	
4.03303	1	21	4.03256	1	21	4.03255	1	21	0	0	0	0.465124	0.463133	0.467567	0.465121	0.462927	0.467817	0.465124	0.463133	0.467567	0.465121	0.462927	0.467817	1	1	5.01382	
4.03375	1	22	4.03329	1	22	4.0333	1	22	0	0	0	0.47014	0.46793	0.472587	0.470139	0.467987	0.471453	0.47014	0.46793	0.472587	0.470139	0.467987	0.471453	1	1	5.01453	
4.03903	1	21	4.03848	1	21	4.03848	1	21	0	0	0	0.475105	0.472893	0.477557	0.475103	0.47292	0.477617	0.475105	0.472893	0.477557	0.475103	0.47292	0.477617	1	1	5.01942	
4.04323	1	22	4.04262	1	22	4.04262	1	22	0	0	0	0.480154	0.478047	0.48266	0.480152	0.47816	0.48196	0.480154	0.478047	0.48266	0.480152	0.47816	0.48196	1	1	5.02326	
4.04787	1	23	4.04723	1	23	4.04721	1	23	0	0	0	0.485161	0.483107	0.48742	0.485159	0.483507	0.487987	0.485161	0.483107	0.48742	0.485159	0.483507	0.487987	1	1	5.02749	
4.05247	1	22	4.05179	1	22	4.0518	1	22	0	0	0	0.490162	0.488077	0.492193	0.490161	0.487637	0.49206	0.490162	0.488077	0.492193	0.490161	0.487637	0.49206	1	1	5.03185	
4.05607	1	21	4.05545	1	21	4.05546	1	21	0	0	0	0.49515	0.49298	0.497327	0.495148	0.492357	0.497047	0.49515	0.49298	0.497327	0.495148	0.492357	0.497047	1	1	5.03527	
4.05911	1	22	4.05843	1	22	4.05843	1	22	0	0	0	0.500193	0.498007	0.50225	0.500191	0.496927	0.501333	0.500193	0.498007	0.50225	0.500191	0.496927	0.501333	1	1	5.03832	
4.06459	1	22	4.06385	1	22	4.06385	1	22	0	0	0	0.505152	0.50293	0.507137	0.505152	0.50361	0.507047	0.505152	0.50293	0.507137	0.505152	0.50361	0.507047	1	1	5.04293	
4.06973	1	23	4.06892	1	23	4.06891	1	23	0	0	0	0.510164	0.50804	0.512417	0.510162	0.50779	0.51143	0.510164	0.50804	0.512417	0.510162	0.50779	0.51143	1	1	5.0479	
4.07468	1	28	4.07381	1	28	4.07382	1	28	0	0	0	0.515199	0.513037	0.517437	0.515195	0.513553	0.516833	0.515199	0.513037	0.517437	0.515195	0.513553	0.516833	1	1	5.0522	
4.0796	1	22	4.07876	1	22	4.07876	1	22	0	0	0	0.520178	0.51798	0.522423	0.520177	0.517797	0.522863	0.520178	0.51798	0.522423	0.520177	0.517797	0.522863	1	1	5.05724	
4.08283	1	23	4.08195	1	23	4.08195	1	23	0	0	0	0.525159	0.522977	0.527247	0.525157	0.523413	0.526547	0.525159	0.522977	0.527247	0.525157	0.523413	0.526547	1	1	5.06005	
4.08664	1	22	4.08563	1	22	4.08564	1	22	0	0	0	0.530138	0.52793	0.53204	0.530137	0.527533	0.534377	0.530138	0.52793	0.53204	0.530137	0.527533	0.534377	1	1	5.06352	
4.09343	1	22	4.09246	1	22	4.09247	1	22	0	0	0	0.53509	0.53287	0.53698	0.535089	0.533443	0.53707	0.53509	0.53287	0.53698	0.535089	0.533443	0.53707	1	1	5.06986	
4.09733	1	23	4.09615	1	23	4.09615	1	23	0	0	0	0.540062	0.537847	0.54189	0.540059	0.538343	0.542367	0.540062	0.537847	0.54189	0.540059	0.538343	0.542367	1	1	5.07378	
4.10274	1	23	4.10156	1	23	4.10158	1	23	0	0	0	0.545019	0.542683	0.546767	0.545018	0.543007	0.54762	0.545019	0.542683	0.546767	0.545018	0.543007	0.54762	1	1	5.07851	
4.10728	1	24	4.10608	1	24	4.10608	1	24	0	0	0	0.550052	0.54768	0.55173	0.550049	0.54805	0.55342	0.550052	0.54768	0.55173	0.550049	0.54805	0.55342	1	1	5.08281	
4.11346	1	23	4.11211	1	23	4.11213	1	23	0	0	0	0.555067	0.552717	0.55697	0.555064	0.55254	0.55745	0.555067	0.552717	0.55697	0.555064	0.55254	0.55745	1	1	5.08877	
4.11817	1	22	4.11674	1	22	4.11675	1	22	0	0	0	0.560037	0.557853	0.562013	0.560033	0.55784	0.56284	0.560037	0.557853	0.562013	0.560033	0.55784	0.56284	1	1	5.09284	
4.12002	1	28	4.11854	1	28	4.11855	1	28	0	0	0	0.565038	0.562847	0.567047	0.565035	0.562313	0.567267	0.565038	0.562847	0.567047	0.565035	0.562313	0.567267	1	1	5.09433	
4.12822	1	23	4.12674	1	23	4.12676	1	23	0	0	0	0.570019	0.567987	0.571877	0.570019	0.56791	0.571707	0.570019	0.567987	0.571877	0.570019	0.56791	0.571707	1	1	5.10228	
4.13338	1	22	4.13183	1	22	4.13183	1	22	0	0	0	0.57499	0.572857	0.57707	0.574987	0.572873	0.577987	0.57499	0.572857	0.57707	0.574987	0.572873	0.577987	1	1	5.10705	
4.13917	1	25	4.13742	1	25	4.13742	1	25	0	0	0	0.579978	0.57772	0.582213	0.579974	0.57793	0.583113	0.579978	0.57772	0.582213	0.579974	0.57793	0.583113	1	1	5.1123	
4.14322	1	26	4.14144	1	26	4.14144	1	26	0	0	0	0.584984	0.582687	0.587163	0.584981	0.582873	0.589247	0.584984	0.582687	0.587163	0.584981	0.582873	0.589247	1	1	5.11583	
4.14828	1	23	4.14635	1	23	4.14634	1	23	0	0	0	0.589958	0.587593	0.592113	0.589955	0.588437	0.592017	0.589958	0.587593	0.592113	0.589955	0.588437	0.592017	1	1	5.12061	
4.15375	1	24	4.1518	1	24	4.15181	1	24	0	0	0	0.594978	0.59255	0.597227	0.594977	0.59311	0.597443	0.594978	0.59255	0.597227	0.594977	0.59311	0.597443	1	1	5.12591	
4.16009	1	25	4.15796	1	25	4.15796	1	25	0	0	0	0.599903	0.597743	0.602013	0.599902	0.597357	0.602057	0.599903	0.597743	0.602013	0.599902	0.597357	0.602057	1	1	5.13169	
4.16381	1	26	4.16152	1	26	4.16152	1	26	0	0	0	0.604821	0.602697	0.606853	0.604818	0.602843	0.606423	0.604821	0.602697	0.606853	0.604818	0.602843	0.606423	1	1	5.13507	
4.17225	1	26	4.16978	1	26	4.1698	1	26	0	0	0	0.609812	0.607587	0.61168	0.60981	0.60845	0.612113	0.609812	0.607587	0.61168	0.60981	0.60845	0.612113	1	1	5.14282	
4.17441	1	26	4.17201	1	26	4.17202	1	26	0	0	0	0.61487	0.612577	0.616683	0.614868	0.612857	0.617223	0.61487	0.612577	0.616683	0.614868	0.612857	0.617223	1	1	5.14455	
4.18225	1	27	4.1796	1	26	4.17961	1	26	0	0	0	0.619831	0.617607	0.62157	0.619831	0.617577	0.621167	0.619831	0.617607	0.62157	0.619831	0.617577	0.621167	1	1	5.1517	
4.19036	1	27	4.1877	1	27	4.18772	1	27	0	0	0	0.624903	0.62281	0.626517	0.624903	0.623437	0.62779	0.624903	0.62281	0.626517	0.624903	0.623437	0.62779	1	1	5.15963	
4.19465	1	27	4.19175	1	27	4.19173	1	27	0	0	0	0.629923	0.627927	0.631537	0.629919	0.627277	0.631957	0.629923	0.627927	0.631537	0.629919	0.627277	0.631957	1	1	5.16352	
4.19981	1	28	4.19666	1	28	4.19667	1	28	0	0	0	0.634912	0.633017	0.63661	0.63491	0.632317	0.637863	0.634912	0.633017	0.63661	0.63491	0.632317	0.637863	1	1	5.16821	
4.20794	1	22	4.20472	1	22	4.20472	1	22	0	0	0	0.639955	0.638057	0.641693	0.639954	0.63767	0.64314	0.639955	0.638057	0.641693	0.639954	0.63767	0.64314	1	1	5.17556	
4.21143	1	22	4.20813	1	22	4.20813	1	22	0	0	0	0.64492	0.64296	0.64644	0.644918	0.642807	0.647263	0.64492	0.64296	0.64644	0.644918	0.642807	0.647263	1	1	5.1788	
4.21893	1	28	4.21538	1	28	4.21538	1	28	0	0	0	0.649931	0.64791	0.651557	0.649927	0.647753	0.65229	0.649931	0.64791	0.651557	0.649927	0.647753	0.65229	1	1	5.18563	
4.22368	1	23	4.21987	1	23	4.2199	1	23	0	0	0	0.654976	0.653037	0.656613	0.654974	0.65296	0.658283	0.654976	0.653037	0.656613	0.654974	0.65296	0.658283	1	1	5.1901	
4.23267	1	28	4.22877	1	28	4.2288	1	28	0	0	0	0.659958	0.657967	0.66145	0.659956	0.65538	0.66293	0.659958	0.657967	0.66145	0.659956	0.65538	0.66293	1	1	5.1987	
4.23854	1	22	4.23462	1	22	4.23464	1	22	0	0	0	0.664927	0.66291	0.666333	0.664925	0.662767	0.666493	0.664927	0.66291	0.666333	0.664925	0.662767	0.666493	1	1	5.20398	
4.24302	1	28	4.23856	1	28	4.23859	1	28	0	0	0	0.669951	0.667847	0.671333	0.669951	0.66674	0.67238	0.669951	0.667847	0.671333	0.669951	0.66674	0.67238	1	1	5.2074	
4.25043	1	26	4.24585	1	26	4.24584	1	26	0	0	0	0.674925	0.672927	0.676537	0.674924	0.67198	0.677607	0.674925	0.672927	0.676537	0.674924	0.67198	0.677607	1	1	5.21424	
4.25625	1	23	4.25147	1	23	4.25148	1	23	0	0	0	0.679923	0.677943	0.681507	0.679918	0.677173	0.682167	0.679923	0.677943	0.681507	0.679918	0.677173	0.682167	1	1	5.21985	
4.26573	1	29	4.26077	1	29	4.26079	1	29	0	0	0	0.684924	0.6829	0.686337	0.684924	0.68308	0.688573	0.684924	0.6829	0.686337	0.684924	0.68308	0.688573	1	1	5.22872	
4.27031	1	28	4.26504	1	28	4.26505	1	28	0	0	0	0.689882	0.688137	0.691387	0.68988	0.68792	0.69233	0.689882	0.688137	0.691387	0.68988	0.68792	0.69233	1	1	5.23245	
4.27955	1	26	4.27374	1	26	4.27378	1	26	0	0	0	0.694896	0.693357	0.69655	0.694895	0.693063	0.69786	0.694896	0.693357	0.69655	0.694895	0.693063	0.69786	1	1	5.24078	
4.28649	1	25	4.28048	1	25	4.2805	1	25	0	0	0	0.699911	0.698447	0.701707	0.699908	0.69687	0.70259	0.699911	0.698447	0.701707	0.699908	0.69687	0.70259	1	1	5.24725	
4.29126	1	29	4.28486	1	29	4.28485	1	29	0	0	0	0.704931	0.703377	0.706697	0.704929	0.70221	0.707913	0.704931	0.703377	0.706697	0.704929	0.70221	0.707913	1	1	5.25136	
4.30079	1	29	4.29419	1	29	4.29421	1	29	0	0	0	0.709932	0.708137	0.71179	0.70993	0.706467	0.713687	0.709932	0.708137	0.71179	0.70993	0.706467	0.713687	1	1	5.25988	
4.30589	1	29	4.29895	1	29	4.29895	1	29	0	0	0	0.714931	0.713177	0.71684	0.714929	0.71025	0.718157	0.714931	0.713177	0.71684	0.714929	0.71025	0.718157	1	1	5.26491	
4.31491	1	26	4.30767	1	26	4.30767	1	26	0	0	0	0.71995	0.7183	0.721943	0.719948	0.717557	0.72292	0.71995	0.7183	0.721943	0.719948	0.717557	0.72292	1	1	5.27287	
4.32122	1	26	4.31351	1	26	4.31353	1	26	0	0	0	0.724993	0.723197	0.726993	0.724992	0.72208	0.727317	0.724993	0.723197	0.726993	0.724992	0.72208	0.727317	1	1	5.2785	
4.32657	1	28	4.31839	1	28	4.31838	1	28	0	0	0	0.729989	0.72811	0.732023	0.729987	0.726583	0.73198	0.729989	0.72811	0.732023	0.729987	0.726583	0.73198	1	1	5.28302	
4.33628	1	26	4.32761	1	26	4.32764	1	26	0	0	0	0.734981	0.733117	0.73708	0.73498	0.73155	0.73895	0.734981	0.733117	0.73708	0.73498	0.73155	0.73895	1	1	5.29163	
4.34513	1	28	4.33611	1	28	4.33611	1	28	0	0	0	0.740023	0.738133	0.74218	0.740023	0.735797	0.742813	0.740023	0.738133	0.74218	0.740023	0.735797	0.742813	1	1	5.3	
4.35439	1	27	4.34458	1	27	4.3446	1	27	0	0	0	0.744991	0.743123	0.747037	0.74499	0.742	0.747593	0.744991	0.743123	0.747037	0.74499	0.742	0.747593	1	1	5.30821	
4.35956	1	27	4.34912	1	27	4.34912	1	27	0	0	0	0.750027	0.748183	0.75198	0.750024	0.74755	0.754063	0.750027	0.748183	0.75198	0.750024	0.74755	0.754063	1	1	5.31257	
4.36929	1	30	4.35845	1	30	4.35845	1	30	0	0	0	0.75496	0.752987	0.756843	0.75496	0.752017	0.758533	0.75496	0.752987	0.756843	0.75496	0.752017	0.758533	1	1	5.32105	
4.37819	1	28	4.3669	1	28	4.36692	1	28	0	0	0	0.759955	0.758063	0.761883	0.759952	0.757347	0.762127	0.759955	0.758063	0.761883	0.759952	0.757347	0.762127	1	1	5.32905	
4.38492	1	28	4.37258	1	28	4.37259	1	28	0	0	0	0.764954	0.763273	0.766787	0.764953	0.76261	0.767497	0.764954	0.763273	0.766787	0.764953	0.76261	0.767497	1	1	5.33449	
4.39282	1	28	4.38015	1	28	4.38014	1	28	0	0	0	0.76996	0.76815	0.77165	0.769958	0.767487	0.773673	0.76996	0.76815	0.77165	0.769958	0.767487	0.773673	1	1	5.34163	
4.39995	1	28	4.38659	1	28	4.38661	1	28	0	0	0	0.774975	0.773037	0.77671	0.774974	0.772267	0.77899	0.774975	0.773037	0.77671	0.774974	0.772267	0.77899	1	1	5.34774	
4.41077	1	27	4.39665	1	27	4.39666	1	27	0	0	0	0.779928	0.778267	0.781573	0.779927	0.776433	0.783353	0.779928	0.778267	0.781573	0.779927	0.776433	0.783353	1	1	5.35744	
4.42198	1	29	4.40699	1	29	4.40701	1	29	0	0	0	0.784889	0.78316	0.786483	0.784889	0.78152	0.788543	0.784889	0.78316	0.786483	0.784889	0.78152	0.788543	1	1	5.36687	
4.42798	1	30	4.41212	1	30	4.41214	1	30	0	0	0	0.78992	0.788153	0.79163	0.789917	0.785283	0.794043	0.78992	0.788153	0.79163	0.789917	0.785283	0.794043	1	1	5.37197	
4.43763	1	28	4.42063	1	28	4.42066	1	28	0	0	0	0.794933	0.793113	0.79685	0.794931	0.792447	0.797873	0.794933	0.793113	0.79685	0.794931	0.792447	0.797873	1	1	5.37958	
4.44709	1	27	4.42909	1	27	4.42908	1	27	0	0	0	0.799949	0.798187	0.801953	0.799947	0.797923	0.80329	0.799949	0.798187	0.801953	0.799947	0.797923	0.80329	1	1	5.38819	
4.45777	1	30	4.43884	1	30	4.43886	1	30	0	0	0	0.804948	0.803067	0.80698	0.804947	0.801887	0.80836	0.804948	0.803067	0.80698	0.804947	0.801887	0.80836	1	1	5.39723	
4.46637	1	27	4.44591	1	27	4.44595	1	27	0	0	0	0.80994	0.80802	0.811817	0.809942	0.80645	0.815857	0.80994	0.80802	0.811817	0.809942	0.80645	0.815857	1	1	5.40352	
4.47622	1	29	4.45459	1	29	4.4546	1	29	0	0	0	0.814959	0.81325	0.81644	0.814959	0.81299	0.818717	0.814959	0.81325	0.81644	0.814959	0.81299	0.818717	1	1	5.41217	
4.48522	1	28	4.46262	1	28	4.46263	1	28	0	0	0	0.81996	0.81835	0.82127	0.819959	0.81638	0.823007	0.81996	0.81835	0.82127	0.819959	0.81638	0.823007	1	1	5.41944	
4.49758	1	28	4.47336	1	28	4.47339	1	28	0	0	0	0.825002	0.823473	0.826163	0.825	0.82269	0.82854	0.825002	0.823473	0.826163	0.825	0.82269	0.82854	1	1	5.43015	
4.50621	1	28	4.48028	1	28	4.48032	1	28	0	0	0	0.829987	0.82835	0.831263	0.82999	0.828463	0.833693	0.829987	0.82835	0.831263	0.82999	0.828463	0.833693	1	1	5.43633	
4.51634	1	31	4.48878	1	31	4.48879	1	31	0	0	0	0.835007	0.833347	0.836293	0.835007	0.833633	0.837807	0.835007	0.833347	0.836293	0.835007	0.833633	0.837807	1	1	5.44445	
4.52654	1	29	4.4973	1	29	4.49732	1	29	0	0	0	0.84	0.838343	0.84134	0.84	0.837957	0.84229	0.84	0.838343	0.84134	0.84	0.837957	0.84229	1	1	5.45261	
4.5394	1	30	4.50761	1	30	4.50763	1	30	0	0	0	0.844985	0.843337	0.846163	0.844988	0.841533	0.84959	0.844985	0.843337	0.846163	0.844988	0.841533	0.84959	1	1	5.46228	
4.54888	1	29	4.51511	1	29	4.51513	1	29	0	0	0	0.849982	0.84841	0.851453	0.849985	0.84833	0.854117	0.849982	0.84841	0.851453	0.849985	0.84833	0.854117	1	1	5.4702	
4.56053	1	29	4.52467	1	29	4.52469	1	29	0	0	0	0.85502	0.85363	0.856407	0.855023	0.851817	0.85943	0.85502	0.85363	0.856407	0.855023	0.851817	0.85943	1	1	5.47872	
4.5741	1	34	4.53553	1	34	4.53558	1	34	0	0	0	0.860068	0.858627	0.861577	0.860072	0.857173	0.86128	0.860068	0.858627	0.861577	0.860072	0.857173	0.86128	1	1	5.48945	
4.58733	1	29	4.54575	1	29	4.54579	1	29	0	0	0	0.865001	0.863553	0.866453	0.865008	0.861243	0.867583	0.865001	0.863553	0.866453	0.865008	0.861243	0.867583	1	1	5.49869	
4.59977	1	30	4.55436	1	30	4.55435	1	30	0	0	0	0.869953	0.86868	0.871253	0.869951	0.867383	0.873823	0.869953	0.86868	0.871253	0.869951	0.867383	0.873823	1	1	5.50651	
4.60823	1	29	4.55969	1	29	4.55973	1	29	0	0	0	0.874931	0.873617	0.875907	0.874934	0.872427	0.8775	0.874931	0.873617	0.875907	0.874934	0.872427	0.8775	1	1	5.51187	
4.62378	1	29	4.57107	1	29	4.57107	1	29	0	0	0	0.879909	0.87865	0.881057	0.879912	0.877113	0.88373	0.879909	0.87865	0.881057	0.879912	0.877113	0.88373	1	1	5.52289	
4.63695	1	29	4.58049	1	29	4.58049	1	29	0	0	0	0.884859	0.883567	0.886037	0.884861	0.881643	0.887703	0.884859	0.883567	0.886037	0.884861	0.881643	0.887703	1	1	5.5314	
4.65265	1	31	4.59199	1	31	4.59199	1	31	0	0	0	0.889908	0.88883	0.890943	0.889908	0.887383	0.892377	0.889908	0.88883	0.890943	0.889908	0.887383	0.892377	1	1	5.54305	
4.66552	1	28	4.59909	1	28	4.59912	1	28	0	0	0	0.894956	0.8941	0.896027	0.894955	0.89207	0.89779	0.894956	0.8941	0.896027	0.894955	0.89207	0.89779	1	1	5.54907	
4.68213	1	32	4.61002	1	32	4.61003	1	32	0	0	0	0.899986	0.899097	0.901433	0.899987	0.895207	0.90236	0.899986	0.899097	0.901433	0.899987	0.895207	0.90236	1	1	5.55954	
4.69693	1	30	4.61804	1	30	4.61807	1	30	0	0	0	0.904927	0.90416	0.906277	0.904932	0.901217	0.909273	0.904927	0.90416	0.906277	0.904932	0.901217	0.909273	1	1	5.56677	
4.72016	1	29	4.6332	1	29	4.63324	1	29	0	0	0	0.9099	0.90917	0.91104	0.909904	0.905167	0.912297	0.9099	0.90917	0.91104	0.909904	0.905167	0.912297	1	1	5.58184	
4.73424	1	30	4.63816	1	30	4.63817	1	30	0	0	0	0.9149	0.9142	0.91601	0.914904	0.91275	0.91673	0.9149	0.9142	0.91601	0.914904	0.91275	0.91673	1	1	5.58654	
4.75855	1	29	4.65228	1	29	4.65232	1	29	0	0	0	0.919954	0.919297	0.921063	0.919965	0.915303	0.922377	0.919954	0.919297	0.921063	0.919965	0.915303	0.922377	1	1	5.59981	
4.78012	1	29	4.66277	1	29	4.66283	1	29	0	0	0	0.924994	0.924277	0.92607	0.924991	0.920753	0.927517	0.924994	0.924277	0.92607	0.924991	0.920753	0.927517	1	1	5.60971	
4.80983	1	30	4.67594	1	30	4.67598	1	30	0	0	0	0.930026	0.929227	0.931047	0.930035	0.926647	0.93356	0.930026	0.929227	0.931047	0.930035	0.926647	0.93356	1	1	5.62217	
4.83468	1	34	4.68393	1	34	4.68397	1	34	0	0	0	0.935013	0.934263	0.936077	0.935014	0.930723	0.939113	0.935013	0.934263	0.936077	0.935014	0.930723	0.939113	1	1	5.62974	
4.86574	1	30	4.69393	1	30	4.69396	1	30	0	0	0	0.940029	0.939147	0.941117	0.940032	0.935787	0.94233	0.940029	0.939147	0.941117	0.940032	0.935787	0.94233	1	1	5.63952	
4.91014	1	29	4.71063	1	29	4.71068	1	29	0	0	0	0.945005	0.944133	0.946007	0.945004	0.941913	0.947433	0.945005	0.944133	0.946007	0.945004	0.941913	0.947433	1	1	5.65498	
4.94796	1	29	4.71471	1	29	4.71473	1	29	0	0	0	0.949992	0.94902	0.950757	0.949994	0.946767	0.953137	0.949992	0.94902	0.950757	0.949994	0.946767	0.953137	1	1	5.65867	
5.00719	1	30	4.72669	1	30	4.72669	1	30	0	0	0	0.954993	0.95422	0.955827	0.954993	0.95164	0.958733	0.954993	0.95422	0.955827	0.954993	0.95164	0.958733	1	1	5.67072	
5.08789	1	31	4.74092	1	31	4.74098	1	31	0	0	0	0.96001	0.959347	0.96071	0.959997	0.957117	0.963053	0.96001	0.959347	0.96071	0.959997	0.957117	0.963053	1	1	5.68402	
5.19607	1	31	4.75443	1	30	4.75439	1	30	0	0	0	0.965087	0.964467	0.965803	0.965087	0.962517	0.967807	0.965087	0.964467	0.965803	0.965087	0.962517	0.967807	1	1	5.6967	
5.376	1	30	4.76624	1	30	4.76621	1	30	0	0	0	0.970102	0.96949	0.970793	0.970085	0.966797	0.97178	0.970102	0.96949	0.970793	0.970085	0.966797	0.97178	1	1	5.70833	
5.75052	1	36	4.77991	1	30	4.77993	1	30	0	0	0	0.975118	0.97452	0.97568	0.975118	0.971943	0.978953	0.975118	0.97452	0.97568	0.975118	0.971943	0.978953	1	1	5.72088	
7.70624	1	75	4.79895	1	32	4.79897	1	32	0	0	0	0.98008	0.97959	0.98065	0.980066	0.977273	0.982953	0.98008	0.97959	0.98065	0.980066	0.977273	0.982953	1	1	5.73964	
342.875	1	3775	4.82205	1	46	4.82182	1	46	0	0	0	0.985053	0.98485	0.98546	0.984541	0.982571	0.985977	0.985053	0.98485	0.98546	0.984541	0.982571	0.985977	1	1	5.76174	
