3.86643	1	8	3.86643	1	8	3.86635	1	8	0	0	0	0.00503313	0.00484667	0.00526333	0.00503292	0.00474	0.00532667	0.00503313	0.00484667	0.00526333	0.00503292	0.00474	0.00532667	1	1	4.86626	
3.88029	1	11	3.88029	1	11	3.8803	1	11	0	0	0	0.0100071	0.00978667	0.01026	0.0100067	0.00972667	0.0102167	0.0100071	0.00978667	0.01026	0.0100067	0.00972667	0.0102167	1	1	4.88004	
3.88934	1	11	3.88934	1	11	3.88935	1	11	0	0	0	0.0149985	0.01468	0.0154533	0.0149981	0.01455	0.0153767	0.0149985	0.01468	0.0154533	0.0149981	0.01455	0.0153767	1	1	4.88881	
3.87904	1	11	3.87904	1	11	3.87902	1	11	0	0	0	0.019986	0.0196467	0.0205267	0.019986	0.01963	0.0203633	0.019986	0.0196467	0.0205267	0.019986	0.01963	0.0203633	1	1	4.87833	
3.87443	1	8	3.87443	1	8	3.87443	1	8	0	0	0	0.0249837	0.0245867	0.0255	0.0249837	0.0244133	0.02561	0.0249837	0.0245867	0.0255	0.0249837	0.0244133	0.02561	1	1	4.87366	
3.87473	1	14	3.87473	1	14	3.87471	1	14	0	0	0	0.0300242	0.0296033	0.03046	0.0300242	0.02937	0.0305367	0.0300242	0.0296033	0.03046	0.0300242	0.02937	0.0305367	1	1	4.87396	
3.87628	1	12	3.87628	1	12	3.87626	1	12	0	0	0	0.0350258	0.0346	0.0353167	0.0350256	0.0343267	0.0355167	0.0350258	0.0346	0.0353167	0.0350256	0.0343267	0.0355167	1	1	4.87529	
3.88434	1	14	3.88434	1	14	3.88436	1	14	0	0	0	0.0400277	0.0394067	0.04053	0.0400271	0.0395133	0.0409633	0.0400277	0.0394067	0.04053	0.0400271	0.0395133	0.0409633	1	1	4.88312	
3.87722	1	13	3.87722	1	13	3.87722	1	13	0	0	0	0.0450169	0.04435	0.0456767	0.0450167	0.0445267	0.0454933	0.0450169	0.04435	0.0456767	0.0450167	0.0445267	0.0454933	1	1	4.87588	
3.88358	1	13	3.88358	1	13	3.88358	1	13	0	0	0	0.0499998	0.0493933	0.0506733	0.0499996	0.0495767	0.0504233	0.0499998	0.0493933	0.0506733	0.0499996	0.0495767	0.0504233	1	1	4.88214	
3.88464	1	14	3.88464	1	14	3.88463	1	14	0	0	0	0.0550015	0.0543467	0.0556	0.0550013	0.0546233	0.0554667	0.0550015	0.0543467	0.0556	0.0550013	0.0546233	0.0554667	1	1	4.88292	
3.88398	1	13	3.88398	1	13	3.88402	1	13	0	0	0	0.0599671	0.05932	0.0604033	0.0599669	0.0592767	0.0606833	0.0599671	0.05932	0.0604033	0.0599669	0.0592767	0.0606833	1	1	4.88214	
3.88546	1	14	3.88546	1	14	3.88548	1	14	0	0	0	0.0650215	0.0643533	0.06553	0.0650215	0.0646333	0.0655167	0.0650215	0.0643533	0.06553	0.0650215	0.0646333	0.0655167	1	1	4.88337	
3.88391	1	14	3.88391	1	14	3.88393	1	14	0	0	0	0.0699788	0.0690033	0.07044	0.0699785	0.0694067	0.07074	0.0699788	0.0690033	0.07044	0.0699785	0.0694067	0.07074	1	1	4.88185	
3.88169	1	14	3.88169	1	14	3.88173	1	14	0	0	0	0.0749758	0.07389	0.0755633	0.0749754	0.07421	0.07572	0.0749758	0.07389	0.0755633	0.0749754	0.07421	0.07572	1	1	4.87929	
3.88752	1	14	3.88752	1	14	3.8875	1	14	0	0	0	0.0799906	0.0788467	0.0806333	0.0799906	0.0788733	0.08076	0.0799906	0.0788467	0.0806333	0.0799906	0.0788733	0.08076	1	1	4.8849	
3.88915	1	14	3.88915	1	14	3.88916	1	14	0	0	0	0.0850135	0.0838667	0.08573	0.0850135	0.08426	0.0862667	0.0850135	0.0838667	0.08573	0.0850135	0.08426	0.0862667	1	1	4.88634	
3.88675	1	14	3.88675	1	14	3.88676	1	14	0	0	0	0.0900252	0.0889933	0.09087	0.0900258	0.08898	0.0912333	0.0900252	0.0889933	0.09087	0.0900258	0.08898	0.0912333	1	1	4.88397	
3.88816	1	14	3.88816	1	14	3.88816	1	14	0	0	0	0.09501	0.0940767	0.0960067	0.0950113	0.0943033	0.0958967	0.09501	0.0940767	0.0960067	0.0950113	0.0943033	0.0958967	1	1	4.88521	
3.8915	1	14	3.8915	1	14	3.89149	1	14	0	0	0	0.100001	0.0991267	0.101043	0.100002	0.0992467	0.101063	0.100001	0.0991267	0.101043	0.100002	0.0992467	0.101063	1	1	4.88833	
3.89068	1	14	3.89068	1	14	3.89068	1	14	0	0	0	0.105056	0.104223	0.10609	0.105056	0.104017	0.105933	0.105056	0.104223	0.10609	0.105056	0.104017	0.105933	1	1	4.8872	
3.89144	1	14	3.89144	1	14	3.89145	1	14	0	0	0	0.110075	0.109163	0.111127	0.110075	0.10926	0.111613	0.110075	0.109163	0.111127	0.110075	0.10926	0.111613	1	1	4.88779	
3.88811	1	14	3.88811	1	14	3.88813	1	14	0	0	0	0.115058	0.11411	0.115987	0.115058	0.113773	0.11648	0.115058	0.11411	0.115987	0.115058	0.113773	0.11648	1	1	4.8845	
3.88962	1	14	3.88962	1	14	3.88962	1	14	0	0	0	0.120091	0.11904	0.120967	0.120091	0.118713	0.12087	0.120091	0.11904	0.120967	0.120091	0.118713	0.12087	1	1	4.88572	
3.89339	1	14	3.89339	1	14	3.89339	1	14	0	0	0	0.125086	0.124113	0.12595	0.125086	0.123963	0.126457	0.125086	0.124113	0.12595	0.125086	0.123963	0.126457	1	1	4.8894	
3.89334	1	14	3.89334	1	14	3.89333	1	14	0	0	0	0.130036	0.129193	0.130967	0.130036	0.129183	0.130877	0.130036	0.129193	0.130967	0.130036	0.129183	0.130877	1	1	4.88913	
3.89425	1	14	3.89425	1	14	3.89425	1	14	0	0	0	0.135046	0.134153	0.13592	0.135046	0.133553	0.136007	0.135046	0.134153	0.13592	0.135046	0.133553	0.136007	1	1	4.88969	
3.89339	1	14	3.89339	1	14	3.89342	1	14	0	0	0	0.140089	0.13911	0.141013	0.140089	0.138287	0.141867	0.140089	0.13911	0.141013	0.140089	0.138287	0.141867	1	1	4.88894	
3.89926	1	18	3.89926	1	18	3.89926	1	18	0	0	0	0.1451	0.144033	0.146127	0.1451	0.144033	0.146043	0.1451	0.144033	0.146127	0.1451	0.144033	0.146043	1	1	4.89447	
3.89895	1	14	3.89895	1	14	3.89895	1	14	0	0	0	0.150073	0.149	0.151137	0.150072	0.148823	0.150867	0.150073	0.149	0.151137	0.150072	0.148823	0.150867	1	1	4.89401	
3.89939	1	17	3.89939	1	17	3.89939	1	17	0	0	0	0.155095	0.153887	0.156357	0.155095	0.154227	0.156083	0.155095	0.153887	0.156357	0.155095	0.154227	0.156083	1	1	4.89432	
3.90298	1	14	3.90298	1	14	3.90297	1	14	0	0	0	0.160132	0.15898	0.161417	0.16013	0.159423	0.160683	0.160132	0.15898	0.161417	0.16013	0.159423	0.160683	1	1	4.89776	
3.90082	1	16	3.90082	1	16	3.90082	1	16	0	0	0	0.165184	0.164157	0.166407	0.165183	0.163627	0.166173	0.165184	0.164157	0.166407	0.165183	0.163627	0.166173	1	1	4.89521	
3.90121	1	18	3.90121	1	18	3.9012	1	18	0	0	0	0.17018	0.169217	0.171373	0.17018	0.1695	0.17129	0.17018	0.169217	0.171373	0.17018	0.1695	0.17129	1	1	4.89552	
3.90693	1	19	3.90693	1	19	3.90693	1	19	0	0	0	0.175217	0.174063	0.17638	0.175217	0.17389	0.17682	0.175217	0.174063	0.17638	0.175217	0.17389	0.17682	1	1	4.90096	
3.90886	1	18	3.90886	1	18	3.90886	1	18	0	0	0	0.180281	0.178947	0.181643	0.18028	0.178643	0.18113	0.180281	0.178947	0.181643	0.18028	0.178643	0.18113	1	1	4.90274	
3.91075	1	19	3.91075	1	19	3.91077	1	19	0	0	0	0.185281	0.183897	0.18673	0.18528	0.184167	0.186553	0.185281	0.183897	0.18673	0.18528	0.184167	0.186553	1	1	4.90456	
3.91277	1	18	3.91277	1	18	3.91278	1	18	0	0	0	0.190259	0.188923	0.191553	0.190258	0.18901	0.191313	0.190259	0.188923	0.191553	0.190258	0.18901	0.191313	1	1	4.90636	
3.91376	1	14	3.91376	1	14	3.91376	1	14	0	0	0	0.195212	0.193857	0.196627	0.195211	0.193933	0.196963	0.195212	0.193857	0.196627	0.195211	0.193933	0.196963	1	1	4.90709	
3.91351	1	19	3.91351	1	19	3.91354	1	19	0	0	0	0.200214	0.198957	0.201677	0.200212	0.198297	0.202513	0.200214	0.198957	0.201677	0.200212	0.198297	0.202513	1	1	4.9067	
3.91979	1	17	3.91979	1	17	3.91978	1	17	0	0	0	0.205177	0.203887	0.206603	0.205176	0.204147	0.20651	0.205177	0.203887	0.206603	0.205176	0.204147	0.20651	1	1	4.91272	
3.91822	1	19	3.91822	1	19	3.91823	1	19	0	0	0	0.210146	0.208837	0.211633	0.210146	0.208403	0.211507	0.210146	0.208837	0.211633	0.210146	0.208403	0.211507	1	1	4.91093	
3.92097	1	15	3.92097	1	15	3.92097	1	15	0	0	0	0.215114	0.21374	0.216803	0.215113	0.21364	0.21642	0.215114	0.21374	0.216803	0.215113	0.21364	0.21642	1	1	4.91337	
3.92406	1	15	3.92405	1	15	3.92405	1	15	0	0	0	0.220136	0.218777	0.221903	0.220136	0.218893	0.22119	0.220136	0.218777	0.221903	0.220136	0.218893	0.22119	1	1	4.91639	
3.92545	1	19	3.92545	1	19	3.92546	1	19	0	0	0	0.225164	0.223753	0.22687	0.225164	0.223993	0.22634	0.225164	0.223753	0.22687	0.225164	0.223993	0.22634	1	1	4.91726	
3.92721	1	18	3.92721	1	18	3.92722	1	18	0	0	0	0.230132	0.228897	0.231807	0.230131	0.228683	0.231247	0.230132	0.228897	0.231807	0.230131	0.228683	0.231247	1	1	4.91898	
3.92801	1	14	3.92801	1	14	3.92802	1	14	0	0	0	0.235071	0.23388	0.236817	0.23507	0.233823	0.236757	0.235071	0.23388	0.236817	0.23507	0.233823	0.236757	1	1	4.91944	
3.92913	1	21	3.92913	1	21	3.92913	1	21	0	0	0	0.24003	0.238713	0.241923	0.24003	0.238553	0.241457	0.24003	0.238713	0.241923	0.24003	0.238553	0.241457	1	1	4.92054	
3.93333	1	21	3.93332	1	21	3.93334	1	21	0	0	0	0.24505	0.243763	0.246913	0.24505	0.24417	0.246273	0.24505	0.243763	0.246913	0.24505	0.24417	0.246273	1	1	4.92458	
3.93419	1	18	3.93419	1	18	3.93421	1	18	0	0	0	0.249962	0.248783	0.251893	0.249963	0.24895	0.250967	0.249962	0.248783	0.251893	0.249963	0.24895	0.250967	1	1	4.92524	
3.93348	1	18	3.93348	1	18	3.93348	1	18	0	0	0	0.254964	0.253697	0.25695	0.254964	0.253577	0.25627	0.254964	0.253697	0.25695	0.254964	0.253577	0.25627	1	1	4.92427	
3.93867	1	19	3.93867	1	19	3.93867	1	19	0	0	0	0.259973	0.258533	0.26183	0.259974	0.258783	0.261347	0.259973	0.258533	0.26183	0.259974	0.258783	0.261347	1	1	4.92914	
3.93997	1	21	3.93997	1	21	3.93999	1	21	0	0	0	0.265002	0.263803	0.266847	0.265002	0.263683	0.26588	0.265002	0.263803	0.266847	0.265002	0.263683	0.26588	1	1	4.93016	
3.9443	1	20	3.9443	1	20	3.9443	1	20	0	0	0	0.270024	0.268843	0.271843	0.270025	0.268217	0.271307	0.270024	0.268843	0.271843	0.270025	0.268217	0.271307	1	1	4.93446	
3.94579	1	20	3.94579	1	20	3.9458	1	20	0	0	0	0.275018	0.273793	0.276993	0.275018	0.272757	0.276747	0.275018	0.273793	0.276993	0.275018	0.272757	0.276747	1	1	4.93569	
3.94895	1	19	3.94894	1	19	3.94894	1	19	0	0	0	0.28004	0.27887	0.282073	0.28004	0.278867	0.281773	0.28004	0.27887	0.282073	0.28004	0.278867	0.281773	1	1	4.93851	
3.95123	1	20	3.95123	1	20	3.95123	1	20	0	0	0	0.285015	0.283613	0.287233	0.285015	0.28307	0.287317	0.285015	0.283613	0.287233	0.285015	0.28307	0.287317	1	1	4.94054	
3.95407	1	19	3.95407	1	19	3.95408	1	19	0	0	0	0.290035	0.288733	0.29204	0.290035	0.288827	0.291767	0.290035	0.288733	0.29204	0.290035	0.288827	0.291767	1	1	4.94337	
3.95592	1	20	3.95592	1	20	3.95592	1	20	0	0	0	0.295025	0.29379	0.29713	0.295025	0.29351	0.296943	0.295025	0.29379	0.29713	0.295025	0.29351	0.296943	1	1	4.94493	
3.96061	1	20	3.96061	1	20	3.96062	1	20	0	0	0	0.300039	0.298713	0.302297	0.300039	0.29901	0.30147	0.300039	0.298713	0.302297	0.300039	0.29901	0.30147	1	1	4.94948	
3.96173	1	20	3.96173	1	20	3.96174	1	20	0	0	0	0.305055	0.303653	0.30702	0.305055	0.303593	0.30666	0.305055	0.303653	0.30702	0.305055	0.303593	0.30666	1	1	4.94995	
3.96264	1	21	3.96264	1	21	3.96265	1	21	0	0	0	0.310057	0.30852	0.311997	0.310057	0.308457	0.311487	0.310057	0.30852	0.311997	0.310057	0.308457	0.311487	1	1	4.95107	
3.96369	1	20	3.96369	1	20	3.96369	1	20	0	0	0	0.315019	0.31352	0.316983	0.31502	0.313567	0.316887	0.315019	0.31352	0.316983	0.31502	0.313567	0.316887	1	1	4.95171	
3.96935	1	21	3.96934	1	21	3.96934	1	21	0	0	0	0.319978	0.318463	0.32199	0.319977	0.318063	0.321193	0.319978	0.318463	0.32199	0.319977	0.318063	0.321193	1	1	4.95731	
3.97068	1	19	3.97068	1	19	3.97069	1	19	0	0	0	0.324963	0.323313	0.327123	0.324964	0.323403	0.326333	0.324963	0.323313	0.327123	0.324964	0.323403	0.326333	1	1	4.95841	
3.97535	1	20	3.97535	1	20	3.97536	1	20	0	0	0	0.329995	0.328247	0.33219	0.329996	0.3282	0.33194	0.329995	0.328247	0.33219	0.329996	0.3282	0.33194	1	1	4.96282	
3.97619	1	20	3.97619	1	20	3.9762	1	20	0	0	0	0.33498	0.33312	0.3371	0.334981	0.333613	0.336283	0.33498	0.33312	0.3371	0.334981	0.333613	0.336283	1	1	4.9632	
3.98106	1	20	3.98106	1	20	3.98106	1	20	0	0	0	0.339973	0.33812	0.342147	0.339974	0.33811	0.342083	0.339973	0.33812	0.342147	0.339974	0.33811	0.342083	1	1	4.96788	
3.98324	1	22	3.98324	1	22	3.98326	1	22	0	0	0	0.344971	0.343307	0.34728	0.344972	0.34304	0.346573	0.344971	0.343307	0.34728	0.344972	0.34304	0.346573	1	1	4.96982	
3.98918	1	20	3.98918	1	20	3.98916	1	20	0	0	0	0.350014	0.348253	0.352393	0.350014	0.3484	0.352357	0.350014	0.348253	0.352393	0.350014	0.3484	0.352357	1	1	4.97564	
3.9892	1	21	3.9892	1	21	3.98921	1	21	0	0	0	0.354954	0.353173	0.35734	0.354955	0.353053	0.356383	0.354954	0.353173	0.35734	0.354955	0.353053	0.356383	1	1	4.97529	
3.99342	1	21	3.99342	1	21	3.99344	1	21	0	0	0	0.35996	0.358467	0.362383	0.359961	0.358167	0.363033	0.35996	0.358467	0.362383	0.359961	0.358167	0.363033	1	1	4.97934	
3.99645	1	20	3.99644	1	20	3.99644	1	20	0	0	0	0.364936	0.363493	0.36731	0.364937	0.362787	0.366133	0.364936	0.363493	0.36731	0.364937	0.362787	0.366133	1	1	4.98218	
3.9987	1	21	3.9987	1	21	3.99871	1	21	0	0	0	0.369959	0.36853	0.372257	0.369959	0.368423	0.37251	0.369959	0.36853	0.372257	0.369959	0.368423	0.37251	1	1	4.98402	
4.00247	1	21	4.00246	1	21	4.00245	1	21	0	0	0	0.374922	0.373217	0.377313	0.374922	0.372827	0.376017	0.374922	0.373217	0.377313	0.374922	0.372827	0.376017	1	1	4.98742	
4.00551	1	22	4.0055	1	22	4.00552	1	22	0	0	0	0.379929	0.378367	0.382327	0.37993	0.37731	0.38212	0.379929	0.378367	0.382327	0.37993	0.37731	0.38212	1	1	4.99036	
4.0076	1	25	4.0076	1	25	4.00761	1	25	0	0	0	0.384977	0.38334	0.387293	0.384977	0.383373	0.386873	0.384977	0.38334	0.387293	0.384977	0.383373	0.386873	1	1	4.99215	
4.01189	1	21	4.01188	1	21	4.01188	1	21	0	0	0	0.389953	0.388323	0.392323	0.389953	0.387897	0.39143	0.389953	0.388323	0.392323	0.389953	0.387897	0.39143	1	1	4.99622	
4.01661	1	21	4.0166	1	21	4.01661	1	21	0	0	0	0.39501	0.39345	0.39733	0.395011	0.39254	0.396947	0.39501	0.39345	0.39733	0.395011	0.39254	0.396947	1	1	5.0004	
4.01805	1	21	4.01804	1	21	4.01805	1	21	0	0	0	0.400027	0.398437	0.40228	0.400027	0.39827	0.401627	0.400027	0.398437	0.40228	0.400027	0.39827	0.401627	1	1	5.00178	
4.02244	1	20	4.02243	1	20	4.02245	1	20	0	0	0	0.405089	0.4035	0.407143	0.40509	0.404057	0.406227	0.405089	0.4035	0.407143	0.40509	0.404057	0.406227	1	1	5.00602	
4.02294	1	21	4.02293	1	21	4.02294	1	21	0	0	0	0.410107	0.408143	0.412367	0.410108	0.40828	0.41184	0.410107	0.408143	0.412367	0.410108	0.40828	0.41184	1	1	5.00654	
4.02846	1	21	4.02845	1	21	4.02846	1	21	0	0	0	0.415085	0.41318	0.417193	0.415084	0.412687	0.41707	0.415085	0.41318	0.417193	0.415084	0.412687	0.41707	1	1	5.01168	
4.03182	1	21	4.03181	1	21	4.03182	1	21	0	0	0	0.420099	0.418263	0.422237	0.4201	0.418693	0.422277	0.420099	0.418263	0.422237	0.4201	0.418693	0.422277	1	1	5.01459	
4.03462	1	21	4.03461	1	21	4.03462	1	21	0	0	0	0.425086	0.423197	0.427313	0.425086	0.42272	0.42695	0.425086	0.423197	0.427313	0.425086	0.42272	0.42695	1	1	5.01711	
4.04418	1	21	4.04417	1	21	4.04418	1	21	0	0	0	0.4301	0.428197	0.43227	0.430099	0.427587	0.433193	0.4301	0.428197	0.43227	0.430099	0.427587	0.433193	1	1	5.02606	
4.04565	1	21	4.04564	1	21	4.04565	1	21	0	0	0	0.435068	0.433283	0.437193	0.435066	0.43267	0.436757	0.435068	0.433283	0.437193	0.435066	0.43267	0.436757	1	1	5.0273	
4.04875	1	21	4.04874	1	21	4.04874	1	21	0	0	0	0.440064	0.438063	0.442123	0.440061	0.4384	0.441887	0.440064	0.438063	0.442123	0.440061	0.4384	0.441887	1	1	5.03051	
4.05096	1	21	4.05095	1	21	4.05096	1	21	0	0	0	0.445103	0.443103	0.44721	0.445102	0.44253	0.446653	0.445103	0.443103	0.44721	0.445102	0.44253	0.446653	1	1	5.03239	
4.05542	1	22	4.0554	1	22	4.05541	1	22	0	0	0	0.45006	0.44807	0.452117	0.450058	0.447377	0.451703	0.45006	0.44807	0.452117	0.450058	0.447377	0.451703	1	1	5.03668	
4.05908	1	21	4.05906	1	21	4.05908	1	21	0	0	0	0.45518	0.453163	0.45733	0.455178	0.453343	0.457847	0.45518	0.453163	0.45733	0.455178	0.453343	0.457847	1	1	5.04005	
4.06486	1	22	4.06482	1	22	4.06483	1	22	0	0	0	0.460153	0.458033	0.462353	0.460153	0.45761	0.46207	0.460153	0.458033	0.462353	0.460153	0.45761	0.46207	1	1	5.0453	
4.0674	1	23	4.06737	1	23	4.06738	1	23	0	0	0	0.465124	0.463133	0.467567	0.465122	0.46149	0.466823	0.465124	0.463133	0.467567	0.465122	0.46149	0.466823	1	1	5.04756	
4.07195	1	26	4.07192	1	26	4.07193	1	26	0	0	0	0.47014	0.46793	0.472587	0.470139	0.468077	0.471997	0.47014	0.46793	0.472587	0.470139	0.468077	0.471997	1	1	5.05228	
4.07621	1	22	4.07619	1	22	4.07619	1	22	0	0	0	0.475105	0.472893	0.477557	0.475103	0.472917	0.476937	0.475105	0.472893	0.477557	0.475103	0.472917	0.476937	1	1	5.05597	
4.07944	1	21	4.07942	1	21	4.07942	1	21	0	0	0	0.480154	0.478047	0.48266	0.480152	0.477393	0.48205	0.480154	0.478047	0.48266	0.480152	0.477393	0.48205	1	1	5.05895	
4.08439	1	22	4.08435	1	22	4.08435	1	22	0	0	0	0.485161	0.483107	0.48742	0.485159	0.483577	0.487413	0.485161	0.483107	0.48742	0.485159	0.483577	0.487413	1	1	5.06344	
4.08958	1	21	4.08955	1	21	4.08954	1	21	0	0	0	0.490162	0.488077	0.492193	0.490159	0.487503	0.492037	0.490162	0.488077	0.492193	0.490159	0.487503	0.492037	1	1	5.06827	
4.09449	1	22	4.09447	1	22	4.09446	1	22	0	0	0	0.49515	0.49298	0.497327	0.495149	0.49316	0.498787	0.49515	0.49298	0.497327	0.495149	0.49316	0.498787	1	1	5.07284	
4.09834	1	22	4.09831	1	22	4.09831	1	22	0	0	0	0.500193	0.498007	0.50225	0.500191	0.49843	0.501463	0.500193	0.498007	0.50225	0.500191	0.49843	0.501463	1	1	5.07678	
4.10215	1	22	4.10212	1	22	4.10214	1	22	0	0	0	0.505152	0.50293	0.507137	0.505151	0.50292	0.50829	0.505152	0.50293	0.507137	0.505151	0.50292	0.50829	1	1	5.08012	
4.10712	1	21	4.10708	1	21	4.1071	1	21	0	0	0	0.510164	0.50804	0.512417	0.510164	0.50766	0.512127	0.510164	0.50804	0.512417	0.510164	0.50766	0.512127	1	1	5.08489	
4.10959	1	23	4.10955	1	23	4.10955	1	23	0	0	0	0.515199	0.513037	0.517437	0.515197	0.513163	0.517797	0.515199	0.513037	0.517437	0.515197	0.513163	0.517797	1	1	5.08669	
4.1131	1	26	4.11305	1	26	4.11307	1	26	0	0	0	0.520178	0.51798	0.522423	0.520178	0.51854	0.52193	0.520178	0.51798	0.522423	0.520178	0.51854	0.52193	1	1	5.09019	
4.11865	1	27	4.11859	1	27	4.11859	1	27	0	0	0	0.525159	0.522977	0.527247	0.525156	0.521823	0.527623	0.525159	0.522977	0.527247	0.525156	0.521823	0.527623	1	1	5.09531	
4.12688	1	27	4.12682	1	27	4.12683	1	27	0	0	0	0.530138	0.52793	0.53204	0.530136	0.5271	0.532087	0.530138	0.52793	0.53204	0.530136	0.5271	0.532087	1	1	5.10312	
4.12984	1	21	4.12977	1	21	4.12976	1	21	0	0	0	0.53509	0.53287	0.53698	0.535087	0.53314	0.53649	0.53509	0.53287	0.53698	0.535087	0.53314	0.53649	1	1	5.10612	
4.13378	1	27	4.13371	1	27	4.13372	1	27	0	0	0	0.540062	0.537847	0.54189	0.540059	0.53808	0.542367	0.540062	0.537847	0.54189	0.540059	0.53808	0.542367	1	1	5.10967	
4.13863	1	27	4.13856	1	27	4.13855	1	27	0	0	0	0.545019	0.542683	0.546767	0.545016	0.543687	0.548293	0.545019	0.542683	0.546767	0.545016	0.543687	0.548293	1	1	5.11368	
4.14855	1	24	4.14848	1	24	4.14848	1	24	0	0	0	0.550052	0.54768	0.55173	0.550047	0.546743	0.552567	0.550052	0.54768	0.55173	0.550047	0.546743	0.552567	1	1	5.12376	
4.148	1	28	4.1479	1	28	4.14791	1	28	0	0	0	0.555067	0.552717	0.55697	0.555065	0.55319	0.556993	0.555067	0.552717	0.55697	0.555065	0.55319	0.556993	1	1	5.12256	
4.15292	1	22	4.15284	1	22	4.15285	1	22	0	0	0	0.560037	0.557853	0.562013	0.560035	0.558347	0.563207	0.560037	0.557853	0.562013	0.560035	0.558347	0.563207	1	1	5.12743	
4.16023	1	22	4.16016	1	22	4.16018	1	22	0	0	0	0.565038	0.562847	0.567047	0.565036	0.562853	0.56684	0.565038	0.562847	0.567047	0.565036	0.562853	0.56684	1	1	5.13423	
4.16401	1	27	4.16392	1	27	4.16393	1	27	0	0	0	0.570019	0.567987	0.571877	0.570016	0.567957	0.57151	0.570019	0.567987	0.571877	0.570016	0.567957	0.57151	1	1	5.13786	
4.16787	1	22	4.16779	1	22	4.1678	1	22	0	0	0	0.57499	0.572857	0.57707	0.574987	0.572877	0.577277	0.57499	0.572857	0.57707	0.574987	0.572877	0.577277	1	1	5.1413	
4.17567	1	25	4.17557	1	25	4.17558	1	25	0	0	0	0.579978	0.57772	0.582213	0.579974	0.578313	0.582007	0.579978	0.57772	0.582213	0.579974	0.578313	0.582007	1	1	5.14899	
4.1783	1	27	4.17815	1	27	4.17816	1	27	0	0	0	0.584984	0.582687	0.587163	0.584981	0.582917	0.586827	0.584984	0.582687	0.587163	0.584981	0.582917	0.586827	1	1	5.15147	
4.18458	1	25	4.18447	1	25	4.18448	1	25	0	0	0	0.589958	0.587593	0.592113	0.589956	0.58713	0.591597	0.589958	0.587593	0.592113	0.589956	0.58713	0.591597	1	1	5.15723	
4.19226	1	24	4.19213	1	24	4.19212	1	24	0	0	0	0.594978	0.59255	0.597227	0.594976	0.593113	0.597167	0.594978	0.59255	0.597227	0.594976	0.593113	0.597167	1	1	5.16404	
4.1967	1	28	4.19656	1	28	4.19657	1	28	0	0	0	0.599903	0.597743	0.602013	0.599901	0.598403	0.601547	0.599903	0.597743	0.602013	0.599901	0.598403	0.601547	1	1	5.16833	
4.19972	1	27	4.19957	1	27	4.19958	1	27	0	0	0	0.604821	0.602697	0.606853	0.604818	0.602357	0.607977	0.604821	0.602697	0.606853	0.604818	0.602357	0.607977	1	1	5.17109	
4.205	1	25	4.20481	1	25	4.20482	1	25	0	0	0	0.609812	0.607587	0.61168	0.609809	0.607737	0.61197	0.609812	0.607587	0.61168	0.609809	0.607737	0.61197	1	1	5.17645	
4.21037	1	25	4.21019	1	25	4.21019	1	25	0	0	0	0.61487	0.612577	0.616683	0.614869	0.613283	0.61681	0.61487	0.612577	0.616683	0.614869	0.613283	0.61681	1	1	5.18106	
4.21733	1	27	4.21716	1	27	4.21718	1	27	0	0	0	0.619831	0.617607	0.62157	0.619829	0.617143	0.62236	0.619831	0.617607	0.62157	0.619829	0.617143	0.62236	1	1	5.18769	
4.22383	1	26	4.22362	1	26	4.22363	1	26	0	0	0	0.624903	0.62281	0.626517	0.624901	0.621197	0.627467	0.624903	0.62281	0.626517	0.624901	0.621197	0.627467	1	1	5.19394	
4.22711	1	26	4.22689	1	26	4.22691	1	26	0	0	0	0.629923	0.627927	0.631537	0.629922	0.627923	0.63196	0.629923	0.627927	0.631537	0.629922	0.627923	0.63196	1	1	5.19683	
4.23582	1	28	4.23562	1	28	4.23562	1	28	0	0	0	0.634912	0.633017	0.63661	0.634909	0.63331	0.637617	0.634912	0.633017	0.63661	0.634909	0.63331	0.637617	1	1	5.205	
4.24092	1	27	4.24065	1	27	4.24066	1	27	0	0	0	0.639955	0.638057	0.641693	0.639952	0.638533	0.642447	0.639955	0.638057	0.641693	0.639952	0.638533	0.642447	1	1	5.20982	
4.24681	1	25	4.24652	1	25	4.24655	1	25	0	0	0	0.64492	0.64296	0.64644	0.64492	0.64322	0.64713	0.64492	0.64296	0.64644	0.64492	0.64322	0.64713	1	1	5.21526	
4.2543	1	28	4.25397	1	28	4.25398	1	28	0	0	0	0.649931	0.64791	0.651557	0.64993	0.64806	0.652597	0.649931	0.64791	0.651557	0.64993	0.64806	0.652597	1	1	5.22232	
4.26056	1	30	4.26028	1	30	4.26031	1	30	0	0	0	0.654976	0.653037	0.656613	0.654973	0.65288	0.65721	0.654976	0.653037	0.656613	0.654973	0.65288	0.65721	1	1	5.2285	
4.26578	1	25	4.26548	1	25	4.26549	1	25	0	0	0	0.659958	0.657967	0.66145	0.659957	0.65713	0.662663	0.659958	0.657967	0.66145	0.659957	0.65713	0.662663	1	1	5.23328	
4.27343	1	28	4.27309	1	28	4.2731	1	28	0	0	0	0.664927	0.66291	0.666333	0.664926	0.662987	0.668297	0.664927	0.66291	0.666333	0.664926	0.662987	0.668297	1	1	5.24007	
4.27775	1	27	4.27739	1	27	4.27744	1	27	0	0	0	0.669951	0.667847	0.671333	0.669948	0.66508	0.672387	0.669951	0.667847	0.671333	0.669948	0.66508	0.672387	1	1	5.24485	
4.28548	1	25	4.28507	1	25	4.2851	1	25	0	0	0	0.674925	0.672927	0.676537	0.674923	0.671713	0.678357	0.674925	0.672927	0.676537	0.674923	0.671713	0.678357	1	1	5.25137	
4.28966	1	28	4.28926	1	28	4.28926	1	28	0	0	0	0.679923	0.677943	0.681507	0.679921	0.67697	0.684	0.679923	0.677943	0.681507	0.679921	0.67697	0.684	1	1	5.25558	
4.29758	1	28	4.29713	1	28	4.29715	1	28	0	0	0	0.684924	0.6829	0.686337	0.684924	0.68338	0.686887	0.684924	0.6829	0.686337	0.684924	0.68338	0.686887	1	1	5.26302	
4.30477	1	28	4.30426	1	28	4.30429	1	28	0	0	0	0.689882	0.688137	0.691387	0.68988	0.687113	0.692283	0.689882	0.688137	0.691387	0.68988	0.687113	0.692283	1	1	5.26987	
4.31381	1	27	4.31328	1	27	4.3133	1	27	0	0	0	0.694896	0.693357	0.69655	0.694895	0.692693	0.69754	0.694896	0.693357	0.69655	0.694895	0.692693	0.69754	1	1	5.27823	
4.31837	1	31	4.31784	1	31	4.31787	1	31	0	0	0	0.699911	0.698447	0.701707	0.69991	0.698277	0.702003	0.699911	0.698447	0.701707	0.69991	0.698277	0.702003	1	1	5.2826	
4.32381	1	28	4.32328	1	28	4.32329	1	28	0	0	0	0.704931	0.703377	0.706697	0.704931	0.703053	0.70641	0.704931	0.703377	0.706697	0.704931	0.703053	0.70641	1	1	5.28772	
4.33424	1	30	4.33367	1	30	4.3337	1	30	0	0	0	0.709932	0.708137	0.71179	0.70993	0.708257	0.711853	0.709932	0.708137	0.71179	0.70993	0.708257	0.711853	1	1	5.29742	
4.33897	1	28	4.33836	1	28	4.33837	1	28	0	0	0	0.714931	0.713177	0.71684	0.714928	0.71248	0.716593	0.714931	0.713177	0.71684	0.714928	0.71248	0.716593	1	1	5.30173	
4.34423	1	28	4.34352	1	28	4.34354	1	28	0	0	0	0.71995	0.7183	0.721943	0.719948	0.717477	0.722023	0.71995	0.7183	0.721943	0.719948	0.717477	0.722023	1	1	5.30688	
4.35217	1	28	4.35144	1	28	4.35148	1	28	0	0	0	0.724993	0.723197	0.726993	0.724992	0.721967	0.727533	0.724993	0.723197	0.726993	0.724992	0.721967	0.727533	1	1	5.31432	
4.35941	1	28	4.35862	1	28	4.35863	1	28	0	0	0	0.729989	0.72811	0.732023	0.729989	0.72837	0.731483	0.729989	0.72811	0.732023	0.729989	0.72837	0.731483	1	1	5.32116	
4.36608	1	29	4.36519	1	29	4.36521	1	29	0	0	0	0.734981	0.733117	0.73708	0.73498	0.732493	0.737383	0.734981	0.733117	0.73708	0.73498	0.732493	0.737383	1	1	5.3274	
4.37375	1	28	4.37291	1	28	4.37294	1	28	0	0	0	0.740023	0.738133	0.74218	0.740022	0.736627	0.741647	0.740023	0.738133	0.74218	0.740022	0.736627	0.741647	1	1	5.33439	
4.38277	1	31	4.38186	1	31	4.38187	1	31	0	0	0	0.744991	0.743123	0.747037	0.744991	0.743223	0.747367	0.744991	0.743123	0.747037	0.744991	0.743223	0.747367	1	1	5.34278	
4.38899	1	28	4.38805	1	28	4.38809	1	28	0	0	0	0.750027	0.748183	0.75198	0.750025	0.74754	0.753173	0.750027	0.748183	0.75198	0.750025	0.74754	0.753173	1	1	5.34867	
4.39824	1	29	4.39721	1	29	4.39725	1	29	0	0	0	0.75496	0.752987	0.756843	0.754955	0.75282	0.758047	0.75496	0.752987	0.756843	0.754955	0.75282	0.758047	1	1	5.35746	
4.4052	1	29	4.40404	1	29	4.40407	1	29	0	0	0	0.759955	0.758063	0.761883	0.759955	0.756587	0.7638	0.759955	0.758063	0.761883	0.759955	0.756587	0.7638	1	1	5.36381	
4.41248	1	29	4.41119	1	29	4.41122	1	29	0	0	0	0.764954	0.763273	0.766787	0.764952	0.76302	0.76738	0.764954	0.763273	0.766787	0.764952	0.76302	0.76738	1	1	5.37089	
4.42362	1	29	4.42225	1	29	4.42228	1	29	0	0	0	0.76996	0.76815	0.77165	0.769959	0.76503	0.77154	0.76996	0.76815	0.77165	0.769959	0.76503	0.77154	1	1	5.3815	
4.42937	1	29	4.42792	1	29	4.42794	1	29	0	0	0	0.774975	0.773037	0.77671	0.774975	0.771077	0.777917	0.774975	0.773037	0.77671	0.774975	0.771077	0.777917	1	1	5.38677	
4.43863	1	29	4.43706	1	29	4.43707	1	29	0	0	0	0.779928	0.778267	0.781573	0.779926	0.777837	0.78208	0.779928	0.778267	0.781573	0.779926	0.777837	0.78208	1	1	5.39499	
4.44649	1	29	4.44497	1	29	4.44498	1	29	0	0	0	0.784889	0.78316	0.786483	0.784887	0.781063	0.787383	0.784889	0.78316	0.786483	0.784887	0.781063	0.787383	1	1	5.40234	
4.45229	1	28	4.45046	1	28	4.45046	1	28	0	0	0	0.78992	0.788153	0.79163	0.789918	0.786203	0.792503	0.78992	0.788153	0.79163	0.789918	0.786203	0.792503	1	1	5.40766	
4.46237	1	30	4.46059	1	30	4.46058	1	30	0	0	0	0.794933	0.793113	0.79685	0.794933	0.79155	0.79842	0.794933	0.793113	0.79685	0.794933	0.79155	0.79842	1	1	5.41725	
4.46996	1	29	4.46807	1	29	4.4681	1	29	0	0	0	0.799949	0.798187	0.801953	0.799948	0.797657	0.80257	0.799949	0.798187	0.801953	0.799948	0.797657	0.80257	1	1	5.4245	
4.47901	1	30	4.47688	1	30	4.47688	1	30	0	0	0	0.804948	0.803067	0.80698	0.804945	0.80313	0.806367	0.804948	0.803067	0.80698	0.804945	0.80313	0.806367	1	1	5.43296	
4.48604	1	28	4.48369	1	28	4.48371	1	28	0	0	0	0.80994	0.80802	0.811817	0.809939	0.806757	0.8131	0.80994	0.80802	0.811817	0.809939	0.806757	0.8131	1	1	5.43914	
4.49598	1	29	4.49341	1	29	4.49342	1	29	0	0	0	0.814959	0.81325	0.81644	0.814959	0.811907	0.818067	0.814959	0.81325	0.81644	0.814959	0.811907	0.818067	1	1	5.44859	
4.50286	1	29	4.5002	1	29	4.50025	1	29	0	0	0	0.81996	0.81835	0.82127	0.819959	0.817843	0.821963	0.81996	0.81835	0.82127	0.819959	0.817843	0.821963	1	1	5.45517	
4.51119	1	29	4.50833	1	29	4.50839	1	29	0	0	0	0.825002	0.823473	0.826163	0.825004	0.82085	0.829317	0.825002	0.823473	0.826163	0.825004	0.82085	0.829317	1	1	5.46255	
4.5208	1	28	4.51746	1	28	4.51748	1	28	0	0	0	0.829987	0.82835	0.831263	0.829986	0.82648	0.83386	0.829987	0.82835	0.831263	0.829986	0.82648	0.83386	1	1	5.4708	
4.53045	1	29	4.52717	1	29	4.52716	1	29	0	0	0	0.835007	0.833347	0.836293	0.835006	0.831607	0.838587	0.835007	0.833347	0.836293	0.835006	0.831607	0.838587	1	1	5.47988	
4.54209	1	30	4.53855	1	30	4.53857	1	30	0	0	0	0.84	0.838343	0.84134	0.840004	0.83825	0.842123	0.84	0.838343	0.84134	0.840004	0.83825	0.842123	1	1	5.49146	
4.55105	1	30	4.5472	1	30	4.54722	1	30	0	0	0	0.844985	0.843337	0.846163	0.844986	0.840677	0.848807	0.844985	0.843337	0.846163	0.844986	0.840677	0.848807	1	1	5.4998	
4.56142	1	30	4.5573	1	30	4.55732	1	30	0	0	0	0.849982	0.84841	0.851453	0.849985	0.847147	0.852297	0.849982	0.84841	0.851453	0.849985	0.847147	0.852297	1	1	5.50915	
4.56822	1	35	4.56374	1	35	4.56373	1	35	0	0	0	0.85502	0.85363	0.856407	0.855017	0.85371	0.857943	0.85502	0.85363	0.856407	0.855017	0.85371	0.857943	1	1	5.51492	
4.57849	1	34	4.57361	1	34	4.57362	1	34	0	0	0	0.860068	0.858627	0.861577	0.860073	0.85643	0.86308	0.860068	0.858627	0.861577	0.860073	0.85643	0.86308	1	1	5.5241	
4.59137	1	29	4.5862	1	29	4.58621	1	29	0	0	0	0.865001	0.863553	0.866453	0.864999	0.8628	0.866763	0.865001	0.863553	0.866453	0.864999	0.8628	0.866763	1	1	5.53583	
4.59866	1	30	4.59294	1	30	4.59296	1	30	0	0	0	0.869953	0.86868	0.871253	0.869952	0.86679	0.87389	0.869953	0.86868	0.871253	0.869952	0.86679	0.87389	1	1	5.54295	
4.60954	1	29	4.6034	1	29	4.60344	1	29	0	0	0	0.874931	0.873617	0.875907	0.874936	0.872057	0.877983	0.874931	0.873617	0.875907	0.874936	0.872057	0.877983	1	1	5.5526	
4.62098	1	31	4.61419	1	31	4.61422	1	31	0	0	0	0.879909	0.87865	0.881057	0.879912	0.87676	0.883207	0.879909	0.87865	0.881057	0.879912	0.87676	0.883207	1	1	5.56281	
4.62946	1	33	4.62202	1	33	4.62205	1	33	0	0	0	0.884859	0.883567	0.886037	0.884858	0.883	0.88826	0.884859	0.883567	0.886037	0.884858	0.883	0.88826	1	1	5.57023	
4.63793	1	30	4.6302	1	30	4.63022	1	30	0	0	0	0.889908	0.88883	0.890943	0.889907	0.886127	0.892677	0.889908	0.88883	0.890943	0.889907	0.886127	0.892677	1	1	5.57769	
4.64923	1	29	4.64026	1	29	4.64028	1	29	0	0	0	0.894956	0.8941	0.896027	0.894957	0.891737	0.898927	0.894956	0.8941	0.896027	0.894957	0.891737	0.898927	1	1	5.58795	
4.66442	1	33	4.65494	1	33	4.65499	1	33	0	0	0	0.899986	0.899097	0.901433	0.899988	0.895847	0.902837	0.899986	0.899097	0.901433	0.899988	0.895847	0.902837	1	1	5.60153	
4.67559	1	31	4.66501	1	31	4.66504	1	31	0	0	0	0.904927	0.90416	0.906277	0.904929	0.90145	0.907867	0.904927	0.90416	0.906277	0.904929	0.90145	0.907867	1	1	5.6111	
4.68428	1	29	4.6725	1	29	4.67253	1	29	0	0	0	0.9099	0.90917	0.91104	0.909905	0.907317	0.91347	0.9099	0.90917	0.91104	0.909905	0.907317	0.91347	1	1	5.61834	
4.69578	1	29	4.68323	1	29	4.68327	1	29	0	0	0	0.9149	0.9142	0.91601	0.914898	0.9128	0.91651	0.9149	0.9142	0.91601	0.914898	0.9128	0.91651	1	1	5.62825	
4.70955	1	30	4.69579	1	30	4.69582	1	30	0	0	0	0.919954	0.919297	0.921063	0.919955	0.918227	0.923023	0.919954	0.919297	0.921063	0.919955	0.918227	0.923023	1	1	5.64046	
4.7259	1	30	4.70974	1	30	4.70978	1	30	0	0	0	0.924994	0.924277	0.92607	0.92499	0.922153	0.92899	0.924994	0.924277	0.92607	0.92499	0.922153	0.92899	1	1	5.6539	
4.73281	1	30	4.71511	1	30	4.71511	1	30	0	0	0	0.930026	0.929227	0.931047	0.930026	0.92768	0.933257	0.930026	0.929227	0.931047	0.930026	0.92768	0.933257	1	1	5.65856	
4.74557	1	30	4.72578	1	30	4.72583	1	30	0	0	0	0.935013	0.934263	0.936077	0.935015	0.931853	0.93697	0.935013	0.934263	0.936077	0.935015	0.931853	0.93697	1	1	5.66879	
4.7575	1	34	4.7351	1	34	4.73513	1	34	0	0	0	0.940029	0.939147	0.941117	0.940034	0.935553	0.943783	0.940029	0.939147	0.941117	0.940034	0.935553	0.943783	1	1	5.67745	
4.77474	1	34	4.74856	1	34	4.74857	1	34	0	0	0	0.945005	0.944133	0.946007	0.945024	0.942473	0.949177	0.945005	0.944133	0.946007	0.945024	0.942473	0.949177	1	1	5.69103	
4.79088	1	30	4.76084	1	30	4.76085	1	30	0	0	0	0.949992	0.94902	0.950757	0.950003	0.945957	0.953223	0.949992	0.94902	0.950757	0.950003	0.945957	0.953223	1	1	5.70198	
4.80789	1	30	4.77263	1	30	4.77272	1	30	0	0	0	0.954993	0.95422	0.955827	0.954989	0.952293	0.957027	0.954993	0.95422	0.955827	0.954989	0.952293	0.957027	1	1	5.713	
4.82455	1	45	4.78377	1	45	4.78381	1	45	0	0	0	0.96001	0.959347	0.96071	0.96002	0.95691	0.964073	0.96001	0.959347	0.96071	0.96002	0.95691	0.964073	1	1	5.7239	
4.84568	1	36	4.79433	1	36	4.79439	1	36	0	0	0	0.965087	0.964467	0.965803	0.965089	0.96108	0.96828	0.965087	0.964467	0.965803	0.965089	0.96108	0.96828	1	1	5.73376	
4.86324	1	30	4.80296	1	30	4.80298	1	30	0	0	0	0.970102	0.96949	0.970793	0.970096	0.968237	0.972113	0.970102	0.96949	0.970793	0.970096	0.968237	0.972113	1	1	5.74202	
4.89591	1	30	4.81899	1	30	4.81901	1	30	0	0	0	0.975118	0.97452	0.97568	0.975105	0.97302	0.97812	0.975118	0.97452	0.97568	0.975105	0.97302	0.97812	1	1	5.75771	
4.93514	1	31	4.8342	1	31	4.83424	1	31	0	0	0	0.98008	0.97959	0.98065	0.980071	0.97736	0.984143	0.98008	0.97959	0.98065	0.980071	0.97736	0.984143	1	1	5.7722	
4.99326	1	31	4.84473	1	31	4.84476	1	31	0	0	0	0.985064	0.984683	0.985557	0.985075	0.981027	0.988493	0.985064	0.984683	0.985557	0.985075	0.981027	0.988493	1	1	5.78178	
5.11264	1	37	4.85479	1	36	4.8548	1	36	0	0	0	0.990054	0.98972	0.990423	0.990029	0.986463	0.992223	0.990054	0.98972	0.990423	0.990029	0.986463	0.992223	1	1	5.79095	
5.76454	1	32	4.87462	1	31	4.87472	1	31	0	0	0	0.995026	0.994713	0.995237	0.994938	0.99147	0.998563	0.995026	0.994713	0.995237	0.994938	0.99147	0.998563	1	1	5.81019	
1498.58	425	3870	4.93877	1	126	4.9386	1	126	0	0	0	1	1	1	0.997733	0.995681	0.999426	1	1	1	0.997733	0.995681	0.999426	1	1	5.87318	
