3.44269	1	8	3.44269	1	8	3.44267	1	8	0	0	0	0.00503313	0.00484667	0.00526333	0.00503292	0.00477	0.00526333	0.00503313	0.00484667	0.00526333	0.00503292	0.00477	0.00526333	1	1	4.44257	
3.43026	1	8	3.43026	1	8	3.43026	1	8	0	0	0	0.0100071	0.00978667	0.01026	0.0100067	0.00976333	0.01022	0.0100071	0.00978667	0.01026	0.0100067	0.00976333	0.01022	1	1	4.43003	
3.43853	1	8	3.43853	1	8	3.43852	1	8	0	0	0	0.0149985	0.01468	0.0154533	0.0149981	0.0145	0.0155433	0.0149985	0.01468	0.0154533	0.0149981	0.0145	0.0155433	1	1	4.43828	
3.42628	1	12	3.42628	1	12	3.42626	1	12	0	0	0	0.019986	0.0196467	0.0205267	0.0199858	0.0195333	0.0206	0.019986	0.0196467	0.0205267	0.0199858	0.0195333	0.0206	1	1	4.42612	
3.42262	1	12	3.42262	1	12	3.42262	1	12	0	0	0	0.0249837	0.0245867	0.0255	0.0249837	0.02443	0.0254367	0.0249837	0.0245867	0.0255	0.0249837	0.02443	0.0254367	1	1	4.42231	
3.42802	1	12	3.42802	1	12	3.42802	1	12	0	0	0	0.0300242	0.0296033	0.03046	0.0300242	0.0295367	0.03045	0.0300242	0.0296033	0.03046	0.0300242	0.0295367	0.03045	1	1	4.42759	
3.43221	1	12	3.43221	1	12	3.43222	1	12	0	0	0	0.0350258	0.0346	0.0353167	0.0350256	0.0339667	0.03555	0.0350258	0.0346	0.0353167	0.0350256	0.0339667	0.03555	1	1	4.43172	
3.43107	1	12	3.43107	1	12	3.43104	1	12	0	0	0	0.0400277	0.0394067	0.04053	0.0400275	0.0392733	0.0404067	0.0400277	0.0394067	0.04053	0.0400275	0.0392733	0.0404067	1	1	4.43046	
3.42707	1	12	3.42707	1	12	3.42704	1	12	0	0	0	0.0450169	0.04435	0.0456767	0.0450169	0.0446033	0.0457133	0.0450169	0.04435	0.0456767	0.0450169	0.0446033	0.0457133	1	1	4.42649	
3.42687	1	13	3.42687	1	13	3.42685	1	13	0	0	0	0.0499998	0.0493933	0.0506733	0.0499996	0.0493033	0.0504067	0.0499998	0.0493933	0.0506733	0.0499996	0.0493033	0.0504067	1	1	4.42621	
3.43066	1	13	3.43066	1	13	3.43065	1	13	0	0	0	0.0550015	0.0543467	0.0556	0.0550008	0.0542733	0.0558833	0.0550015	0.0543467	0.0556	0.0550008	0.0542733	0.0558833	1	1	4.42984	
3.42242	1	13	3.42242	1	13	3.42243	1	13	0	0	0	0.0599671	0.05932	0.0604033	0.0599667	0.0592633	0.0608033	0.0599671	0.05932	0.0604033	0.0599667	0.0592633	0.0608033	1	1	4.42148	
3.42943	1	12	3.42943	1	12	3.42945	1	12	0	0	0	0.0650215	0.0643533	0.06553	0.0650213	0.0642667	0.0657867	0.0650215	0.0643533	0.06553	0.0650213	0.0642667	0.0657867	1	1	4.42853	
3.42608	1	13	3.42608	1	13	3.42611	1	13	0	0	0	0.0699788	0.0690033	0.07044	0.0699785	0.06901	0.0708333	0.0699788	0.0690033	0.07044	0.0699785	0.06901	0.0708333	1	1	4.42513	
3.42775	1	14	3.42775	1	14	3.42775	1	14	0	0	0	0.0749758	0.07389	0.0755633	0.0749756	0.0738967	0.0759467	0.0749758	0.07389	0.0755633	0.0749756	0.0738967	0.0759467	1	1	4.4268	
3.43362	1	14	3.43362	1	14	3.43362	1	14	0	0	0	0.0799906	0.0788467	0.0806333	0.0799908	0.07907	0.0804367	0.0799906	0.0788467	0.0806333	0.0799908	0.07907	0.0804367	1	1	4.43252	
3.43121	1	13	3.43121	1	13	3.43122	1	13	0	0	0	0.0850135	0.0838667	0.08573	0.0850135	0.08422	0.08575	0.0850135	0.0838667	0.08573	0.0850135	0.08422	0.08575	1	1	4.43003	
3.43055	1	13	3.43055	1	13	3.43057	1	13	0	0	0	0.0900252	0.0889933	0.09087	0.0900246	0.0889433	0.0910333	0.0900252	0.0889933	0.09087	0.0900246	0.0889433	0.0910333	1	1	4.42933	
3.4351	1	13	3.4351	1	13	3.43512	1	13	0	0	0	0.09501	0.0940767	0.0960067	0.09501	0.09391	0.09565	0.09501	0.0940767	0.0960067	0.09501	0.09391	0.09565	1	1	4.43371	
3.43093	1	14	3.43093	1	14	3.43093	1	14	0	0	0	0.100001	0.0991267	0.101043	0.100001	0.09864	0.101073	0.100001	0.0991267	0.101043	0.100001	0.09864	0.101073	1	1	4.42953	
3.43552	1	14	3.43552	1	14	3.43556	1	14	0	0	0	0.105056	0.104223	0.10609	0.105057	0.104383	0.10579	0.105056	0.104223	0.10609	0.105057	0.104383	0.10579	1	1	4.43414	
3.43325	1	13	3.43325	1	13	3.43329	1	13	0	0	0	0.110075	0.109163	0.111127	0.110075	0.108977	0.110777	0.110075	0.109163	0.111127	0.110075	0.108977	0.110777	1	1	4.43169	
3.43562	1	14	3.43562	1	14	3.4356	1	14	0	0	0	0.115058	0.11411	0.115987	0.115057	0.114547	0.115937	0.115058	0.11411	0.115987	0.115057	0.114547	0.115937	1	1	4.43388	
3.4349	1	13	3.4349	1	13	3.4349	1	13	0	0	0	0.120091	0.11904	0.120967	0.120091	0.119447	0.120737	0.120091	0.11904	0.120967	0.120091	0.119447	0.120737	1	1	4.43317	
3.4374	1	14	3.4374	1	14	3.4374	1	14	0	0	0	0.125086	0.124113	0.12595	0.125086	0.123553	0.126257	0.125086	0.124113	0.12595	0.125086	0.123553	0.126257	1	1	4.4356	
3.44031	1	14	3.44031	1	14	3.4403	1	14	0	0	0	0.130036	0.129193	0.130967	0.130036	0.128823	0.1316	0.130036	0.129193	0.130967	0.130036	0.128823	0.1316	1	1	4.43848	
3.43991	1	14	3.43991	1	14	3.43993	1	14	0	0	0	0.135046	0.134153	0.13592	0.135047	0.13368	0.135887	0.135046	0.134153	0.13592	0.135047	0.13368	0.135887	1	1	4.43799	
3.44194	1	14	3.44194	1	14	3.44194	1	14	0	0	0	0.140089	0.13911	0.141013	0.140089	0.13858	0.140937	0.140089	0.13911	0.141013	0.140089	0.13858	0.140937	1	1	4.43991	
3.44505	1	14	3.44505	1	14	3.44506	1	14	0	0	0	0.1451	0.144033	0.146127	0.1451	0.143907	0.14607	0.1451	0.144033	0.146127	0.1451	0.143907	0.14607	1	1	4.44297	
3.44529	1	14	3.44529	1	14	3.4453	1	14	0	0	0	0.150073	0.149	0.151137	0.150073	0.148943	0.15102	0.150073	0.149	0.151137	0.150073	0.148943	0.15102	1	1	4.44323	
3.44933	1	14	3.44933	1	14	3.44934	1	14	0	0	0	0.155095	0.153887	0.156357	0.155096	0.154273	0.156363	0.155095	0.153887	0.156357	0.155096	0.154273	0.156363	1	1	4.44703	
3.44975	1	15	3.44975	1	15	3.44978	1	15	0	0	0	0.160132	0.15898	0.161417	0.16013	0.159163	0.161623	0.160132	0.15898	0.161417	0.16013	0.159163	0.161623	1	1	4.44737	
3.45048	1	14	3.45048	1	14	3.45051	1	14	0	0	0	0.165184	0.164157	0.166407	0.165183	0.163723	0.16639	0.165184	0.164157	0.166407	0.165183	0.163723	0.16639	1	1	4.44818	
3.45249	1	14	3.45248	1	14	3.45249	1	14	0	0	0	0.17018	0.169217	0.171373	0.17018	0.168517	0.1711	0.17018	0.169217	0.171373	0.17018	0.168517	0.1711	1	1	4.45006	
3.45344	1	17	3.45344	1	17	3.45343	1	17	0	0	0	0.175217	0.174063	0.17638	0.175216	0.17341	0.175923	0.175217	0.174063	0.17638	0.175216	0.17341	0.175923	1	1	4.45096	
3.4553	1	15	3.4553	1	15	3.45531	1	15	0	0	0	0.180281	0.178947	0.181643	0.18028	0.179187	0.181073	0.180281	0.178947	0.181643	0.18028	0.179187	0.181073	1	1	4.45266	
3.45592	1	14	3.45591	1	14	3.45592	1	14	0	0	0	0.185281	0.183897	0.18673	0.18528	0.184033	0.186257	0.185281	0.183897	0.18673	0.18528	0.184033	0.186257	1	1	4.45329	
3.45712	1	14	3.45712	1	14	3.45712	1	14	0	0	0	0.190259	0.188923	0.191553	0.190258	0.188867	0.19141	0.190259	0.188923	0.191553	0.190258	0.188867	0.19141	1	1	4.45437	
3.46175	1	14	3.46175	1	14	3.46176	1	14	0	0	0	0.195212	0.193857	0.196627	0.195211	0.19437	0.196293	0.195212	0.193857	0.196627	0.195211	0.19437	0.196293	1	1	4.45886	
3.46356	1	14	3.46356	1	14	3.46356	1	14	0	0	0	0.200214	0.198957	0.201677	0.200214	0.198663	0.202257	0.200214	0.198957	0.201677	0.200214	0.198663	0.202257	1	1	4.46058	
3.4656	1	17	3.46559	1	17	3.46559	1	17	0	0	0	0.205177	0.203887	0.206603	0.205178	0.204123	0.206407	0.205177	0.203887	0.206603	0.205178	0.204123	0.206407	1	1	4.46259	
3.46691	1	14	3.4669	1	14	3.46691	1	14	0	0	0	0.210146	0.208837	0.211633	0.210146	0.20856	0.211453	0.210146	0.208837	0.211633	0.210146	0.20856	0.211453	1	1	4.46375	
3.47107	1	14	3.47107	1	14	3.47107	1	14	0	0	0	0.215114	0.21374	0.216803	0.215114	0.21379	0.216423	0.215114	0.21374	0.216803	0.215114	0.21379	0.216423	1	1	4.46788	
3.4744	1	15	3.4744	1	15	3.47438	1	15	0	0	0	0.220136	0.218777	0.221903	0.220136	0.21884	0.22148	0.220136	0.218777	0.221903	0.220136	0.21884	0.22148	1	1	4.47115	
3.47265	1	16	3.47264	1	16	3.47265	1	16	0	0	0	0.225164	0.223753	0.22687	0.225164	0.22336	0.226567	0.225164	0.223753	0.22687	0.225164	0.22336	0.226567	1	1	4.46915	
3.47439	1	15	3.47438	1	15	3.47437	1	15	0	0	0	0.230132	0.228897	0.231807	0.230131	0.229393	0.231343	0.230132	0.228897	0.231807	0.230131	0.229393	0.231343	1	1	4.47091	
3.4779	1	14	3.47789	1	14	3.4779	1	14	0	0	0	0.235071	0.23388	0.236817	0.23507	0.23378	0.23716	0.235071	0.23388	0.236817	0.23507	0.23378	0.23716	1	1	4.47438	
3.47976	1	15	3.47975	1	15	3.47977	1	15	0	0	0	0.24003	0.238713	0.241923	0.24003	0.238783	0.241287	0.24003	0.238713	0.241923	0.24003	0.238783	0.241287	1	1	4.47598	
3.48156	1	15	3.48156	1	15	3.48155	1	15	0	0	0	0.24505	0.243763	0.246913	0.24505	0.24349	0.24627	0.24505	0.243763	0.246913	0.24505	0.24349	0.24627	1	1	4.47782	
3.48391	1	19	3.4839	1	19	3.4839	1	19	0	0	0	0.249962	0.248783	0.251893	0.249962	0.24861	0.251293	0.249962	0.248783	0.251893	0.249962	0.24861	0.251293	1	1	4.48009	
3.48751	1	18	3.48751	1	18	3.48749	1	18	0	0	0	0.254964	0.253697	0.25695	0.254964	0.253813	0.256057	0.254964	0.253697	0.25695	0.254964	0.253813	0.256057	1	1	4.48361	
3.48978	1	14	3.48978	1	14	3.48979	1	14	0	0	0	0.259973	0.258533	0.26183	0.259974	0.258303	0.261577	0.259973	0.258533	0.26183	0.259974	0.258303	0.261577	1	1	4.48573	
3.49438	1	20	3.49437	1	20	3.49439	1	20	0	0	0	0.265002	0.263803	0.266847	0.265002	0.263567	0.26736	0.265002	0.263803	0.266847	0.265002	0.263567	0.26736	1	1	4.49031	
3.49716	1	22	3.49715	1	22	3.49717	1	22	0	0	0	0.270024	0.268843	0.271843	0.270025	0.267803	0.271687	0.270024	0.268843	0.271843	0.270025	0.267803	0.271687	1	1	4.49305	
3.50031	1	19	3.5003	1	19	3.5003	1	19	0	0	0	0.275018	0.273793	0.276993	0.275018	0.273443	0.276	0.275018	0.273793	0.276993	0.275018	0.273443	0.276	1	1	4.4961	
3.5008	1	18	3.50079	1	18	3.50081	1	18	0	0	0	0.28004	0.27887	0.282073	0.28004	0.27869	0.281673	0.28004	0.27887	0.282073	0.28004	0.27869	0.281673	1	1	4.49643	
3.50354	1	20	3.50354	1	20	3.50355	1	20	0	0	0	0.285015	0.283613	0.287233	0.285016	0.283643	0.2865	0.285015	0.283613	0.287233	0.285016	0.283643	0.2865	1	1	4.49917	
3.50654	1	15	3.50654	1	15	3.50655	1	15	0	0	0	0.290035	0.288733	0.29204	0.290035	0.28809	0.29274	0.290035	0.288733	0.29204	0.290035	0.28809	0.29274	1	1	4.50211	
3.51041	1	17	3.5104	1	17	3.5104	1	17	0	0	0	0.295025	0.29379	0.29713	0.295026	0.293187	0.296683	0.295025	0.29379	0.29713	0.295026	0.293187	0.296683	1	1	4.50592	
3.51491	1	18	3.5149	1	18	3.5149	1	18	0	0	0	0.300039	0.298713	0.302297	0.300039	0.298987	0.30144	0.300039	0.298713	0.302297	0.300039	0.298987	0.30144	1	1	4.51017	
3.51639	1	20	3.51638	1	20	3.51639	1	20	0	0	0	0.305055	0.303653	0.30702	0.305055	0.30309	0.30794	0.305055	0.303653	0.30702	0.305055	0.30309	0.30794	1	1	4.51156	
3.51988	1	17	3.51986	1	17	3.51988	1	17	0	0	0	0.310057	0.30852	0.311997	0.310057	0.308787	0.311177	0.310057	0.30852	0.311997	0.310057	0.308787	0.311177	1	1	4.51481	
3.52298	1	20	3.52297	1	20	3.52296	1	20	0	0	0	0.315019	0.31352	0.316983	0.315019	0.312953	0.316487	0.315019	0.31352	0.316983	0.315019	0.312953	0.316487	1	1	4.51797	
3.52506	1	19	3.52504	1	19	3.52504	1	19	0	0	0	0.319978	0.318463	0.32199	0.319978	0.31872	0.321103	0.319978	0.318463	0.32199	0.319978	0.31872	0.321103	1	1	4.52008	
3.52972	1	17	3.52971	1	17	3.52972	1	17	0	0	0	0.324963	0.323313	0.327123	0.324963	0.32322	0.327867	0.324963	0.323313	0.327123	0.324963	0.32322	0.327867	1	1	4.5246	
3.53384	1	20	3.53383	1	20	3.53384	1	20	0	0	0	0.329995	0.328247	0.33219	0.329996	0.327947	0.332503	0.329995	0.328247	0.33219	0.329996	0.327947	0.332503	1	1	4.52863	
3.537	1	20	3.53698	1	20	3.53699	1	20	0	0	0	0.33498	0.33312	0.3371	0.334981	0.33286	0.33657	0.33498	0.33312	0.3371	0.334981	0.33286	0.33657	1	1	4.5317	
3.53779	1	20	3.53777	1	20	3.53778	1	20	0	0	0	0.339973	0.33812	0.342147	0.339974	0.33869	0.34128	0.339973	0.33812	0.342147	0.339974	0.33869	0.34128	1	1	4.53241	
3.54245	1	20	3.54243	1	20	3.54243	1	20	0	0	0	0.344971	0.343307	0.34728	0.344972	0.343497	0.346177	0.344971	0.343307	0.34728	0.344972	0.343497	0.346177	1	1	4.53703	
3.54685	1	19	3.54683	1	19	3.54684	1	19	0	0	0	0.350014	0.348253	0.352393	0.350016	0.34818	0.35127	0.350014	0.348253	0.352393	0.350016	0.34818	0.35127	1	1	4.54117	
3.55082	1	19	3.55079	1	19	3.55079	1	19	0	0	0	0.354954	0.353173	0.35734	0.354955	0.353103	0.356633	0.354954	0.353173	0.35734	0.354955	0.353103	0.356633	1	1	4.54496	
3.55333	1	19	3.55331	1	19	3.55331	1	19	0	0	0	0.35996	0.358467	0.362383	0.35996	0.358743	0.362297	0.35996	0.358467	0.362383	0.35996	0.358743	0.362297	1	1	4.54755	
3.55681	1	18	3.55678	1	18	3.55677	1	18	0	0	0	0.364936	0.363493	0.36731	0.364937	0.363263	0.367587	0.364936	0.363493	0.36731	0.364937	0.363263	0.367587	1	1	4.55077	
3.55947	1	20	3.55944	1	20	3.55945	1	20	0	0	0	0.369959	0.36853	0.372257	0.36996	0.36756	0.37172	0.369959	0.36853	0.372257	0.36996	0.36756	0.37172	1	1	4.5535	
3.56483	1	21	3.56479	1	21	3.5648	1	21	0	0	0	0.374922	0.373217	0.377313	0.374923	0.37371	0.37643	0.374922	0.373217	0.377313	0.374923	0.37371	0.37643	1	1	4.55871	
3.56906	1	19	3.56901	1	19	3.56903	1	19	0	0	0	0.379929	0.378367	0.382327	0.37993	0.378183	0.38148	0.379929	0.378367	0.382327	0.37993	0.378183	0.38148	1	1	4.56275	
3.57371	1	20	3.57367	1	20	3.57366	1	20	0	0	0	0.384977	0.38334	0.387293	0.384978	0.382667	0.38623	0.384977	0.38334	0.387293	0.384978	0.382667	0.38623	1	1	4.56735	
3.57816	1	20	3.57812	1	20	3.57813	1	20	0	0	0	0.389953	0.388323	0.392323	0.389954	0.387997	0.39226	0.389953	0.388323	0.392323	0.389954	0.387997	0.39226	1	1	4.57167	
3.579	1	20	3.57895	1	20	3.57896	1	20	0	0	0	0.39501	0.39345	0.39733	0.395011	0.393093	0.396943	0.39501	0.39345	0.39733	0.395011	0.393093	0.396943	1	1	4.57245	
3.5842	1	21	3.58413	1	21	3.58415	1	21	0	0	0	0.400027	0.398437	0.40228	0.400028	0.398447	0.40218	0.400027	0.398437	0.40228	0.400028	0.398447	0.40218	1	1	4.57759	
3.58872	1	20	3.58868	1	20	3.58868	1	20	0	0	0	0.405089	0.4035	0.407143	0.40509	0.403473	0.406783	0.405089	0.4035	0.407143	0.40509	0.403473	0.406783	1	1	4.58193	
3.59252	1	18	3.59246	1	18	3.59246	1	18	0	0	0	0.410107	0.408143	0.412367	0.410108	0.40867	0.41229	0.410107	0.408143	0.412367	0.410108	0.40867	0.41229	1	1	4.58575	
3.59711	1	21	3.59705	1	21	3.59705	1	21	0	0	0	0.415085	0.41318	0.417193	0.415085	0.413837	0.4176	0.415085	0.41318	0.417193	0.415085	0.413837	0.4176	1	1	4.59005	
3.60214	1	20	3.60206	1	20	3.60205	1	20	0	0	0	0.420099	0.418263	0.422237	0.4201	0.417757	0.421547	0.420099	0.418263	0.422237	0.4201	0.417757	0.421547	1	1	4.59508	
3.60807	1	20	3.608	1	20	3.60799	1	20	0	0	0	0.425086	0.423197	0.427313	0.425086	0.42296	0.428213	0.425086	0.423197	0.427313	0.425086	0.42296	0.428213	1	1	4.60084	
3.61102	1	20	3.61094	1	20	3.61096	1	20	0	0	0	0.4301	0.428197	0.43227	0.430099	0.427727	0.432253	0.4301	0.428197	0.43227	0.430099	0.427727	0.432253	1	1	4.60361	
3.61719	1	21	3.61711	1	21	3.61711	1	21	0	0	0	0.435068	0.433283	0.437193	0.435067	0.432843	0.43715	0.435068	0.433283	0.437193	0.435067	0.432843	0.43715	1	1	4.60971	
3.61978	1	21	3.61968	1	21	3.6197	1	21	0	0	0	0.440064	0.438063	0.442123	0.440063	0.438143	0.442003	0.440064	0.438063	0.442123	0.440063	0.438143	0.442003	1	1	4.61247	
3.62592	1	23	3.62583	1	23	3.62584	1	23	0	0	0	0.445103	0.443103	0.44721	0.445101	0.443367	0.44619	0.445103	0.443103	0.44721	0.445101	0.443367	0.44619	1	1	4.61839	
3.62931	1	19	3.62922	1	19	3.6292	1	19	0	0	0	0.45006	0.44807	0.452117	0.450059	0.447757	0.451517	0.45006	0.44807	0.452117	0.450059	0.447757	0.451517	1	1	4.62164	
3.63517	1	21	3.63505	1	21	3.63507	1	21	0	0	0	0.45518	0.453163	0.45733	0.455179	0.452847	0.45903	0.45518	0.453163	0.45733	0.455179	0.452847	0.45903	1	1	4.62717	
3.63869	1	21	3.63859	1	21	3.6386	1	21	0	0	0	0.460153	0.458033	0.462353	0.460153	0.457883	0.461827	0.460153	0.458033	0.462353	0.460153	0.457883	0.461827	1	1	4.63077	
3.64505	1	27	3.64487	1	27	3.64488	1	27	0	0	0	0.465124	0.463133	0.467567	0.465122	0.463987	0.466697	0.465124	0.463133	0.467567	0.465122	0.463987	0.466697	1	1	4.63705	
3.65048	1	21	3.65034	1	21	3.65034	1	21	0	0	0	0.47014	0.46793	0.472587	0.470138	0.468077	0.472463	0.47014	0.46793	0.472587	0.470138	0.468077	0.472463	1	1	4.64248	
3.65304	1	26	3.65289	1	26	3.65289	1	26	0	0	0	0.475105	0.472893	0.477557	0.475104	0.47382	0.476	0.475105	0.472893	0.477557	0.475104	0.47382	0.476	1	1	4.64466	
3.6608	1	25	3.66062	1	25	3.66064	1	25	0	0	0	0.480154	0.478047	0.48266	0.480154	0.478507	0.482827	0.480154	0.478047	0.48266	0.480154	0.478507	0.482827	1	1	4.65241	
3.665	1	20	3.66483	1	20	3.66484	1	20	0	0	0	0.485161	0.483107	0.48742	0.48516	0.483257	0.488897	0.485161	0.483107	0.48742	0.48516	0.483257	0.488897	1	1	4.65653	
3.67082	1	21	3.67062	1	21	3.67062	1	21	0	0	0	0.490162	0.488077	0.492193	0.49016	0.488147	0.49196	0.490162	0.488077	0.492193	0.49016	0.488147	0.49196	1	1	4.66204	
3.67665	1	22	3.67646	1	22	3.67644	1	22	0	0	0	0.49515	0.49298	0.497327	0.495148	0.493447	0.497843	0.49515	0.49298	0.497327	0.495148	0.493447	0.497843	1	1	4.66791	
3.68133	1	21	3.6811	1	21	3.6811	1	21	0	0	0	0.500193	0.498007	0.50225	0.500194	0.49819	0.502907	0.500193	0.498007	0.50225	0.500194	0.49819	0.502907	1	1	4.67246	
3.68635	1	20	3.68613	1	20	3.68614	1	20	0	0	0	0.505152	0.50293	0.507137	0.505151	0.502787	0.507487	0.505152	0.50293	0.507137	0.505151	0.502787	0.507487	1	1	4.67739	
3.69235	1	21	3.69211	1	21	3.6921	1	21	0	0	0	0.510164	0.50804	0.512417	0.510162	0.508777	0.512267	0.510164	0.50804	0.512417	0.510162	0.508777	0.512267	1	1	4.68339	
3.69656	1	23	3.69629	1	23	3.69629	1	23	0	0	0	0.515199	0.513037	0.517437	0.515198	0.51289	0.517337	0.515199	0.513037	0.517437	0.515198	0.51289	0.517337	1	1	4.68739	
3.70346	1	21	3.70318	1	21	3.7032	1	21	0	0	0	0.520178	0.51798	0.522423	0.520177	0.517643	0.52182	0.520178	0.51798	0.522423	0.520177	0.517643	0.52182	1	1	4.69406	
3.70885	1	21	3.70857	1	21	3.70859	1	21	0	0	0	0.525159	0.522977	0.527247	0.525158	0.52337	0.527077	0.525159	0.522977	0.527247	0.525158	0.52337	0.527077	1	1	4.69938	
3.7132	1	23	3.71287	1	23	3.71289	1	23	0	0	0	0.530138	0.52793	0.53204	0.530136	0.526697	0.531733	0.530138	0.52793	0.53204	0.530136	0.526697	0.531733	1	1	4.70362	
3.7178	1	22	3.71748	1	22	3.71747	1	22	0	0	0	0.53509	0.53287	0.53698	0.535086	0.533227	0.537787	0.53509	0.53287	0.53698	0.535086	0.533227	0.537787	1	1	4.70787	
3.72464	1	21	3.72432	1	21	3.72436	1	21	0	0	0	0.540062	0.537847	0.54189	0.540059	0.538157	0.542037	0.540062	0.537847	0.54189	0.540059	0.538157	0.542037	1	1	4.71482	
3.73048	1	28	3.7301	1	28	3.7301	1	28	0	0	0	0.545019	0.542683	0.546767	0.545018	0.542977	0.54654	0.545019	0.542683	0.546767	0.545018	0.542977	0.54654	1	1	4.72047	
3.73534	1	21	3.73494	1	21	3.73495	1	21	0	0	0	0.550052	0.54768	0.55173	0.550049	0.548093	0.55237	0.550052	0.54768	0.55173	0.550049	0.548093	0.55237	1	1	4.72521	
3.74331	1	21	3.74289	1	21	3.74288	1	21	0	0	0	0.555067	0.552717	0.55697	0.555063	0.55228	0.55799	0.555067	0.552717	0.55697	0.555063	0.55228	0.55799	1	1	4.73293	
3.74767	1	22	3.74721	1	22	3.74719	1	22	0	0	0	0.560037	0.557853	0.562013	0.560034	0.557627	0.562157	0.560037	0.557853	0.562013	0.560034	0.557627	0.562157	1	1	4.73697	
3.75752	1	22	3.75707	1	22	3.75707	1	22	0	0	0	0.565038	0.562847	0.567047	0.565035	0.56278	0.56754	0.565038	0.562847	0.567047	0.565035	0.56278	0.56754	1	1	4.74687	
3.75917	1	22	3.75865	1	22	3.75866	1	22	0	0	0	0.570019	0.567987	0.571877	0.570017	0.567763	0.571653	0.570019	0.567987	0.571877	0.570017	0.567763	0.571653	1	1	4.74827	
3.76536	1	22	3.76481	1	22	3.76484	1	22	0	0	0	0.57499	0.572857	0.57707	0.574987	0.57176	0.577043	0.57499	0.572857	0.57707	0.574987	0.57176	0.577043	1	1	4.75436	
3.7731	1	21	3.7725	1	21	3.77252	1	21	0	0	0	0.579978	0.57772	0.582213	0.579975	0.578077	0.581333	0.579978	0.57772	0.582213	0.579975	0.578077	0.581333	1	1	4.76192	
3.78129	1	23	3.78063	1	23	3.78064	1	23	0	0	0	0.584984	0.582687	0.587163	0.584982	0.58204	0.586993	0.584984	0.582687	0.587163	0.584982	0.58204	0.586993	1	1	4.77014	
3.78655	1	22	3.78591	1	22	3.78593	1	22	0	0	0	0.589958	0.587593	0.592113	0.589955	0.587787	0.592143	0.589958	0.587593	0.592113	0.589955	0.587787	0.592143	1	1	4.77525	
3.79392	1	22	3.79322	1	22	3.79324	1	22	0	0	0	0.594978	0.59255	0.597227	0.594977	0.592503	0.597303	0.594978	0.59255	0.597227	0.594977	0.592503	0.597303	1	1	4.78238	
3.80176	1	29	3.80099	1	29	3.80099	1	29	0	0	0	0.599903	0.597743	0.602013	0.599901	0.598147	0.601873	0.599903	0.597743	0.602013	0.599901	0.598147	0.601873	1	1	4.78996	
3.80756	1	22	3.80675	1	22	3.80676	1	22	0	0	0	0.604821	0.602697	0.606853	0.604818	0.602387	0.60661	0.604821	0.602697	0.606853	0.604818	0.602387	0.60661	1	1	4.7955	
3.8149	1	23	3.81406	1	23	3.81408	1	23	0	0	0	0.609812	0.607587	0.61168	0.609808	0.607123	0.612747	0.609812	0.607587	0.61168	0.609808	0.607123	0.612747	1	1	4.80274	
3.82256	1	23	3.82166	1	23	3.82166	1	23	0	0	0	0.61487	0.612577	0.616683	0.614866	0.612227	0.617013	0.61487	0.612577	0.616683	0.614866	0.612227	0.617013	1	1	4.81031	
3.82891	1	22	3.82798	1	22	3.828	1	22	0	0	0	0.619831	0.617607	0.62157	0.619829	0.617287	0.6217	0.619831	0.617607	0.62157	0.619829	0.617287	0.6217	1	1	4.81657	
3.83282	1	22	3.83176	1	22	3.83176	1	22	0	0	0	0.624903	0.62281	0.626517	0.624902	0.622313	0.627273	0.624903	0.62281	0.626517	0.624902	0.622313	0.627273	1	1	4.82015	
3.84298	1	22	3.84183	1	22	3.84183	1	22	0	0	0	0.629923	0.627927	0.631537	0.629921	0.626667	0.632523	0.629923	0.627927	0.631537	0.629921	0.626667	0.632523	1	1	4.83018	
3.84886	1	23	3.84773	1	23	3.84774	1	23	0	0	0	0.634912	0.633017	0.63661	0.63491	0.633403	0.636227	0.634912	0.633017	0.63661	0.63491	0.633403	0.636227	1	1	4.83576	
3.8548	1	22	3.85345	1	22	3.85346	1	22	0	0	0	0.639955	0.638057	0.641693	0.639953	0.6372	0.64378	0.639955	0.638057	0.641693	0.639953	0.6372	0.64378	1	1	4.84149	
3.86128	1	23	3.85998	1	23	3.86001	1	23	0	0	0	0.64492	0.64296	0.64644	0.644918	0.642277	0.647653	0.64492	0.64296	0.64644	0.644918	0.642277	0.647653	1	1	4.8478	
3.8694	1	25	3.86801	1	25	3.86803	1	25	0	0	0	0.649931	0.64791	0.651557	0.649929	0.645677	0.652907	0.649931	0.64791	0.651557	0.649929	0.645677	0.652907	1	1	4.8558	
3.87502	1	22	3.87361	1	22	3.87362	1	22	0	0	0	0.654976	0.653037	0.656613	0.654973	0.653217	0.658223	0.654976	0.653037	0.656613	0.654973	0.653217	0.658223	1	1	4.86137	
3.88304	1	24	3.88154	1	24	3.88156	1	24	0	0	0	0.659958	0.657967	0.66145	0.659957	0.657203	0.662433	0.659958	0.657967	0.66145	0.659957	0.657203	0.662433	1	1	4.86925	
3.8928	1	27	3.89117	1	27	3.8912	1	27	0	0	0	0.664927	0.66291	0.666333	0.664924	0.662567	0.66791	0.664927	0.66291	0.666333	0.664924	0.662567	0.66791	1	1	4.8786	
3.8989	1	28	3.89714	1	28	3.89716	1	28	0	0	0	0.669951	0.667847	0.671333	0.669948	0.667913	0.67223	0.669951	0.667847	0.671333	0.669948	0.667913	0.67223	1	1	4.88433	
3.90748	1	25	3.90561	1	25	3.90563	1	25	0	0	0	0.674925	0.672927	0.676537	0.674921	0.67221	0.676747	0.674925	0.672927	0.676537	0.674921	0.67221	0.676747	1	1	4.89265	
3.91565	1	28	3.91363	1	28	3.91365	1	28	0	0	0	0.679923	0.677943	0.681507	0.67992	0.676743	0.682233	0.679923	0.677943	0.681507	0.67992	0.676743	0.682233	1	1	4.90068	
3.92068	1	24	3.91861	1	24	3.91864	1	24	0	0	0	0.684924	0.6829	0.686337	0.684922	0.68256	0.686177	0.684924	0.6829	0.686337	0.684922	0.68256	0.686177	1	1	4.90565	
3.92937	1	25	3.92709	1	25	3.9271	1	25	0	0	0	0.689882	0.688137	0.691387	0.68988	0.687777	0.693417	0.689882	0.688137	0.691387	0.68988	0.687777	0.693417	1	1	4.91388	
3.93672	1	23	3.93439	1	23	3.93439	1	23	0	0	0	0.694896	0.693357	0.69655	0.694894	0.692433	0.69674	0.694896	0.693357	0.69655	0.694894	0.692433	0.69674	1	1	4.92097	
3.94571	1	22	3.94326	1	22	3.94329	1	22	0	0	0	0.699911	0.698447	0.701707	0.699908	0.697173	0.70146	0.699911	0.698447	0.701707	0.699908	0.697173	0.70146	1	1	4.92978	
3.95707	1	23	3.95453	1	23	3.95455	1	23	0	0	0	0.704931	0.703377	0.706697	0.704928	0.70287	0.706603	0.704931	0.703377	0.706697	0.704928	0.70287	0.706603	1	1	4.94083	
3.95971	1	28	3.95681	1	28	3.95684	1	28	0	0	0	0.709932	0.708137	0.71179	0.70993	0.70645	0.712347	0.709932	0.708137	0.71179	0.70993	0.70645	0.712347	1	1	4.94303	
3.96909	1	24	3.96616	1	24	3.96618	1	24	0	0	0	0.714931	0.713177	0.71684	0.71493	0.710907	0.716973	0.714931	0.713177	0.71684	0.71493	0.710907	0.716973	1	1	4.9524	
3.97998	1	25	3.97689	1	25	3.9769	1	25	0	0	0	0.71995	0.7183	0.721943	0.719948	0.718083	0.722133	0.71995	0.7183	0.721943	0.719948	0.718083	0.722133	1	1	4.96291	
3.98905	1	24	3.9854	1	24	3.98542	1	24	0	0	0	0.724993	0.723197	0.726993	0.72499	0.723453	0.727607	0.724993	0.723197	0.726993	0.72499	0.723453	0.727607	1	1	4.97118	
3.9957	1	27	3.9921	1	27	3.99211	1	27	0	0	0	0.729989	0.72811	0.732023	0.729989	0.727477	0.73292	0.729989	0.72811	0.732023	0.729989	0.727477	0.73292	1	1	4.97789	
4.00285	1	32	3.99886	1	32	3.99886	1	32	0	0	0	0.734981	0.733117	0.73708	0.73498	0.731647	0.74002	0.734981	0.733117	0.73708	0.73498	0.731647	0.74002	1	1	4.98446	
4.01532	1	28	4.0112	1	28	4.01123	1	28	0	0	0	0.740023	0.738133	0.74218	0.740022	0.736863	0.742193	0.740023	0.738133	0.74218	0.740022	0.736863	0.742193	1	1	4.99658	
4.02422	1	23	4.01974	1	23	4.01975	1	23	0	0	0	0.744991	0.743123	0.747037	0.74499	0.74238	0.74966	0.744991	0.743123	0.747037	0.74499	0.74238	0.74966	1	1	5.00509	
4.03155	1	24	4.02688	1	24	4.0269	1	24	0	0	0	0.750027	0.748183	0.75198	0.750026	0.747377	0.754703	0.750027	0.748183	0.75198	0.750026	0.747377	0.754703	1	1	5.01206	
4.03949	1	26	4.03444	1	26	4.03446	1	26	0	0	0	0.75496	0.752987	0.756843	0.754959	0.752323	0.758817	0.75496	0.752987	0.756843	0.754959	0.752323	0.758817	1	1	5.01942	
4.05295	1	27	4.04747	1	27	4.04747	1	27	0	0	0	0.759955	0.758063	0.761883	0.759954	0.75822	0.761537	0.759955	0.758063	0.761883	0.759954	0.75822	0.761537	1	1	5.03227	
4.05835	1	27	4.05259	1	27	4.05261	1	27	0	0	0	0.764954	0.763273	0.766787	0.764952	0.761217	0.767957	0.764954	0.763273	0.766787	0.764952	0.761217	0.767957	1	1	5.0373	
4.06912	1	25	4.06305	1	25	4.06306	1	25	0	0	0	0.76996	0.76815	0.77165	0.769958	0.766143	0.772283	0.76996	0.76815	0.77165	0.769958	0.766143	0.772283	1	1	5.04768	
4.0807	1	25	4.07425	1	25	4.07427	1	25	0	0	0	0.774975	0.773037	0.77671	0.774974	0.77253	0.778057	0.774975	0.773037	0.77671	0.774974	0.77253	0.778057	1	1	5.05872	
4.08884	1	26	4.08183	1	26	4.08183	1	26	0	0	0	0.779928	0.778267	0.781573	0.779926	0.777387	0.782913	0.779928	0.778267	0.781573	0.779926	0.777387	0.782913	1	1	5.06592	
4.09599	1	26	4.08866	1	26	4.08867	1	26	0	0	0	0.784889	0.78316	0.786483	0.784889	0.782053	0.787197	0.784889	0.78316	0.786483	0.784889	0.782053	0.787197	1	1	5.07277	
4.10525	1	26	4.09734	1	26	4.09735	1	26	0	0	0	0.78992	0.788153	0.79163	0.78992	0.78772	0.791273	0.78992	0.788153	0.79163	0.78992	0.78772	0.791273	1	1	5.08132	
4.11717	1	26	4.10868	1	26	4.10868	1	26	0	0	0	0.794933	0.793113	0.79685	0.794934	0.792883	0.79727	0.794933	0.793113	0.79685	0.794934	0.792883	0.79727	1	1	5.09243	
4.12646	1	27	4.11739	1	27	4.11742	1	27	0	0	0	0.799949	0.798187	0.801953	0.799949	0.79546	0.80198	0.799949	0.798187	0.801953	0.799949	0.79546	0.80198	1	1	5.10102	
4.13577	1	25	4.12575	1	25	4.12577	1	25	0	0	0	0.804948	0.803067	0.80698	0.804947	0.802813	0.807433	0.804948	0.803067	0.80698	0.804947	0.802813	0.807433	1	1	5.10922	
4.1462	1	27	4.13593	1	27	4.13593	1	27	0	0	0	0.80994	0.80802	0.811817	0.809938	0.8075	0.813227	0.80994	0.80802	0.811817	0.809938	0.8075	0.813227	1	1	5.11942	
4.15558	1	28	4.14473	1	28	4.14475	1	28	0	0	0	0.814959	0.81325	0.81644	0.814958	0.812853	0.81725	0.814959	0.81325	0.81644	0.814958	0.812853	0.81725	1	1	5.12787	
4.17074	1	28	4.15868	1	28	4.15869	1	28	0	0	0	0.81996	0.81835	0.82127	0.81996	0.818133	0.82143	0.81996	0.81835	0.82127	0.81996	0.818133	0.82143	1	1	5.14179	
4.17683	1	27	4.16426	1	27	4.16429	1	27	0	0	0	0.825002	0.823473	0.826163	0.825003	0.82247	0.82818	0.825002	0.823473	0.826163	0.825003	0.82247	0.82818	1	1	5.1471	
4.18713	1	27	4.1737	1	27	4.17368	1	27	0	0	0	0.829987	0.82835	0.831263	0.829986	0.827417	0.833643	0.829987	0.82835	0.831263	0.829986	0.827417	0.833643	1	1	5.15631	
4.20122	1	29	4.18683	1	29	4.18687	1	29	0	0	0	0.835007	0.833347	0.836293	0.835008	0.831483	0.837923	0.835007	0.833347	0.836293	0.835008	0.831483	0.837923	1	1	5.1694	
4.21228	1	30	4.19663	1	30	4.19667	1	30	0	0	0	0.84	0.838343	0.84134	0.839998	0.838267	0.843157	0.84	0.838343	0.84134	0.839998	0.838267	0.843157	1	1	5.17909	
4.22354	1	27	4.20673	1	27	4.20673	1	27	0	0	0	0.844985	0.843337	0.846163	0.844982	0.842063	0.84851	0.844985	0.843337	0.846163	0.844982	0.842063	0.84851	1	1	5.18884	
4.23483	1	29	4.21695	1	29	4.21696	1	29	0	0	0	0.849982	0.84841	0.851453	0.84998	0.845453	0.852497	0.849982	0.84841	0.851453	0.84998	0.845453	0.852497	1	1	5.19911	
4.24346	1	27	4.22446	1	27	4.22449	1	27	0	0	0	0.85502	0.85363	0.856407	0.85502	0.84967	0.858643	0.85502	0.85363	0.856407	0.85502	0.84967	0.858643	1	1	5.20635	
4.2583	1	28	4.23717	1	28	4.23718	1	28	0	0	0	0.860068	0.858627	0.861577	0.860068	0.858017	0.863057	0.860068	0.858627	0.861577	0.860068	0.858017	0.863057	1	1	5.21882	
4.2672	1	29	4.24411	1	29	4.24411	1	29	0	0	0	0.865001	0.863553	0.866453	0.865004	0.86202	0.8683	0.865001	0.863553	0.866453	0.865004	0.86202	0.8683	1	1	5.22571	
4.27985	1	26	4.25511	1	26	4.25513	1	26	0	0	0	0.869953	0.86868	0.871253	0.869953	0.86742	0.873447	0.869953	0.86868	0.871253	0.869953	0.86742	0.873447	1	1	5.23641	
4.29448	1	35	4.26795	1	35	4.26796	1	35	0	0	0	0.874931	0.873617	0.875907	0.874929	0.872697	0.876893	0.874931	0.873617	0.875907	0.874929	0.872697	0.876893	1	1	5.24932	
4.30744	1	29	4.27835	1	29	4.27836	1	29	0	0	0	0.879909	0.87865	0.881057	0.879914	0.877243	0.882047	0.879909	0.87865	0.881057	0.879914	0.877243	0.882047	1	1	5.25928	
4.32347	1	28	4.29246	1	28	4.29248	1	28	0	0	0	0.884859	0.883567	0.886037	0.884857	0.882673	0.887297	0.884859	0.883567	0.886037	0.884857	0.882673	0.887297	1	1	5.27362	
4.33824	1	27	4.30332	1	27	4.30336	1	27	0	0	0	0.889908	0.88883	0.890943	0.889908	0.886913	0.8925	0.889908	0.88883	0.890943	0.889908	0.886913	0.8925	1	1	5.28397	
4.35188	1	34	4.31472	1	34	4.31474	1	34	0	0	0	0.894956	0.8941	0.896027	0.894958	0.893503	0.8966	0.894956	0.8941	0.896027	0.894958	0.893503	0.8966	1	1	5.29553	
4.36525	1	31	4.32438	1	31	4.3244	1	31	0	0	0	0.899986	0.899097	0.901433	0.89999	0.897047	0.90281	0.899986	0.899097	0.901433	0.89999	0.897047	0.90281	1	1	5.3049	
4.37892	1	27	4.33298	1	27	4.33304	1	27	0	0	0	0.904927	0.90416	0.906277	0.904927	0.900683	0.90783	0.904927	0.90416	0.906277	0.904927	0.900683	0.90783	1	1	5.31303	
4.39729	1	29	4.34709	1	29	4.34713	1	29	0	0	0	0.9099	0.90917	0.91104	0.909909	0.907403	0.91198	0.9099	0.90917	0.91104	0.909909	0.907403	0.91198	1	1	5.32687	
4.41064	1	28	4.35691	1	28	4.35692	1	28	0	0	0	0.9149	0.9142	0.91601	0.914906	0.911303	0.91766	0.9149	0.9142	0.91601	0.914906	0.911303	0.91766	1	1	5.3368	
4.43294	1	29	4.37119	1	29	4.37122	1	29	0	0	0	0.919954	0.919297	0.921063	0.919946	0.917317	0.923467	0.919954	0.919297	0.921063	0.919946	0.917317	0.923467	1	1	5.3505	
4.4491	1	34	4.3805	1	33	4.38053	1	33	0	0	0	0.924994	0.924277	0.92607	0.924988	0.922497	0.928713	0.924994	0.924277	0.92607	0.924988	0.922497	0.928713	1	1	5.35973	
4.47053	1	31	4.39459	1	31	4.39465	1	31	0	0	0	0.930026	0.929227	0.931047	0.930028	0.927803	0.931747	0.930026	0.929227	0.931047	0.930028	0.927803	0.931747	1	1	5.37394	
4.49083	1	30	4.40314	1	30	4.40315	1	30	0	0	0	0.935013	0.934263	0.936077	0.935017	0.93157	0.93888	0.935013	0.934263	0.936077	0.935017	0.93157	0.93888	1	1	5.38244	
4.51639	1	30	4.41647	1	30	4.41649	1	30	0	0	0	0.940029	0.939147	0.941117	0.940044	0.936547	0.94463	0.940029	0.939147	0.941117	0.940044	0.936547	0.94463	1	1	5.39533	
4.54502	1	30	4.43031	1	30	4.43036	1	30	0	0	0	0.945005	0.944133	0.946007	0.94501	0.941373	0.947937	0.945005	0.944133	0.946007	0.94501	0.941373	0.947937	1	1	5.40887	
4.57271	1	30	4.43912	1	30	4.43913	1	30	0	0	0	0.949992	0.94902	0.950757	0.950003	0.946827	0.952877	0.949992	0.94902	0.950757	0.950003	0.946827	0.952877	1	1	5.4177	
4.6099	1	30	4.45217	1	30	4.45221	1	30	0	0	0	0.954993	0.95422	0.955827	0.955004	0.949323	0.957713	0.954993	0.95422	0.955827	0.955004	0.949323	0.957713	1	1	5.43064	
4.66112	1	35	4.46748	1	35	4.46746	1	35	0	0	0	0.96001	0.959347	0.96071	0.960017	0.956653	0.96311	0.96001	0.959347	0.96071	0.960017	0.956653	0.96311	1	1	5.44563	
4.72954	1	31	4.48099	1	31	4.48104	1	31	0	0	0	0.965087	0.964467	0.965803	0.96509	0.96215	0.96805	0.965087	0.964467	0.965803	0.96509	0.96215	0.96805	1	1	5.45893	
4.82653	1	30	4.49425	1	30	4.49427	1	30	0	0	0	0.970102	0.96949	0.970793	0.970097	0.966037	0.975177	0.970102	0.96949	0.970793	0.970097	0.966037	0.975177	1	1	5.47159	
4.97057	1	32	4.50909	1	32	4.50912	1	32	0	0	0	0.975118	0.97452	0.97568	0.975111	0.973163	0.977153	0.975118	0.97452	0.97568	0.975111	0.973163	0.977153	1	1	5.48646	
5.3578	1	34	4.51908	1	30	4.5191	1	30	0	0	0	0.98008	0.97959	0.98065	0.98009	0.976743	0.98333	0.98008	0.97959	0.98065	0.98009	0.976743	0.98333	1	1	5.49621	
30.5644	1	495	4.54223	1	39	4.54223	1	39	0	0	0	0.98505	0.984815	0.985433	0.985012	0.983532	0.988308	0.98505	0.984815	0.985433	0.985012	0.983532	0.988308	1	1	5.519	
375.143	1	4852	4.56431	1	52	4.5637	1	52	0	0	0	0.990055	0.989834	0.990414	0.989492	0.987824	0.991394	0.990055	0.989834	0.990414	0.989492	0.987824	0.991394	1	1	5.54083	
