3.44406	1	10	3.44302	1	10	3.443	1	10	0	0	0	0.00503313	0.00484667	0.00526333	0.00503292	0.00477	0.00526333	0.00503313	0.00484667	0.00526333	0.00503292	0.00477	0.00526333	1	1	4.4429	
3.43382	1	12	3.43151	1	12	3.43151	1	12	0	0	0	0.0100071	0.00978667	0.01026	0.0100067	0.00976333	0.01022	0.0100071	0.00978667	0.01026	0.0100067	0.00976333	0.01022	1	1	4.4314	
3.4435	1	12	3.43974	1	12	3.43973	1	12	0	0	0	0.0149985	0.01468	0.0154533	0.0149981	0.0145	0.0155433	0.0149985	0.01468	0.0154533	0.0149981	0.0145	0.0155433	1	1	4.4395	
3.43264	1	12	3.42798	1	12	3.42796	1	12	0	0	0	0.019986	0.0196467	0.0205267	0.0199858	0.0195333	0.0206	0.019986	0.0196467	0.0205267	0.0199858	0.0195333	0.0206	1	1	4.42781	
3.42995	1	12	3.42381	1	12	3.4238	1	12	0	0	0	0.0249837	0.0245867	0.0255	0.0249837	0.02443	0.0254367	0.0249837	0.0245867	0.0255	0.0249837	0.02443	0.0254367	1	1	4.42361	
3.43919	1	12	3.43191	1	12	3.43191	1	12	0	0	0	0.0300242	0.0296033	0.03046	0.0300242	0.0295367	0.03045	0.0300242	0.0296033	0.03046	0.0300242	0.0295367	0.03045	1	1	4.43155	
3.44402	1	13	3.43529	1	13	3.43529	1	13	0	0	0	0.0350258	0.0346	0.0353167	0.0350256	0.0339667	0.03555	0.0350258	0.0346	0.0353167	0.0350256	0.0339667	0.03555	1	1	4.43493	
3.44431	1	13	3.43376	1	12	3.43373	1	12	0	0	0	0.0400277	0.0394067	0.04053	0.0400275	0.0392733	0.0404067	0.0400277	0.0394067	0.04053	0.0400275	0.0392733	0.0404067	1	1	4.43322	
3.44245	1	16	3.4309	1	16	3.43087	1	16	0	0	0	0.0450169	0.04435	0.0456767	0.0450169	0.0446033	0.0457133	0.0450169	0.04435	0.0456767	0.0450169	0.0446033	0.0457133	1	1	4.43046	
3.44457	1	13	3.43102	1	13	3.431	1	13	0	0	0	0.0499998	0.0493933	0.0506733	0.0499998	0.0493033	0.0504067	0.0499998	0.0493933	0.0506733	0.0499998	0.0493033	0.0504067	1	1	4.43046	
3.45129	1	14	3.43597	1	14	3.43596	1	14	0	0	0	0.0550015	0.0543467	0.0556	0.0550008	0.0542733	0.0558833	0.0550015	0.0543467	0.0556	0.0550008	0.0542733	0.0558833	1	1	4.43529	
3.44402	1	13	3.42767	1	13	3.42768	1	13	0	0	0	0.0599671	0.05932	0.0604033	0.0599667	0.0592633	0.0608033	0.0599671	0.05932	0.0604033	0.0599667	0.0592633	0.0608033	1	1	4.42685	
3.45305	1	14	3.43549	1	13	3.43552	1	13	0	0	0	0.0650215	0.0643533	0.06553	0.0650213	0.0642667	0.0657867	0.0650215	0.0643533	0.06553	0.0650213	0.0642667	0.0657867	1	1	4.43474	
3.4516	1	16	3.43213	1	16	3.43216	1	16	0	0	0	0.0699788	0.0690033	0.07044	0.0699788	0.06901	0.0708333	0.0699788	0.0690033	0.07044	0.0699788	0.06901	0.0708333	1	1	4.43129	
3.4545	1	14	3.43335	1	14	3.43335	1	14	0	0	0	0.0749758	0.07389	0.0755633	0.0749756	0.0738967	0.0759467	0.0749758	0.07389	0.0755633	0.0749756	0.0738967	0.0759467	1	1	4.43242	
3.46255	1	16	3.43943	1	16	3.43942	1	16	0	0	0	0.0799906	0.0788467	0.0806333	0.0799908	0.07907	0.0804367	0.0799906	0.0788467	0.0806333	0.0799908	0.07907	0.0804367	1	1	4.43846	
3.46254	1	15	3.43794	1	15	3.43796	1	15	0	0	0	0.0850135	0.0838667	0.08573	0.0850137	0.08422	0.08575	0.0850135	0.0838667	0.08573	0.0850137	0.08422	0.08575	1	1	4.43681	
3.46493	1	16	3.43823	1	16	3.43825	1	16	0	0	0	0.0900252	0.0889933	0.09087	0.090025	0.0889433	0.0910333	0.0900252	0.0889933	0.09087	0.090025	0.0889433	0.0910333	1	1	4.43707	
3.47223	1	16	3.44365	1	16	3.44367	1	16	0	0	0	0.09501	0.0940767	0.0960067	0.09501	0.09391	0.09565	0.09501	0.0940767	0.0960067	0.09501	0.09391	0.09565	1	1	4.44233	
3.46946	1	16	3.43954	1	16	3.43955	1	16	0	0	0	0.100001	0.0991267	0.101043	0.100001	0.09864	0.101073	0.100001	0.0991267	0.101043	0.100001	0.09864	0.101073	1	1	4.43818	
3.47657	1	16	3.44395	1	16	3.44399	1	16	0	0	0	0.105056	0.104223	0.10609	0.105057	0.104383	0.10579	0.105056	0.104223	0.10609	0.105057	0.104383	0.10579	1	1	4.44261	
3.47483	1	16	3.441	1	16	3.44104	1	16	0	0	0	0.110075	0.109163	0.111127	0.110075	0.108977	0.110777	0.110075	0.109163	0.111127	0.110075	0.108977	0.110777	1	1	4.43954	
3.47942	1	15	3.44323	1	15	3.44322	1	15	0	0	0	0.115058	0.11411	0.115987	0.115057	0.114547	0.115937	0.115058	0.11411	0.115987	0.115057	0.114547	0.115937	1	1	4.44166	
3.48187	1	17	3.44355	1	17	3.44356	1	17	0	0	0	0.120091	0.11904	0.120967	0.120091	0.119447	0.120737	0.120091	0.11904	0.120967	0.120091	0.119447	0.120737	1	1	4.44191	
3.48928	1	18	3.4481	1	16	3.4481	1	16	0	0	0	0.125086	0.124113	0.12595	0.125086	0.123553	0.126257	0.125086	0.124113	0.12595	0.125086	0.123553	0.126257	1	1	4.44637	
3.49249	1	16	3.45012	1	16	3.45011	1	16	0	0	0	0.130036	0.129193	0.130967	0.130036	0.128823	0.1316	0.130036	0.129193	0.130967	0.130036	0.128823	0.1316	1	1	4.44836	
3.49422	1	16	3.44874	1	16	3.44876	1	16	0	0	0	0.135046	0.134153	0.13592	0.135047	0.13368	0.135887	0.135046	0.134153	0.13592	0.135047	0.13368	0.135887	1	1	4.44683	
3.50025	1	20	3.45273	1	20	3.45273	1	20	0	0	0	0.140089	0.13911	0.141013	0.140088	0.13858	0.140937	0.140089	0.13911	0.141013	0.140088	0.13858	0.140937	1	1	4.45086	
3.50643	1	19	3.45629	1	19	3.45629	1	19	0	0	0	0.1451	0.144033	0.146127	0.1451	0.143907	0.14607	0.1451	0.144033	0.146127	0.1451	0.143907	0.14607	1	1	4.4543	
3.50861	1	21	3.45605	1	20	3.45605	1	20	0	0	0	0.150073	0.149	0.151137	0.150073	0.148943	0.15102	0.150073	0.149	0.151137	0.150073	0.148943	0.15102	1	1	4.45404	
3.51643	1	19	3.46124	1	19	3.46125	1	19	0	0	0	0.155095	0.153887	0.156357	0.155096	0.154273	0.156363	0.155095	0.153887	0.156357	0.155096	0.154273	0.156363	1	1	4.45899	
3.51794	1	19	3.45961	1	19	3.45962	1	19	0	0	0	0.160132	0.15898	0.161417	0.16013	0.159163	0.161623	0.160132	0.15898	0.161417	0.16013	0.159163	0.161623	1	1	4.45737	
3.52186	1	20	3.46185	1	20	3.46187	1	20	0	0	0	0.165184	0.164157	0.166407	0.165183	0.163723	0.16639	0.165184	0.164157	0.166407	0.165183	0.163723	0.16639	1	1	4.45956	
3.52731	1	18	3.46378	1	17	3.46379	1	17	0	0	0	0.17018	0.169217	0.171373	0.17018	0.168517	0.1711	0.17018	0.169217	0.171373	0.17018	0.168517	0.1711	1	1	4.46142	
3.53372	1	19	3.46663	1	19	3.46663	1	19	0	0	0	0.175217	0.174063	0.17638	0.175216	0.17341	0.175923	0.175217	0.174063	0.17638	0.175216	0.17341	0.175923	1	1	4.46413	
3.53724	1	22	3.46797	1	22	3.46797	1	22	0	0	0	0.180281	0.178947	0.181643	0.18028	0.179187	0.181073	0.180281	0.178947	0.181643	0.18028	0.179187	0.181073	1	1	4.46529	
3.54207	1	18	3.46954	1	18	3.46954	1	18	0	0	0	0.185281	0.183897	0.18673	0.18528	0.184033	0.186257	0.185281	0.183897	0.18673	0.18528	0.184033	0.186257	1	1	4.46683	
3.54703	1	20	3.47059	1	20	3.47058	1	20	0	0	0	0.190259	0.188923	0.191553	0.190258	0.188867	0.19141	0.190259	0.188923	0.191553	0.190258	0.188867	0.19141	1	1	4.46773	
3.55565	1	21	3.47556	1	21	3.47558	1	21	0	0	0	0.195212	0.193857	0.196627	0.195212	0.19437	0.196293	0.195212	0.193857	0.196627	0.195212	0.19437	0.196293	1	1	4.47259	
3.56081	1	21	3.47791	1	20	3.47791	1	20	0	0	0	0.200214	0.198957	0.201677	0.200214	0.198663	0.202257	0.200214	0.198957	0.201677	0.200214	0.198663	0.202257	1	1	4.47469	
3.5656	1	21	3.47896	1	19	3.47896	1	19	0	0	0	0.205177	0.203887	0.206603	0.205178	0.204123	0.20641	0.205177	0.203887	0.206603	0.205178	0.204123	0.20641	1	1	4.47586	
3.57139	1	20	3.48082	1	20	3.48082	1	20	0	0	0	0.210146	0.208837	0.211633	0.210146	0.20856	0.211453	0.210146	0.208837	0.211633	0.210146	0.20856	0.211453	1	1	4.47754	
3.57906	1	23	3.48546	1	23	3.48547	1	23	0	0	0	0.215114	0.21374	0.216803	0.215113	0.21379	0.21642	0.215114	0.21374	0.216803	0.215113	0.21379	0.21642	1	1	4.48206	
3.58802	1	24	3.48956	1	23	3.48955	1	23	0	0	0	0.220136	0.218777	0.221903	0.220135	0.21884	0.22148	0.220136	0.218777	0.221903	0.220135	0.21884	0.22148	1	1	4.48605	
3.58923	1	21	3.48746	1	21	3.48747	1	21	0	0	0	0.225164	0.223753	0.22687	0.225164	0.22336	0.226567	0.225164	0.223753	0.22687	0.225164	0.22336	0.226567	1	1	4.48379	
3.59466	1	23	3.48938	1	23	3.48937	1	23	0	0	0	0.230132	0.228897	0.231807	0.230131	0.229393	0.231343	0.230132	0.228897	0.231807	0.230131	0.229393	0.231343	1	1	4.48563	
3.60413	1	22	3.49421	1	20	3.49421	1	20	0	0	0	0.235071	0.23388	0.236817	0.235071	0.23378	0.23716	0.235071	0.23388	0.236817	0.235071	0.23378	0.23716	1	1	4.49034	
3.61019	1	21	3.49614	1	20	3.49616	1	20	0	0	0	0.24003	0.238713	0.241923	0.24003	0.23878	0.241287	0.24003	0.238713	0.241923	0.24003	0.23878	0.241287	1	1	4.49218	
3.61649	1	21	3.49762	1	20	3.49762	1	20	0	0	0	0.24505	0.243763	0.246913	0.24505	0.24349	0.24627	0.24505	0.243763	0.246913	0.24505	0.24349	0.24627	1	1	4.49353	
3.62333	1	22	3.50029	1	22	3.50029	1	22	0	0	0	0.249962	0.248783	0.251893	0.249962	0.24861	0.251293	0.249962	0.248783	0.251893	0.249962	0.24861	0.251293	1	1	4.49601	
3.63414	1	22	3.50382	1	21	3.50381	1	21	0	0	0	0.254964	0.253697	0.25695	0.254964	0.253813	0.256057	0.254964	0.253697	0.25695	0.254964	0.253813	0.256057	1	1	4.49947	
3.64061	1	21	3.50644	1	20	3.50646	1	20	0	0	0	0.259973	0.258533	0.26183	0.259974	0.258303	0.261577	0.259973	0.258533	0.26183	0.259974	0.258303	0.261577	1	1	4.50193	
3.65058	1	22	3.5114	1	22	3.51142	1	22	0	0	0	0.265002	0.263803	0.266847	0.265002	0.263567	0.26736	0.265002	0.263803	0.266847	0.265002	0.263567	0.26736	1	1	4.50686	
3.66077	1	22	3.51423	1	22	3.51424	1	22	0	0	0	0.270024	0.268843	0.271843	0.270025	0.267803	0.271687	0.270024	0.268843	0.271843	0.270025	0.267803	0.271687	1	1	4.50957	
3.66857	1	24	3.51717	1	20	3.51718	1	20	0	0	0	0.275018	0.273793	0.276993	0.275018	0.273443	0.276	0.275018	0.273793	0.276993	0.275018	0.273443	0.276	1	1	4.51235	
3.67487	1	24	3.51743	1	21	3.51744	1	21	0	0	0	0.28004	0.27887	0.282073	0.280041	0.27869	0.281673	0.28004	0.27887	0.282073	0.280041	0.27869	0.281673	1	1	4.51254	
3.68517	1	21	3.52112	1	20	3.52112	1	20	0	0	0	0.285015	0.283613	0.287233	0.285016	0.283643	0.286497	0.285015	0.283613	0.287233	0.285016	0.283643	0.286497	1	1	4.51595	
3.69558	1	24	3.52484	1	24	3.52485	1	24	0	0	0	0.290035	0.288733	0.29204	0.290035	0.28809	0.292737	0.290035	0.288733	0.29204	0.290035	0.28809	0.292737	1	1	4.51951	
3.70513	1	27	3.52837	1	27	3.52838	1	27	0	0	0	0.295025	0.29379	0.29713	0.295025	0.293187	0.296683	0.295025	0.29379	0.29713	0.295025	0.293187	0.296683	1	1	4.52314	
3.71795	1	27	3.53287	1	24	3.53287	1	24	0	0	0	0.300039	0.298713	0.302297	0.300039	0.298987	0.301437	0.300039	0.298713	0.302297	0.300039	0.298987	0.301437	1	1	4.52723	
3.72791	1	23	3.53539	1	23	3.5354	1	23	0	0	0	0.305055	0.303653	0.30702	0.305055	0.303087	0.30794	0.305055	0.303653	0.30702	0.305055	0.303087	0.30794	1	1	4.52957	
3.73757	1	24	3.53753	1	23	3.53756	1	23	0	0	0	0.310057	0.30852	0.311997	0.310057	0.308787	0.311177	0.310057	0.30852	0.311997	0.310057	0.308787	0.311177	1	1	4.53169	
3.75103	1	24	3.54185	1	22	3.54185	1	22	0	0	0	0.315019	0.31352	0.316983	0.315019	0.312953	0.316487	0.315019	0.31352	0.316983	0.315019	0.312953	0.316487	1	1	4.53573	
3.7603	1	28	3.54323	1	24	3.54325	1	24	0	0	0	0.319978	0.318463	0.32199	0.319978	0.31872	0.3211	0.319978	0.318463	0.32199	0.319978	0.31872	0.3211	1	1	4.5371	
3.77321	1	23	3.54954	1	23	3.54954	1	23	0	0	0	0.324963	0.323313	0.327123	0.324963	0.32322	0.327867	0.324963	0.323313	0.327123	0.324963	0.32322	0.327867	1	1	4.54328	
3.78708	1	25	3.55208	1	24	3.55209	1	24	0	0	0	0.329995	0.328247	0.33219	0.329996	0.327947	0.332503	0.329995	0.328247	0.33219	0.329996	0.327947	0.332503	1	1	4.54547	
3.80086	1	27	3.55747	1	27	3.55748	1	27	0	0	0	0.33498	0.33312	0.3371	0.334981	0.33286	0.33657	0.33498	0.33312	0.3371	0.334981	0.33286	0.33657	1	1	4.55078	
3.81215	1	27	3.55789	1	27	3.55789	1	27	0	0	0	0.339973	0.33812	0.342147	0.339973	0.33869	0.34128	0.339973	0.33812	0.342147	0.339973	0.33869	0.34128	1	1	4.5512	
3.82519	1	27	3.56123	1	27	3.56123	1	27	0	0	0	0.344971	0.343307	0.34728	0.344971	0.343497	0.346177	0.344971	0.343307	0.34728	0.344971	0.343497	0.346177	1	1	4.55429	
3.84152	1	28	3.56644	1	28	3.56646	1	28	0	0	0	0.350014	0.348253	0.352393	0.350014	0.348173	0.35127	0.350014	0.348253	0.352393	0.350014	0.348173	0.35127	1	1	4.55912	
3.85753	1	30	3.57068	1	30	3.57069	1	30	0	0	0	0.354954	0.353173	0.35734	0.354955	0.353103	0.356633	0.354954	0.353173	0.35734	0.354955	0.353103	0.356633	1	1	4.56317	
3.87481	1	32	3.5749	1	32	3.5749	1	32	0	0	0	0.35996	0.358467	0.362383	0.35996	0.358743	0.362297	0.35996	0.358467	0.362383	0.35996	0.358743	0.362297	1	1	4.56718	
3.88938	1	28	3.57863	1	28	3.57862	1	28	0	0	0	0.364936	0.363493	0.36731	0.364937	0.363263	0.367587	0.364936	0.363493	0.36731	0.364937	0.363263	0.367587	1	1	4.5708	
3.90043	1	29	3.57854	1	28	3.57854	1	28	0	0	0	0.369959	0.36853	0.372257	0.36996	0.36756	0.37172	0.369959	0.36853	0.372257	0.36996	0.36756	0.37172	1	1	4.57061	
3.92184	1	28	3.58644	1	28	3.58645	1	28	0	0	0	0.374922	0.373217	0.377313	0.374922	0.373707	0.37643	0.374922	0.373217	0.377313	0.374922	0.373707	0.37643	1	1	4.57838	
3.93979	1	28	3.58717	1	27	3.58718	1	27	0	0	0	0.379929	0.378367	0.382327	0.379929	0.378187	0.38148	0.379929	0.378367	0.382327	0.379929	0.378187	0.38148	1	1	4.57876	
3.96182	1	38	3.59408	1	36	3.59408	1	36	0	0	0	0.384977	0.38334	0.387293	0.384977	0.382663	0.386233	0.384977	0.38334	0.387293	0.384977	0.382663	0.386233	1	1	4.58551	
3.98279	1	31	3.59916	1	30	3.59916	1	30	0	0	0	0.389953	0.388323	0.392323	0.389953	0.387997	0.392257	0.389953	0.388323	0.392323	0.389953	0.387997	0.392257	1	1	4.5903	
4.00302	1	30	3.60093	1	28	3.60094	1	28	0	0	0	0.39501	0.39345	0.39733	0.395011	0.393097	0.396943	0.39501	0.39345	0.39733	0.395011	0.393097	0.396943	1	1	4.59175	
4.02614	1	31	3.60619	1	27	3.60621	1	27	0	0	0	0.400027	0.398437	0.40228	0.400028	0.39845	0.40218	0.400027	0.398437	0.40228	0.400028	0.39845	0.40218	1	1	4.59693	
4.04658	1	32	3.60859	1	32	3.60859	1	32	0	0	0	0.405089	0.4035	0.407143	0.405091	0.403473	0.406787	0.405089	0.4035	0.407143	0.405091	0.403473	0.406787	1	1	4.59896	
4.07351	1	29	3.61439	1	28	3.6144	1	28	0	0	0	0.410107	0.408143	0.412367	0.410108	0.408667	0.41229	0.410107	0.408143	0.412367	0.410108	0.408667	0.41229	1	1	4.60451	
4.10044	1	35	3.61987	1	28	3.61988	1	28	0	0	0	0.415085	0.41318	0.417193	0.415085	0.413837	0.4176	0.415085	0.41318	0.417193	0.415085	0.413837	0.4176	1	1	4.60995	
4.12398	1	30	3.62259	1	28	3.62259	1	28	0	0	0	0.420099	0.418263	0.422237	0.4201	0.417757	0.421547	0.420099	0.418263	0.422237	0.4201	0.417757	0.421547	1	1	4.61241	
4.15034	1	35	3.62831	1	27	3.62832	1	27	0	0	0	0.425086	0.423197	0.427313	0.425086	0.422957	0.428213	0.425086	0.423197	0.427313	0.425086	0.422957	0.428213	1	1	4.61787	
4.18048	1	30	3.63351	1	29	3.63352	1	29	0	0	0	0.4301	0.428197	0.43227	0.430099	0.42772	0.432257	0.4301	0.428197	0.43227	0.430099	0.42772	0.432257	1	1	4.62254	
4.21643	1	37	3.6383	1	37	3.6383	1	37	0	0	0	0.435068	0.433283	0.437193	0.435067	0.432847	0.43715	0.435068	0.433283	0.437193	0.435067	0.432847	0.43715	1	1	4.62721	
4.24661	1	36	3.64138	1	27	3.64139	1	27	0	0	0	0.440064	0.438063	0.442123	0.440062	0.438137	0.442003	0.440064	0.438063	0.442123	0.440062	0.438137	0.442003	1	1	4.6302	
4.28055	1	32	3.64819	1	28	3.64819	1	28	0	0	0	0.445103	0.443103	0.44721	0.4451	0.443363	0.44619	0.445103	0.443103	0.44721	0.4451	0.443363	0.44619	1	1	4.63676	
4.31882	1	36	3.6509	1	28	3.6509	1	28	0	0	0	0.45006	0.44807	0.452117	0.450059	0.447753	0.451517	0.45006	0.44807	0.452117	0.450059	0.447753	0.451517	1	1	4.63921	
4.35861	1	38	3.65697	1	35	3.657	1	35	0	0	0	0.45518	0.453163	0.45733	0.455179	0.452843	0.45903	0.45518	0.453163	0.45733	0.455179	0.452843	0.45903	1	1	4.64476	
4.40547	1	41	3.66328	1	30	3.66328	1	30	0	0	0	0.460153	0.458033	0.462353	0.460153	0.457887	0.461827	0.460153	0.458033	0.462353	0.460153	0.457887	0.461827	1	1	4.65095	
4.45156	1	35	3.66834	1	29	3.66834	1	29	0	0	0	0.465124	0.463133	0.467567	0.46512	0.463983	0.466697	0.465124	0.463133	0.467567	0.46512	0.463983	0.466697	1	1	4.65557	
4.50002	1	40	3.67477	1	32	3.67478	1	32	0	0	0	0.47014	0.46793	0.472587	0.470137	0.468073	0.472463	0.47014	0.46793	0.472587	0.470137	0.468073	0.472463	1	1	4.66159	
4.54668	1	35	3.67869	1	29	3.6787	1	29	0	0	0	0.475105	0.472893	0.477557	0.475104	0.47382	0.476003	0.475105	0.472893	0.477557	0.475104	0.47382	0.476003	1	1	4.66497	
4.6065	1	37	3.68424	1	35	3.68425	1	35	0	0	0	0.480154	0.478047	0.48266	0.480154	0.478503	0.48283	0.480154	0.478047	0.48266	0.480154	0.478503	0.48283	1	1	4.67048	
4.66352	1	38	3.68883	1	30	3.68885	1	30	0	0	0	0.485161	0.483107	0.48742	0.485159	0.483257	0.488897	0.485161	0.483107	0.48742	0.485159	0.483257	0.488897	1	1	4.67461	
4.7352	1	41	3.69639	1	32	3.69638	1	32	0	0	0	0.490162	0.488077	0.492193	0.490159	0.488147	0.49196	0.490162	0.488077	0.492193	0.490159	0.488147	0.49196	1	1	4.68172	
4.80212	1	43	3.70145	1	35	3.70146	1	35	0	0	0	0.49515	0.49298	0.497327	0.49515	0.493447	0.49785	0.49515	0.49298	0.497327	0.49515	0.493447	0.49785	1	1	4.68629	
4.88059	1	44	3.7083	1	32	3.7083	1	32	0	0	0	0.500193	0.498007	0.50225	0.500192	0.498187	0.502903	0.500193	0.498007	0.50225	0.500192	0.498187	0.502903	1	1	4.69273	
4.96946	1	43	3.71031	1	33	3.71032	1	33	0	0	0	0.505152	0.50293	0.507137	0.505151	0.502793	0.507487	0.505152	0.50293	0.507137	0.505151	0.502793	0.507487	1	1	4.69451	
5.05543	1	54	3.71815	1	37	3.71816	1	37	0	0	0	0.510164	0.50804	0.512417	0.510162	0.508777	0.512277	0.510164	0.50804	0.512417	0.510162	0.508777	0.512277	1	1	4.70178	
5.16587	1	50	3.7222	1	34	3.72221	1	34	0	0	0	0.515199	0.513037	0.517437	0.515197	0.512883	0.517333	0.515199	0.513037	0.517437	0.515197	0.512883	0.517333	1	1	4.70561	
5.26525	1	55	3.73111	1	30	3.73113	1	30	0	0	0	0.520178	0.51798	0.522423	0.520179	0.517643	0.521817	0.520178	0.51798	0.522423	0.520179	0.517643	0.521817	1	1	4.71386	
5.39703	1	63	3.73579	1	34	3.73581	1	34	0	0	0	0.525159	0.522977	0.527247	0.525158	0.523373	0.527077	0.525159	0.522977	0.527247	0.525158	0.523373	0.527077	1	1	4.71831	
5.53523	1	69	3.74081	1	35	3.74084	1	35	0	0	0	0.530138	0.52793	0.53204	0.530135	0.526693	0.531733	0.530138	0.52793	0.53204	0.530135	0.526693	0.531733	1	1	4.72295	
5.74997	1	69	3.74984	1	36	3.74984	1	36	0	0	0	0.53509	0.53287	0.53698	0.535089	0.53324	0.537787	0.53509	0.53287	0.53698	0.535089	0.53324	0.537787	1	1	4.73113	
5.90631	1	65	3.75199	1	36	3.752	1	36	0	0	0	0.540062	0.537847	0.54189	0.540058	0.538163	0.542033	0.540062	0.537847	0.54189	0.540058	0.538163	0.542033	1	1	4.73311	
6.12173	1	96	3.75941	1	36	3.75942	1	36	0	0	0	0.545019	0.542683	0.546767	0.545018	0.54298	0.546543	0.545019	0.542683	0.546767	0.545018	0.54298	0.546543	1	1	4.73983	
6.36399	1	84	3.76489	1	34	3.76489	1	34	0	0	0	0.550052	0.54768	0.55173	0.550047	0.548087	0.552373	0.550052	0.54768	0.55173	0.550047	0.548087	0.552373	1	1	4.74513	
6.69374	1	104	3.77499	1	46	3.77497	1	46	0	0	0	0.555067	0.552717	0.55697	0.555063	0.552277	0.55799	0.555067	0.552717	0.55697	0.555063	0.552277	0.55799	1	1	4.75403	
7.12502	1	118	3.77983	1	36	3.77983	1	36	0	0	0	0.560037	0.557853	0.562013	0.560041	0.55763	0.562173	0.560037	0.557853	0.562013	0.560041	0.55763	0.562173	1	1	4.75871	
7.72946	1	134	3.7893	1	41	3.78934	1	41	0	0	0	0.565038	0.562847	0.567047	0.565033	0.562773	0.56754	0.565038	0.562847	0.567047	0.565033	0.562773	0.56754	1	1	4.76751	
8.56006	1	160	3.79543	1	36	3.79543	1	36	0	0	0	0.570019	0.567987	0.571877	0.570009	0.567753	0.57165	0.570019	0.567987	0.571877	0.570009	0.567753	0.57165	1	1	4.77263	
9.92757	1	206	3.80107	1	36	3.8011	1	36	0	0	0	0.57499	0.572857	0.57707	0.574985	0.57175	0.577053	0.57499	0.572857	0.57707	0.574985	0.57175	0.577053	1	1	4.77794	
12.1508	1	340	3.80977	1	45	3.80978	1	45	0	0	0	0.579901	0.57859	0.581655	0.5799	0.5774	0.581573	0.579901	0.57859	0.581655	0.5799	0.5774	0.581573	1	1	4.78587	
64.6162	1	1351	3.81817	1	44	3.81817	1	44	0	0	0	0.58485	0.583724	0.585779	0.58487	0.582873	0.586461	0.58485	0.583724	0.585779	0.58487	0.582873	0.586461	1	1	4.79369	
1363.11	1	16221	3.82202	1	45	3.82134	1	45	0	0	0	0.589852	0.58893	0.590746	0.588749	0.587266	0.590793	0.589852	0.58893	0.590746	0.588749	0.587266	0.590793	1	1	4.79711	
