3.86643	1	8	3.86643	1	8	3.86635	1	8	0	0	0	0.00503313	0.00484667	0.00526333	0.00503292	0.00474	0.00532667	0.00503313	0.00484667	0.00526333	0.00503292	0.00474	0.00532667	1	1	4.86626	
3.88029	1	11	3.88029	1	11	3.8803	1	11	0	0	0	0.0100071	0.00978667	0.01026	0.0100067	0.00972667	0.0102167	0.0100071	0.00978667	0.01026	0.0100067	0.00972667	0.0102167	1	1	4.88004	
3.88934	1	11	3.88934	1	11	3.88935	1	11	0	0	0	0.0149985	0.01468	0.0154533	0.0149981	0.01455	0.0153767	0.0149985	0.01468	0.0154533	0.0149981	0.01455	0.0153767	1	1	4.88881	
3.87904	1	11	3.87904	1	11	3.87902	1	11	0	0	0	0.019986	0.0196467	0.0205267	0.019986	0.01963	0.0203633	0.019986	0.0196467	0.0205267	0.019986	0.01963	0.0203633	1	1	4.87833	
3.87443	1	8	3.87443	1	8	3.87443	1	8	0	0	0	0.0249837	0.0245867	0.0255	0.0249837	0.0244133	0.02561	0.0249837	0.0245867	0.0255	0.0249837	0.0244133	0.02561	1	1	4.87366	
3.87473	1	14	3.87473	1	14	3.87471	1	14	0	0	0	0.0300242	0.0296033	0.03046	0.0300242	0.02937	0.0305367	0.0300242	0.0296033	0.03046	0.0300242	0.02937	0.0305367	1	1	4.87396	
3.87629	1	12	3.87628	1	12	3.87626	1	12	0	0	0	0.0350258	0.0346	0.0353167	0.0350256	0.0343267	0.0355167	0.0350258	0.0346	0.0353167	0.0350256	0.0343267	0.0355167	1	1	4.87529	
3.88434	1	14	3.88434	1	14	3.88436	1	14	0	0	0	0.0400277	0.0394067	0.04053	0.0400271	0.0395133	0.0409633	0.0400277	0.0394067	0.04053	0.0400271	0.0395133	0.0409633	1	1	4.88312	
3.87723	1	13	3.87722	1	13	3.87722	1	13	0	0	0	0.0450169	0.04435	0.0456767	0.0450167	0.0445267	0.0454933	0.0450169	0.04435	0.0456767	0.0450167	0.0445267	0.0454933	1	1	4.87588	
3.88361	1	13	3.8836	1	13	3.8836	1	13	0	0	0	0.0499998	0.0493933	0.0506733	0.0499996	0.0495767	0.0504233	0.0499998	0.0493933	0.0506733	0.0499996	0.0495767	0.0504233	1	1	4.88217	
3.88464	1	14	3.88464	1	14	3.88463	1	14	0	0	0	0.0550015	0.0543467	0.0556	0.0550013	0.0546233	0.0554667	0.0550015	0.0543467	0.0556	0.0550013	0.0546233	0.0554667	1	1	4.88293	
3.88398	1	13	3.88397	1	13	3.88401	1	13	0	0	0	0.0599671	0.05932	0.0604033	0.0599669	0.0592767	0.0606833	0.0599671	0.05932	0.0604033	0.0599669	0.0592767	0.0606833	1	1	4.88213	
3.88549	1	14	3.88547	1	14	3.88549	1	14	0	0	0	0.0650215	0.0643533	0.06553	0.0650215	0.0646333	0.0655167	0.0650215	0.0643533	0.06553	0.0650215	0.0646333	0.0655167	1	1	4.88338	
3.88388	1	14	3.88385	1	14	3.88387	1	14	0	0	0	0.0699788	0.0690033	0.07044	0.0699785	0.0694067	0.07074	0.0699788	0.0690033	0.07044	0.0699785	0.0694067	0.07074	1	1	4.88179	
3.88171	1	14	3.8817	1	14	3.88174	1	14	0	0	0	0.0749758	0.07389	0.0755633	0.0749754	0.07421	0.07572	0.0749758	0.07389	0.0755633	0.0749754	0.07421	0.07572	1	1	4.8793	
3.88753	1	14	3.88751	1	14	3.88749	1	14	0	0	0	0.0799906	0.0788467	0.0806333	0.0799906	0.0788733	0.08076	0.0799906	0.0788467	0.0806333	0.0799906	0.0788733	0.08076	1	1	4.88488	
3.88918	1	14	3.88916	1	14	3.88918	1	14	0	0	0	0.0850135	0.0838667	0.08573	0.0850137	0.08426	0.0862667	0.0850135	0.0838667	0.08573	0.0850137	0.08426	0.0862667	1	1	4.88636	
3.88678	1	14	3.88673	1	14	3.88674	1	14	0	0	0	0.0900252	0.0889933	0.09087	0.0900258	0.08898	0.0912333	0.0900252	0.0889933	0.09087	0.0900258	0.08898	0.0912333	1	1	4.88394	
3.88822	1	14	3.88817	1	14	3.88817	1	14	0	0	0	0.09501	0.0940767	0.0960067	0.0950113	0.0943033	0.0958967	0.09501	0.0940767	0.0960067	0.0950113	0.0943033	0.0958967	1	1	4.88523	
3.89152	1	14	3.89147	1	14	3.89146	1	14	0	0	0	0.100001	0.0991267	0.101043	0.100002	0.0992467	0.101063	0.100001	0.0991267	0.101043	0.100002	0.0992467	0.101063	1	1	4.8883	
3.89069	1	14	3.89063	1	14	3.89062	1	14	0	0	0	0.105056	0.104223	0.10609	0.105056	0.104017	0.105933	0.105056	0.104223	0.10609	0.105056	0.104017	0.105933	1	1	4.88714	
3.89145	1	14	3.89139	1	14	3.89141	1	14	0	0	0	0.110075	0.109163	0.111127	0.110075	0.10926	0.111613	0.110075	0.109163	0.111127	0.110075	0.10926	0.111613	1	1	4.88776	
3.88819	1	14	3.88811	1	14	3.88812	1	14	0	0	0	0.115058	0.11411	0.115987	0.115058	0.113773	0.11648	0.115058	0.11411	0.115987	0.115058	0.113773	0.11648	1	1	4.8845	
3.8897	1	14	3.8896	1	14	3.8896	1	14	0	0	0	0.120091	0.11904	0.120967	0.120091	0.118713	0.12087	0.120091	0.11904	0.120967	0.120091	0.118713	0.12087	1	1	4.88571	
3.89341	1	14	3.89333	1	14	3.89333	1	14	0	0	0	0.125086	0.124113	0.12595	0.125086	0.123963	0.126457	0.125086	0.124113	0.12595	0.125086	0.123963	0.126457	1	1	4.88933	
3.8935	1	14	3.8934	1	14	3.89339	1	14	0	0	0	0.130036	0.129193	0.130967	0.130036	0.129183	0.130877	0.130036	0.129193	0.130967	0.130036	0.129183	0.130877	1	1	4.8892	
3.89439	1	14	3.89423	1	14	3.89423	1	14	0	0	0	0.135046	0.134153	0.13592	0.135046	0.133553	0.136007	0.135046	0.134153	0.13592	0.135046	0.133553	0.136007	1	1	4.88967	
3.89349	1	14	3.89333	1	14	3.89336	1	14	0	0	0	0.140089	0.13911	0.141013	0.140089	0.138287	0.141867	0.140089	0.13911	0.141013	0.140089	0.138287	0.141867	1	1	4.88888	
3.89935	1	18	3.89919	1	18	3.89918	1	18	0	0	0	0.1451	0.144033	0.146127	0.1451	0.144033	0.146043	0.1451	0.144033	0.146127	0.1451	0.144033	0.146043	1	1	4.89439	
3.89905	1	14	3.89888	1	14	3.89889	1	14	0	0	0	0.150073	0.149	0.151137	0.150072	0.148823	0.150867	0.150073	0.149	0.151137	0.150072	0.148823	0.150867	1	1	4.89394	
3.89954	1	17	3.89935	1	17	3.89935	1	17	0	0	0	0.155095	0.153887	0.156357	0.155095	0.154227	0.156083	0.155095	0.153887	0.156357	0.155095	0.154227	0.156083	1	1	4.89428	
3.90305	1	14	3.90282	1	14	3.90281	1	14	0	0	0	0.160132	0.15898	0.161417	0.16013	0.159423	0.160683	0.160132	0.15898	0.161417	0.16013	0.159423	0.160683	1	1	4.89761	
3.90085	1	16	3.90061	1	16	3.90061	1	16	0	0	0	0.165184	0.164157	0.166407	0.165183	0.163627	0.166173	0.165184	0.164157	0.166407	0.165183	0.163627	0.166173	1	1	4.89499	
3.90136	1	18	3.9011	1	18	3.90109	1	18	0	0	0	0.17018	0.169217	0.171373	0.17018	0.1695	0.17129	0.17018	0.169217	0.171373	0.17018	0.1695	0.17129	1	1	4.89541	
3.90717	1	19	3.90686	1	19	3.90686	1	19	0	0	0	0.175217	0.174063	0.17638	0.175217	0.17389	0.17682	0.175217	0.174063	0.17638	0.175217	0.17389	0.17682	1	1	4.90088	
3.90895	1	18	3.90865	1	18	3.90865	1	18	0	0	0	0.180281	0.178947	0.181643	0.18028	0.178643	0.18113	0.180281	0.178947	0.181643	0.18028	0.178643	0.18113	1	1	4.90252	
3.911	1	19	3.91066	1	19	3.91068	1	19	0	0	0	0.185281	0.183897	0.18673	0.18528	0.184167	0.186553	0.185281	0.183897	0.18673	0.18528	0.184167	0.186553	1	1	4.90446	
3.91294	1	18	3.91259	1	18	3.9126	1	18	0	0	0	0.190259	0.188923	0.191553	0.190258	0.18901	0.191313	0.190259	0.188923	0.191553	0.190258	0.18901	0.191313	1	1	4.90618	
3.914	1	14	3.91357	1	14	3.91357	1	14	0	0	0	0.195212	0.193857	0.196627	0.195211	0.193933	0.196963	0.195212	0.193857	0.196627	0.195211	0.193933	0.196963	1	1	4.9069	
3.91374	1	19	3.91333	1	19	3.91336	1	19	0	0	0	0.200214	0.198957	0.201677	0.200212	0.198297	0.202513	0.200214	0.198957	0.201677	0.200212	0.198297	0.202513	1	1	4.90652	
3.92006	1	17	3.9196	1	17	3.91959	1	17	0	0	0	0.205177	0.203887	0.206603	0.205176	0.204147	0.20651	0.205177	0.203887	0.206603	0.205176	0.204147	0.20651	1	1	4.91252	
3.91848	1	19	3.918	1	19	3.918	1	19	0	0	0	0.210146	0.208837	0.211633	0.210146	0.208403	0.211507	0.210146	0.208837	0.211633	0.210146	0.208403	0.211507	1	1	4.91071	
3.92139	1	15	3.92084	1	15	3.92084	1	15	0	0	0	0.215114	0.21374	0.216803	0.215113	0.21364	0.21642	0.215114	0.21374	0.216803	0.215113	0.21364	0.21642	1	1	4.91326	
3.92448	1	15	3.92386	1	15	3.92386	1	15	0	0	0	0.220136	0.218777	0.221903	0.220136	0.218893	0.22119	0.220136	0.218777	0.221903	0.220136	0.218893	0.22119	1	1	4.91619	
3.92586	1	19	3.9252	1	19	3.92521	1	19	0	0	0	0.225164	0.223753	0.22687	0.225164	0.223993	0.22634	0.225164	0.223753	0.22687	0.225164	0.223993	0.22634	1	1	4.91701	
3.92769	1	18	3.92696	1	18	3.92697	1	18	0	0	0	0.230132	0.228897	0.231807	0.230131	0.228683	0.231247	0.230132	0.228897	0.231807	0.230131	0.228683	0.231247	1	1	4.91873	
3.92846	1	15	3.92768	1	15	3.92769	1	15	0	0	0	0.235071	0.23388	0.236817	0.23507	0.233823	0.236757	0.235071	0.23388	0.236817	0.23507	0.233823	0.236757	1	1	4.91915	
3.92958	1	18	3.92882	1	18	3.92881	1	18	0	0	0	0.24003	0.238713	0.241923	0.24003	0.238553	0.241457	0.24003	0.238713	0.241923	0.24003	0.238553	0.241457	1	1	4.92022	
3.93375	1	21	3.93296	1	21	3.93297	1	21	0	0	0	0.24505	0.243763	0.246913	0.24505	0.24417	0.246273	0.24505	0.243763	0.246913	0.24505	0.24417	0.246273	1	1	4.92423	
3.93479	1	18	3.9338	1	18	3.93382	1	18	0	0	0	0.249962	0.248783	0.251893	0.249963	0.24895	0.250967	0.249962	0.248783	0.251893	0.249963	0.24895	0.250967	1	1	4.92483	
3.93403	1	18	3.93311	1	18	3.93311	1	18	0	0	0	0.254964	0.253697	0.25695	0.254964	0.253577	0.25627	0.254964	0.253697	0.25695	0.254964	0.253577	0.25627	1	1	4.9239	
3.93918	1	19	3.93815	1	19	3.93816	1	19	0	0	0	0.259973	0.258533	0.26183	0.259974	0.258783	0.261347	0.259973	0.258533	0.26183	0.259974	0.258783	0.261347	1	1	4.92865	
3.94057	1	21	3.93951	1	21	3.93953	1	21	0	0	0	0.265002	0.263803	0.266847	0.265002	0.263683	0.26588	0.265002	0.263803	0.266847	0.265002	0.263683	0.26588	1	1	4.92971	
3.94524	1	20	3.944	1	20	3.944	1	20	0	0	0	0.270024	0.268843	0.271843	0.270025	0.268217	0.271307	0.270024	0.268843	0.271843	0.270025	0.268217	0.271307	1	1	4.93415	
3.94652	1	20	3.9453	1	20	3.94531	1	20	0	0	0	0.275018	0.273793	0.276993	0.275018	0.272757	0.276747	0.275018	0.273793	0.276993	0.275018	0.272757	0.276747	1	1	4.93517	
3.94976	1	19	3.94845	1	19	3.94845	1	19	0	0	0	0.28004	0.27887	0.282073	0.28004	0.278867	0.281773	0.28004	0.27887	0.282073	0.28004	0.278867	0.281773	1	1	4.93799	
3.95211	1	20	3.95068	1	20	3.95068	1	20	0	0	0	0.285015	0.283613	0.287233	0.285015	0.28307	0.287317	0.285015	0.283613	0.287233	0.285015	0.28307	0.287317	1	1	4.93999	
3.955	1	19	3.95343	1	19	3.95344	1	19	0	0	0	0.290035	0.288733	0.29204	0.290035	0.288827	0.291767	0.290035	0.288733	0.29204	0.290035	0.288827	0.291767	1	1	4.94272	
3.95671	1	20	3.95514	1	20	3.95515	1	20	0	0	0	0.295025	0.29379	0.29713	0.295025	0.29351	0.296943	0.295025	0.29379	0.29713	0.295025	0.29351	0.296943	1	1	4.94411	
3.96154	1	20	3.95992	1	20	3.95994	1	20	0	0	0	0.300039	0.298713	0.302297	0.300039	0.29901	0.30147	0.300039	0.298713	0.302297	0.300039	0.29901	0.30147	1	1	4.94881	
3.96297	1	20	3.96117	1	20	3.96117	1	20	0	0	0	0.305055	0.303653	0.30702	0.305056	0.303593	0.30666	0.305055	0.303653	0.30702	0.305056	0.303593	0.30666	1	1	4.94938	
3.96384	1	21	3.96192	1	21	3.96193	1	21	0	0	0	0.310057	0.30852	0.311997	0.310057	0.308457	0.311487	0.310057	0.30852	0.311997	0.310057	0.308457	0.311487	1	1	4.95031	
3.96488	1	20	3.96298	1	20	3.96298	1	20	0	0	0	0.315019	0.31352	0.316983	0.31502	0.313567	0.316887	0.315019	0.31352	0.316983	0.31502	0.313567	0.316887	1	1	4.95098	
3.97062	1	21	3.96855	1	21	3.96854	1	21	0	0	0	0.319978	0.318463	0.32199	0.319977	0.318063	0.321193	0.319978	0.318463	0.32199	0.319977	0.318063	0.321193	1	1	4.95647	
3.97244	1	19	3.97007	1	19	3.97008	1	19	0	0	0	0.324963	0.323313	0.327123	0.324964	0.323403	0.326333	0.324963	0.323313	0.327123	0.324964	0.323403	0.326333	1	1	4.95775	
3.97682	1	20	3.97444	1	20	3.97444	1	20	0	0	0	0.329995	0.328247	0.33219	0.329996	0.3282	0.33194	0.329995	0.328247	0.33219	0.329996	0.3282	0.33194	1	1	4.96189	
3.97803	1	20	3.97543	1	20	3.97544	1	20	0	0	0	0.33498	0.33312	0.3371	0.334981	0.333613	0.336283	0.33498	0.33312	0.3371	0.334981	0.333613	0.336283	1	1	4.96246	
3.98277	1	20	3.98025	1	20	3.98026	1	20	0	0	0	0.339973	0.33812	0.342147	0.339974	0.33811	0.342083	0.339973	0.33812	0.342147	0.339974	0.33811	0.342083	1	1	4.96701	
3.98498	1	22	3.98224	1	22	3.98226	1	22	0	0	0	0.344971	0.343307	0.34728	0.344972	0.34304	0.346573	0.344971	0.343307	0.34728	0.344972	0.34304	0.346573	1	1	4.96877	
3.99106	1	20	3.9882	1	20	3.98819	1	20	0	0	0	0.350014	0.348253	0.352393	0.350014	0.3484	0.352357	0.350014	0.348253	0.352393	0.350014	0.3484	0.352357	1	1	4.9746	
3.9913	1	21	3.98829	1	21	3.9883	1	21	0	0	0	0.354954	0.353173	0.35734	0.354955	0.35305	0.356383	0.354954	0.353173	0.35734	0.354955	0.35305	0.356383	1	1	4.97433	
3.99507	1	21	3.99192	1	21	3.99194	1	21	0	0	0	0.35996	0.358467	0.362383	0.359961	0.358167	0.363033	0.35996	0.358467	0.362383	0.359961	0.358167	0.363033	1	1	4.97785	
3.99844	1	20	3.995	1	20	3.99499	1	20	0	0	0	0.364936	0.363493	0.36731	0.364937	0.362787	0.366133	0.364936	0.363493	0.36731	0.364937	0.362787	0.366133	1	1	4.98072	
4.00111	1	21	3.99754	1	21	3.99756	1	21	0	0	0	0.369959	0.36853	0.372257	0.369959	0.368423	0.37251	0.369959	0.36853	0.372257	0.369959	0.368423	0.37251	1	1	4.98287	
4.00479	1	21	4.00103	1	21	4.00102	1	21	0	0	0	0.374922	0.373217	0.377313	0.374922	0.372827	0.376017	0.374922	0.373217	0.377313	0.374922	0.372827	0.376017	1	1	4.98595	
4.00796	1	21	4.00409	1	21	4.0041	1	21	0	0	0	0.379929	0.378367	0.382327	0.37993	0.37731	0.38212	0.379929	0.378367	0.382327	0.37993	0.37731	0.38212	1	1	4.98889	
4.01018	1	25	4.00614	1	25	4.00615	1	25	0	0	0	0.384977	0.38334	0.387293	0.384977	0.383373	0.386873	0.384977	0.38334	0.387293	0.384977	0.383373	0.386873	1	1	4.99068	
4.01462	1	21	4.01039	1	21	4.01039	1	21	0	0	0	0.389953	0.388323	0.392323	0.389953	0.387897	0.39143	0.389953	0.388323	0.392323	0.389953	0.387897	0.39143	1	1	4.99464	
4.01984	1	21	4.01529	1	21	4.0153	1	21	0	0	0	0.39501	0.39345	0.39733	0.395011	0.39254	0.396947	0.39501	0.39345	0.39733	0.395011	0.39254	0.396947	1	1	4.99904	
4.02109	1	21	4.01642	1	21	4.01643	1	21	0	0	0	0.400027	0.398437	0.40228	0.400027	0.39827	0.401627	0.400027	0.398437	0.40228	0.400027	0.39827	0.401627	1	1	5.00012	
4.02598	1	20	4.02107	1	20	4.02109	1	20	0	0	0	0.405089	0.4035	0.407143	0.40509	0.404057	0.406227	0.405089	0.4035	0.407143	0.40509	0.404057	0.406227	1	1	5.00456	
4.02687	1	21	4.02168	1	21	4.02169	1	21	0	0	0	0.410107	0.408143	0.412367	0.410108	0.40828	0.41184	0.410107	0.408143	0.412367	0.410108	0.40828	0.41184	1	1	5.00515	
4.03214	1	21	4.02673	1	21	4.02674	1	21	0	0	0	0.415085	0.41318	0.417193	0.415084	0.412687	0.41707	0.415085	0.41318	0.417193	0.415084	0.412687	0.41707	1	1	5.00992	
4.0353	1	21	4.02971	1	21	4.02973	1	21	0	0	0	0.420099	0.418263	0.422237	0.4201	0.418693	0.422277	0.420099	0.418263	0.422237	0.4201	0.418693	0.422277	1	1	5.01244	
4.0385	1	20	4.03243	1	20	4.03244	1	20	0	0	0	0.425086	0.423197	0.427313	0.425086	0.422717	0.42695	0.425086	0.423197	0.427313	0.425086	0.422717	0.42695	1	1	5.0148	
4.04818	1	21	4.04194	1	21	4.04195	1	21	0	0	0	0.4301	0.428197	0.43227	0.430099	0.427587	0.433193	0.4301	0.428197	0.43227	0.430099	0.427587	0.433193	1	1	5.02377	
4.04988	1	21	4.04359	1	21	4.0436	1	21	0	0	0	0.435068	0.433283	0.437193	0.435065	0.432667	0.436757	0.435068	0.433283	0.437193	0.435065	0.432667	0.436757	1	1	5.02513	
4.05309	1	21	4.04656	1	21	4.04656	1	21	0	0	0	0.440064	0.438063	0.442123	0.440061	0.4384	0.441887	0.440064	0.438063	0.442123	0.440061	0.4384	0.441887	1	1	5.02824	
4.05564	1	20	4.04862	1	20	4.04864	1	20	0	0	0	0.445103	0.443103	0.44721	0.445102	0.44253	0.446653	0.445103	0.443103	0.44721	0.445102	0.44253	0.446653	1	1	5.02993	
4.06022	1	22	4.05298	1	22	4.05298	1	22	0	0	0	0.45006	0.44807	0.452117	0.450058	0.447377	0.451703	0.45006	0.44807	0.452117	0.450058	0.447377	0.451703	1	1	5.03417	
4.06425	1	21	4.05673	1	21	4.05674	1	21	0	0	0	0.45518	0.453163	0.45733	0.455178	0.453343	0.457847	0.45518	0.453163	0.45733	0.455178	0.453343	0.457847	1	1	5.03754	
4.07079	1	20	4.06258	1	20	4.06259	1	20	0	0	0	0.460153	0.458033	0.462353	0.460153	0.45761	0.46207	0.460153	0.458033	0.462353	0.460153	0.45761	0.46207	1	1	5.04295	
4.07299	1	21	4.06459	1	21	4.06459	1	21	0	0	0	0.465124	0.463133	0.467567	0.465122	0.46149	0.466823	0.465124	0.463133	0.467567	0.465122	0.46149	0.466823	1	1	5.04463	
4.07724	1	26	4.06858	1	26	4.06858	1	26	0	0	0	0.47014	0.46793	0.472587	0.470139	0.468077	0.471997	0.47014	0.46793	0.472587	0.470139	0.468077	0.471997	1	1	5.04877	
4.08233	1	22	4.07306	1	22	4.07306	1	22	0	0	0	0.475105	0.472893	0.477557	0.475103	0.472917	0.476937	0.475105	0.472893	0.477557	0.475103	0.472917	0.476937	1	1	5.05267	
4.08588	1	21	4.0765	1	21	4.0765	1	21	0	0	0	0.480154	0.478047	0.48266	0.480152	0.477393	0.48205	0.480154	0.478047	0.48266	0.480152	0.477393	0.48205	1	1	5.05588	
4.09124	1	22	4.08127	1	22	4.08127	1	22	0	0	0	0.485161	0.483107	0.48742	0.485159	0.483577	0.487413	0.485161	0.483107	0.48742	0.485159	0.483577	0.487413	1	1	5.06021	
4.09664	1	27	4.08624	1	27	4.08623	1	27	0	0	0	0.490162	0.488077	0.492193	0.490159	0.487503	0.492037	0.490162	0.488077	0.492193	0.490159	0.487503	0.492037	1	1	5.06473	
4.10151	1	21	4.09044	1	21	4.09043	1	21	0	0	0	0.49515	0.49298	0.497327	0.495149	0.49316	0.498787	0.49515	0.49298	0.497327	0.495149	0.49316	0.498787	1	1	5.06862	
4.10619	1	27	4.0946	1	27	4.09461	1	27	0	0	0	0.500193	0.498007	0.50225	0.500191	0.49843	0.501463	0.500193	0.498007	0.50225	0.500191	0.49843	0.501463	1	1	5.07294	
4.11075	1	22	4.09899	1	22	4.09901	1	22	0	0	0	0.505152	0.50293	0.507137	0.505151	0.50292	0.50829	0.505152	0.50293	0.507137	0.505151	0.50292	0.50829	1	1	5.0768	
4.11612	1	21	4.10363	1	21	4.10366	1	21	0	0	0	0.510164	0.50804	0.512417	0.510164	0.50766	0.512127	0.510164	0.50804	0.512417	0.510164	0.50766	0.512127	1	1	5.08124	
4.11818	1	23	4.10558	1	23	4.10558	1	23	0	0	0	0.515199	0.513037	0.517437	0.515197	0.513163	0.517797	0.515199	0.513037	0.517437	0.515197	0.513163	0.517797	1	1	5.08246	
4.1222	1	23	4.10889	1	23	4.10891	1	23	0	0	0	0.520178	0.51798	0.522423	0.520178	0.51854	0.52193	0.520178	0.51798	0.522423	0.520178	0.51854	0.52193	1	1	5.08579	
4.12823	1	21	4.11433	1	21	4.11433	1	21	0	0	0	0.525159	0.522977	0.527247	0.525156	0.521823	0.527623	0.525159	0.522977	0.527247	0.525156	0.521823	0.527623	1	1	5.09083	
4.13666	1	27	4.12194	1	27	4.12195	1	27	0	0	0	0.530138	0.52793	0.53204	0.530136	0.5271	0.532087	0.530138	0.52793	0.53204	0.530136	0.5271	0.532087	1	1	5.09798	
4.14063	1	21	4.12543	1	21	4.12543	1	21	0	0	0	0.53509	0.53287	0.53698	0.535088	0.53314	0.53649	0.53509	0.53287	0.53698	0.535088	0.53314	0.53649	1	1	5.10148	
4.1445	1	27	4.12874	1	27	4.12875	1	27	0	0	0	0.540062	0.537847	0.54189	0.540059	0.53808	0.542367	0.540062	0.537847	0.54189	0.540059	0.53808	0.542367	1	1	5.10444	
4.15006	1	21	4.13349	1	21	4.13349	1	21	0	0	0	0.545019	0.542683	0.546767	0.545016	0.543687	0.548293	0.545019	0.542683	0.546767	0.545016	0.543687	0.548293	1	1	5.10837	
4.1602	1	21	4.1431	1	21	4.1431	1	21	0	0	0	0.550052	0.54768	0.55173	0.550047	0.546743	0.552567	0.550052	0.54768	0.55173	0.550047	0.546743	0.552567	1	1	5.11803	
4.1606	1	22	4.14282	1	22	4.14283	1	22	0	0	0	0.555067	0.552717	0.55697	0.555065	0.55319	0.556993	0.555067	0.552717	0.55697	0.555065	0.55319	0.556993	1	1	5.11714	
4.16665	1	22	4.14811	1	22	4.14813	1	22	0	0	0	0.560037	0.557853	0.562013	0.560035	0.558347	0.563207	0.560037	0.557853	0.562013	0.560035	0.558347	0.563207	1	1	5.12245	
4.17408	1	22	4.15463	1	22	4.15466	1	22	0	0	0	0.565038	0.562847	0.567047	0.565036	0.562853	0.56684	0.565038	0.562847	0.567047	0.565036	0.562853	0.56684	1	1	5.12822	
4.17818	1	22	4.15806	1	22	4.15807	1	22	0	0	0	0.570019	0.567987	0.571877	0.570016	0.567957	0.57151	0.570019	0.567987	0.571877	0.570016	0.567957	0.57151	1	1	5.13149	
4.18264	1	22	4.16155	1	22	4.16157	1	22	0	0	0	0.57499	0.572857	0.57707	0.574987	0.572877	0.577277	0.57499	0.572857	0.57707	0.574987	0.572877	0.577277	1	1	5.13475	
4.19205	1	25	4.17022	1	25	4.17023	1	25	0	0	0	0.579978	0.57772	0.582213	0.579974	0.578313	0.582007	0.579978	0.57772	0.582213	0.579974	0.578313	0.582007	1	1	5.1432	
4.19484	1	23	4.1718	1	23	4.17181	1	23	0	0	0	0.584984	0.582687	0.587163	0.584982	0.582917	0.58683	0.584984	0.582687	0.587163	0.584982	0.582917	0.58683	1	1	5.14452	
4.20205	1	22	4.17806	1	22	4.17807	1	22	0	0	0	0.589958	0.587593	0.592113	0.589956	0.58713	0.591597	0.589958	0.587593	0.592113	0.589956	0.58713	0.591597	1	1	5.15031	
4.2104	1	23	4.18546	1	23	4.18547	1	23	0	0	0	0.594978	0.59255	0.597227	0.594976	0.593113	0.597167	0.594978	0.59255	0.597227	0.594976	0.593113	0.597167	1	1	5.15697	
4.21508	1	22	4.18916	1	22	4.18917	1	22	0	0	0	0.599903	0.597743	0.602013	0.599901	0.598403	0.601547	0.599903	0.597743	0.602013	0.599901	0.598403	0.601547	1	1	5.16045	
4.21976	1	23	4.19264	1	23	4.19265	1	23	0	0	0	0.604821	0.602697	0.606853	0.604819	0.602357	0.607977	0.604821	0.602697	0.606853	0.604819	0.602357	0.607977	1	1	5.16369	
4.22584	1	25	4.19748	1	25	4.19749	1	25	0	0	0	0.609812	0.607587	0.61168	0.609809	0.607737	0.61197	0.609812	0.607587	0.61168	0.609809	0.607737	0.61197	1	1	5.16849	
4.23125	1	25	4.20172	1	25	4.20172	1	25	0	0	0	0.61487	0.612577	0.616683	0.614869	0.61328	0.61681	0.61487	0.612577	0.616683	0.614869	0.61328	0.61681	1	1	5.17206	
4.24044	1	23	4.20945	1	23	4.20947	1	23	0	0	0	0.619831	0.617607	0.62157	0.619829	0.617143	0.62236	0.619831	0.617607	0.62157	0.619829	0.617143	0.62236	1	1	5.17931	
4.248	1	22	4.21587	1	22	4.21589	1	22	0	0	0	0.624903	0.62281	0.626517	0.624901	0.621197	0.627467	0.624903	0.62281	0.626517	0.624901	0.621197	0.627467	1	1	5.18549	
4.25326	1	26	4.21977	1	26	4.21978	1	26	0	0	0	0.629923	0.627927	0.631537	0.629922	0.627923	0.63196	0.629923	0.627927	0.631537	0.629922	0.627923	0.63196	1	1	5.18897	
4.26255	1	28	4.22741	1	28	4.22742	1	28	0	0	0	0.634912	0.633017	0.63661	0.634909	0.63331	0.637617	0.634912	0.633017	0.63661	0.634909	0.63331	0.637617	1	1	5.19594	
4.26758	1	22	4.23144	1	22	4.23144	1	22	0	0	0	0.639955	0.638057	0.641693	0.639952	0.638533	0.642447	0.639955	0.638057	0.641693	0.639952	0.638533	0.642447	1	1	5.19989	
4.27597	1	25	4.23763	1	25	4.23765	1	25	0	0	0	0.64492	0.64296	0.64644	0.64492	0.64322	0.64713	0.64492	0.64296	0.64644	0.64492	0.64322	0.64713	1	1	5.20558	
4.28405	1	23	4.24497	1	23	4.24498	1	23	0	0	0	0.649931	0.64791	0.651557	0.64993	0.64806	0.652597	0.649931	0.64791	0.651557	0.64993	0.64806	0.652597	1	1	5.21249	
4.29071	1	27	4.24975	1	27	4.24977	1	27	0	0	0	0.654976	0.653037	0.656613	0.654972	0.65288	0.657207	0.654976	0.653037	0.656613	0.654972	0.65288	0.657207	1	1	5.21706	
4.29903	1	25	4.25593	1	25	4.25595	1	25	0	0	0	0.659958	0.657967	0.66145	0.659957	0.65713	0.662663	0.659958	0.657967	0.66145	0.659957	0.65713	0.662663	1	1	5.22288	
4.30768	1	28	4.26285	1	28	4.26285	1	28	0	0	0	0.664927	0.66291	0.666333	0.664926	0.66299	0.668297	0.664927	0.66291	0.666333	0.664926	0.66299	0.668297	1	1	5.22902	
4.31465	1	22	4.26749	1	22	4.26754	1	22	0	0	0	0.669951	0.667847	0.671333	0.669948	0.66508	0.672387	0.669951	0.667847	0.671333	0.669948	0.66508	0.672387	1	1	5.23395	
4.32408	1	25	4.27466	1	25	4.27468	1	25	0	0	0	0.674925	0.672927	0.676537	0.674923	0.671713	0.678357	0.674925	0.672927	0.676537	0.674923	0.671713	0.678357	1	1	5.2399	
4.33036	1	28	4.27896	1	28	4.27896	1	28	0	0	0	0.679923	0.677943	0.681507	0.679921	0.67697	0.684	0.679923	0.677943	0.681507	0.679921	0.67697	0.684	1	1	5.24434	
4.33929	1	27	4.28505	1	27	4.28507	1	27	0	0	0	0.684924	0.6829	0.686337	0.684924	0.68338	0.686887	0.684924	0.6829	0.686337	0.684924	0.68338	0.686887	1	1	5.24989	
4.35019	1	25	4.294	1	25	4.29403	1	25	0	0	0	0.689882	0.688137	0.691387	0.689879	0.687113	0.692283	0.689882	0.688137	0.691387	0.689879	0.687113	0.692283	1	1	5.25842	
4.35971	1	23	4.30118	1	23	4.3012	1	23	0	0	0	0.694896	0.693357	0.69655	0.694895	0.6927	0.697537	0.694896	0.693357	0.69655	0.694895	0.6927	0.697537	1	1	5.26492	
4.36632	1	27	4.30554	1	27	4.30556	1	27	0	0	0	0.699911	0.698447	0.701707	0.699911	0.698277	0.702007	0.699911	0.698447	0.701707	0.699911	0.698277	0.702007	1	1	5.26892	
4.3754	1	28	4.31176	1	28	4.31177	1	28	0	0	0	0.704931	0.703377	0.706697	0.704931	0.703053	0.706413	0.704931	0.703377	0.706697	0.704931	0.703053	0.706413	1	1	5.27491	
4.38827	1	27	4.32136	1	27	4.32138	1	27	0	0	0	0.709932	0.708137	0.71179	0.70993	0.70826	0.711853	0.709932	0.708137	0.71179	0.70993	0.70826	0.711853	1	1	5.2836	
4.39703	1	23	4.32597	1	23	4.32598	1	23	0	0	0	0.714931	0.713177	0.71684	0.714926	0.712483	0.716593	0.714931	0.713177	0.71684	0.714926	0.712483	0.716593	1	1	5.28776	
4.40509	1	28	4.33104	1	28	4.33105	1	28	0	0	0	0.71995	0.7183	0.721943	0.719948	0.71748	0.72202	0.71995	0.7183	0.721943	0.719948	0.71748	0.72202	1	1	5.29282	
4.41655	1	26	4.33889	1	26	4.33893	1	26	0	0	0	0.724993	0.723197	0.726993	0.724993	0.721967	0.727537	0.724993	0.723197	0.726993	0.724993	0.721967	0.727537	1	1	5.30013	
4.42562	1	26	4.34519	1	26	4.3452	1	26	0	0	0	0.729989	0.72811	0.732023	0.729988	0.72837	0.73149	0.729989	0.72811	0.732023	0.729988	0.72837	0.73149	1	1	5.30603	
4.43709	1	26	4.35226	1	26	4.35228	1	26	0	0	0	0.734981	0.733117	0.73708	0.734979	0.732493	0.737383	0.734981	0.733117	0.73708	0.734979	0.732493	0.737383	1	1	5.31244	
4.44776	1	26	4.35923	1	26	4.35925	1	26	0	0	0	0.740023	0.738133	0.74218	0.740022	0.736627	0.741643	0.740023	0.738133	0.74218	0.740022	0.736627	0.741643	1	1	5.31892	
4.46124	1	28	4.36791	1	28	4.36792	1	28	0	0	0	0.744991	0.743123	0.747037	0.744991	0.743223	0.747367	0.744991	0.743123	0.747037	0.744991	0.743223	0.747367	1	1	5.32718	
4.47306	1	25	4.37424	1	24	4.37427	1	24	0	0	0	0.750027	0.748183	0.75198	0.750025	0.74754	0.75317	0.750027	0.748183	0.75198	0.750025	0.74754	0.75317	1	1	5.3329	
4.48399	1	27	4.38143	1	26	4.38144	1	26	0	0	0	0.75496	0.752987	0.756843	0.754956	0.752823	0.758043	0.75496	0.752987	0.756843	0.754956	0.752823	0.758043	1	1	5.33975	
4.49786	1	27	4.38841	1	27	4.38842	1	27	0	0	0	0.759955	0.758063	0.761883	0.759955	0.756587	0.7638	0.759955	0.758063	0.761883	0.759955	0.756587	0.7638	1	1	5.34607	
4.50904	1	28	4.39514	1	28	4.39517	1	28	0	0	0	0.764954	0.763273	0.766787	0.764953	0.763023	0.767383	0.764954	0.763273	0.766787	0.764953	0.763023	0.767383	1	1	5.35264	
4.52581	1	27	4.40554	1	27	4.40557	1	27	0	0	0	0.76996	0.76815	0.77165	0.769958	0.76503	0.77154	0.76996	0.76815	0.77165	0.769958	0.76503	0.77154	1	1	5.36255	
4.53801	1	26	4.41096	1	26	4.41098	1	26	0	0	0	0.774975	0.773037	0.77671	0.774974	0.771073	0.777917	0.774975	0.773037	0.77671	0.774974	0.771073	0.777917	1	1	5.36737	
4.55678	1	27	4.42082	1	27	4.42083	1	27	0	0	0	0.779928	0.778267	0.781573	0.779927	0.777833	0.78208	0.779928	0.778267	0.781573	0.779927	0.777833	0.78208	1	1	5.37631	
4.56522	1	27	4.42495	1	27	4.42495	1	27	0	0	0	0.784889	0.78316	0.786483	0.784887	0.78106	0.787387	0.784889	0.78316	0.786483	0.784887	0.78106	0.787387	1	1	5.38001	
4.58284	1	28	4.43356	1	28	4.43355	1	28	0	0	0	0.78992	0.788153	0.79163	0.789919	0.7862	0.79251	0.78992	0.788153	0.79163	0.789919	0.7862	0.79251	1	1	5.38801	
4.60012	1	29	4.44162	1	28	4.44162	1	28	0	0	0	0.794933	0.793113	0.79685	0.794932	0.791547	0.798417	0.794933	0.793113	0.79685	0.794932	0.791547	0.798417	1	1	5.39599	
4.62029	1	27	4.45004	1	27	4.45008	1	27	0	0	0	0.799949	0.798187	0.801953	0.799948	0.797657	0.802567	0.799949	0.798187	0.801953	0.799948	0.797657	0.802567	1	1	5.40371	
4.63433	1	25	4.45722	1	25	4.45722	1	25	0	0	0	0.804948	0.803067	0.80698	0.804945	0.80313	0.80637	0.804948	0.803067	0.80698	0.804945	0.80313	0.80637	1	1	5.41042	
4.65485	1	27	4.46539	1	27	4.46542	1	27	0	0	0	0.80994	0.80802	0.811817	0.80994	0.806763	0.8131	0.80994	0.80802	0.811817	0.80994	0.806763	0.8131	1	1	5.41794	
4.67359	1	27	4.47304	1	27	4.47305	1	27	0	0	0	0.814959	0.81325	0.81644	0.81496	0.81191	0.818067	0.814959	0.81325	0.81644	0.81496	0.81191	0.818067	1	1	5.42529	
4.69633	1	29	4.48191	1	29	4.48194	1	29	0	0	0	0.81996	0.81835	0.82127	0.81996	0.817843	0.821963	0.81996	0.81835	0.82127	0.81996	0.817843	0.821963	1	1	5.43345	
4.71441	1	26	4.48753	1	26	4.48756	1	26	0	0	0	0.825002	0.823473	0.826163	0.825002	0.82085	0.829313	0.825002	0.823473	0.826163	0.825002	0.82085	0.829313	1	1	5.43868	
4.74336	1	29	4.49801	1	29	4.49805	1	29	0	0	0	0.829987	0.82835	0.831263	0.829987	0.826477	0.833857	0.829987	0.82835	0.831263	0.829987	0.826477	0.833857	1	1	5.44833	
4.769	1	29	4.50773	1	29	4.50775	1	29	0	0	0	0.835007	0.833347	0.836293	0.835006	0.831607	0.838587	0.835007	0.833347	0.836293	0.835006	0.831607	0.838587	1	1	5.45708	
4.79796	1	28	4.51533	1	27	4.51533	1	27	0	0	0	0.84	0.838343	0.84134	0.840003	0.83825	0.842123	0.84	0.838343	0.84134	0.840003	0.83825	0.842123	1	1	5.46471	
4.83039	1	29	4.52586	1	29	4.52586	1	29	0	0	0	0.844985	0.843337	0.846163	0.844987	0.840673	0.848807	0.844985	0.843337	0.846163	0.844987	0.840673	0.848807	1	1	5.47463	
4.86031	1	26	4.53333	1	26	4.53335	1	26	0	0	0	0.849982	0.84841	0.851453	0.849986	0.84715	0.8523	0.849982	0.84841	0.851453	0.849986	0.84715	0.8523	1	1	5.48147	
4.90097	1	29	4.54248	1	29	4.54247	1	29	0	0	0	0.85502	0.85363	0.856407	0.855017	0.853713	0.85794	0.85502	0.85363	0.856407	0.855017	0.853713	0.85794	1	1	5.48976	
4.93849	1	29	4.54972	1	28	4.54972	1	28	0	0	0	0.860068	0.858627	0.861577	0.860072	0.85643	0.863083	0.860068	0.858627	0.861577	0.860072	0.85643	0.863083	1	1	5.49614	
4.99443	1	29	4.56378	1	29	4.56379	1	29	0	0	0	0.865001	0.863553	0.866453	0.864997	0.862793	0.86676	0.865001	0.863553	0.866453	0.864997	0.862793	0.86676	1	1	5.5095	
5.03874	1	29	4.5696	1	28	4.56962	1	28	0	0	0	0.869953	0.86868	0.871253	0.869953	0.86679	0.873893	0.869953	0.86868	0.871253	0.869953	0.86679	0.873893	1	1	5.5148	
5.10745	1	28	4.58076	1	28	4.5808	1	28	0	0	0	0.874931	0.873617	0.875907	0.874937	0.87206	0.877987	0.874931	0.873617	0.875907	0.874937	0.87206	0.877987	1	1	5.52507	
5.1641	1	28	4.59069	1	28	4.59071	1	28	0	0	0	0.879909	0.87865	0.881057	0.879912	0.876757	0.8832	0.879909	0.87865	0.881057	0.879912	0.876757	0.8832	1	1	5.53466	
5.25286	1	31	4.60117	1	30	4.6012	1	30	0	0	0	0.884859	0.883567	0.886037	0.884859	0.882997	0.88826	0.884859	0.883567	0.886037	0.884859	0.882997	0.88826	1	1	5.5441	
5.35425	1	29	4.60899	1	28	4.609	1	28	0	0	0	0.889908	0.88883	0.890943	0.889911	0.886127	0.892677	0.889908	0.88883	0.890943	0.889911	0.886127	0.892677	1	1	5.55122	
5.48688	1	38	4.62097	1	29	4.62101	1	29	0	0	0	0.894956	0.8941	0.896027	0.89496	0.89175	0.898927	0.894956	0.8941	0.896027	0.89496	0.89175	0.898927	1	1	5.56278	
5.67364	1	39	4.63256	1	29	4.63262	1	29	0	0	0	0.899986	0.899097	0.901433	0.899988	0.895847	0.90284	0.899986	0.899097	0.901433	0.899988	0.895847	0.90284	1	1	5.57346	
5.90857	1	45	4.64179	1	30	4.64178	1	30	0	0	0	0.904927	0.90416	0.906277	0.904929	0.901453	0.907867	0.904927	0.90416	0.906277	0.904929	0.901453	0.907867	1	1	5.58211	
6.37427	1	61	4.6514	1	29	4.65146	1	29	0	0	0	0.9099	0.90917	0.91104	0.909911	0.907327	0.913483	0.9099	0.90917	0.91104	0.909911	0.907327	0.913483	1	1	5.59104	
7.16605	1	70	4.66654	1	31	4.66658	1	31	0	0	0	0.9149	0.9142	0.91601	0.914903	0.912803	0.916523	0.9149	0.9142	0.91601	0.914903	0.912803	0.916523	1	1	5.6045	
52.9653	1	1229	4.68142	1	37	4.6814	1	37	0	0	0	0.92003	0.919504	0.920756	0.919974	0.917517	0.921867	0.92003	0.919504	0.920756	0.919974	0.917517	0.921867	1	1	5.6189	
492.036	1	7549	4.6906	1	39	4.69046	1	39	0	0	0	0.925045	0.924524	0.925789	0.924294	0.921814	0.925677	0.925045	0.924524	0.925789	0.924294	0.921814	0.925677	1	1	5.62726	
