3.86643	1	8	3.86643	1	8	3.86635	1	8	0	0	0	0.00503313	0.00484667	0.00526333	0.00503292	0.00474	0.00532667	0.00503313	0.00484667	0.00526333	0.00503292	0.00474	0.00532667	1	1	4.86626	
3.88029	1	11	3.88029	1	11	3.8803	1	11	0	0	0	0.0100071	0.00978667	0.01026	0.0100067	0.00972667	0.0102167	0.0100071	0.00978667	0.01026	0.0100067	0.00972667	0.0102167	1	1	4.88004	
3.88934	1	11	3.88934	1	11	3.88935	1	11	0	0	0	0.0149985	0.01468	0.0154533	0.0149981	0.01455	0.0153767	0.0149985	0.01468	0.0154533	0.0149981	0.01455	0.0153767	1	1	4.88881	
3.87904	1	11	3.87904	1	11	3.87902	1	11	0	0	0	0.019986	0.0196467	0.0205267	0.019986	0.01963	0.0203633	0.019986	0.0196467	0.0205267	0.019986	0.01963	0.0203633	1	1	4.87833	
3.87443	1	8	3.87443	1	8	3.87443	1	8	0	0	0	0.0249837	0.0245867	0.0255	0.0249837	0.0244133	0.02561	0.0249837	0.0245867	0.0255	0.0249837	0.0244133	0.02561	1	1	4.87366	
3.87473	1	14	3.87473	1	14	3.87471	1	14	0	0	0	0.0300242	0.0296033	0.03046	0.0300242	0.02937	0.0305367	0.0300242	0.0296033	0.03046	0.0300242	0.02937	0.0305367	1	1	4.87396	
3.87628	1	12	3.87628	1	12	3.87626	1	12	0	0	0	0.0350258	0.0346	0.0353167	0.0350256	0.0343267	0.0355167	0.0350258	0.0346	0.0353167	0.0350256	0.0343267	0.0355167	1	1	4.87529	
3.88434	1	14	3.88434	1	14	3.88436	1	14	0	0	0	0.0400277	0.0394067	0.04053	0.0400271	0.0395133	0.0409633	0.0400277	0.0394067	0.04053	0.0400271	0.0395133	0.0409633	1	1	4.88312	
3.87722	1	13	3.87722	1	13	3.87722	1	13	0	0	0	0.0450169	0.04435	0.0456767	0.0450167	0.0445267	0.0454933	0.0450169	0.04435	0.0456767	0.0450167	0.0445267	0.0454933	1	1	4.87588	
3.88358	1	13	3.88358	1	13	3.88358	1	13	0	0	0	0.0499998	0.0493933	0.0506733	0.0499996	0.0495767	0.0504233	0.0499998	0.0493933	0.0506733	0.0499996	0.0495767	0.0504233	1	1	4.88214	
3.88464	1	14	3.88464	1	14	3.88463	1	14	0	0	0	0.0550015	0.0543467	0.0556	0.0550013	0.0546233	0.0554667	0.0550015	0.0543467	0.0556	0.0550013	0.0546233	0.0554667	1	1	4.88292	
3.88399	1	13	3.88398	1	13	3.88402	1	13	0	0	0	0.0599671	0.05932	0.0604033	0.0599669	0.0592767	0.0606833	0.0599671	0.05932	0.0604033	0.0599669	0.0592767	0.0606833	1	1	4.88214	
3.88546	1	14	3.88546	1	14	3.88548	1	14	0	0	0	0.0650215	0.0643533	0.06553	0.0650215	0.0646333	0.0655167	0.0650215	0.0643533	0.06553	0.0650215	0.0646333	0.0655167	1	1	4.88337	
3.88391	1	14	3.88391	1	14	3.88393	1	14	0	0	0	0.0699788	0.0690033	0.07044	0.0699785	0.0694067	0.07074	0.0699788	0.0690033	0.07044	0.0699785	0.0694067	0.07074	1	1	4.88185	
3.88169	1	14	3.88169	1	14	3.88173	1	14	0	0	0	0.0749758	0.07389	0.0755633	0.0749754	0.07421	0.07572	0.0749758	0.07389	0.0755633	0.0749754	0.07421	0.07572	1	1	4.87929	
3.88752	1	14	3.88752	1	14	3.8875	1	14	0	0	0	0.0799906	0.0788467	0.0806333	0.0799906	0.0788733	0.08076	0.0799906	0.0788467	0.0806333	0.0799906	0.0788733	0.08076	1	1	4.8849	
3.88915	1	14	3.88915	1	14	3.88916	1	14	0	0	0	0.0850135	0.0838667	0.08573	0.0850135	0.08426	0.0862667	0.0850135	0.0838667	0.08573	0.0850135	0.08426	0.0862667	1	1	4.88634	
3.88675	1	14	3.88675	1	14	3.88676	1	14	0	0	0	0.0900252	0.0889933	0.09087	0.0900258	0.08898	0.0912333	0.0900252	0.0889933	0.09087	0.0900258	0.08898	0.0912333	1	1	4.88397	
3.88816	1	14	3.88816	1	14	3.88816	1	14	0	0	0	0.09501	0.0940767	0.0960067	0.0950113	0.0943033	0.0958967	0.09501	0.0940767	0.0960067	0.0950113	0.0943033	0.0958967	1	1	4.88521	
3.89151	1	14	3.89151	1	14	3.8915	1	14	0	0	0	0.100001	0.0991267	0.101043	0.100002	0.0992467	0.101063	0.100001	0.0991267	0.101043	0.100002	0.0992467	0.101063	1	1	4.88833	
3.89068	1	14	3.89068	1	14	3.89068	1	14	0	0	0	0.105056	0.104223	0.10609	0.105056	0.104017	0.105933	0.105056	0.104223	0.10609	0.105056	0.104017	0.105933	1	1	4.8872	
3.89144	1	14	3.89144	1	14	3.89145	1	14	0	0	0	0.110075	0.109163	0.111127	0.110075	0.10926	0.111613	0.110075	0.109163	0.111127	0.110075	0.10926	0.111613	1	1	4.88779	
3.88811	1	14	3.88811	1	14	3.88813	1	14	0	0	0	0.115058	0.11411	0.115987	0.115058	0.113773	0.11648	0.115058	0.11411	0.115987	0.115058	0.113773	0.11648	1	1	4.8845	
3.88962	1	14	3.88961	1	14	3.88961	1	14	0	0	0	0.120091	0.11904	0.120967	0.120091	0.118713	0.12087	0.120091	0.11904	0.120967	0.120091	0.118713	0.12087	1	1	4.88572	
3.89339	1	14	3.89339	1	14	3.89339	1	14	0	0	0	0.125086	0.124113	0.12595	0.125086	0.123963	0.126457	0.125086	0.124113	0.12595	0.125086	0.123963	0.126457	1	1	4.8894	
3.89334	1	14	3.89334	1	14	3.89333	1	14	0	0	0	0.130036	0.129193	0.130967	0.130036	0.129183	0.130877	0.130036	0.129193	0.130967	0.130036	0.129183	0.130877	1	1	4.88913	
3.89426	1	14	3.89425	1	14	3.89425	1	14	0	0	0	0.135046	0.134153	0.13592	0.135046	0.133553	0.136007	0.135046	0.134153	0.13592	0.135046	0.133553	0.136007	1	1	4.88969	
3.89339	1	14	3.89339	1	14	3.89342	1	14	0	0	0	0.140089	0.13911	0.141013	0.140089	0.138287	0.141867	0.140089	0.13911	0.141013	0.140089	0.138287	0.141867	1	1	4.88894	
3.89927	1	18	3.89927	1	18	3.89926	1	18	0	0	0	0.1451	0.144033	0.146127	0.1451	0.144033	0.146043	0.1451	0.144033	0.146127	0.1451	0.144033	0.146043	1	1	4.89447	
3.89895	1	14	3.89895	1	14	3.89895	1	14	0	0	0	0.150073	0.149	0.151137	0.150072	0.148823	0.150867	0.150073	0.149	0.151137	0.150072	0.148823	0.150867	1	1	4.894	
3.89939	1	17	3.89939	1	17	3.89939	1	17	0	0	0	0.155095	0.153887	0.156357	0.155095	0.154227	0.156083	0.155095	0.153887	0.156357	0.155095	0.154227	0.156083	1	1	4.89432	
3.90298	1	14	3.90298	1	14	3.90297	1	14	0	0	0	0.160132	0.15898	0.161417	0.16013	0.159423	0.160683	0.160132	0.15898	0.161417	0.16013	0.159423	0.160683	1	1	4.89776	
3.90083	1	16	3.90082	1	16	3.90083	1	16	0	0	0	0.165184	0.164157	0.166407	0.165183	0.163627	0.166173	0.165184	0.164157	0.166407	0.165183	0.163627	0.166173	1	1	4.89521	
3.90123	1	18	3.90122	1	18	3.90121	1	18	0	0	0	0.17018	0.169217	0.171373	0.17018	0.1695	0.17129	0.17018	0.169217	0.171373	0.17018	0.1695	0.17129	1	1	4.89554	
3.90693	1	19	3.90693	1	19	3.90693	1	19	0	0	0	0.175217	0.174063	0.17638	0.175217	0.17389	0.17682	0.175217	0.174063	0.17638	0.175217	0.17389	0.17682	1	1	4.90096	
3.90886	1	18	3.90885	1	18	3.90885	1	18	0	0	0	0.180281	0.178947	0.181643	0.18028	0.178643	0.18113	0.180281	0.178947	0.181643	0.18028	0.178643	0.18113	1	1	4.90273	
3.91076	1	19	3.91075	1	19	3.91076	1	19	0	0	0	0.185281	0.183897	0.18673	0.18528	0.184167	0.186553	0.185281	0.183897	0.18673	0.18528	0.184167	0.186553	1	1	4.90456	
3.91276	1	18	3.91275	1	18	3.91276	1	18	0	0	0	0.190259	0.188923	0.191553	0.190258	0.18901	0.191313	0.190259	0.188923	0.191553	0.190258	0.18901	0.191313	1	1	4.90634	
3.91374	1	14	3.91373	1	14	3.91373	1	14	0	0	0	0.195212	0.193857	0.196627	0.195211	0.193933	0.196963	0.195212	0.193857	0.196627	0.195211	0.193933	0.196963	1	1	4.90706	
3.91351	1	19	3.9135	1	19	3.91352	1	19	0	0	0	0.200214	0.198957	0.201677	0.200212	0.198297	0.202513	0.200214	0.198957	0.201677	0.200212	0.198297	0.202513	1	1	4.90669	
3.91979	1	17	3.91978	1	17	3.91977	1	17	0	0	0	0.205177	0.203887	0.206603	0.205176	0.204147	0.20651	0.205177	0.203887	0.206603	0.205176	0.204147	0.20651	1	1	4.9127	
3.91824	1	19	3.91822	1	19	3.91823	1	19	0	0	0	0.210146	0.208837	0.211633	0.210146	0.208403	0.211507	0.210146	0.208837	0.211633	0.210146	0.208403	0.211507	1	1	4.91093	
3.92096	1	15	3.92094	1	15	3.92094	1	15	0	0	0	0.215114	0.21374	0.216803	0.215113	0.21364	0.21642	0.215114	0.21374	0.216803	0.215113	0.21364	0.21642	1	1	4.91335	
3.92407	1	15	3.92405	1	15	3.92405	1	15	0	0	0	0.220136	0.218777	0.221903	0.220136	0.218893	0.22119	0.220136	0.218777	0.221903	0.220136	0.218893	0.22119	1	1	4.91639	
3.92547	1	19	3.92545	1	19	3.92546	1	19	0	0	0	0.225164	0.223753	0.22687	0.225164	0.223993	0.22634	0.225164	0.223753	0.22687	0.225164	0.223993	0.22634	1	1	4.91726	
3.92725	1	18	3.92722	1	18	3.92723	1	18	0	0	0	0.230132	0.228897	0.231807	0.230131	0.228683	0.231247	0.230132	0.228897	0.231807	0.230131	0.228683	0.231247	1	1	4.91899	
3.92802	1	14	3.928	1	14	3.92801	1	14	0	0	0	0.235071	0.23388	0.236817	0.23507	0.233823	0.236757	0.235071	0.23388	0.236817	0.23507	0.233823	0.236757	1	1	4.91943	
3.92915	1	21	3.92913	1	21	3.92912	1	21	0	0	0	0.24003	0.238713	0.241923	0.24003	0.238553	0.241457	0.24003	0.238713	0.241923	0.24003	0.238553	0.241457	1	1	4.92053	
3.93332	1	21	3.9333	1	21	3.93331	1	21	0	0	0	0.24505	0.243763	0.246913	0.24505	0.24417	0.246273	0.24505	0.243763	0.246913	0.24505	0.24417	0.246273	1	1	4.92456	
3.93419	1	18	3.93417	1	18	3.93419	1	18	0	0	0	0.249962	0.248783	0.251893	0.249963	0.24895	0.250967	0.249962	0.248783	0.251893	0.249963	0.24895	0.250967	1	1	4.92522	
3.93348	1	18	3.93345	1	18	3.93345	1	18	0	0	0	0.254964	0.253697	0.25695	0.254964	0.253577	0.25627	0.254964	0.253697	0.25695	0.254964	0.253577	0.25627	1	1	4.92425	
3.93868	1	19	3.93864	1	19	3.93865	1	19	0	0	0	0.259973	0.258533	0.26183	0.259974	0.258783	0.261347	0.259973	0.258533	0.26183	0.259974	0.258783	0.261347	1	1	4.92912	
3.93997	1	21	3.93994	1	21	3.93996	1	21	0	0	0	0.265002	0.263803	0.266847	0.265002	0.263683	0.26588	0.265002	0.263803	0.266847	0.265002	0.263683	0.26588	1	1	4.93014	
3.94433	1	20	3.9443	1	20	3.9443	1	20	0	0	0	0.270024	0.268843	0.271843	0.270025	0.268217	0.271307	0.270024	0.268843	0.271843	0.270025	0.268217	0.271307	1	1	4.93446	
3.94578	1	20	3.94574	1	20	3.94575	1	20	0	0	0	0.275018	0.273793	0.276993	0.275018	0.272757	0.276747	0.275018	0.273793	0.276993	0.275018	0.272757	0.276747	1	1	4.93563	
3.94894	1	19	3.9489	1	19	3.9489	1	19	0	0	0	0.28004	0.27887	0.282073	0.28004	0.278867	0.281773	0.28004	0.27887	0.282073	0.28004	0.278867	0.281773	1	1	4.93847	
3.95126	1	20	3.9512	1	20	3.9512	1	20	0	0	0	0.285015	0.283613	0.287233	0.285015	0.28307	0.287317	0.285015	0.283613	0.287233	0.285015	0.28307	0.287317	1	1	4.94052	
3.95406	1	19	3.954	1	19	3.95401	1	19	0	0	0	0.290035	0.288733	0.29204	0.290035	0.288827	0.291767	0.290035	0.288733	0.29204	0.290035	0.288827	0.291767	1	1	4.9433	
3.95592	1	20	3.95586	1	20	3.95586	1	20	0	0	0	0.295025	0.29379	0.29713	0.295025	0.29351	0.296943	0.295025	0.29379	0.29713	0.295025	0.29351	0.296943	1	1	4.94487	
3.96066	1	20	3.9606	1	20	3.96062	1	20	0	0	0	0.300039	0.298713	0.302297	0.300039	0.29901	0.30147	0.300039	0.298713	0.302297	0.300039	0.29901	0.30147	1	1	4.94947	
3.96178	1	20	3.96171	1	20	3.96172	1	20	0	0	0	0.305055	0.303653	0.30702	0.305055	0.303593	0.30666	0.305055	0.303653	0.30702	0.305055	0.303593	0.30666	1	1	4.94992	
3.96266	1	21	3.96259	1	21	3.9626	1	21	0	0	0	0.310057	0.30852	0.311997	0.310057	0.308457	0.311487	0.310057	0.30852	0.311997	0.310057	0.308457	0.311487	1	1	4.95102	
3.96373	1	20	3.96366	1	20	3.96366	1	20	0	0	0	0.315019	0.31352	0.316983	0.31502	0.313567	0.316887	0.315019	0.31352	0.316983	0.31502	0.313567	0.316887	1	1	4.95168	
3.96939	1	21	3.9693	1	21	3.96929	1	21	0	0	0	0.319978	0.318463	0.32199	0.319977	0.318063	0.321193	0.319978	0.318463	0.32199	0.319977	0.318063	0.321193	1	1	4.95725	
3.97072	1	19	3.97063	1	19	3.97064	1	19	0	0	0	0.324963	0.323313	0.327123	0.324964	0.323403	0.326333	0.324963	0.323313	0.327123	0.324964	0.323403	0.326333	1	1	4.95836	
3.97535	1	20	3.97526	1	20	3.97527	1	20	0	0	0	0.329995	0.328247	0.33219	0.329996	0.3282	0.33194	0.329995	0.328247	0.33219	0.329996	0.3282	0.33194	1	1	4.96273	
3.97625	1	20	3.9761	1	20	3.97612	1	20	0	0	0	0.33498	0.33312	0.3371	0.334981	0.333613	0.336283	0.33498	0.33312	0.3371	0.334981	0.333613	0.336283	1	1	4.96312	
3.98107	1	20	3.98097	1	20	3.98098	1	20	0	0	0	0.339973	0.33812	0.342147	0.339974	0.33811	0.342083	0.339973	0.33812	0.342147	0.339974	0.33811	0.342083	1	1	4.96779	
3.98338	1	22	3.98327	1	22	3.98328	1	22	0	0	0	0.344971	0.343307	0.34728	0.344972	0.34304	0.346573	0.344971	0.343307	0.34728	0.344972	0.34304	0.346573	1	1	4.96985	
3.98928	1	20	3.98915	1	20	3.98914	1	20	0	0	0	0.350014	0.348253	0.352393	0.350014	0.3484	0.352357	0.350014	0.348253	0.352393	0.350014	0.3484	0.352357	1	1	4.9756	
3.98926	1	21	3.98914	1	21	3.98915	1	21	0	0	0	0.354954	0.353173	0.35734	0.354955	0.353053	0.356383	0.354954	0.353173	0.35734	0.354955	0.353053	0.356383	1	1	4.97523	
3.99346	1	21	3.9933	1	21	3.99332	1	21	0	0	0	0.35996	0.358467	0.362383	0.359961	0.358167	0.363033	0.35996	0.358467	0.362383	0.359961	0.358167	0.363033	1	1	4.97923	
3.99653	1	20	3.99634	1	20	3.99634	1	20	0	0	0	0.364936	0.363493	0.36731	0.364937	0.362787	0.366133	0.364936	0.363493	0.36731	0.364937	0.362787	0.366133	1	1	4.98208	
3.99877	1	21	3.99858	1	21	3.9986	1	21	0	0	0	0.369959	0.36853	0.372257	0.369959	0.368423	0.37251	0.369959	0.36853	0.372257	0.369959	0.368423	0.37251	1	1	4.98392	
4.00255	1	21	4.00234	1	21	4.00233	1	21	0	0	0	0.374922	0.373217	0.377313	0.374922	0.372827	0.376017	0.374922	0.373217	0.377313	0.374922	0.372827	0.376017	1	1	4.98729	
4.00556	1	22	4.00536	1	22	4.00538	1	22	0	0	0	0.379929	0.378367	0.382327	0.37993	0.37731	0.38212	0.379929	0.378367	0.382327	0.37993	0.37731	0.38212	1	1	4.99023	
4.0076	1	25	4.00738	1	25	4.00739	1	25	0	0	0	0.384977	0.38334	0.387293	0.384977	0.383373	0.386873	0.384977	0.38334	0.387293	0.384977	0.383373	0.386873	1	1	4.99193	
4.012	1	21	4.01176	1	21	4.01176	1	21	0	0	0	0.389953	0.388323	0.392323	0.389953	0.387897	0.39143	0.389953	0.388323	0.392323	0.389953	0.387897	0.39143	1	1	4.99609	
4.01672	1	21	4.01648	1	21	4.01649	1	21	0	0	0	0.39501	0.39345	0.39733	0.395011	0.39254	0.396947	0.39501	0.39345	0.39733	0.395011	0.39254	0.396947	1	1	5.00027	
4.01811	1	21	4.01785	1	21	4.01786	1	21	0	0	0	0.400027	0.398437	0.40228	0.400027	0.39827	0.401627	0.400027	0.398437	0.40228	0.400027	0.39827	0.401627	1	1	5.00159	
4.02257	1	20	4.02229	1	20	4.02231	1	20	0	0	0	0.405089	0.4035	0.407143	0.40509	0.404057	0.406227	0.405089	0.4035	0.407143	0.40509	0.404057	0.406227	1	1	5.00588	
4.02312	1	21	4.02283	1	21	4.02283	1	21	0	0	0	0.410107	0.408143	0.412367	0.410108	0.40828	0.41184	0.410107	0.408143	0.412367	0.410108	0.40828	0.41184	1	1	5.00643	
4.02863	1	21	4.02829	1	21	4.0283	1	21	0	0	0	0.415085	0.41318	0.417193	0.415084	0.412687	0.41707	0.415085	0.41318	0.417193	0.415084	0.412687	0.41707	1	1	5.01152	
4.03205	1	21	4.03173	1	21	4.03174	1	21	0	0	0	0.420099	0.418263	0.422237	0.4201	0.418693	0.422277	0.420099	0.418263	0.422237	0.4201	0.418693	0.422277	1	1	5.0145	
4.03476	1	21	4.03438	1	21	4.03438	1	21	0	0	0	0.425086	0.423197	0.427313	0.425086	0.422717	0.42695	0.425086	0.423197	0.427313	0.425086	0.422717	0.42695	1	1	5.01686	
4.04427	1	21	4.04391	1	21	4.04392	1	21	0	0	0	0.4301	0.428197	0.43227	0.430099	0.427587	0.433193	0.4301	0.428197	0.43227	0.430099	0.427587	0.433193	1	1	5.02581	
4.04586	1	21	4.04549	1	21	4.0455	1	21	0	0	0	0.435068	0.433283	0.437193	0.435066	0.43267	0.436757	0.435068	0.433283	0.437193	0.435066	0.43267	0.436757	1	1	5.02715	
4.04882	1	21	4.04846	1	21	4.04846	1	21	0	0	0	0.440064	0.438063	0.442123	0.440061	0.4384	0.441887	0.440064	0.438063	0.442123	0.440061	0.4384	0.441887	1	1	5.03023	
4.05114	1	21	4.05073	1	21	4.05075	1	21	0	0	0	0.445103	0.443103	0.44721	0.445102	0.44253	0.446653	0.445103	0.443103	0.44721	0.445102	0.44253	0.446653	1	1	5.03215	
4.05561	1	22	4.05516	1	22	4.05516	1	22	0	0	0	0.45006	0.44807	0.452117	0.450058	0.447377	0.451703	0.45006	0.44807	0.452117	0.450058	0.447377	0.451703	1	1	5.03642	
4.05942	1	21	4.05892	1	21	4.05894	1	21	0	0	0	0.45518	0.453163	0.45733	0.455178	0.453343	0.457847	0.45518	0.453163	0.45733	0.455178	0.453343	0.457847	1	1	5.03989	
4.0651	1	20	4.06452	1	20	4.06454	1	20	0	0	0	0.460153	0.458033	0.462353	0.460153	0.45761	0.46207	0.460153	0.458033	0.462353	0.460153	0.45761	0.46207	1	1	5.04501	
4.06765	1	23	4.06709	1	23	4.0671	1	23	0	0	0	0.465124	0.463133	0.467567	0.465122	0.46149	0.466823	0.465124	0.463133	0.467567	0.465122	0.46149	0.466823	1	1	5.04728	
4.07215	1	26	4.07153	1	26	4.07153	1	26	0	0	0	0.47014	0.46793	0.472587	0.470139	0.468077	0.471997	0.47014	0.46793	0.472587	0.470139	0.468077	0.471997	1	1	5.05188	
4.07657	1	22	4.07593	1	22	4.07593	1	22	0	0	0	0.475105	0.472893	0.477557	0.475103	0.472917	0.476937	0.475105	0.472893	0.477557	0.475103	0.472917	0.476937	1	1	5.05571	
4.07973	1	21	4.07911	1	21	4.07912	1	21	0	0	0	0.480154	0.478047	0.48266	0.480152	0.477393	0.48205	0.480154	0.478047	0.48266	0.480152	0.477393	0.48205	1	1	5.05866	
4.08464	1	22	4.0839	1	22	4.08391	1	22	0	0	0	0.485161	0.483107	0.48742	0.485159	0.483577	0.487413	0.485161	0.483107	0.48742	0.485159	0.483577	0.487413	1	1	5.06297	
4.08978	1	27	4.0891	1	27	4.08909	1	27	0	0	0	0.490162	0.488077	0.492193	0.490159	0.487503	0.492037	0.490162	0.488077	0.492193	0.490159	0.487503	0.492037	1	1	5.06781	
4.09496	1	22	4.09413	1	22	4.09412	1	22	0	0	0	0.49515	0.49298	0.497327	0.495149	0.49316	0.498787	0.49515	0.49298	0.497327	0.495149	0.49316	0.498787	1	1	5.07248	
4.09872	1	22	4.09786	1	22	4.09787	1	22	0	0	0	0.500193	0.498007	0.50225	0.500191	0.49843	0.501463	0.500193	0.498007	0.50225	0.500191	0.49843	0.501463	1	1	5.07634	
4.10245	1	22	4.10155	1	22	4.10157	1	22	0	0	0	0.505152	0.50293	0.507137	0.505151	0.50292	0.50829	0.505152	0.50293	0.507137	0.505151	0.50292	0.50829	1	1	5.07953	
4.1077	1	21	4.10679	1	21	4.10682	1	21	0	0	0	0.510164	0.50804	0.512417	0.510164	0.50766	0.512127	0.510164	0.50804	0.512417	0.510164	0.50766	0.512127	1	1	5.08458	
4.10985	1	23	4.10894	1	23	4.10894	1	23	0	0	0	0.515199	0.513037	0.517437	0.515197	0.513163	0.517797	0.515199	0.513037	0.517437	0.515197	0.513163	0.517797	1	1	5.08604	
4.11342	1	26	4.1124	1	26	4.11242	1	26	0	0	0	0.520178	0.51798	0.522423	0.520178	0.51854	0.52193	0.520178	0.51798	0.522423	0.520178	0.51854	0.52193	1	1	5.08954	
4.119	1	27	4.11798	1	27	4.11798	1	27	0	0	0	0.525159	0.522977	0.527247	0.525156	0.521823	0.527623	0.525159	0.522977	0.527247	0.525156	0.521823	0.527623	1	1	5.09468	
4.12732	1	27	4.12619	1	27	4.1262	1	27	0	0	0	0.530138	0.52793	0.53204	0.530136	0.5271	0.532087	0.530138	0.52793	0.53204	0.530136	0.5271	0.532087	1	1	5.10245	
4.13035	1	21	4.12915	1	21	4.12914	1	21	0	0	0	0.53509	0.53287	0.53698	0.535087	0.53314	0.53649	0.53509	0.53287	0.53698	0.535087	0.53314	0.53649	1	1	5.10547	
4.13435	1	27	4.13315	1	27	4.13316	1	27	0	0	0	0.540062	0.537847	0.54189	0.540059	0.53808	0.542367	0.540062	0.537847	0.54189	0.540059	0.53808	0.542367	1	1	5.10911	
4.13942	1	27	4.13802	1	27	4.13802	1	27	0	0	0	0.545019	0.542683	0.546767	0.545016	0.543687	0.548293	0.545019	0.542683	0.546767	0.545016	0.543687	0.548293	1	1	5.11312	
4.1494	1	24	4.14796	1	24	4.14797	1	24	0	0	0	0.550052	0.54768	0.55173	0.550047	0.546743	0.552567	0.550052	0.54768	0.55173	0.550047	0.546743	0.552567	1	1	5.12323	
4.14877	1	28	4.14733	1	28	4.14734	1	28	0	0	0	0.555067	0.552717	0.55697	0.555065	0.55319	0.556993	0.555067	0.552717	0.55697	0.555065	0.55319	0.556993	1	1	5.12196	
4.15388	1	22	4.15229	1	22	4.1523	1	22	0	0	0	0.560037	0.557853	0.562013	0.560035	0.558347	0.563207	0.560037	0.557853	0.562013	0.560035	0.558347	0.563207	1	1	5.12684	
4.16122	1	22	4.15954	1	22	4.15957	1	22	0	0	0	0.565038	0.562847	0.567047	0.565036	0.562853	0.56684	0.565038	0.562847	0.567047	0.565036	0.562853	0.56684	1	1	5.13361	
4.1649	1	27	4.16325	1	27	4.16325	1	27	0	0	0	0.570019	0.567987	0.571877	0.570016	0.567957	0.57151	0.570019	0.567987	0.571877	0.570016	0.567957	0.57151	1	1	5.13715	
4.16874	1	22	4.1669	1	22	4.16691	1	22	0	0	0	0.57499	0.572857	0.57707	0.574987	0.572877	0.577277	0.57499	0.572857	0.57707	0.574987	0.572877	0.577277	1	1	5.14042	
4.17662	1	25	4.17477	1	25	4.17478	1	25	0	0	0	0.579978	0.57772	0.582213	0.579974	0.578313	0.582007	0.579978	0.57772	0.582213	0.579974	0.578313	0.582007	1	1	5.14814	
4.17911	1	25	4.17717	1	25	4.17718	1	25	0	0	0	0.584984	0.582687	0.587163	0.584981	0.582917	0.586827	0.584984	0.582687	0.587163	0.584981	0.582917	0.586827	1	1	5.15046	
4.18537	1	22	4.1833	1	22	4.18331	1	22	0	0	0	0.589958	0.587593	0.592113	0.589956	0.58713	0.591597	0.589958	0.587593	0.592113	0.589956	0.58713	0.591597	1	1	5.156	
4.19368	1	24	4.19143	1	24	4.19143	1	24	0	0	0	0.594978	0.59255	0.597227	0.594976	0.593113	0.597167	0.594978	0.59255	0.597227	0.594976	0.593113	0.597167	1	1	5.1633	
4.19775	1	28	4.19544	1	28	4.19546	1	28	0	0	0	0.599903	0.597743	0.602013	0.599901	0.598403	0.601547	0.599903	0.597743	0.602013	0.599901	0.598403	0.601547	1	1	5.16719	
4.20113	1	27	4.19865	1	27	4.19866	1	27	0	0	0	0.604821	0.602697	0.606853	0.604818	0.602357	0.607977	0.604821	0.602697	0.606853	0.604818	0.602357	0.607977	1	1	5.17015	
4.20593	1	25	4.2034	1	25	4.20341	1	25	0	0	0	0.609812	0.607587	0.61168	0.609809	0.607737	0.61197	0.609812	0.607587	0.61168	0.609809	0.607737	0.61197	1	1	5.17495	
4.21176	1	25	4.20901	1	25	4.20902	1	25	0	0	0	0.61487	0.612577	0.616683	0.614869	0.613283	0.61681	0.61487	0.612577	0.616683	0.614869	0.613283	0.61681	1	1	5.17985	
4.21888	1	24	4.21603	1	24	4.21604	1	24	0	0	0	0.619831	0.617607	0.62157	0.619829	0.617143	0.62236	0.619831	0.617607	0.62157	0.619829	0.617143	0.62236	1	1	5.18651	
4.22541	1	22	4.2224	1	22	4.22241	1	22	0	0	0	0.624903	0.62281	0.626517	0.624901	0.621197	0.627467	0.624903	0.62281	0.626517	0.624901	0.621197	0.627467	1	1	5.19262	
4.22893	1	26	4.22575	1	26	4.22577	1	26	0	0	0	0.629923	0.627927	0.631537	0.629922	0.627923	0.63196	0.629923	0.627927	0.631537	0.629922	0.627923	0.63196	1	1	5.19559	
4.23769	1	27	4.23425	1	27	4.23426	1	27	0	0	0	0.634912	0.633017	0.63661	0.634909	0.63331	0.637617	0.634912	0.633017	0.63661	0.634909	0.63331	0.637617	1	1	5.20346	
4.24273	1	22	4.23926	1	22	4.23927	1	22	0	0	0	0.639955	0.638057	0.641693	0.639952	0.638533	0.642447	0.639955	0.638057	0.641693	0.639952	0.638533	0.642447	1	1	5.20835	
4.24866	1	26	4.24485	1	26	4.24488	1	26	0	0	0	0.64492	0.64296	0.64644	0.64492	0.64322	0.64713	0.64492	0.64296	0.64644	0.64492	0.64322	0.64713	1	1	5.21352	
4.25632	1	24	4.2523	1	24	4.25232	1	24	0	0	0	0.649931	0.64791	0.651557	0.64993	0.64806	0.652597	0.649931	0.64791	0.651557	0.64993	0.64806	0.652597	1	1	5.22058	
4.26232	1	27	4.25827	1	27	4.25829	1	27	0	0	0	0.654976	0.653037	0.656613	0.654973	0.65288	0.65721	0.654976	0.653037	0.656613	0.654973	0.65288	0.65721	1	1	5.22643	
4.26835	1	25	4.26395	1	25	4.26397	1	25	0	0	0	0.659958	0.657967	0.66145	0.659957	0.65713	0.662663	0.659958	0.657967	0.66145	0.659957	0.65713	0.662663	1	1	5.23166	
4.27607	1	28	4.27156	1	28	4.27157	1	28	0	0	0	0.664927	0.66291	0.666333	0.664926	0.662987	0.668297	0.664927	0.66291	0.666333	0.664926	0.662987	0.668297	1	1	5.23842	
4.28073	1	27	4.27575	1	27	4.27581	1	27	0	0	0	0.669951	0.667847	0.671333	0.669948	0.66508	0.672387	0.669951	0.667847	0.671333	0.669948	0.66508	0.672387	1	1	5.24319	
4.28868	1	25	4.28338	1	25	4.2834	1	25	0	0	0	0.674925	0.672927	0.676537	0.674923	0.671713	0.678357	0.674925	0.672927	0.676537	0.674923	0.671713	0.678357	1	1	5.24957	
4.29248	1	28	4.28716	1	28	4.28717	1	28	0	0	0	0.679923	0.677943	0.681507	0.679921	0.67697	0.684	0.679923	0.677943	0.681507	0.679921	0.67697	0.684	1	1	5.2533	
4.30077	1	28	4.29511	1	28	4.29513	1	28	0	0	0	0.684924	0.6829	0.686337	0.684924	0.68338	0.686887	0.684924	0.6829	0.686337	0.684924	0.68338	0.686887	1	1	5.26093	
4.30826	1	28	4.3022	1	28	4.30222	1	28	0	0	0	0.689882	0.688137	0.691387	0.68988	0.687113	0.692283	0.689882	0.688137	0.691387	0.68988	0.687113	0.692283	1	1	5.2677	
4.3171	1	27	4.31081	1	27	4.31084	1	27	0	0	0	0.694896	0.693357	0.69655	0.694895	0.692693	0.69754	0.694896	0.693357	0.69655	0.694895	0.692693	0.69754	1	1	5.27566	
4.32234	1	27	4.31576	1	27	4.31579	1	27	0	0	0	0.699911	0.698447	0.701707	0.69991	0.698277	0.702003	0.699911	0.698447	0.701707	0.69991	0.698277	0.702003	1	1	5.28035	
4.32865	1	28	4.32187	1	28	4.32188	1	28	0	0	0	0.704931	0.703377	0.706697	0.704931	0.703053	0.70641	0.704931	0.703377	0.706697	0.704931	0.703053	0.70641	1	1	5.28614	
4.33831	1	30	4.3312	1	30	4.33123	1	30	0	0	0	0.709932	0.708137	0.71179	0.70993	0.708257	0.711853	0.709932	0.708137	0.71179	0.70993	0.708257	0.711853	1	1	5.29471	
4.34392	1	25	4.33614	1	25	4.33615	1	25	0	0	0	0.714931	0.713177	0.71684	0.714928	0.71248	0.716593	0.714931	0.713177	0.71684	0.714928	0.71248	0.716593	1	1	5.29932	
4.3492	1	28	4.34115	1	28	4.34118	1	28	0	0	0	0.71995	0.7183	0.721943	0.719948	0.717477	0.722023	0.71995	0.7183	0.721943	0.719948	0.717477	0.722023	1	1	5.30431	
4.35714	1	28	4.3488	1	28	4.34884	1	28	0	0	0	0.724993	0.723197	0.726993	0.724992	0.721967	0.727533	0.724993	0.723197	0.726993	0.724992	0.721967	0.727533	1	1	5.31157	
4.36547	1	28	4.35633	1	28	4.35634	1	28	0	0	0	0.729989	0.72811	0.732023	0.729989	0.72837	0.731483	0.729989	0.72811	0.732023	0.729989	0.72837	0.731483	1	1	5.31864	
4.37247	1	26	4.36292	1	26	4.36294	1	26	0	0	0	0.734981	0.733117	0.73708	0.73498	0.732493	0.737383	0.734981	0.733117	0.73708	0.73498	0.732493	0.737383	1	1	5.32486	
4.38023	1	27	4.37043	1	27	4.37046	1	27	0	0	0	0.740023	0.738133	0.74218	0.740023	0.736627	0.741647	0.740023	0.738133	0.74218	0.740023	0.736627	0.741647	1	1	5.33165	
4.38865	1	31	4.37823	1	31	4.37824	1	31	0	0	0	0.744991	0.743123	0.747037	0.744991	0.743223	0.747367	0.744991	0.743123	0.747037	0.744991	0.743223	0.747367	1	1	5.3389	
4.39629	1	27	4.38513	1	27	4.38517	1	27	0	0	0	0.750027	0.748183	0.75198	0.750025	0.74754	0.753173	0.750027	0.748183	0.75198	0.750025	0.74754	0.753173	1	1	5.34569	
4.40477	1	28	4.39335	1	28	4.39339	1	28	0	0	0	0.75496	0.752987	0.756843	0.754955	0.75282	0.758047	0.75496	0.752987	0.756843	0.754955	0.75282	0.758047	1	1	5.35346	
4.4132	1	28	4.40051	1	28	4.40055	1	28	0	0	0	0.759955	0.758063	0.761883	0.759955	0.756587	0.7638	0.759955	0.758063	0.761883	0.759955	0.756587	0.7638	1	1	5.35998	
4.42071	1	29	4.40788	1	29	4.40791	1	29	0	0	0	0.764954	0.763273	0.766787	0.764952	0.76302	0.76738	0.764954	0.763273	0.766787	0.764952	0.76302	0.76738	1	1	5.3673	
4.43254	1	29	4.41855	1	29	4.41857	1	29	0	0	0	0.76996	0.76815	0.77165	0.769959	0.76503	0.77154	0.76996	0.76815	0.77165	0.769959	0.76503	0.77154	1	1	5.37761	
4.43898	1	28	4.42452	1	28	4.42453	1	28	0	0	0	0.774975	0.773037	0.77671	0.774974	0.771077	0.777917	0.774975	0.773037	0.77671	0.774974	0.771077	0.777917	1	1	5.38311	
4.44887	1	29	4.43331	1	29	4.43331	1	29	0	0	0	0.779928	0.778267	0.781573	0.779926	0.777837	0.78208	0.779928	0.778267	0.781573	0.779926	0.777837	0.78208	1	1	5.39102	
4.45718	1	29	4.44081	1	29	4.44081	1	29	0	0	0	0.784889	0.78316	0.786483	0.784887	0.781063	0.78738	0.784889	0.78316	0.786483	0.784887	0.781063	0.78738	1	1	5.39799	
4.46471	1	29	4.44699	1	29	4.44699	1	29	0	0	0	0.78992	0.788153	0.79163	0.789919	0.786203	0.792507	0.78992	0.788153	0.79163	0.789919	0.786203	0.792507	1	1	5.40398	
4.47523	1	30	4.45688	1	30	4.45687	1	30	0	0	0	0.794933	0.793113	0.79685	0.794933	0.79155	0.798417	0.794933	0.793113	0.79685	0.794933	0.79155	0.798417	1	1	5.41318	
4.48329	1	29	4.4638	1	29	4.46384	1	29	0	0	0	0.799949	0.798187	0.801953	0.799948	0.797657	0.80257	0.799949	0.798187	0.801953	0.799948	0.797657	0.80257	1	1	5.41988	
4.49337	1	30	4.47284	1	30	4.47284	1	30	0	0	0	0.804948	0.803067	0.80698	0.804945	0.80313	0.806367	0.804948	0.803067	0.80698	0.804945	0.80313	0.806367	1	1	5.42848	
4.50092	1	28	4.47893	1	28	4.47895	1	28	0	0	0	0.80994	0.80802	0.811817	0.809939	0.806757	0.8131	0.80994	0.80802	0.811817	0.809939	0.806757	0.8131	1	1	5.43403	
4.51153	1	29	4.48833	1	29	4.48833	1	29	0	0	0	0.814959	0.81325	0.81644	0.814959	0.811907	0.818067	0.814959	0.81325	0.81644	0.814959	0.811907	0.818067	1	1	5.44309	
4.51991	1	29	4.49509	1	28	4.49513	1	28	0	0	0	0.81996	0.81835	0.82127	0.819958	0.817843	0.821963	0.81996	0.81835	0.82127	0.819958	0.817843	0.821963	1	1	5.44958	
4.5305	1	29	4.50401	1	29	4.50407	1	29	0	0	0	0.825002	0.823473	0.826163	0.825004	0.82085	0.82931	0.825002	0.823473	0.826163	0.825004	0.82085	0.82931	1	1	5.4578	
4.54077	1	30	4.51229	1	30	4.51232	1	30	0	0	0	0.829987	0.82835	0.831263	0.829986	0.82648	0.83386	0.829987	0.82835	0.831263	0.829986	0.82648	0.83386	1	1	5.46531	
4.55155	1	33	4.52147	1	33	4.52147	1	33	0	0	0	0.835007	0.833347	0.836293	0.835006	0.831607	0.838587	0.835007	0.833347	0.836293	0.835006	0.831607	0.838587	1	1	5.47376	
4.56433	1	28	4.53243	1	28	4.53246	1	28	0	0	0	0.84	0.838343	0.84134	0.840003	0.83825	0.842123	0.84	0.838343	0.84134	0.840003	0.83825	0.842123	1	1	5.48493	
4.57676	1	28	4.5424	1	28	4.54241	1	28	0	0	0	0.844985	0.843337	0.846163	0.844985	0.840677	0.848807	0.844985	0.843337	0.846163	0.844985	0.840677	0.848807	1	1	5.49435	
4.58756	1	30	4.55126	1	30	4.55127	1	30	0	0	0	0.849982	0.84841	0.851453	0.849985	0.84715	0.8523	0.849982	0.84841	0.851453	0.849985	0.84715	0.8523	1	1	5.50278	
4.59767	1	29	4.55876	1	29	4.55875	1	29	0	0	0	0.85502	0.85363	0.856407	0.855017	0.85371	0.857943	0.85502	0.85363	0.856407	0.855017	0.85371	0.857943	1	1	5.50941	
4.60738	1	29	4.566	1	29	4.56601	1	29	0	0	0	0.860068	0.858627	0.861577	0.860073	0.85643	0.86308	0.860068	0.858627	0.861577	0.860073	0.85643	0.86308	1	1	5.5158	
4.62637	1	29	4.58097	1	29	4.58098	1	29	0	0	0	0.865001	0.863553	0.866453	0.864999	0.8628	0.86676	0.865001	0.863553	0.866453	0.864999	0.8628	0.86676	1	1	5.53037	
4.63467	1	30	4.58619	1	30	4.58622	1	30	0	0	0	0.869953	0.86868	0.871253	0.869952	0.86679	0.87389	0.869953	0.86868	0.871253	0.869952	0.86679	0.87389	1	1	5.53555	
4.64709	1	34	4.59515	1	34	4.59518	1	34	0	0	0	0.874931	0.873617	0.875907	0.874936	0.872057	0.877983	0.874931	0.873617	0.875907	0.874936	0.872057	0.877983	1	1	5.54399	
4.66353	1	31	4.60692	1	31	4.60697	1	31	0	0	0	0.879909	0.87865	0.881057	0.879912	0.87676	0.883203	0.879909	0.87865	0.881057	0.879912	0.87676	0.883203	1	1	5.55499	
4.67652	1	33	4.61535	1	33	4.61537	1	33	0	0	0	0.884859	0.883567	0.886037	0.884859	0.883	0.88826	0.884859	0.883567	0.886037	0.884859	0.883	0.88826	1	1	5.56288	
4.68949	1	30	4.62387	1	30	4.6239	1	30	0	0	0	0.889908	0.88883	0.890943	0.889908	0.886127	0.892677	0.889908	0.88883	0.890943	0.889908	0.886127	0.892677	1	1	5.5705	
4.70374	1	29	4.6322	1	29	4.63222	1	29	0	0	0	0.894956	0.8941	0.896027	0.894958	0.891737	0.898933	0.894956	0.8941	0.896027	0.894958	0.891737	0.898933	1	1	5.57877	
4.72432	1	29	4.64599	1	29	4.64605	1	29	0	0	0	0.899986	0.899097	0.901433	0.899988	0.895847	0.90284	0.899986	0.899097	0.901433	0.899988	0.895847	0.90284	1	1	5.5918	
4.74111	1	30	4.65532	1	30	4.65534	1	30	0	0	0	0.904927	0.90416	0.906277	0.904929	0.90145	0.907867	0.904927	0.90416	0.906277	0.904929	0.90145	0.907867	1	1	5.60105	
4.75756	1	30	4.66334	1	29	4.66338	1	29	0	0	0	0.9099	0.90917	0.91104	0.909905	0.907317	0.91347	0.9099	0.90917	0.91104	0.909905	0.907317	0.91347	1	1	5.60834	
4.78111	1	31	4.67643	1	31	4.67646	1	31	0	0	0	0.9149	0.9142	0.91601	0.914899	0.912803	0.916513	0.9149	0.9142	0.91601	0.914899	0.912803	0.916513	1	1	5.62053	
4.80185	1	29	4.68656	1	29	4.68661	1	29	0	0	0	0.919954	0.919297	0.921063	0.919956	0.918223	0.923023	0.919954	0.919297	0.921063	0.919956	0.918223	0.923023	1	1	5.63037	
4.83083	1	36	4.69932	1	36	4.69937	1	36	0	0	0	0.924994	0.924277	0.92607	0.924991	0.922153	0.928987	0.924994	0.924277	0.92607	0.924991	0.922153	0.928987	1	1	5.64281	
4.85313	1	30	4.70769	1	30	4.7077	1	30	0	0	0	0.930026	0.929227	0.931047	0.930025	0.927677	0.933257	0.930026	0.929227	0.931047	0.930025	0.927677	0.933257	1	1	5.65003	
4.88536	1	30	4.71935	1	30	4.71939	1	30	0	0	0	0.935013	0.934263	0.936077	0.935016	0.93185	0.93697	0.935013	0.934263	0.936077	0.935016	0.93185	0.93697	1	1	5.66105	
4.91612	1	31	4.72906	1	31	4.7291	1	31	0	0	0	0.940029	0.939147	0.941117	0.940034	0.93555	0.943783	0.940029	0.939147	0.941117	0.940034	0.93555	0.943783	1	1	5.67018	
4.95978	1	31	4.74035	1	31	4.74038	1	31	0	0	0	0.945005	0.944133	0.946007	0.945028	0.942473	0.94918	0.945005	0.944133	0.946007	0.945028	0.942473	0.94918	1	1	5.68139	
5.00697	1	30	4.75084	1	30	4.75085	1	30	0	0	0	0.949992	0.94902	0.950757	0.950004	0.945957	0.95322	0.949992	0.94902	0.950757	0.950004	0.945957	0.95322	1	1	5.69085	
5.07683	1	31	4.76333	1	31	4.7634	1	31	0	0	0	0.954993	0.95422	0.955827	0.954989	0.952283	0.95703	0.954993	0.95422	0.955827	0.954989	0.952283	0.95703	1	1	5.70255	
5.16185	1	34	4.77363	1	34	4.77366	1	34	0	0	0	0.96001	0.959347	0.96071	0.960021	0.95691	0.964073	0.96001	0.959347	0.96071	0.960021	0.95691	0.964073	1	1	5.71254	
5.29654	1	31	4.78602	1	31	4.78606	1	31	0	0	0	0.965087	0.964467	0.965803	0.96509	0.96108	0.968283	0.965087	0.964467	0.965803	0.96509	0.96108	0.968283	1	1	5.72405	
5.51605	1	35	4.79898	1	35	4.79899	1	35	0	0	0	0.970102	0.96949	0.970793	0.970096	0.968233	0.972113	0.970102	0.96949	0.970793	0.970096	0.968233	0.972113	1	1	5.73628	
6.00171	1	34	4.81461	1	31	4.81458	1	31	0	0	0	0.975118	0.97452	0.97568	0.975102	0.973017	0.97812	0.975118	0.97452	0.97568	0.975102	0.973017	0.97812	1	1	5.7515	
12.633	1	246	4.83717	1	38	4.8372	1	38	0	0	0	0.980073	0.979716	0.980504	0.980057	0.977521	0.982461	0.980073	0.979716	0.980504	0.980057	0.977521	0.982461	1	1	5.77264	
487.394	1	4799	4.85956	1	45	4.85924	1	45	0	0	0	0.985053	0.98485	0.98546	0.984311	0.981094	0.987021	0.985053	0.98485	0.98546	0.984311	0.981094	0.987021	1	1	5.794	
