3.81609	1	8	3.81609	1	8	3.81609	1	8	0	0	0	0.00503313	0.00484667	0.00526333	0.00503292	0	0.02034	0.00503313	0.00484667	0.00526333	0.00503292	0	0.02034	1	1	4.81589	
3.80847	1	12	3.80847	1	12	3.80847	1	12	0	0	0	0.0100071	0.00978667	0.01026	0.0100069	0	0.0406567	0.0100071	0.00978667	0.01026	0.0100069	0	0.0406567	1	1	4.80772	
3.81841	1	13	3.81841	1	13	3.81841	1	13	0	0	0	0.0149985	0.01468	0.0154533	0.0149981	0	0.0602167	0.0149985	0.01468	0.0154533	0.0149981	0	0.0602167	1	1	4.81715	
3.82345	1	13	3.82345	1	13	3.82345	1	13	0	0	0	0.019986	0.0196467	0.0205267	0.0199858	0	0.0805067	0.019986	0.0196467	0.0205267	0.0199858	0	0.0805067	1	1	4.82171	
3.82989	1	13	3.82989	1	13	3.8299	1	13	0	0	0	0.0249837	0.0245867	0.0255	0.0249837	0	0.1007	0.0249837	0.0245867	0.0255	0.0249837	0	0.1007	1	1	4.828	
3.82183	1	12	3.82183	1	12	3.82178	1	12	0	0	0	0.0300242	0.0296033	0.03046	0.030024	0	0.12085	0.0300242	0.0296033	0.03046	0.030024	0	0.12085	1	1	4.81943	
3.83064	1	13	3.83064	1	13	3.8306	1	13	0	0	0	0.0350258	0.0346	0.0353167	0.0350252	0	0.14059	0.0350258	0.0346	0.0353167	0.0350252	0	0.14059	1	1	4.82782	
3.83238	1	14	3.83238	1	14	3.83237	1	14	0	0	0	0.0400277	0.0394067	0.04053	0.0400273	0	0.160503	0.0400277	0.0394067	0.04053	0.0400273	0	0.160503	1	1	4.82907	
3.83782	1	14	3.83782	1	14	3.83779	1	14	0	0	0	0.0450169	0.04435	0.0456767	0.0450167	0	0.18061	0.0450169	0.04435	0.0456767	0.0450167	0	0.18061	1	1	4.83407	
3.84822	1	14	3.84822	1	14	3.84821	1	14	0	0	0	0.0499998	0.0493933	0.0506733	0.0499994	0	0.201593	0.0499998	0.0493933	0.0506733	0.0499994	0	0.201593	1	1	4.84405	
3.8539	1	14	3.85389	1	14	3.85389	1	14	0	0	0	0.0550015	0.0543467	0.0556	0.055001	0	0.22187	0.0550015	0.0543467	0.0556	0.055001	0	0.22187	1	1	4.84907	
3.85943	1	15	3.85943	1	15	3.85944	1	15	0	0	0	0.0599671	0.05932	0.0604033	0.0599673	0	0.241723	0.0599671	0.05932	0.0604033	0.0599673	0	0.241723	1	1	4.85425	
3.86674	1	17	3.86672	1	17	3.86674	1	17	0	0	0	0.0650215	0.0643533	0.06553	0.065021	0	0.262287	0.0650215	0.0643533	0.06553	0.065021	0	0.262287	1	1	4.86122	
3.87354	1	18	3.87352	1	18	3.87357	1	18	0	0	0	0.0699788	0.0690033	0.07044	0.0699783	0	0.28182	0.0699788	0.0690033	0.07044	0.0699783	0	0.28182	1	1	4.86747	
3.8843	1	15	3.88428	1	15	3.88429	1	15	0	0	0	0.0749758	0.07389	0.0755633	0.0749756	0	0.302113	0.0749758	0.07389	0.0755633	0.0749756	0	0.302113	1	1	4.87764	
3.89456	1	21	3.89452	1	21	3.89456	1	21	0	0	0	0.0799906	0.0788467	0.0806333	0.0799904	0	0.321807	0.0799906	0.0788467	0.0806333	0.0799904	0	0.321807	1	1	4.88763	
3.90395	1	18	3.90392	1	18	3.90392	1	18	0	0	0	0.0850135	0.0838667	0.08573	0.0850135	0	0.341753	0.0850135	0.0838667	0.08573	0.0850135	0	0.341753	1	1	4.89635	
3.90614	1	20	3.90611	1	20	3.9061	1	20	0	0	0	0.0900252	0.0889933	0.09087	0.090025	0	0.36183	0.0900252	0.0889933	0.09087	0.090025	0	0.36183	1	1	4.8984	
3.92107	1	19	3.92102	1	19	3.92103	1	19	0	0	0	0.09501	0.0940767	0.0960067	0.0950104	0	0.38137	0.09501	0.0940767	0.0960067	0.0950104	0	0.38137	1	1	4.9123	
3.9318	1	19	3.93177	1	19	3.93177	1	19	0	0	0	0.100001	0.0991267	0.101043	0.100001	0	0.40157	0.100001	0.0991267	0.101043	0.100001	0	0.40157	1	1	4.92267	
3.94625	1	20	3.94619	1	20	3.94621	1	20	0	0	0	0.105056	0.104223	0.10609	0.105056	0	0.421723	0.105056	0.104223	0.10609	0.105056	0	0.421723	1	1	4.93654	
3.95806	1	21	3.95799	1	21	3.95799	1	21	0	0	0	0.110075	0.109163	0.111127	0.110075	0	0.4419	0.110075	0.109163	0.111127	0.110075	0	0.4419	1	1	4.94812	
3.96871	1	19	3.96864	1	19	3.96865	1	19	0	0	0	0.115058	0.11411	0.115987	0.115058	0	0.462143	0.115058	0.11411	0.115987	0.115058	0	0.462143	1	1	4.95814	
3.98734	1	20	3.98726	1	20	3.98726	1	20	0	0	0	0.120091	0.11904	0.120967	0.120091	0	0.482547	0.120091	0.11904	0.120967	0.120091	0	0.482547	1	1	4.97637	
4.00899	1	19	4.00891	1	19	4.00891	1	19	0	0	0	0.125086	0.124113	0.12595	0.125086	0	0.502093	0.125086	0.124113	0.12595	0.125086	0	0.502093	1	1	4.99742	
4.02018	1	20	4.02008	1	20	4.02008	1	20	0	0	0	0.130036	0.129193	0.130967	0.130036	0	0.521277	0.130036	0.129193	0.130967	0.130036	0	0.521277	1	1	5.00768	
4.03054	1	20	4.03043	1	20	4.03042	1	20	0	0	0	0.135046	0.134153	0.13592	0.135046	0	0.541637	0.135046	0.134153	0.13592	0.135046	0	0.541637	1	1	5.01766	
4.04871	1	20	4.04858	1	20	4.04859	1	20	0	0	0	0.140089	0.13911	0.141013	0.140089	0	0.562097	0.140089	0.13911	0.141013	0.140089	0	0.562097	1	1	5.03512	
4.07257	1	22	4.07238	1	22	4.0724	1	22	0	0	0	0.1451	0.144033	0.146127	0.1451	0	0.58218	0.1451	0.144033	0.146127	0.1451	0	0.58218	1	1	5.0584	
4.08615	1	25	4.08597	1	25	4.08597	1	25	0	0	0	0.150073	0.149	0.151137	0.150072	0	0.60193	0.150073	0.149	0.151137	0.150072	0	0.60193	1	1	5.07181	
4.10034	1	25	4.10011	1	25	4.10013	1	25	0	0	0	0.155095	0.153887	0.156357	0.155094	0	0.62258	0.155095	0.153887	0.156357	0.155094	0	0.62258	1	1	5.08499	
4.12426	1	22	4.12405	1	22	4.12407	1	22	0	0	0	0.160132	0.15898	0.161417	0.160131	0	0.643027	0.160132	0.15898	0.161417	0.160131	0	0.643027	1	1	5.10841	
4.14264	1	21	4.14242	1	21	4.14243	1	21	0	0	0	0.165184	0.164157	0.166407	0.165183	0	0.66371	0.165184	0.164157	0.166407	0.165183	0	0.66371	1	1	5.12595	
4.17118	1	21	4.17086	1	21	4.17087	1	21	0	0	0	0.17018	0.169217	0.171373	0.17018	0	0.684067	0.17018	0.169217	0.171373	0.17018	0	0.684067	1	1	5.15397	
4.19073	1	22	4.19039	1	22	4.19039	1	22	0	0	0	0.175217	0.174063	0.17638	0.175216	0	0.704047	0.175217	0.174063	0.17638	0.175216	0	0.704047	1	1	5.17254	
4.21778	1	22	4.21746	1	22	4.21744	1	22	0	0	0	0.180281	0.178947	0.181643	0.18028	0	0.724467	0.180281	0.178947	0.181643	0.18028	0	0.724467	1	1	5.19915	
4.23984	1	26	4.23938	1	26	4.23938	1	26	0	0	0	0.185281	0.183897	0.18673	0.185281	0	0.74426	0.185281	0.183897	0.18673	0.185281	0	0.74426	1	1	5.22074	
4.25985	1	26	4.25938	1	26	4.25939	1	26	0	0	0	0.190259	0.188923	0.191553	0.190257	0	0.7641	0.190259	0.188923	0.191553	0.190257	0	0.7641	1	1	5.23994	
4.28426	1	26	4.28376	1	26	4.28375	1	26	0	0	0	0.195212	0.193857	0.196627	0.195213	0	0.784883	0.195212	0.193857	0.196627	0.195213	0	0.784883	1	1	5.26329	
4.31677	1	27	4.31621	1	27	4.31623	1	27	0	0	0	0.200214	0.198957	0.201677	0.200214	0	0.804163	0.200214	0.198957	0.201677	0.200214	0	0.804163	1	1	5.29501	
4.34536	1	30	4.34471	1	30	4.34473	1	30	0	0	0	0.205177	0.203887	0.206603	0.205176	0	0.824543	0.205177	0.203887	0.206603	0.205176	0	0.824543	1	1	5.32324	
4.37309	1	22	4.37237	1	22	4.37237	1	22	0	0	0	0.210146	0.208837	0.211633	0.210145	0	0.844993	0.210146	0.208837	0.211633	0.210145	0	0.844993	1	1	5.3502	
4.40745	1	23	4.40658	1	23	4.40659	1	23	0	0	0	0.215114	0.21374	0.216803	0.215114	0	0.86461	0.215114	0.21374	0.216803	0.215114	0	0.86461	1	1	5.38373	
4.43758	1	26	4.43658	1	26	4.43657	1	26	0	0	0	0.220136	0.218777	0.221903	0.220135	0	0.884867	0.220136	0.218777	0.221903	0.220135	0	0.884867	1	1	5.41349	
4.47502	1	27	4.47396	1	27	4.47396	1	27	0	0	0	0.225164	0.223753	0.22687	0.225165	0	0.90485	0.225164	0.223753	0.22687	0.225165	0	0.90485	1	1	5.44954	
4.50133	1	28	4.50021	1	28	4.50016	1	28	0	0	0	0.230132	0.228897	0.231807	0.230129	0	0.924727	0.230132	0.228897	0.231807	0.230129	0	0.924727	1	1	5.47507	
4.54753	1	34	4.54623	1	34	4.54618	1	34	0	0	0	0.235071	0.23388	0.236817	0.235075	0	0.944307	0.235071	0.23388	0.236817	0.235075	0	0.944307	1	1	5.52041	
4.58	1	28	4.57859	1	28	4.57856	1	28	0	0	0	0.24003	0.238713	0.241923	0.240034	0	0.96353	0.24003	0.238713	0.241923	0.240034	0	0.96353	1	1	5.55184	
4.62017	1	29	4.61863	1	29	4.61868	1	29	0	0	0	0.24505	0.243763	0.246913	0.245058	0	0.98406	0.24505	0.243763	0.246913	0.245058	0	0.98406	1	1	5.59128	
4.65952	1	27	4.65766	1	27	4.65749	1	27	0	0	0	0.249962	0.248783	0.251893	0.249709	0	1	0.249962	0.248783	0.251893	0.249709	0	1	1	1	5.62935	
4.70094	1	27	4.69906	1	27	4.70004	1	28	0	0	0	0.254964	0.253697	0.25695	0.25	0	1	0.254964	0.253697	0.25695	0.25	0	1	1	1	5.67012	
4.74632	1	27	4.74432	1	27	4.74526	1	27	0	0	0	0.259973	0.258533	0.26183	0.25	0	1	0.259973	0.258533	0.26183	0.25	0	1	1	1	5.71431	
4.79419	1	34	4.79186	1	34	4.79275	1	34	0	0	0	0.265002	0.263803	0.266847	0.25	0	1	0.265002	0.263803	0.266847	0.25	0	1	1	1	5.76089	
4.84333	1	28	4.84081	1	28	4.83898	1	28	0	0	0	0.270024	0.268843	0.271843	0.25	0	1	0.270024	0.268843	0.271843	0.25	0	1	1	1	5.80944	
4.89264	1	31	4.88981	1	31	4.8886	1	31	0	0	0	0.275018	0.273793	0.276993	0.25	0	1	0.275018	0.273793	0.276993	0.25	0	1	1	1	5.85683	
4.93775	1	29	4.93462	1	29	4.93421	1	29	0	0	0	0.28004	0.27887	0.282073	0.25	0	1	0.28004	0.27887	0.282073	0.25	0	1	1	1	5.90136	
4.99286	1	34	4.98946	1	34	4.98846	1	34	0	0	0	0.285015	0.283613	0.287233	0.25	0	1	0.285015	0.283613	0.287233	0.25	0	1	1	1	5.95507	
5.04812	1	29	5.04424	1	29	5.04256	1	29	0	0	0	0.290035	0.288733	0.29204	0.25	0	1	0.290035	0.288733	0.29204	0.25	0	1	1	1	6.00911	
5.11197	1	29	5.10775	1	29	5.10486	1	29	0	0	0	0.295025	0.29379	0.29713	0.25	0	1	0.295025	0.29379	0.29713	0.25	0	1	1	1	6.07193	
5.17277	1	34	5.16804	1	34	5.16737	1	34	0	0	0	0.300039	0.298713	0.302297	0.25	0	1	0.300039	0.298713	0.302297	0.25	0	1	1	1	6.13036	
5.2403	1	35	5.23497	1	35	5.23454	1	35	0	0	0	0.305055	0.303653	0.30702	0.25	0	1	0.305055	0.303653	0.30702	0.25	0	1	1	1	6.19638	
5.29938	1	34	5.29361	1	34	5.29597	1	34	0	0	0	0.310057	0.30852	0.311997	0.25	0	1	0.310057	0.30852	0.311997	0.25	0	1	1	1	6.25396	
5.37486	1	31	5.36851	1	31	5.36834	1	34	0	0	0	0.315019	0.31352	0.316983	0.25	0	1	0.315019	0.31352	0.316983	0.25	0	1	1	1	6.32827	
5.4494	1	35	5.44217	1	35	5.44252	1	36	0	0	0	0.319978	0.318463	0.32199	0.25	0	1	0.319978	0.318463	0.32199	0.25	0	1	1	1	6.40097	
5.52541	1	36	5.51751	1	36	5.52002	1	36	0	0	0	0.324963	0.323313	0.327123	0.25	0	1	0.324963	0.323313	0.327123	0.25	0	1	1	1	6.47544	
5.60764	1	36	5.5987	1	36	5.60045	1	44	0	0	0	0.329995	0.328247	0.33219	0.25	0	1	0.329995	0.328247	0.33219	0.25	0	1	1	1	6.55538	
5.69543	1	35	5.68572	1	35	5.68474	1	36	0	0	0	0.33498	0.33312	0.3371	0.25	0	1	0.33498	0.33312	0.3371	0.25	0	1	1	1	6.64058	
5.78595	1	36	5.77515	1	36	5.77234	1	36	0	0	0	0.339973	0.33812	0.342147	0.25	0	1	0.339973	0.33812	0.342147	0.25	0	1	1	1	6.72927	
5.87515	1	43	5.86319	1	43	5.87082	1	43	0	0	0	0.344971	0.343307	0.34728	0.25	0	1	0.344971	0.343307	0.34728	0.25	0	1	1	1	6.81575	
5.98513	1	36	5.97147	1	36	5.9628	1	36	0	0	0	0.350014	0.348253	0.352393	0.25	0	1	0.350014	0.348253	0.352393	0.25	0	1	1	1	6.92324	
6.07903	1	36	6.06438	1	36	6.06751	1	37	0	0	0	0.354954	0.353173	0.35734	0.25	0	1	0.354954	0.353173	0.35734	0.25	0	1	1	1	7.01414	
6.19696	1	37	6.18037	1	37	6.17551	1	37	0	0	0	0.35996	0.358467	0.362383	0.25	0	1	0.35996	0.358467	0.362383	0.25	0	1	1	1	7.12912	
6.30769	1	38	6.28941	1	38	6.29011	1	38	0	0	0	0.364936	0.363493	0.36731	0.25	0	1	0.364936	0.363493	0.36731	0.25	0	1	1	1	7.23653	
6.4349	1	38	6.41398	1	38	6.40661	1	41	0	0	0	0.369959	0.36853	0.372257	0.25	0	1	0.369959	0.36853	0.372257	0.25	0	1	1	1	7.36011	
6.55488	1	37	6.53185	1	37	6.53341	1	40	0	0	0	0.374922	0.373217	0.377313	0.25	0	1	0.374922	0.373217	0.377313	0.25	0	1	1	1	7.47689	
6.70978	1	42	6.68392	1	42	6.67503	1	42	0	0	0	0.379929	0.378367	0.382327	0.25	0	1	0.379929	0.378367	0.382327	0.25	0	1	1	1	7.62802	
6.85013	1	39	6.82107	1	39	6.82746	1	44	0	0	0	0.384977	0.38334	0.387293	0.25	0	1	0.384977	0.38334	0.387293	0.25	0	1	1	1	7.76216	
7.01207	1	43	6.97893	1	43	6.9776	1	43	0	0	0	0.389953	0.388323	0.392323	0.25	0	1	0.389953	0.388323	0.392323	0.25	0	1	1	1	7.9183	
7.18473	1	38	7.14771	1	38	7.13819	1	43	0	0	0	0.39501	0.39345	0.39733	0.25	0	1	0.39501	0.39345	0.39733	0.25	0	1	1	1	8.08551	
7.35842	1	40	7.3161	1	40	7.30659	1	44	0	0	0	0.400027	0.398437	0.40228	0.25	0	1	0.400027	0.398437	0.40228	0.25	0	1	1	1	8.25188	
7.58514	1	43	7.53594	1	43	7.51086	1	51	0	0	0	0.405089	0.4035	0.407143	0.25	0	1	0.405089	0.4035	0.407143	0.25	0	1	1	1	8.46962	
7.76866	1	44	7.71261	1	43	7.70879	1	44	0	0	0	0.410107	0.408143	0.412367	0.25	0	1	0.410107	0.408143	0.412367	0.25	0	1	1	1	8.64356	
7.99849	1	46	7.93382	1	46	7.9226	1	46	0	0	0	0.415085	0.41318	0.417193	0.25	0	1	0.415085	0.41318	0.417193	0.25	0	1	1	1	8.86304	
8.25548	1	51	8.1797	1	51	8.16554	1	51	0	0	0	0.420099	0.418263	0.422237	0.25	0	1	0.420099	0.418263	0.422237	0.25	0	1	1	1	9.10547	
8.53434	1	44	8.44357	1	44	8.42848	1	51	0	0	0	0.425086	0.423197	0.427313	0.25	0	1	0.425086	0.423197	0.427313	0.25	0	1	1	1	9.3665	
8.83479	1	50	8.72722	1	47	8.70728	1	47	0	0	0	0.4301	0.428197	0.43227	0.25	0	1	0.4301	0.428197	0.43227	0.25	0	1	1	1	9.64636	
9.16211	1	63	9.03359	1	47	9.01131	1	47	0	0	0	0.435068	0.433283	0.437193	0.25	0	1	0.435068	0.433283	0.437193	0.25	0	1	1	1	9.94932	
9.53908	1	58	9.37733	1	51	9.36577	1	51	0	0	0	0.440064	0.438063	0.442123	0.25	0	1	0.440064	0.438063	0.442123	0.25	0	1	1	1	10.2893	
9.97629	1	48	9.76943	1	48	9.74439	1	54	0	0	0	0.445103	0.443103	0.44721	0.25	0	1	0.445103	0.443103	0.44721	0.25	0	1	1	1	10.6763	
10.4689	1	77	10.194	1	50	10.1648	1	50	0	0	0	0.45006	0.44807	0.452117	0.25	0	1	0.45006	0.44807	0.452117	0.25	0	1	1	1	11.0918	
11.0638	1	82	10.6845	1	52	10.6438	1	53	0	0	0	0.45518	0.453163	0.45733	0.25	0	1	0.45518	0.453163	0.45733	0.25	0	1	1	1	11.5748	
11.8627	1	126	11.2449	1	59	11.2211	1	59	0	0	0	0.460153	0.458033	0.462353	0.25	0	1	0.460153	0.458033	0.462353	0.25	0	1	1	1	12.1214	
12.9888	1	200	11.8837	1	62	11.856	1	62	0	0	0	0.465124	0.463133	0.467567	0.25	0	1	0.465124	0.463133	0.467567	0.25	0	1	1	1	12.7442	
15.1801	1	334	12.7012	1	61	12.645	1	67	0	0	0	0.47014	0.46793	0.472587	0.25	0	1	0.47014	0.46793	0.472587	0.25	0	1	1	1	13.532	
21.0391	1	669	13.5578	1	69	13.5538	1	75	0	0	0	0.475105	0.472893	0.477557	0.25	0	1	0.475105	0.472893	0.477557	0.25	0	1	1	1	14.3529	
780.74	1	17664	14.4631	1	73	14.4812	1	85	0	0	0	0.480154	0.478047	0.48266	0.25	0	1	0.480154	0.478047	0.48266	0.25	0	1	1	1	15.1914	
