3.88518	1	7	3.88518	1	7	3.88518	1	7	0	0	0	0.00503313	0.00484667	0.00526333	0.00503292	0.00484667	0.00526	0.00503313	0.00484667	0.00526333	0.00503292	0.00484667	0.00526	1	1	4.88518	
3.87607	1	7	3.87607	1	7	3.87607	1	7	0	0	0	0.0100071	0.00978667	0.01026	0.0100069	0.00978667	0.0102567	0.0100071	0.00978667	0.01026	0.0100069	0.00978667	0.0102567	1	1	4.87607	
3.86606	1	7	3.86606	1	7	3.86606	1	7	0	0	0	0.0149985	0.01468	0.0154533	0.0149983	0.01468	0.01545	0.0149985	0.01468	0.0154533	0.0149983	0.01468	0.01545	1	1	4.86606	
3.87074	1	7	3.87074	1	7	3.87074	1	7	0	0	0	0.019986	0.0196467	0.0205267	0.019986	0.0196467	0.0205233	0.019986	0.0196467	0.0205267	0.019986	0.0196467	0.0205233	1	1	4.87074	
3.87685	1	7	3.87685	1	7	3.87685	1	7	0	0	0	0.0249837	0.0245867	0.0255	0.024984	0.0245867	0.0254967	0.0249837	0.0245867	0.0255	0.024984	0.0245867	0.0254967	1	1	4.87685	
3.87596	1	7	3.87596	1	7	3.87596	1	7	0	0	0	0.0300242	0.0296033	0.03046	0.0300244	0.0296033	0.0304567	0.0300242	0.0296033	0.03046	0.0300244	0.0296033	0.0304567	1	1	4.87596	
3.87468	1	7	3.87468	1	7	3.87466	1	7	0	0	0	0.0350258	0.0346	0.0353167	0.0350256	0.0346	0.0353167	0.0350258	0.0346	0.0353167	0.0350256	0.0346	0.0353167	1	1	4.87468	
3.87332	1	7	3.87332	1	7	3.8733	1	7	0	0	0	0.0400277	0.0394067	0.04053	0.0400275	0.0394067	0.0405333	0.0400277	0.0394067	0.04053	0.0400275	0.0394067	0.0405333	1	1	4.87332	
3.87146	1	7	3.87146	1	7	3.87146	1	7	0	0	0	0.0450169	0.04435	0.0456767	0.0450169	0.04435	0.04568	0.0450169	0.04435	0.0456767	0.0450169	0.04435	0.04568	1	1	4.87146	
3.8732	1	7	3.8732	1	7	3.8732	1	7	0	0	0	0.0499998	0.0493933	0.0506733	0.0499998	0.0493967	0.0506767	0.0499998	0.0493933	0.0506733	0.0499998	0.0493967	0.0506767	1	1	4.8732	
3.87402	1	7	3.87402	1	7	3.87403	1	7	0	0	0	0.0550015	0.0543467	0.0556	0.0550015	0.05435	0.0556033	0.0550015	0.0543467	0.0556	0.0550015	0.05435	0.0556033	1	1	4.87402	
3.87458	1	7	3.87458	1	7	3.8746	1	7	0	0	0	0.0599671	0.05932	0.0604033	0.0599673	0.0593233	0.0604033	0.0599671	0.05932	0.0604033	0.0599673	0.0593233	0.0604033	1	1	4.87458	
3.87433	1	7	3.87433	1	7	3.87435	1	7	0	0	0	0.0650215	0.0643533	0.06553	0.0650213	0.0643567	0.0655333	0.0650215	0.0643533	0.06553	0.0650213	0.0643567	0.0655333	1	1	4.87433	
3.87416	1	7	3.87416	1	7	3.87418	1	7	0	0	0	0.0699788	0.0690033	0.07044	0.0699785	0.0690067	0.07044	0.0699788	0.0690033	0.07044	0.0699785	0.0690067	0.07044	1	1	4.87416	
3.87438	1	7	3.87438	1	7	3.8744	1	7	0	0	0	0.0749758	0.07389	0.0755633	0.0749756	0.0738933	0.0755667	0.0749758	0.07389	0.0755633	0.0749756	0.0738933	0.0755667	1	1	4.87438	
3.87426	1	7	3.87426	1	7	3.87428	1	7	0	0	0	0.0799906	0.0788467	0.0806333	0.0799904	0.07885	0.0806333	0.0799906	0.0788467	0.0806333	0.0799904	0.07885	0.0806333	1	1	4.87426	
3.87414	1	7	3.87414	1	7	3.87416	1	7	0	0	0	0.0850135	0.0838667	0.08573	0.0850133	0.08387	0.08573	0.0850135	0.0838667	0.08573	0.0850133	0.08387	0.08573	1	1	4.87414	
3.87382	1	7	3.87382	1	7	3.87384	1	7	0	0	0	0.0900252	0.0889933	0.09087	0.090025	0.0889967	0.09087	0.0900252	0.0889933	0.09087	0.090025	0.0889967	0.09087	1	1	4.87382	
3.87429	1	7	3.87429	1	7	3.8743	1	7	0	0	0	0.09501	0.0940767	0.0960067	0.09501	0.0940833	0.0960067	0.09501	0.0940767	0.0960067	0.09501	0.0940833	0.0960067	1	1	4.87429	
3.8752	1	7	3.8752	1	7	3.87522	1	7	0	0	0	0.100001	0.0991267	0.101043	0.100001	0.0991333	0.101047	0.100001	0.0991267	0.101043	0.100001	0.0991333	0.101047	1	1	4.8752	
3.87552	1	7	3.87552	1	7	3.87554	1	7	0	0	0	0.105056	0.104223	0.10609	0.105056	0.10423	0.106093	0.105056	0.104223	0.10609	0.105056	0.10423	0.106093	1	1	4.87552	
3.87507	1	7	3.87507	1	7	3.87509	1	7	0	0	0	0.110075	0.109163	0.111127	0.110075	0.10917	0.11113	0.110075	0.109163	0.111127	0.110075	0.10917	0.11113	1	1	4.87507	
3.87537	1	7	3.87537	1	7	3.87538	1	7	0	0	0	0.115058	0.11411	0.115987	0.115058	0.114117	0.115987	0.115058	0.11411	0.115987	0.115058	0.114117	0.115987	1	1	4.87537	
3.87586	1	7	3.87586	1	7	3.87588	1	7	0	0	0	0.120091	0.11904	0.120967	0.120091	0.119047	0.12097	0.120091	0.11904	0.120967	0.120091	0.119047	0.12097	1	1	4.87586	
3.87612	1	7	3.87612	1	7	3.87614	1	7	0	0	0	0.125086	0.124113	0.12595	0.125086	0.12412	0.12595	0.125086	0.124113	0.12595	0.125086	0.12412	0.12595	1	1	4.87612	
3.87572	1	7	3.87572	1	7	3.87573	1	7	0	0	0	0.130036	0.129193	0.130967	0.130035	0.1292	0.13097	0.130036	0.129193	0.130967	0.130035	0.1292	0.13097	1	1	4.87572	
3.8759	1	7	3.8759	1	7	3.87592	1	7	0	0	0	0.135046	0.134153	0.13592	0.135046	0.13416	0.135923	0.135046	0.134153	0.13592	0.135046	0.13416	0.135923	1	1	4.8759	
3.87733	1	7	3.87733	1	7	3.87734	1	7	0	0	0	0.140089	0.13911	0.141013	0.140089	0.139117	0.141013	0.140089	0.13911	0.141013	0.140089	0.139117	0.141013	1	1	4.87733	
3.87738	1	7	3.87738	1	7	3.87739	1	7	0	0	0	0.1451	0.144033	0.146127	0.1451	0.14404	0.146127	0.1451	0.144033	0.146127	0.1451	0.14404	0.146127	1	1	4.87738	
3.87761	1	7	3.87761	1	7	3.87762	1	7	0	0	0	0.150073	0.149	0.151137	0.150072	0.149007	0.151133	0.150073	0.149	0.151137	0.150072	0.149007	0.151133	1	1	4.87761	
3.87767	1	7	3.87767	1	7	3.87768	1	7	0	0	0	0.155095	0.153887	0.156357	0.155095	0.153883	0.156353	0.155095	0.153887	0.156357	0.155095	0.153883	0.156353	1	1	4.87767	
3.87695	1	7	3.87695	1	7	3.87696	1	7	0	0	0	0.160132	0.15898	0.161417	0.160131	0.158977	0.161413	0.160132	0.15898	0.161417	0.160131	0.158977	0.161413	1	1	4.87695	
3.87655	1	7	3.87655	1	7	3.87656	1	7	0	0	0	0.165184	0.164157	0.166407	0.165183	0.164153	0.166403	0.165184	0.164157	0.166407	0.165183	0.164153	0.166403	1	1	4.87655	
3.87689	1	7	3.87689	1	7	3.8769	1	7	0	0	0	0.17018	0.169217	0.171373	0.17018	0.169213	0.17137	0.17018	0.169217	0.171373	0.17018	0.169213	0.17137	1	1	4.87689	
3.87719	1	7	3.87719	1	7	3.8772	1	7	0	0	0	0.175217	0.174063	0.17638	0.175217	0.17406	0.176377	0.175217	0.174063	0.17638	0.175217	0.17406	0.176377	1	1	4.87719	
3.8772	1	7	3.8772	1	7	3.87721	1	7	0	0	0	0.180281	0.178947	0.181643	0.18028	0.178943	0.18164	0.180281	0.178947	0.181643	0.18028	0.178943	0.18164	1	1	4.8772	
3.87654	1	7	3.87654	1	7	3.87655	1	7	0	0	0	0.185281	0.183897	0.18673	0.18528	0.183893	0.186727	0.185281	0.183897	0.18673	0.18528	0.183893	0.186727	1	1	4.87654	
3.87622	1	7	3.87622	1	7	3.87623	1	7	0	0	0	0.190259	0.188923	0.191553	0.190258	0.18892	0.19155	0.190259	0.188923	0.191553	0.190258	0.18892	0.19155	1	1	4.87622	
3.87601	1	7	3.87601	1	7	3.87602	1	7	0	0	0	0.195212	0.193857	0.196627	0.195212	0.19386	0.196623	0.195212	0.193857	0.196627	0.195212	0.19386	0.196623	1	1	4.87601	
3.87657	1	7	3.87657	1	7	3.87658	1	7	0	0	0	0.200214	0.198957	0.201677	0.200213	0.19896	0.201673	0.200214	0.198957	0.201677	0.200213	0.19896	0.201673	1	1	4.87657	
3.87622	1	7	3.87622	1	7	3.87623	1	7	0	0	0	0.205177	0.203887	0.206603	0.205177	0.203887	0.2066	0.205177	0.203887	0.206603	0.205177	0.203887	0.2066	1	1	4.87622	
3.87647	1	7	3.87647	1	7	3.87648	1	7	0	0	0	0.210146	0.208837	0.211633	0.210146	0.20884	0.21163	0.210146	0.208837	0.211633	0.210146	0.20884	0.21163	1	1	4.87647	
3.87684	1	7	3.87684	1	7	3.87685	1	7	0	0	0	0.215114	0.21374	0.216803	0.215114	0.213743	0.2168	0.215114	0.21374	0.216803	0.215114	0.213743	0.2168	1	1	4.87684	
3.87678	1	7	3.87678	1	7	3.87678	1	7	0	0	0	0.220136	0.218777	0.221903	0.220135	0.21878	0.2219	0.220136	0.218777	0.221903	0.220135	0.21878	0.2219	1	1	4.87678	
3.8768	1	7	3.8768	1	7	3.8768	1	7	0	0	0	0.225164	0.223753	0.22687	0.225164	0.223757	0.226867	0.225164	0.223753	0.22687	0.225164	0.223757	0.226867	1	1	4.8768	
3.87673	1	7	3.87673	1	7	3.87674	1	7	0	0	0	0.230132	0.228897	0.231807	0.230131	0.2289	0.231803	0.230132	0.228897	0.231807	0.230131	0.2289	0.231803	1	1	4.87673	
3.87684	1	7	3.87684	1	7	3.87684	1	7	0	0	0	0.235071	0.23388	0.236817	0.23507	0.23388	0.236813	0.235071	0.23388	0.236817	0.23507	0.23388	0.236813	1	1	4.87684	
3.87705	1	7	3.87705	1	7	3.87706	1	7	0	0	0	0.24003	0.238713	0.241923	0.24003	0.238713	0.24192	0.24003	0.238713	0.241923	0.24003	0.238713	0.24192	1	1	4.87705	
3.87682	1	7	3.87682	1	7	3.87684	1	7	0	0	0	0.24505	0.243763	0.246913	0.24505	0.243763	0.24691	0.24505	0.243763	0.246913	0.24505	0.243763	0.24691	1	1	4.87682	
3.87645	1	7	3.87645	1	7	3.87647	1	7	0	0	0	0.249962	0.248783	0.251893	0.249962	0.248783	0.25189	0.249962	0.248783	0.251893	0.249962	0.248783	0.25189	1	1	4.87645	
3.87661	1	7	3.87661	1	7	3.87664	1	7	0	0	0	0.254964	0.253697	0.25695	0.254964	0.253697	0.256947	0.254964	0.253697	0.25695	0.254964	0.253697	0.256947	1	1	4.87661	
3.87651	1	7	3.87651	1	7	3.87653	1	7	0	0	0	0.259973	0.258533	0.26183	0.259974	0.258533	0.261827	0.259973	0.258533	0.26183	0.259974	0.258533	0.261827	1	1	4.87651	
3.87609	1	7	3.87609	1	7	3.87611	1	7	0	0	0	0.265002	0.263803	0.266847	0.265003	0.263803	0.266843	0.265002	0.263803	0.266847	0.265003	0.263803	0.266843	1	1	4.87609	
3.87561	1	7	3.87561	1	7	3.87563	1	7	0	0	0	0.270024	0.268843	0.271843	0.270025	0.268843	0.27184	0.270024	0.268843	0.271843	0.270025	0.268843	0.27184	1	1	4.87561	
3.87543	1	7	3.87543	1	7	3.87545	1	7	0	0	0	0.275018	0.273793	0.276993	0.275018	0.273793	0.27699	0.275018	0.273793	0.276993	0.275018	0.273793	0.27699	1	1	4.87543	
3.87559	1	7	3.87559	1	7	3.87561	1	7	0	0	0	0.28004	0.27887	0.282073	0.280041	0.27887	0.28207	0.28004	0.27887	0.282073	0.280041	0.27887	0.28207	1	1	4.87559	
3.87543	1	7	3.87543	1	7	3.87545	1	7	0	0	0	0.285015	0.283613	0.287233	0.285016	0.283613	0.28723	0.285015	0.283613	0.287233	0.285016	0.283613	0.28723	1	1	4.87543	
3.87572	1	7	3.87572	1	7	3.87574	1	7	0	0	0	0.290035	0.288733	0.29204	0.290036	0.288733	0.292037	0.290035	0.288733	0.29204	0.290036	0.288733	0.292037	1	1	4.87572	
3.87541	1	7	3.87541	1	7	3.87544	1	7	0	0	0	0.295025	0.29379	0.29713	0.295026	0.29379	0.297127	0.295025	0.29379	0.29713	0.295026	0.29379	0.297127	1	1	4.87541	
3.8756	1	7	3.8756	1	7	3.87562	1	7	0	0	0	0.300039	0.298713	0.302297	0.30004	0.298717	0.302293	0.300039	0.298713	0.302297	0.30004	0.298717	0.302293	1	1	4.8756	
3.87547	1	7	3.87547	1	7	3.87549	1	7	0	0	0	0.305055	0.303653	0.30702	0.305056	0.303657	0.307017	0.305055	0.303653	0.30702	0.305056	0.303657	0.307017	1	1	4.87547	
3.87543	1	7	3.87543	1	7	3.87545	1	7	0	0	0	0.310057	0.30852	0.311997	0.310058	0.30852	0.311993	0.310057	0.30852	0.311997	0.310058	0.30852	0.311993	1	1	4.87543	
3.87547	1	7	3.87547	1	7	3.87549	1	7	0	0	0	0.315019	0.31352	0.316983	0.31502	0.31352	0.316983	0.315019	0.31352	0.316983	0.31502	0.31352	0.316983	1	1	4.87547	
3.87568	1	7	3.87568	1	7	3.8757	1	7	0	0	0	0.319978	0.318463	0.32199	0.319979	0.318463	0.32199	0.319978	0.318463	0.32199	0.319979	0.318463	0.32199	1	1	4.87568	
3.87552	1	7	3.87552	1	7	3.87554	1	7	0	0	0	0.324963	0.323313	0.327123	0.324965	0.323313	0.327123	0.324963	0.323313	0.327123	0.324965	0.323313	0.327123	1	1	4.87552	
3.87531	1	7	3.87531	1	7	3.87533	1	7	0	0	0	0.329995	0.328247	0.33219	0.329997	0.328247	0.33219	0.329995	0.328247	0.33219	0.329997	0.328247	0.33219	1	1	4.87531	
3.87528	1	7	3.87528	1	7	3.87531	1	7	0	0	0	0.33498	0.33312	0.3371	0.334982	0.333123	0.3371	0.33498	0.33312	0.3371	0.334982	0.333123	0.3371	1	1	4.87528	
3.87531	1	7	3.87531	1	7	3.87533	1	7	0	0	0	0.339973	0.33812	0.342147	0.339975	0.338123	0.342147	0.339973	0.33812	0.342147	0.339975	0.338123	0.342147	1	1	4.87531	
3.87549	1	7	3.87549	1	7	3.87551	1	7	0	0	0	0.344971	0.343307	0.34728	0.344972	0.34331	0.34728	0.344971	0.343307	0.34728	0.344972	0.34331	0.34728	1	1	4.87549	
3.87578	1	7	3.87578	1	7	3.87581	1	7	0	0	0	0.350014	0.348253	0.352393	0.350015	0.348257	0.352393	0.350014	0.348253	0.352393	0.350015	0.348257	0.352393	1	1	4.87578	
3.87589	1	7	3.87589	1	7	3.87592	1	7	0	0	0	0.354954	0.353173	0.35734	0.354955	0.353177	0.35734	0.354954	0.353173	0.35734	0.354955	0.353177	0.35734	1	1	4.87589	
3.87601	1	7	3.87601	1	7	3.87603	1	7	0	0	0	0.35996	0.358467	0.362383	0.359961	0.35847	0.36238	0.35996	0.358467	0.362383	0.359961	0.35847	0.36238	1	1	4.87601	
3.87582	1	7	3.87582	1	7	3.87584	1	7	0	0	0	0.364936	0.363493	0.36731	0.364937	0.363497	0.367307	0.364936	0.363493	0.36731	0.364937	0.363497	0.367307	1	1	4.87582	
3.87584	1	7	3.87584	1	7	3.87586	1	7	0	0	0	0.369959	0.36853	0.372257	0.36996	0.368533	0.372253	0.369959	0.36853	0.372257	0.36996	0.368533	0.372253	1	1	4.87584	
3.87589	1	7	3.87589	1	7	3.87591	1	7	0	0	0	0.374922	0.373217	0.377313	0.374923	0.37322	0.37731	0.374922	0.373217	0.377313	0.374923	0.37322	0.37731	1	1	4.87589	
3.87566	1	7	3.87566	1	7	3.87568	1	7	0	0	0	0.379929	0.378367	0.382327	0.37993	0.378367	0.382323	0.379929	0.378367	0.382327	0.37993	0.378367	0.382323	1	1	4.87566	
3.87567	1	7	3.87567	1	7	3.87569	1	7	0	0	0	0.384977	0.38334	0.387293	0.384978	0.38334	0.38729	0.384977	0.38334	0.387293	0.384978	0.38334	0.38729	1	1	4.87567	
3.87561	1	7	3.87561	1	7	3.87563	1	7	0	0	0	0.389953	0.388323	0.392323	0.389954	0.388323	0.39232	0.389953	0.388323	0.392323	0.389954	0.388323	0.39232	1	1	4.87561	
3.8755	1	7	3.8755	1	7	3.87552	1	7	0	0	0	0.39501	0.39345	0.39733	0.395011	0.393453	0.397327	0.39501	0.39345	0.39733	0.395011	0.393453	0.397327	1	1	4.8755	
3.8756	1	7	3.8756	1	7	3.87562	1	7	0	0	0	0.400027	0.398437	0.40228	0.400028	0.39844	0.402277	0.400027	0.398437	0.40228	0.400028	0.39844	0.402277	1	1	4.8756	
3.87551	1	7	3.87551	1	7	3.87553	1	7	0	0	0	0.405089	0.4035	0.407143	0.40509	0.403503	0.40714	0.405089	0.4035	0.407143	0.40509	0.403503	0.40714	1	1	4.87551	
3.8755	1	7	3.8755	1	7	3.87552	1	7	0	0	0	0.410107	0.408143	0.412367	0.410108	0.408147	0.412363	0.410107	0.408143	0.412367	0.410108	0.408147	0.412363	1	1	4.8755	
3.87525	1	7	3.87525	1	7	3.87527	1	7	0	0	0	0.415085	0.41318	0.417193	0.415085	0.413183	0.41719	0.415085	0.41318	0.417193	0.415085	0.413183	0.41719	1	1	4.87525	
3.87528	1	7	3.87528	1	7	3.87529	1	7	0	0	0	0.420099	0.418263	0.422237	0.4201	0.418267	0.422233	0.420099	0.418263	0.422237	0.4201	0.418267	0.422233	1	1	4.87528	
3.87521	1	7	3.87521	1	7	3.87522	1	7	0	0	0	0.425086	0.423197	0.427313	0.425087	0.4232	0.42731	0.425086	0.423197	0.427313	0.425087	0.4232	0.42731	1	1	4.87521	
3.87512	1	7	3.87512	1	7	3.87514	1	7	0	0	0	0.4301	0.428197	0.43227	0.4301	0.4282	0.432267	0.4301	0.428197	0.43227	0.4301	0.4282	0.432267	1	1	4.87512	
3.87519	1	7	3.87519	1	7	3.8752	1	7	0	0	0	0.435068	0.433283	0.437193	0.435068	0.433287	0.43719	0.435068	0.433283	0.437193	0.435068	0.433287	0.43719	1	1	4.87519	
3.87525	1	7	3.87525	1	7	3.87526	1	7	0	0	0	0.440064	0.438063	0.442123	0.440064	0.438067	0.44212	0.440064	0.438063	0.442123	0.440064	0.438067	0.44212	1	1	4.87525	
3.87554	1	7	3.87554	1	7	3.87555	1	7	0	0	0	0.445103	0.443103	0.44721	0.445102	0.443107	0.447207	0.445103	0.443103	0.44721	0.445102	0.443107	0.447207	1	1	4.87554	
3.87544	1	7	3.87544	1	7	3.87545	1	7	0	0	0	0.45006	0.44807	0.452117	0.450059	0.44807	0.452113	0.45006	0.44807	0.452117	0.450059	0.44807	0.452113	1	1	4.87544	
3.87554	1	7	3.87554	1	7	3.87555	1	7	0	0	0	0.45518	0.453163	0.45733	0.455179	0.453163	0.457327	0.45518	0.453163	0.45733	0.455179	0.453163	0.457327	1	1	4.87554	
3.87537	1	7	3.87537	1	7	3.87538	1	7	0	0	0	0.460153	0.458033	0.462353	0.460153	0.458033	0.46235	0.460153	0.458033	0.462353	0.460153	0.458033	0.46235	1	1	4.87537	
3.87541	1	7	3.87541	1	7	3.87542	1	7	0	0	0	0.465124	0.463133	0.467567	0.465123	0.463133	0.467563	0.465124	0.463133	0.467567	0.465123	0.463133	0.467563	1	1	4.87541	
3.87543	1	7	3.87543	1	7	3.87544	1	7	0	0	0	0.47014	0.46793	0.472587	0.47014	0.46793	0.472583	0.47014	0.46793	0.472587	0.47014	0.46793	0.472583	1	1	4.87543	
3.87532	1	7	3.87532	1	7	3.87533	1	7	0	0	0	0.475105	0.472893	0.477557	0.475104	0.472893	0.477553	0.475105	0.472893	0.477557	0.475104	0.472893	0.477553	1	1	4.87532	
3.87515	1	7	3.87515	1	7	3.87516	1	7	0	0	0	0.480154	0.478047	0.48266	0.480153	0.478047	0.482657	0.480154	0.478047	0.48266	0.480153	0.478047	0.482657	1	1	4.87515	
3.87526	1	7	3.87526	1	7	3.87528	1	7	0	0	0	0.485161	0.483107	0.48742	0.48516	0.483107	0.487417	0.485161	0.483107	0.48742	0.48516	0.483107	0.487417	1	1	4.87526	
3.87536	1	7	3.87536	1	7	3.87537	1	7	0	0	0	0.490162	0.488077	0.492193	0.490161	0.488077	0.49219	0.490162	0.488077	0.492193	0.490161	0.488077	0.49219	1	1	4.87536	
3.87542	1	7	3.87542	1	7	3.87543	1	7	0	0	0	0.49515	0.49298	0.497327	0.495149	0.49298	0.497323	0.49515	0.49298	0.497327	0.495149	0.49298	0.497323	1	1	4.87542	
3.87559	1	7	3.87559	1	7	3.8756	1	7	0	0	0	0.500193	0.498007	0.50225	0.500192	0.498007	0.502247	0.500193	0.498007	0.50225	0.500192	0.498007	0.502247	1	1	4.87559	
3.87554	1	7	3.87554	1	7	3.87555	1	7	0	0	0	0.505152	0.50293	0.507137	0.505151	0.50293	0.507133	0.505152	0.50293	0.507137	0.505151	0.50293	0.507133	1	1	4.87554	
3.8755	1	7	3.8755	1	7	3.87551	1	7	0	0	0	0.510164	0.50804	0.512417	0.510163	0.50804	0.512413	0.510164	0.50804	0.512417	0.510163	0.50804	0.512413	1	1	4.8755	
3.87534	1	7	3.87534	1	7	3.87536	1	7	0	0	0	0.515199	0.513037	0.517437	0.515198	0.513037	0.517433	0.515199	0.513037	0.517437	0.515198	0.513037	0.517433	1	1	4.87534	
3.87531	1	7	3.87531	1	7	3.87532	1	7	0	0	0	0.520178	0.51798	0.522423	0.520178	0.51798	0.52242	0.520178	0.51798	0.522423	0.520178	0.51798	0.52242	1	1	4.87531	
3.87511	1	7	3.87511	1	7	3.87512	1	7	0	0	0	0.525159	0.522977	0.527247	0.525158	0.522977	0.527243	0.525159	0.522977	0.527247	0.525158	0.522977	0.527243	1	1	4.87511	
3.87504	1	7	3.87504	1	7	3.87505	1	7	0	0	0	0.530138	0.52793	0.53204	0.530137	0.52793	0.532037	0.530138	0.52793	0.53204	0.530137	0.52793	0.532037	1	1	4.87504	
3.87498	1	7	3.87498	1	7	3.87499	1	7	0	0	0	0.53509	0.53287	0.53698	0.535089	0.53287	0.536977	0.53509	0.53287	0.53698	0.535089	0.53287	0.536977	1	1	4.87498	
3.87485	1	7	3.87485	1	7	3.87487	1	7	0	0	0	0.540062	0.537847	0.54189	0.540061	0.537847	0.541887	0.540062	0.537847	0.54189	0.540061	0.537847	0.541887	1	1	4.87485	
3.87473	1	7	3.87473	1	7	3.87474	1	7	0	0	0	0.545019	0.542683	0.546767	0.545018	0.542683	0.546767	0.545019	0.542683	0.546767	0.545018	0.542683	0.546767	1	1	4.87473	
3.87465	1	7	3.87465	1	7	3.87467	1	7	0	0	0	0.550052	0.54768	0.55173	0.55005	0.54768	0.55173	0.550052	0.54768	0.55173	0.55005	0.54768	0.55173	1	1	4.87465	
3.87443	1	7	3.87443	1	7	3.87445	1	7	0	0	0	0.555067	0.552717	0.55697	0.555065	0.552717	0.55697	0.555067	0.552717	0.55697	0.555065	0.552717	0.55697	1	1	4.87443	
3.87454	1	7	3.87454	1	7	3.87455	1	7	0	0	0	0.560037	0.557853	0.562013	0.560035	0.557853	0.562013	0.560037	0.557853	0.562013	0.560035	0.557853	0.562013	1	1	4.87454	
3.87454	1	7	3.87454	1	7	3.87455	1	7	0	0	0	0.565038	0.562847	0.567047	0.565036	0.562847	0.567047	0.565038	0.562847	0.567047	0.565036	0.562847	0.567047	1	1	4.87454	
3.87464	1	7	3.87464	1	7	3.87465	1	7	0	0	0	0.570019	0.567987	0.571877	0.570018	0.567987	0.571877	0.570019	0.567987	0.571877	0.570018	0.567987	0.571877	1	1	4.87464	
3.87462	1	7	3.87462	1	7	3.87463	1	7	0	0	0	0.57499	0.572857	0.57707	0.574988	0.572857	0.57707	0.57499	0.572857	0.57707	0.574988	0.572857	0.57707	1	1	4.87462	
3.87464	1	7	3.87464	1	7	3.87466	1	7	0	0	0	0.579978	0.57772	0.582213	0.579975	0.57772	0.582213	0.579978	0.57772	0.582213	0.579975	0.57772	0.582213	1	1	4.87464	
3.87469	1	7	3.87469	1	7	3.8747	1	7	0	0	0	0.584984	0.582687	0.587163	0.584982	0.582687	0.587163	0.584984	0.582687	0.587163	0.584982	0.582687	0.587163	1	1	4.87469	
3.87476	1	7	3.87476	1	7	3.87478	1	7	0	0	0	0.589958	0.587593	0.592113	0.589956	0.587593	0.592113	0.589958	0.587593	0.592113	0.589956	0.587593	0.592113	1	1	4.87476	
3.87478	1	7	3.87478	1	7	3.87479	1	7	0	0	0	0.594978	0.59255	0.597227	0.594976	0.59255	0.597227	0.594978	0.59255	0.597227	0.594976	0.59255	0.597227	1	1	4.87478	
3.87492	1	7	3.87492	1	7	3.87494	1	7	0	0	0	0.599903	0.597743	0.602013	0.599901	0.597743	0.602013	0.599903	0.597743	0.602013	0.599901	0.597743	0.602013	1	1	4.87492	
3.8749	1	7	3.8749	1	7	3.87491	1	7	0	0	0	0.604821	0.602697	0.606853	0.604819	0.602697	0.606853	0.604821	0.602697	0.606853	0.604819	0.602697	0.606853	1	1	4.8749	
3.8749	1	7	3.8749	1	7	3.87491	1	7	0	0	0	0.609812	0.607587	0.61168	0.60981	0.607587	0.61168	0.609812	0.607587	0.61168	0.60981	0.607587	0.61168	1	1	4.8749	
3.87483	1	7	3.87483	1	7	3.87484	1	7	0	0	0	0.61487	0.612577	0.616683	0.614868	0.612577	0.616683	0.61487	0.612577	0.616683	0.614868	0.612577	0.616683	1	1	4.87483	
3.87467	1	7	3.87467	1	7	3.87468	1	7	0	0	0	0.619831	0.617607	0.62157	0.619829	0.617607	0.62157	0.619831	0.617607	0.62157	0.619829	0.617607	0.62157	1	1	4.87467	
3.87477	1	7	3.87477	1	7	3.87478	1	7	0	0	0	0.624903	0.62281	0.626517	0.624902	0.62281	0.626517	0.624903	0.62281	0.626517	0.624902	0.62281	0.626517	1	1	4.87477	
3.87467	1	7	3.87467	1	7	3.87468	1	7	0	0	0	0.629923	0.627927	0.631537	0.629921	0.627927	0.631537	0.629923	0.627927	0.631537	0.629921	0.627927	0.631537	1	1	4.87467	
3.87475	1	7	3.87475	1	7	3.87476	1	7	0	0	0	0.634912	0.633017	0.63661	0.63491	0.633017	0.63661	0.634912	0.633017	0.63661	0.63491	0.633017	0.63661	1	1	4.87475	
3.87469	1	7	3.87469	1	7	3.8747	1	7	0	0	0	0.639955	0.638057	0.641693	0.639954	0.638057	0.641693	0.639955	0.638057	0.641693	0.639954	0.638057	0.641693	1	1	4.87469	
3.8747	1	7	3.8747	1	7	3.87471	1	7	0	0	0	0.64492	0.64296	0.64644	0.644919	0.64296	0.64644	0.64492	0.64296	0.64644	0.644919	0.64296	0.64644	1	1	4.8747	
3.87459	1	7	3.87459	1	7	3.8746	1	7	0	0	0	0.649931	0.64791	0.651557	0.64993	0.64791	0.651557	0.649931	0.64791	0.651557	0.64993	0.64791	0.651557	1	1	4.87459	
3.87465	1	7	3.87465	1	7	3.87466	1	7	0	0	0	0.654976	0.653037	0.656613	0.654974	0.653037	0.656613	0.654976	0.653037	0.656613	0.654974	0.653037	0.656613	1	1	4.87465	
3.87484	1	7	3.87484	1	7	3.87485	1	7	0	0	0	0.659958	0.657967	0.66145	0.659956	0.657967	0.66145	0.659958	0.657967	0.66145	0.659956	0.657967	0.66145	1	1	4.87484	
3.87483	1	7	3.87483	1	7	3.87485	1	7	0	0	0	0.664927	0.66291	0.666333	0.664925	0.66291	0.666333	0.664927	0.66291	0.666333	0.664925	0.66291	0.666333	1	1	4.87483	
3.87488	1	7	3.87488	1	7	3.87489	1	7	0	0	0	0.669951	0.667847	0.671333	0.669949	0.667847	0.671333	0.669951	0.667847	0.671333	0.669949	0.667847	0.671333	1	1	4.87488	
3.87477	1	7	3.87477	1	7	3.87478	1	7	0	0	0	0.674925	0.672927	0.676537	0.674922	0.672927	0.676537	0.674925	0.672927	0.676537	0.674922	0.672927	0.676537	1	1	4.87477	
3.87484	1	7	3.87484	1	7	3.87485	1	7	0	0	0	0.679923	0.677943	0.681507	0.679921	0.677943	0.681507	0.679923	0.677943	0.681507	0.679921	0.677943	0.681507	1	1	4.87484	
3.87466	1	7	3.87466	1	7	3.87468	1	7	0	0	0	0.684924	0.6829	0.686337	0.684922	0.6829	0.686337	0.684924	0.6829	0.686337	0.684922	0.6829	0.686337	1	1	4.87466	
3.87461	1	7	3.87461	1	7	3.87463	1	7	0	0	0	0.689882	0.688137	0.691387	0.68988	0.688133	0.691387	0.689882	0.688137	0.691387	0.68988	0.688133	0.691387	1	1	4.87461	
3.87454	1	7	3.87454	1	7	3.87455	1	7	0	0	0	0.694896	0.693357	0.69655	0.694893	0.693353	0.69655	0.694896	0.693357	0.69655	0.694893	0.693353	0.69655	1	1	4.87454	
3.87436	1	7	3.87436	1	7	3.87437	1	7	0	0	0	0.699911	0.698447	0.701707	0.699909	0.698447	0.701707	0.699911	0.698447	0.701707	0.699909	0.698447	0.701707	1	1	4.87436	
3.87436	1	7	3.87436	1	7	3.87437	1	7	0	0	0	0.704931	0.703377	0.706697	0.704929	0.703377	0.706697	0.704931	0.703377	0.706697	0.704929	0.703377	0.706697	1	1	4.87436	
3.87425	1	7	3.87425	1	7	3.87427	1	7	0	0	0	0.709932	0.708137	0.71179	0.70993	0.708137	0.71179	0.709932	0.708137	0.71179	0.70993	0.708137	0.71179	1	1	4.87425	
3.8743	1	7	3.8743	1	7	3.87431	1	7	0	0	0	0.714931	0.713177	0.71684	0.714929	0.713177	0.71684	0.714931	0.713177	0.71684	0.714929	0.713177	0.71684	1	1	4.8743	
3.87409	1	7	3.87409	1	7	3.8741	1	7	0	0	0	0.71995	0.7183	0.721943	0.719949	0.7183	0.721943	0.71995	0.7183	0.721943	0.719949	0.7183	0.721943	1	1	4.87409	
3.8742	1	7	3.8742	1	7	3.87421	1	7	0	0	0	0.724993	0.723197	0.726993	0.724991	0.723197	0.726993	0.724993	0.723197	0.726993	0.724991	0.723197	0.726993	1	1	4.8742	
3.87435	1	7	3.87435	1	7	3.87437	1	7	0	0	0	0.729989	0.72811	0.732023	0.729987	0.72811	0.732023	0.729989	0.72811	0.732023	0.729987	0.72811	0.732023	1	1	4.87435	
3.87436	1	7	3.87436	1	7	3.87437	1	7	0	0	0	0.734981	0.733117	0.73708	0.734979	0.733117	0.73708	0.734981	0.733117	0.73708	0.734979	0.733117	0.73708	1	1	4.87436	
3.87433	1	7	3.87433	1	7	3.87434	1	7	0	0	0	0.740023	0.738133	0.74218	0.740021	0.738133	0.74218	0.740023	0.738133	0.74218	0.740021	0.738133	0.74218	1	1	4.87433	
3.87439	1	7	3.87439	1	7	3.8744	1	7	0	0	0	0.744991	0.743123	0.747037	0.744989	0.743123	0.747037	0.744991	0.743123	0.747037	0.744989	0.743123	0.747037	1	1	4.87439	
3.87449	1	7	3.87449	1	7	3.87451	1	7	0	0	0	0.750027	0.748183	0.75198	0.750025	0.74818	0.75198	0.750027	0.748183	0.75198	0.750025	0.74818	0.75198	1	1	4.87449	
3.87439	1	7	3.87439	1	7	3.8744	1	7	0	0	0	0.75496	0.752987	0.756843	0.754958	0.752983	0.756843	0.75496	0.752987	0.756843	0.754958	0.752983	0.756843	1	1	4.87439	
3.87433	1	7	3.87433	1	7	3.87434	1	7	0	0	0	0.759955	0.758063	0.761883	0.759954	0.75806	0.761883	0.759955	0.758063	0.761883	0.759954	0.75806	0.761883	1	1	4.87433	
3.87436	1	7	3.87436	1	7	3.87437	1	7	0	0	0	0.764954	0.763273	0.766787	0.764952	0.76327	0.766787	0.764954	0.763273	0.766787	0.764952	0.76327	0.766787	1	1	4.87436	
3.87449	1	7	3.87449	1	7	3.8745	1	7	0	0	0	0.76996	0.76815	0.77165	0.769958	0.768147	0.77165	0.76996	0.76815	0.77165	0.769958	0.768147	0.77165	1	1	4.87449	
3.87459	1	7	3.87459	1	7	3.87461	1	7	0	0	0	0.774975	0.773037	0.77671	0.774973	0.773033	0.77671	0.774975	0.773037	0.77671	0.774973	0.773033	0.77671	1	1	4.87459	
3.87467	1	7	3.87467	1	7	3.87468	1	7	0	0	0	0.779928	0.778267	0.781573	0.779926	0.778263	0.781573	0.779928	0.778267	0.781573	0.779926	0.778263	0.781573	1	1	4.87467	
3.87474	1	7	3.87474	1	7	3.87475	1	7	0	0	0	0.784889	0.78316	0.786483	0.784887	0.783157	0.786483	0.784889	0.78316	0.786483	0.784887	0.783157	0.786483	1	1	4.87474	
3.87469	1	7	3.87469	1	7	3.8747	1	7	0	0	0	0.78992	0.788153	0.79163	0.789918	0.78815	0.79163	0.78992	0.788153	0.79163	0.789918	0.78815	0.79163	1	1	4.87469	
3.87459	1	7	3.87459	1	7	3.8746	1	7	0	0	0	0.794933	0.793113	0.79685	0.794932	0.79311	0.79685	0.794933	0.793113	0.79685	0.794932	0.79311	0.79685	1	1	4.87459	
3.87461	1	7	3.87461	1	7	3.87462	1	7	0	0	0	0.799949	0.798187	0.801953	0.799948	0.798183	0.801953	0.799949	0.798187	0.801953	0.799948	0.798183	0.801953	1	1	4.87461	
3.87454	1	7	3.87454	1	7	3.87455	1	7	0	0	0	0.804948	0.803067	0.80698	0.804947	0.803063	0.80698	0.804948	0.803067	0.80698	0.804947	0.803063	0.80698	1	1	4.87454	
3.87459	1	7	3.87459	1	7	3.8746	1	7	0	0	0	0.80994	0.80802	0.811817	0.809939	0.808017	0.811817	0.80994	0.80802	0.811817	0.809939	0.808017	0.811817	1	1	4.87459	
3.8746	1	7	3.8746	1	7	3.87461	1	7	0	0	0	0.814959	0.81325	0.81644	0.814959	0.813247	0.81644	0.814959	0.81325	0.81644	0.814959	0.813247	0.81644	1	1	4.8746	
3.87448	1	7	3.87448	1	7	3.8745	1	7	0	0	0	0.81996	0.81835	0.82127	0.819959	0.818347	0.82127	0.81996	0.81835	0.82127	0.819959	0.818347	0.82127	1	1	4.87448	
3.87443	1	7	3.87443	1	7	3.87444	1	7	0	0	0	0.825002	0.823473	0.826163	0.825002	0.823473	0.826163	0.825002	0.823473	0.826163	0.825002	0.823473	0.826163	1	1	4.87443	
3.87442	1	7	3.87442	1	7	3.87443	1	7	0	0	0	0.829987	0.82835	0.831263	0.829986	0.82835	0.831263	0.829987	0.82835	0.831263	0.829986	0.82835	0.831263	1	1	4.87442	
3.87436	1	7	3.87436	1	7	3.87437	1	7	0	0	0	0.835007	0.833347	0.836293	0.835006	0.83335	0.836293	0.835007	0.833347	0.836293	0.835006	0.83335	0.836293	1	1	4.87436	
3.87441	1	7	3.87441	1	7	3.87442	1	7	0	0	0	0.84	0.838343	0.84134	0.839999	0.838347	0.84134	0.84	0.838343	0.84134	0.839999	0.838347	0.84134	1	1	4.87441	
3.87437	1	7	3.87437	1	7	3.87438	1	7	0	0	0	0.844985	0.843337	0.846163	0.844985	0.84334	0.846163	0.844985	0.843337	0.846163	0.844985	0.84334	0.846163	1	1	4.87437	
3.87419	1	7	3.87419	1	7	3.8742	1	7	0	0	0	0.849982	0.84841	0.851453	0.849981	0.848413	0.851453	0.849982	0.84841	0.851453	0.849981	0.848413	0.851453	1	1	4.87419	
3.87424	1	7	3.87424	1	7	3.87425	1	7	0	0	0	0.85502	0.85363	0.856407	0.855019	0.853633	0.856407	0.85502	0.85363	0.856407	0.855019	0.853633	0.856407	1	1	4.87424	
3.8742	1	7	3.8742	1	7	3.87421	1	7	0	0	0	0.860068	0.858627	0.861577	0.860067	0.858633	0.861577	0.860068	0.858627	0.861577	0.860067	0.858633	0.861577	1	1	4.8742	
3.87416	1	7	3.87416	1	7	3.87417	1	7	0	0	0	0.865001	0.863553	0.866453	0.865001	0.86356	0.866453	0.865001	0.863553	0.866453	0.865001	0.86356	0.866453	1	1	4.87416	
3.87428	1	7	3.87428	1	7	3.87429	1	7	0	0	0	0.869953	0.86868	0.871253	0.869953	0.868687	0.871253	0.869953	0.86868	0.871253	0.869953	0.868687	0.871253	1	1	4.87428	
3.87428	1	7	3.87428	1	7	3.87429	1	7	0	0	0	0.874931	0.873617	0.875907	0.874931	0.873623	0.875907	0.874931	0.873617	0.875907	0.874931	0.873623	0.875907	1	1	4.87428	
3.87426	1	7	3.87426	1	7	3.87427	1	7	0	0	0	0.879909	0.87865	0.881057	0.879909	0.878657	0.881057	0.879909	0.87865	0.881057	0.879909	0.878657	0.881057	1	1	4.87426	
3.87424	1	7	3.87424	1	7	3.87425	1	7	0	0	0	0.884859	0.883567	0.886037	0.884859	0.883573	0.886037	0.884859	0.883567	0.886037	0.884859	0.883573	0.886037	1	1	4.87424	
3.8743	1	7	3.8743	1	7	3.87431	1	7	0	0	0	0.889908	0.88883	0.890943	0.889908	0.888833	0.890943	0.889908	0.88883	0.890943	0.889908	0.888833	0.890943	1	1	4.8743	
3.87432	1	7	3.87432	1	7	3.87433	1	7	0	0	0	0.894956	0.8941	0.896027	0.894956	0.894103	0.896027	0.894956	0.8941	0.896027	0.894956	0.894103	0.896027	1	1	4.87432	
3.87435	1	7	3.87435	1	7	3.87436	1	7	0	0	0	0.899986	0.899097	0.901433	0.899986	0.8991	0.901433	0.899986	0.899097	0.901433	0.899986	0.8991	0.901433	1	1	4.87435	
3.8744	1	7	3.8744	1	7	3.87441	1	7	0	0	0	0.904927	0.90416	0.906277	0.904927	0.904163	0.906277	0.904927	0.90416	0.906277	0.904927	0.904163	0.906277	1	1	4.8744	
3.87435	1	7	3.87435	1	7	3.87436	1	7	0	0	0	0.9099	0.90917	0.91104	0.9099	0.909173	0.91104	0.9099	0.90917	0.91104	0.9099	0.909173	0.91104	1	1	4.87435	
3.87441	1	7	3.87441	1	7	3.87442	1	7	0	0	0	0.9149	0.9142	0.91601	0.9149	0.914203	0.91601	0.9149	0.9142	0.91601	0.9149	0.914203	0.91601	1	1	4.87441	
3.87435	1	7	3.87435	1	7	3.87436	1	7	0	0	0	0.919954	0.919297	0.921063	0.919953	0.919293	0.921063	0.919954	0.919297	0.921063	0.919953	0.919293	0.921063	1	1	4.87435	
3.87434	1	7	3.87434	1	7	3.87435	1	7	0	0	0	0.924994	0.924277	0.92607	0.924993	0.92428	0.92607	0.924994	0.924277	0.92607	0.924993	0.92428	0.92607	1	1	4.87434	
3.87437	1	7	3.87437	1	7	3.87438	1	7	0	0	0	0.930026	0.929227	0.931047	0.930026	0.92923	0.931047	0.930026	0.929227	0.931047	0.930026	0.92923	0.931047	1	1	4.87437	
3.87439	1	7	3.87439	1	7	3.8744	1	7	0	0	0	0.935013	0.934263	0.936077	0.935013	0.93426	0.936077	0.935013	0.934263	0.936077	0.935013	0.93426	0.936077	1	1	4.87439	
3.87441	1	7	3.87441	1	7	3.87442	1	7	0	0	0	0.940029	0.939147	0.941117	0.940029	0.939143	0.941117	0.940029	0.939147	0.941117	0.940029	0.939143	0.941117	1	1	4.87441	
3.8745	1	7	3.8745	1	7	3.87451	1	7	0	0	0	0.945005	0.944133	0.946007	0.945005	0.94413	0.946003	0.945005	0.944133	0.946007	0.945005	0.94413	0.946003	1	1	4.8745	
3.87456	1	7	3.87456	1	7	3.87457	1	7	0	0	0	0.949992	0.94902	0.950757	0.949992	0.949017	0.950753	0.949992	0.94902	0.950757	0.949992	0.949017	0.950753	1	1	4.87456	
3.87464	1	7	3.87464	1	7	3.87465	1	7	0	0	0	0.954993	0.95422	0.955827	0.954993	0.954217	0.955823	0.954993	0.95422	0.955827	0.954993	0.954217	0.955823	1	1	4.87464	
3.87469	1	7	3.87469	1	7	3.8747	1	7	0	0	0	0.96001	0.959347	0.96071	0.96001	0.959343	0.960707	0.96001	0.959347	0.96071	0.96001	0.959343	0.960707	1	1	4.87469	
3.87476	1	7	3.87476	1	7	3.87477	1	7	0	0	0	0.965087	0.964467	0.965803	0.965087	0.964467	0.9658	0.965087	0.964467	0.965803	0.965087	0.964467	0.9658	1	1	4.87476	
3.8748	1	7	3.8748	1	7	3.87481	1	7	0	0	0	0.970102	0.96949	0.970793	0.970102	0.969487	0.970793	0.970102	0.96949	0.970793	0.970102	0.969487	0.970793	1	1	4.8748	
3.87492	1	7	3.87492	1	7	3.87493	1	7	0	0	0	0.975118	0.97452	0.97568	0.975117	0.974517	0.97568	0.975118	0.97452	0.97568	0.975117	0.974517	0.97568	1	1	4.87492	
3.87489	1	7	3.87489	1	7	3.8749	1	7	0	0	0	0.98008	0.97959	0.98065	0.980079	0.979587	0.980643	0.98008	0.97959	0.98065	0.980079	0.979587	0.980643	1	1	4.87489	
3.87491	1	7	3.87491	1	7	3.87492	1	7	0	0	0	0.985064	0.984683	0.985557	0.985064	0.98468	0.98555	0.985064	0.984683	0.985557	0.985064	0.98468	0.98555	1	1	4.87491	
3.87493	1	7	3.87493	1	7	3.87494	1	7	0	0	0	0.990054	0.98972	0.990423	0.990054	0.98972	0.990423	0.990054	0.98972	0.990423	0.990054	0.98972	0.990423	1	1	4.87493	
3.87496	1	7	3.87496	1	7	3.87497	1	7	0	0	0	0.995026	0.994713	0.995237	0.995026	0.994713	0.995237	0.995026	0.994713	0.995237	0.995026	0.994713	0.995237	1	1	4.87496	
3.875	1	7	3.875	1	7	3.87501	1	7	0	0	0	1	1	1	1	1	1	1	1	1	1	1	1	1	1	4.875	
