4.25738	2	8	4.25738	2	8	4.25737	2	8	0	0	0	0.00503313	0.00484667	0.00526333	0.00503292	0.00484667	0.00526	0.00503313	0.00484667	0.00526333	0.00503292	0.00484667	0.00526	1	1	5.25672	
4.25322	2	9	4.25322	2	9	4.25321	2	9	0	0	0	0.0100071	0.00978667	0.01026	0.0100067	0.00978667	0.0102567	0.0100071	0.00978667	0.01026	0.0100067	0.00978667	0.0102567	1	1	5.2517	
4.25397	2	9	4.25397	2	9	4.25397	2	9	0	0	0	0.0149985	0.01468	0.0154533	0.0149981	0.01468	0.01545	0.0149985	0.01468	0.0154533	0.0149981	0.01468	0.01545	1	1	5.2518	
4.25835	2	9	4.25835	2	9	4.25836	2	9	0	0	0	0.019986	0.0196467	0.0205267	0.0199858	0.0196467	0.0205233	0.019986	0.0196467	0.0205267	0.0199858	0.0196467	0.0205233	1	1	5.25549	
4.25836	2	9	4.25836	2	9	4.25836	2	9	0	0	0	0.0249837	0.0245867	0.0255	0.0249837	0.0245867	0.0254967	0.0249837	0.0245867	0.0255	0.0249837	0.0245867	0.0254967	1	1	5.25495	
4.25901	2	9	4.25901	2	9	4.25902	2	9	0	0	0	0.0300242	0.0296033	0.03046	0.0300242	0.0296033	0.0304567	0.0300242	0.0296033	0.03046	0.0300242	0.0296033	0.0304567	1	1	5.25499	
4.26027	2	9	4.26027	2	9	4.26027	2	9	0	0	0	0.0350258	0.0346	0.0353167	0.0350254	0.0346	0.0353167	0.0350258	0.0346	0.0353167	0.0350254	0.0346	0.0353167	1	1	5.25548	
4.26399	2	9	4.26399	2	9	4.264	2	9	0	0	0	0.0400277	0.0394067	0.04053	0.0400275	0.0394067	0.0405333	0.0400277	0.0394067	0.04053	0.0400275	0.0394067	0.0405333	1	1	5.25834	
4.26509	2	9	4.26509	2	9	4.2651	2	9	0	0	0	0.0450169	0.04435	0.0456767	0.0450167	0.04435	0.04568	0.0450169	0.04435	0.0456767	0.0450167	0.04435	0.04568	1	1	5.25852	
4.2666	2	9	4.2666	2	9	4.2666	2	9	0	0	0	0.0499998	0.0493933	0.0506733	0.0499996	0.0493967	0.0506767	0.0499998	0.0493933	0.0506733	0.0499996	0.0493967	0.0506767	1	1	5.25928	
4.26702	2	9	4.26702	2	9	4.26703	2	9	0	0	0	0.0550015	0.0543467	0.0556	0.0550015	0.05435	0.0556033	0.0550015	0.0543467	0.0556	0.0550015	0.05435	0.0556033	1	1	5.25904	
4.2686	2	9	4.2686	2	9	4.26861	2	9	0	0	0	0.0599671	0.05932	0.0604033	0.0599671	0.0593233	0.0604033	0.0599671	0.05932	0.0604033	0.0599671	0.0593233	0.0604033	1	1	5.25984	
4.27164	2	9	4.27163	2	9	4.27164	2	9	0	0	0	0.0650215	0.0643533	0.06553	0.0650213	0.0643567	0.0655333	0.0650215	0.0643533	0.06553	0.0650213	0.0643567	0.0655333	1	1	5.26212	
4.27534	2	10	4.27533	2	10	4.27533	2	10	0	0	0	0.0699788	0.0690033	0.07044	0.0699788	0.0690067	0.07044	0.0699788	0.0690033	0.07044	0.0699788	0.0690067	0.07044	1	1	5.26493	
4.27803	2	10	4.27801	2	10	4.27802	2	10	0	0	0	0.0749758	0.07389	0.0755633	0.074976	0.0738933	0.0755667	0.0749758	0.07389	0.0755633	0.074976	0.0738933	0.0755667	1	1	5.26675	
4.28017	2	10	4.28014	2	10	4.28016	2	10	0	0	0	0.0799906	0.0788467	0.0806333	0.079991	0.07885	0.0806333	0.0799906	0.0788467	0.0806333	0.079991	0.07885	0.0806333	1	1	5.26812	
4.28322	2	10	4.2832	2	10	4.28322	2	10	0	0	0	0.0850135	0.0838667	0.08573	0.085014	0.08387	0.08573	0.0850135	0.0838667	0.08573	0.085014	0.08387	0.08573	1	1	5.27034	
4.2862	2	10	4.28617	2	10	4.28619	2	10	0	0	0	0.0900252	0.0889933	0.09087	0.0900256	0.0889967	0.09087	0.0900252	0.0889933	0.09087	0.0900256	0.0889967	0.09087	1	1	5.27244	
4.28951	2	10	4.28947	2	10	4.28949	2	10	0	0	0	0.09501	0.0940767	0.0960067	0.0950104	0.0940833	0.0960033	0.09501	0.0940767	0.0960067	0.0950104	0.0940833	0.0960033	1	1	5.27481	
4.29289	2	10	4.29283	2	10	4.29284	2	10	0	0	0	0.100001	0.0991267	0.101043	0.100002	0.0991333	0.101047	0.100001	0.0991267	0.101043	0.100002	0.0991333	0.101047	1	1	5.27718	
4.29619	2	11	4.29612	2	11	4.29613	2	11	0	0	0	0.105056	0.104223	0.10609	0.105057	0.10423	0.106093	0.105056	0.104223	0.10609	0.105057	0.10423	0.106093	1	1	5.27939	
4.30107	2	11	4.30098	2	11	4.30099	2	11	0	0	0	0.110075	0.109163	0.111127	0.110076	0.10917	0.11113	0.110075	0.109163	0.111127	0.110076	0.10917	0.11113	1	1	5.28323	
4.30417	2	11	4.30407	2	11	4.30408	2	11	0	0	0	0.115058	0.11411	0.115987	0.115058	0.114117	0.115983	0.115058	0.11411	0.115987	0.115058	0.114117	0.115983	1	1	5.28535	
4.30814	2	11	4.30802	2	11	4.30802	2	11	0	0	0	0.120091	0.11904	0.120967	0.120091	0.119047	0.12097	0.120091	0.11904	0.120967	0.120091	0.119047	0.12097	1	1	5.28833	
4.3127	2	11	4.31255	2	11	4.31256	2	11	0	0	0	0.125086	0.124113	0.12595	0.125086	0.12412	0.125947	0.125086	0.124113	0.12595	0.125086	0.12412	0.125947	1	1	5.29178	
4.31658	2	11	4.3164	2	11	4.31641	2	11	0	0	0	0.130036	0.129193	0.130967	0.130036	0.129197	0.13097	0.130036	0.129193	0.130967	0.130036	0.129197	0.13097	1	1	5.29452	
4.32084	2	11	4.32062	2	11	4.32063	2	11	0	0	0	0.135046	0.134153	0.13592	0.135047	0.13416	0.135923	0.135046	0.134153	0.13592	0.135047	0.13416	0.135923	1	1	5.29771	
4.32567	2	11	4.32542	2	11	4.32542	2	11	0	0	0	0.140089	0.13911	0.141013	0.140089	0.139117	0.14101	0.140089	0.13911	0.141013	0.140089	0.139117	0.14101	1	1	5.30135	
4.33083	2	11	4.33054	2	11	4.33054	2	11	0	0	0	0.1451	0.144033	0.146127	0.1451	0.14404	0.146123	0.1451	0.144033	0.146127	0.1451	0.14404	0.146123	1	1	5.30525	
4.33562	2	11	4.3353	2	11	4.33531	2	11	0	0	0	0.150073	0.149	0.151137	0.150073	0.149007	0.151127	0.150073	0.149	0.151137	0.150073	0.149007	0.151127	1	1	5.30886	
4.34093	2	11	4.34056	2	11	4.34056	2	11	0	0	0	0.155095	0.153887	0.156357	0.155095	0.153883	0.156347	0.155095	0.153887	0.156357	0.155095	0.153883	0.156347	1	1	5.31283	
4.34653	2	11	4.34609	2	11	4.3461	2	11	0	0	0	0.160132	0.15898	0.161417	0.160131	0.158977	0.161407	0.160132	0.15898	0.161417	0.160131	0.158977	0.161407	1	1	5.31704	
4.352	2	11	4.35149	2	11	4.3515	2	11	0	0	0	0.165184	0.164157	0.166407	0.165183	0.164153	0.166397	0.165184	0.164157	0.166407	0.165183	0.164153	0.166397	1	1	5.32118	
4.35788	2	11	4.3573	2	11	4.35731	2	11	0	0	0	0.17018	0.169217	0.171373	0.17018	0.169213	0.171363	0.17018	0.169217	0.171373	0.17018	0.169213	0.171363	1	1	5.32555	
4.36392	2	12	4.36326	2	12	4.36326	2	12	0	0	0	0.175217	0.174063	0.17638	0.175217	0.17406	0.17637	0.175217	0.174063	0.17638	0.175217	0.17406	0.17637	1	1	5.33015	
4.37039	2	12	4.36965	2	12	4.36966	2	12	0	0	0	0.180281	0.178947	0.181643	0.18028	0.178943	0.181633	0.180281	0.178947	0.181643	0.18028	0.178943	0.181633	1	1	5.33502	
4.3773	2	12	4.37646	2	12	4.37647	2	12	0	0	0	0.185281	0.183897	0.18673	0.18528	0.183893	0.18672	0.185281	0.183897	0.18673	0.18528	0.183893	0.18672	1	1	5.34025	
4.38373	2	12	4.38279	2	12	4.3828	2	12	0	0	0	0.190259	0.188923	0.191553	0.190258	0.18892	0.191543	0.190259	0.188923	0.191553	0.190258	0.18892	0.191543	1	1	5.34494	
4.3899	2	12	4.38884	2	12	4.38886	2	12	0	0	0	0.195212	0.193857	0.196627	0.195212	0.19386	0.196617	0.195212	0.193857	0.196627	0.195212	0.19386	0.196617	1	1	5.34946	
4.39589	2	12	4.39475	2	12	4.39477	2	12	0	0	0	0.200214	0.198957	0.201677	0.200213	0.19896	0.201667	0.200214	0.198957	0.201677	0.200213	0.19896	0.201667	1	1	5.35367	
4.40286	2	12	4.40155	2	12	4.40157	2	12	0	0	0	0.205177	0.203887	0.206603	0.205177	0.203887	0.206593	0.205177	0.203887	0.206603	0.205177	0.203887	0.206593	1	1	5.35878	
4.40983	2	12	4.40839	2	12	4.40841	2	12	0	0	0	0.210146	0.208837	0.211633	0.210146	0.20884	0.211623	0.210146	0.208837	0.211633	0.210146	0.20884	0.211623	1	1	5.36385	
4.41672	2	12	4.41514	2	12	4.41515	2	12	0	0	0	0.215114	0.21374	0.216803	0.215114	0.213743	0.216793	0.215114	0.21374	0.216803	0.215114	0.213743	0.216793	1	1	5.36875	
4.42394	2	12	4.42216	2	12	4.42218	2	12	0	0	0	0.220136	0.218777	0.221903	0.220135	0.21878	0.221893	0.220136	0.218777	0.221903	0.220135	0.21878	0.221893	1	1	5.37381	
4.43152	2	12	4.42955	2	12	4.42957	2	12	0	0	0	0.225164	0.223753	0.22687	0.225164	0.223757	0.22686	0.225164	0.223753	0.22687	0.225164	0.223757	0.22686	1	1	5.3792	
4.43864	2	13	4.43652	2	13	4.43653	2	13	0	0	0	0.230132	0.228897	0.231807	0.230131	0.2289	0.231797	0.230132	0.228897	0.231807	0.230131	0.2289	0.231797	1	1	5.38407	
4.44535	2	13	4.44302	2	13	4.44304	2	13	0	0	0	0.235071	0.23388	0.236817	0.23507	0.233877	0.236807	0.235071	0.23388	0.236817	0.23507	0.233877	0.236807	1	1	5.38865	
4.45306	2	13	4.45051	2	13	4.45053	2	13	0	0	0	0.24003	0.238713	0.241923	0.24003	0.23871	0.241913	0.24003	0.238713	0.241923	0.24003	0.23871	0.241913	1	1	5.39402	
4.46094	2	13	4.45814	2	13	4.45816	2	13	0	0	0	0.24505	0.243763	0.246913	0.245049	0.24376	0.246903	0.24505	0.243763	0.246913	0.245049	0.24376	0.246903	1	1	5.39932	
4.4684	2	13	4.46536	2	13	4.46538	2	13	0	0	0	0.249962	0.248783	0.251893	0.249961	0.24878	0.251883	0.249962	0.248783	0.251893	0.249961	0.24878	0.251883	1	1	5.40431	
4.47657	2	13	4.47318	2	13	4.47319	2	13	0	0	0	0.254964	0.253697	0.25695	0.254963	0.253693	0.25694	0.254964	0.253697	0.25695	0.254963	0.253693	0.25694	1	1	5.40963	
4.48438	2	13	4.48073	2	13	4.48075	2	13	0	0	0	0.259973	0.258533	0.26183	0.259973	0.25853	0.26182	0.259973	0.258533	0.26183	0.259973	0.25853	0.26182	1	1	5.41485	
4.49224	2	13	4.48826	2	13	4.48827	2	13	0	0	0	0.265002	0.263803	0.266847	0.265002	0.2638	0.266837	0.265002	0.263803	0.266847	0.265002	0.2638	0.266837	1	1	5.41992	
4.50062	2	13	4.49626	2	13	4.49627	2	13	0	0	0	0.270024	0.268843	0.271843	0.270024	0.268843	0.271833	0.270024	0.268843	0.271843	0.270024	0.268843	0.271833	1	1	5.42519	
4.50856	2	13	4.50392	2	13	4.50393	2	13	0	0	0	0.275018	0.273793	0.276993	0.275017	0.273793	0.276983	0.275018	0.273793	0.276993	0.275017	0.273793	0.276983	1	1	5.43022	
4.51803	2	13	4.513	2	13	4.51302	2	13	0	0	0	0.28004	0.27887	0.282073	0.28004	0.27887	0.282063	0.28004	0.27887	0.282073	0.28004	0.27887	0.282063	1	1	5.43592	
4.52722	2	14	4.52181	2	14	4.52183	2	14	0	0	0	0.285015	0.283613	0.287233	0.285015	0.283613	0.287223	0.285015	0.283613	0.287233	0.285015	0.283613	0.287223	1	1	5.44139	
4.53579	2	14	4.53	2	14	4.53002	2	14	0	0	0	0.290035	0.288733	0.29204	0.290034	0.288733	0.29203	0.290035	0.288733	0.29204	0.290034	0.288733	0.29203	1	1	5.44633	
4.54539	2	14	4.53917	2	14	4.53919	2	14	0	0	0	0.295025	0.29379	0.29713	0.295024	0.29379	0.29712	0.295025	0.29379	0.29713	0.295024	0.29379	0.29712	1	1	5.45217	
4.55515	2	14	4.54843	2	14	4.54844	2	14	0	0	0	0.300039	0.298713	0.302297	0.300039	0.298717	0.302287	0.300039	0.298713	0.302297	0.300039	0.298717	0.302287	1	1	5.45779	
4.56484	2	14	4.55759	2	14	4.55759	2	14	0	0	0	0.305055	0.303653	0.30702	0.305055	0.303657	0.30701	0.305055	0.303653	0.30702	0.305055	0.303657	0.30701	1	1	5.46317	
4.57411	2	15	4.56634	2	15	4.56635	2	15	0	0	0	0.310057	0.30852	0.311997	0.310056	0.30852	0.311987	0.310057	0.30852	0.311997	0.310056	0.30852	0.311987	1	1	5.46809	
4.58446	2	15	4.57615	2	15	4.57615	2	15	0	0	0	0.315019	0.31352	0.316983	0.315019	0.31352	0.316977	0.315019	0.31352	0.316983	0.315019	0.31352	0.316977	1	1	5.47343	
4.59518	2	15	4.58622	2	15	4.58622	2	15	0	0	0	0.319978	0.318463	0.32199	0.319978	0.318463	0.321983	0.319978	0.318463	0.32199	0.319978	0.318463	0.321983	1	1	5.47893	
4.60585	2	16	4.59625	2	16	4.59626	2	16	0	0	0	0.324963	0.323313	0.327123	0.324963	0.323313	0.327117	0.324963	0.323313	0.327123	0.324963	0.323313	0.327117	1	1	5.48427	
4.61696	2	16	4.60672	2	16	4.60672	2	16	0	0	0	0.329995	0.328247	0.33219	0.329995	0.328247	0.332183	0.329995	0.328247	0.33219	0.329995	0.328247	0.332183	1	1	5.48969	
4.62845	2	16	4.61747	2	16	4.61748	2	16	0	0	0	0.33498	0.33312	0.3371	0.334981	0.333123	0.337093	0.33498	0.33312	0.3371	0.334981	0.333123	0.337093	1	1	5.4952	
4.64037	2	16	4.62872	2	16	4.62872	2	16	0	0	0	0.339973	0.33812	0.342147	0.339973	0.338123	0.34214	0.339973	0.33812	0.342147	0.339973	0.338123	0.34214	1	1	5.50051	
4.65274	2	16	4.64033	2	16	4.64033	2	16	0	0	0	0.344971	0.343307	0.34728	0.344971	0.34331	0.347273	0.344971	0.343307	0.34728	0.344971	0.34331	0.347273	1	1	5.50592	
4.66518	2	16	4.652	2	16	4.65199	2	16	0	0	0	0.350014	0.348253	0.352393	0.350014	0.348257	0.352387	0.350014	0.348253	0.352393	0.350014	0.348257	0.352387	1	1	5.51091	
4.67869	2	17	4.66473	2	17	4.66472	2	17	0	0	0	0.354954	0.353173	0.35734	0.354954	0.353177	0.357333	0.354954	0.353173	0.35734	0.354954	0.353177	0.357333	1	1	5.5164	
4.69311	2	17	4.67817	2	17	4.67816	2	17	0	0	0	0.35996	0.358467	0.362383	0.35996	0.35847	0.362373	0.35996	0.358467	0.362383	0.35996	0.35847	0.362373	1	1	5.52213	
4.70732	2	17	4.6914	2	17	4.69139	2	17	0	0	0	0.364936	0.363493	0.36731	0.364936	0.363497	0.3673	0.364936	0.363493	0.36731	0.364936	0.363497	0.3673	1	1	5.52737	
4.72308	2	17	4.70606	2	17	4.70605	2	17	0	0	0	0.369959	0.36853	0.372257	0.369959	0.368533	0.372247	0.369959	0.36853	0.372257	0.369959	0.368533	0.372247	1	1	5.53281	
4.7395	2	17	4.72141	2	17	4.7214	2	17	0	0	0	0.374922	0.373217	0.377313	0.374922	0.37322	0.377303	0.374922	0.373217	0.377313	0.374922	0.37322	0.377303	1	1	5.53838	
4.75661	2	18	4.73752	2	18	4.7375	2	18	0	0	0	0.379929	0.378367	0.382327	0.379929	0.378367	0.382317	0.379929	0.378367	0.382327	0.379929	0.378367	0.382317	1	1	5.54361	
4.77418	2	18	4.754	2	18	4.75399	2	18	0	0	0	0.384977	0.38334	0.387293	0.384977	0.38334	0.387283	0.384977	0.38334	0.387293	0.384977	0.38334	0.387283	1	1	5.54877	
4.79391	2	18	4.77256	2	18	4.77255	2	18	0	0	0	0.389953	0.388323	0.392323	0.389953	0.388323	0.392313	0.389953	0.388323	0.392323	0.389953	0.388323	0.392313	1	1	5.55433	
4.81535	2	19	4.79274	2	19	4.79273	2	19	0	0	0	0.39501	0.39345	0.39733	0.39501	0.393453	0.39732	0.39501	0.39345	0.39733	0.39501	0.393453	0.39732	1	1	5.55973	
4.83698	2	20	4.81303	2	20	4.81302	2	20	0	0	0	0.400027	0.398437	0.40228	0.400027	0.39844	0.40227	0.400027	0.398437	0.40228	0.400027	0.39844	0.40227	1	1	5.56488	
4.86119	2	22	4.83572	2	22	4.83571	2	22	0	0	0	0.405089	0.4035	0.407143	0.405089	0.403503	0.407133	0.405089	0.4035	0.407143	0.405089	0.403503	0.407133	1	1	5.57011	
4.88779	2	24	4.8609	2	24	4.86089	2	24	0	0	0	0.410107	0.408143	0.412367	0.410107	0.408147	0.412357	0.410107	0.408143	0.412367	0.410107	0.408147	0.412357	1	1	5.57556	
4.91701	2	25	4.88858	2	25	4.88857	2	25	0	0	0	0.415085	0.41318	0.417193	0.415084	0.413183	0.417183	0.415085	0.41318	0.417193	0.415084	0.413183	0.417183	1	1	5.58078	
4.94891	2	25	4.91874	2	25	4.91872	2	25	0	0	0	0.420099	0.418263	0.422237	0.420098	0.418267	0.422227	0.420099	0.418263	0.422237	0.420098	0.418267	0.422227	1	1	5.58619	
4.98469	2	27	4.95287	2	26	4.95285	2	26	0	0	0	0.425086	0.423197	0.427313	0.425085	0.4232	0.427303	0.425086	0.423197	0.427313	0.425085	0.4232	0.427303	1	1	5.5916	
5.02374	2	28	4.99009	2	27	4.99007	2	27	0	0	0	0.4301	0.428197	0.43227	0.430098	0.4282	0.43226	0.4301	0.428197	0.43227	0.430098	0.4282	0.43226	1	1	5.59671	
5.06947	2	29	5.03388	2	28	5.03386	2	28	0	0	0	0.435068	0.433283	0.437193	0.435066	0.433287	0.437183	0.435068	0.433283	0.437193	0.435066	0.433287	0.437183	1	1	5.60195	
5.12444	2	31	5.08691	2	30	5.08688	2	30	0	0	0	0.440064	0.438063	0.442123	0.440062	0.438067	0.442113	0.440064	0.438063	0.442123	0.440062	0.438067	0.442113	1	1	5.60733	
5.18557	2	31	5.14596	2	30	5.14593	2	30	0	0	0	0.445103	0.443103	0.44721	0.445101	0.443107	0.4472	0.445103	0.443103	0.44721	0.445101	0.443107	0.4472	1	1	5.61239	
5.26117	2	33	5.21921	2	32	5.2192	2	32	0	0	0	0.45006	0.44807	0.452117	0.450058	0.44807	0.45211	0.45006	0.44807	0.452117	0.450058	0.44807	0.45211	1	1	5.61778	
5.35435	2	34	5.31004	2	34	5.31004	2	34	0	0	0	0.45518	0.453163	0.45733	0.455178	0.453163	0.457327	0.45518	0.453163	0.45733	0.455178	0.453163	0.457327	1	1	5.62315	
5.47705	2	38	5.43011	2	38	5.43011	2	38	0	0	0	0.460153	0.458033	0.462353	0.460152	0.458033	0.46235	0.460153	0.458033	0.462353	0.460152	0.458033	0.46235	1	1	5.62837	
5.62798	2	45	5.57837	2	44	5.57846	2	44	0	0	0	0.465124	0.463133	0.467567	0.465124	0.463133	0.467567	0.465124	0.463133	0.467567	0.465124	0.463133	0.467567	1	1	5.63372	
5.84532	2	49	5.79279	2	49	5.79311	2	49	0	0	0	0.47014	0.46793	0.472587	0.470144	0.46793	0.472593	0.47014	0.46793	0.472587	0.470144	0.46793	0.472593	1	1	5.63873	
6.16802	2	61	6.11229	2	61	6.11268	2	61	0	0	0	0.475105	0.472893	0.477557	0.475106	0.472893	0.477553	0.475105	0.472893	0.477557	0.475106	0.472893	0.477553	1	1	5.64391	
6.76136	2	76	6.70241	2	76	6.70306	2	76	0	0	0	0.480154	0.478047	0.48266	0.480155	0.478047	0.48265	0.480154	0.478047	0.48266	0.480155	0.478047	0.48265	1	1	5.64895	
8.203	2	143	8.14082	2	143	8.1412	2	143	0	0	0	0.484993	0.484198	0.486402	0.484995	0.484198	0.48641	0.484993	0.484198	0.486402	0.484995	0.484198	0.48641	1	1	5.65301	
20.5197	2	475	20.4538	2	475	20.4651	2	475	0	0	0	0.489933	0.48939	0.491161	0.489916	0.489393	0.491154	0.489933	0.48939	0.491161	0.489916	0.489393	0.491154	1	1	5.65823	
733.588	2	9200	733.518	2	9200	740.104	2	9323	0	0	0	0.494906	0.494346	0.496229	0.494303	0.490204	0.496219	0.494906	0.494346	0.496229	0.494303	0.490204	0.496219	1	1	5.66338	
