3.8389	1	8	3.8389	1	8	3.8389	1	8	0	0	0	0.00503313	0.00484667	0.00526333	0.00503292	0.00484	0.00529	0.00503313	0.00484667	0.00526333	0.00503292	0.00484	0.00529	1	1	4.83869	
3.8342	1	8	3.8342	1	8	3.8342	1	8	0	0	0	0.0100071	0.00978667	0.01026	0.0100069	0.00966333	0.01021	0.0100071	0.00978667	0.01026	0.0100069	0.00966333	0.01021	1	1	4.83385	
3.84965	1	12	3.84965	1	12	3.84964	1	12	0	0	0	0.0149985	0.01468	0.0154533	0.0149981	0.0146367	0.0154667	0.0149985	0.01468	0.0154533	0.0149981	0.0146367	0.0154667	1	1	4.84921	
3.84737	1	13	3.84737	1	13	3.84738	1	13	0	0	0	0.019986	0.0196467	0.0205267	0.0199858	0.0194333	0.02025	0.019986	0.0196467	0.0205267	0.0199858	0.0194333	0.02025	1	1	4.84686	
3.84583	1	12	3.84583	1	12	3.84584	1	12	0	0	0	0.0249837	0.0245867	0.0255	0.0249833	0.0245167	0.0256633	0.0249837	0.0245867	0.0255	0.0249833	0.0245167	0.0256633	1	1	4.84495	
3.84913	1	11	3.84913	1	11	3.84911	1	11	0	0	0	0.0300242	0.0296033	0.03046	0.030024	0.0295333	0.03042	0.0300242	0.0296033	0.03046	0.030024	0.0295333	0.03042	1	1	4.84824	
3.8395	1	12	3.8395	1	12	3.8395	1	12	0	0	0	0.0350258	0.0346	0.0353167	0.0350254	0.0346	0.03542	0.0350258	0.0346	0.0353167	0.0350254	0.0346	0.03542	1	1	4.83838	
3.84509	1	13	3.84509	1	13	3.84505	1	13	0	0	0	0.0400277	0.0394067	0.04053	0.0400275	0.0394633	0.0406933	0.0400277	0.0394067	0.04053	0.0400275	0.0394633	0.0406933	1	1	4.84387	
3.84508	1	13	3.84508	1	13	3.8451	1	13	0	0	0	0.0450169	0.04435	0.0456767	0.0450167	0.0445033	0.0456733	0.0450169	0.04435	0.0456767	0.0450167	0.0445033	0.0456733	1	1	4.84355	
3.84682	1	14	3.84682	1	14	3.84683	1	14	0	0	0	0.0499998	0.0493933	0.0506733	0.0499996	0.04938	0.0505967	0.0499998	0.0493933	0.0506733	0.0499996	0.04938	0.0505967	1	1	4.84545	
3.84774	1	13	3.84773	1	13	3.84775	1	13	0	0	0	0.0550015	0.0543467	0.0556	0.055001	0.0540567	0.05581	0.0550015	0.0543467	0.0556	0.055001	0.0540567	0.05581	1	1	4.84616	
3.84752	1	13	3.84751	1	13	3.84752	1	13	0	0	0	0.0599671	0.05932	0.0604033	0.0599673	0.0592067	0.06113	0.0599671	0.05932	0.0604033	0.0599673	0.0592067	0.06113	1	1	4.84588	
3.845	1	13	3.84499	1	13	3.84499	1	13	0	0	0	0.0650215	0.0643533	0.06553	0.0650213	0.06444	0.0658867	0.0650215	0.0643533	0.06553	0.0650213	0.06444	0.0658867	1	1	4.84317	
3.84705	1	14	3.84705	1	14	3.84705	1	14	0	0	0	0.0699788	0.0690033	0.07044	0.0699788	0.0693433	0.0709467	0.0699788	0.0690033	0.07044	0.0699788	0.0693433	0.0709467	1	1	4.84499	
3.85098	1	14	3.85095	1	14	3.85096	1	14	0	0	0	0.0749758	0.07389	0.0755633	0.0749754	0.0743467	0.0756267	0.0749758	0.07389	0.0755633	0.0749754	0.0743467	0.0756267	1	1	4.84881	
3.85104	1	14	3.85099	1	14	3.85101	1	14	0	0	0	0.0799906	0.0788467	0.0806333	0.0799908	0.0793567	0.08153	0.0799906	0.0788467	0.0806333	0.0799908	0.0793567	0.08153	1	1	4.84844	
3.85406	1	14	3.85405	1	14	3.85406	1	14	0	0	0	0.0850135	0.0838667	0.08573	0.0850144	0.08394	0.0858167	0.0850135	0.0838667	0.08573	0.0850144	0.08394	0.0858167	1	1	4.85133	
3.85004	1	13	3.85001	1	13	3.85002	1	13	0	0	0	0.0900252	0.0889933	0.09087	0.0900246	0.08865	0.0912933	0.0900252	0.0889933	0.09087	0.0900246	0.08865	0.0912933	1	1	4.84722	
3.85426	1	14	3.85422	1	14	3.85424	1	14	0	0	0	0.09501	0.0940767	0.0960067	0.0950106	0.0940367	0.09605	0.09501	0.0940767	0.0960067	0.0950106	0.0940367	0.09605	1	1	4.85137	
3.85274	1	14	3.8527	1	14	3.8527	1	14	0	0	0	0.100001	0.0991267	0.101043	0.100001	0.09908	0.101097	0.100001	0.0991267	0.101043	0.100001	0.09908	0.101097	1	1	4.84962	
3.85362	1	14	3.85358	1	14	3.85356	1	14	0	0	0	0.105056	0.104223	0.10609	0.105057	0.10378	0.106213	0.105056	0.104223	0.10609	0.105057	0.10378	0.106213	1	1	4.85039	
3.85478	1	14	3.85474	1	14	3.85476	1	14	0	0	0	0.110075	0.109163	0.111127	0.110076	0.108923	0.11127	0.110075	0.109163	0.111127	0.110076	0.108923	0.11127	1	1	4.85138	
3.85305	1	14	3.85299	1	14	3.85299	1	14	0	0	0	0.115058	0.11411	0.115987	0.115059	0.114177	0.11584	0.115058	0.11411	0.115987	0.115059	0.114177	0.11584	1	1	4.84954	
3.85467	1	14	3.85458	1	14	3.85456	1	14	0	0	0	0.120091	0.11904	0.120967	0.120091	0.11851	0.12148	0.120091	0.11904	0.120967	0.120091	0.11851	0.12148	1	1	4.85091	
3.85796	1	14	3.85788	1	14	3.85787	1	14	0	0	0	0.125086	0.124113	0.12595	0.125085	0.124093	0.12614	0.125086	0.124113	0.12595	0.125085	0.124093	0.12614	1	1	4.85403	
3.85536	1	14	3.85524	1	14	3.85524	1	14	0	0	0	0.130036	0.129193	0.130967	0.130036	0.129197	0.13131	0.130036	0.129193	0.130967	0.130036	0.129197	0.13131	1	1	4.85112	
3.85858	1	14	3.85848	1	14	3.85849	1	14	0	0	0	0.135046	0.134153	0.13592	0.135046	0.13409	0.1361	0.135046	0.134153	0.13592	0.135046	0.13409	0.1361	1	1	4.85443	
3.85957	1	19	3.85943	1	19	3.85944	1	19	0	0	0	0.140089	0.13911	0.141013	0.140089	0.139243	0.141317	0.140089	0.13911	0.141013	0.140089	0.139243	0.141317	1	1	4.85494	
3.86388	1	14	3.86377	1	14	3.86376	1	14	0	0	0	0.1451	0.144033	0.146127	0.1451	0.144373	0.145997	0.1451	0.144033	0.146127	0.1451	0.144373	0.145997	1	1	4.8592	
3.86243	1	14	3.86229	1	14	3.8623	1	14	0	0	0	0.150073	0.149	0.151137	0.150073	0.148663	0.151733	0.150073	0.149	0.151137	0.150073	0.148663	0.151733	1	1	4.85768	
3.86837	1	19	3.86818	1	19	3.86816	1	19	0	0	0	0.155095	0.153887	0.156357	0.155094	0.153197	0.15665	0.155095	0.153887	0.156357	0.155094	0.153197	0.15665	1	1	4.86321	
3.86593	1	14	3.8657	1	14	3.86572	1	14	0	0	0	0.160132	0.15898	0.161417	0.160131	0.158603	0.161737	0.160132	0.15898	0.161417	0.160131	0.158603	0.161737	1	1	4.86061	
3.86937	1	14	3.86915	1	14	3.86915	1	14	0	0	0	0.165184	0.164157	0.166407	0.165182	0.16445	0.16607	0.165184	0.164157	0.166407	0.165182	0.16445	0.16607	1	1	4.86394	
3.8668	1	14	3.86659	1	14	3.8666	1	14	0	0	0	0.17018	0.169217	0.171373	0.170179	0.16922	0.17166	0.17018	0.169217	0.171373	0.170179	0.16922	0.17166	1	1	4.86122	
3.87017	1	20	3.86992	1	20	3.86995	1	20	0	0	0	0.175217	0.174063	0.17638	0.175217	0.173637	0.176097	0.175217	0.174063	0.17638	0.175217	0.173637	0.176097	1	1	4.8644	
3.8722	1	14	3.87191	1	14	3.8719	1	14	0	0	0	0.180281	0.178947	0.181643	0.18028	0.178673	0.181933	0.180281	0.178947	0.181643	0.18028	0.178673	0.181933	1	1	4.86616	
3.87726	1	14	3.87698	1	14	3.87699	1	14	0	0	0	0.185281	0.183897	0.18673	0.18528	0.18446	0.186127	0.185281	0.183897	0.18673	0.18528	0.18446	0.186127	1	1	4.87102	
3.87963	1	19	3.87927	1	19	3.87927	1	19	0	0	0	0.190259	0.188923	0.191553	0.190257	0.188923	0.191577	0.190259	0.188923	0.191553	0.190257	0.188923	0.191577	1	1	4.87285	
3.87754	1	19	3.87718	1	19	3.87719	1	19	0	0	0	0.195212	0.193857	0.196627	0.195212	0.19403	0.19658	0.195212	0.193857	0.196627	0.195212	0.19403	0.19658	1	1	4.87078	
3.87904	1	18	3.87866	1	18	3.87865	1	18	0	0	0	0.200214	0.198957	0.201677	0.200213	0.19847	0.20149	0.200214	0.198957	0.201677	0.200213	0.19847	0.20149	1	1	4.87206	
3.87971	1	19	3.87925	1	19	3.87925	1	19	0	0	0	0.205177	0.203887	0.206603	0.205177	0.203833	0.2066	0.205177	0.203887	0.206603	0.205177	0.203833	0.2066	1	1	4.87252	
3.88221	1	18	3.88172	1	18	3.88172	1	18	0	0	0	0.210146	0.208837	0.211633	0.210146	0.207813	0.211143	0.210146	0.208837	0.211633	0.210146	0.207813	0.211143	1	1	4.87456	
3.88302	1	15	3.88255	1	15	3.88256	1	15	0	0	0	0.215114	0.21374	0.216803	0.215114	0.2139	0.216347	0.215114	0.21374	0.216803	0.215114	0.2139	0.216347	1	1	4.87548	
3.88631	1	20	3.88575	1	20	3.88575	1	20	0	0	0	0.220136	0.218777	0.221903	0.220136	0.218993	0.221393	0.220136	0.218777	0.221903	0.220136	0.218993	0.221393	1	1	4.8785	
3.88741	1	19	3.88683	1	19	3.88682	1	19	0	0	0	0.225164	0.223753	0.22687	0.225164	0.224093	0.22593	0.225164	0.223753	0.22687	0.225164	0.224093	0.22593	1	1	4.87944	
3.89207	1	18	3.89144	1	18	3.89144	1	18	0	0	0	0.230132	0.228897	0.231807	0.230131	0.228923	0.232033	0.230132	0.228897	0.231807	0.230131	0.228923	0.232033	1	1	4.88369	
3.89444	1	19	3.89376	1	19	3.89376	1	19	0	0	0	0.235071	0.23388	0.236817	0.23507	0.233317	0.23656	0.235071	0.23388	0.236817	0.23507	0.233317	0.23656	1	1	4.88583	
3.89426	1	18	3.89357	1	18	3.89356	1	18	0	0	0	0.24003	0.238713	0.241923	0.24003	0.238963	0.24132	0.24003	0.238713	0.241923	0.24003	0.238963	0.24132	1	1	4.88538	
3.89941	1	18	3.89866	1	18	3.89868	1	18	0	0	0	0.24505	0.243763	0.246913	0.24505	0.24407	0.247133	0.24505	0.243763	0.246913	0.24505	0.24407	0.247133	1	1	4.89041	
3.89803	1	19	3.89723	1	19	3.89723	1	19	0	0	0	0.249962	0.248783	0.251893	0.249963	0.248423	0.251637	0.249962	0.248783	0.251893	0.249963	0.248423	0.251637	1	1	4.88867	
3.90203	1	20	3.90118	1	20	3.9012	1	20	0	0	0	0.254964	0.253697	0.25695	0.254964	0.253103	0.256253	0.254964	0.253697	0.25695	0.254964	0.253103	0.256253	1	1	4.89258	
3.90425	1	20	3.90336	1	20	3.90338	1	20	0	0	0	0.259973	0.258533	0.26183	0.259973	0.25896	0.261523	0.259973	0.258533	0.26183	0.259973	0.25896	0.261523	1	1	4.89449	
3.90768	1	20	3.90661	1	20	3.90662	1	20	0	0	0	0.265002	0.263803	0.266847	0.265002	0.263647	0.266087	0.265002	0.263803	0.266847	0.265002	0.263647	0.266087	1	1	4.89727	
3.90792	1	21	3.90688	1	21	3.90688	1	21	0	0	0	0.270024	0.268843	0.271843	0.270025	0.26883	0.271647	0.270024	0.268843	0.271843	0.270025	0.26883	0.271647	1	1	4.89762	
3.90879	1	19	3.9076	1	19	3.9076	1	19	0	0	0	0.275018	0.273793	0.276993	0.275018	0.273383	0.276667	0.275018	0.273793	0.276993	0.275018	0.273383	0.276667	1	1	4.89793	
3.91464	1	19	3.91348	1	19	3.91349	1	19	0	0	0	0.28004	0.27887	0.282073	0.28004	0.278813	0.281277	0.28004	0.27887	0.282073	0.28004	0.278813	0.281277	1	1	4.90367	
3.91632	1	19	3.91509	1	19	3.9151	1	19	0	0	0	0.285015	0.283613	0.287233	0.285015	0.28373	0.287453	0.285015	0.283613	0.287233	0.285015	0.28373	0.287453	1	1	4.90509	
3.91785	1	18	3.91651	1	18	3.91652	1	18	0	0	0	0.290035	0.288733	0.29204	0.290034	0.287987	0.291623	0.290035	0.288733	0.29204	0.290034	0.287987	0.291623	1	1	4.90626	
3.91941	1	19	3.91804	1	19	3.91805	1	19	0	0	0	0.295025	0.29379	0.29713	0.295026	0.291947	0.296783	0.295025	0.29379	0.29713	0.295026	0.291947	0.296783	1	1	4.90747	
3.92638	1	21	3.92487	1	21	3.92486	1	21	0	0	0	0.300039	0.298713	0.302297	0.300038	0.2977	0.30152	0.300039	0.298713	0.302297	0.300038	0.2977	0.30152	1	1	4.91412	
3.92436	1	20	3.92275	1	20	3.92275	1	20	0	0	0	0.305055	0.303653	0.30702	0.305055	0.303503	0.30762	0.305055	0.303653	0.30702	0.305055	0.303503	0.30762	1	1	4.91189	
3.92744	1	19	3.92565	1	19	3.92564	1	19	0	0	0	0.310057	0.30852	0.311997	0.310058	0.308877	0.312207	0.310057	0.30852	0.311997	0.310058	0.308877	0.312207	1	1	4.91478	
3.93313	1	20	3.93125	1	20	3.93127	1	20	0	0	0	0.315019	0.31352	0.316983	0.315019	0.31383	0.3167	0.315019	0.31352	0.316983	0.315019	0.31383	0.3167	1	1	4.9199	
3.93228	1	20	3.93044	1	20	3.93044	1	20	0	0	0	0.319978	0.318463	0.32199	0.319977	0.318833	0.32148	0.319978	0.318463	0.32199	0.319977	0.318833	0.32148	1	1	4.91879	
3.9361	1	22	3.93395	1	22	3.93397	1	22	0	0	0	0.324963	0.323313	0.327123	0.324965	0.323777	0.326467	0.324963	0.323313	0.327123	0.324965	0.323777	0.326467	1	1	4.9222	
3.93995	1	19	3.9379	1	19	3.93792	1	19	0	0	0	0.329995	0.328247	0.33219	0.329996	0.328803	0.33168	0.329995	0.328247	0.33219	0.329996	0.328803	0.33168	1	1	4.92601	
3.94138	1	20	3.93928	1	20	3.9393	1	20	0	0	0	0.33498	0.33312	0.3371	0.334982	0.33329	0.336123	0.33498	0.33312	0.3371	0.334982	0.33329	0.336123	1	1	4.9271	
3.94413	1	21	3.94182	1	21	3.94183	1	21	0	0	0	0.339973	0.33812	0.342147	0.339973	0.338867	0.342727	0.339973	0.33812	0.342147	0.339973	0.338867	0.342727	1	1	4.92929	
3.94707	1	21	3.94457	1	21	3.94458	1	21	0	0	0	0.344971	0.343307	0.34728	0.344972	0.342617	0.3466	0.344971	0.343307	0.34728	0.344972	0.342617	0.3466	1	1	4.93184	
3.95075	1	20	3.9481	1	20	3.94811	1	20	0	0	0	0.350014	0.348253	0.352393	0.350015	0.348187	0.351457	0.350014	0.348253	0.352393	0.350015	0.348187	0.351457	1	1	4.93507	
3.95397	1	21	3.95118	1	21	3.95119	1	21	0	0	0	0.354954	0.353173	0.35734	0.354955	0.353843	0.35615	0.354954	0.353173	0.35734	0.354955	0.353843	0.35615	1	1	4.93818	
3.95795	1	20	3.95503	1	20	3.95504	1	20	0	0	0	0.35996	0.358467	0.362383	0.359961	0.358347	0.360763	0.35996	0.358467	0.362383	0.359961	0.358347	0.360763	1	1	4.94164	
3.96082	1	20	3.95773	1	20	3.95775	1	20	0	0	0	0.364936	0.363493	0.36731	0.364936	0.362423	0.366893	0.364936	0.363493	0.36731	0.364936	0.362423	0.366893	1	1	4.94424	
3.96335	1	22	3.96011	1	22	3.96011	1	22	0	0	0	0.369959	0.36853	0.372257	0.369959	0.368117	0.371167	0.369959	0.36853	0.372257	0.369959	0.368117	0.371167	1	1	4.94641	
3.9675	1	21	3.96421	1	21	3.96424	1	21	0	0	0	0.374922	0.373217	0.377313	0.374924	0.373003	0.376333	0.374922	0.373217	0.377313	0.374924	0.373003	0.376333	1	1	4.95025	
3.96884	1	21	3.9653	1	21	3.9653	1	21	0	0	0	0.379929	0.378367	0.382327	0.37993	0.378537	0.382137	0.379929	0.378367	0.382327	0.37993	0.378537	0.382137	1	1	4.95128	
3.9752	1	20	3.97135	1	20	3.97137	1	20	0	0	0	0.384977	0.38334	0.387293	0.384978	0.383663	0.38654	0.384977	0.38334	0.387293	0.384978	0.383663	0.38654	1	1	4.95681	
3.97602	1	22	3.97211	1	22	3.97211	1	22	0	0	0	0.389953	0.388323	0.392323	0.389954	0.388067	0.392923	0.389953	0.388323	0.392323	0.389954	0.388067	0.392923	1	1	4.95731	
3.98241	1	20	3.9783	1	20	3.97831	1	20	0	0	0	0.39501	0.39345	0.39733	0.39501	0.392387	0.39644	0.39501	0.39345	0.39733	0.39501	0.392387	0.39644	1	1	4.96312	
3.9857	1	21	3.98129	1	21	3.9813	1	21	0	0	0	0.400027	0.398437	0.40228	0.400027	0.39611	0.402363	0.400027	0.398437	0.40228	0.400027	0.39611	0.402363	1	1	4.96579	
3.98843	1	20	3.98416	1	20	3.98416	1	20	0	0	0	0.405089	0.4035	0.407143	0.40509	0.402747	0.40685	0.405089	0.4035	0.407143	0.40509	0.402747	0.40685	1	1	4.96849	
3.99118	1	21	3.98652	1	21	3.98653	1	21	0	0	0	0.410107	0.408143	0.412367	0.410107	0.408313	0.411673	0.410107	0.408143	0.412367	0.410107	0.408313	0.411673	1	1	4.97088	
3.9963	1	21	3.99134	1	21	3.99135	1	21	0	0	0	0.415085	0.41318	0.417193	0.415084	0.412223	0.416363	0.415085	0.41318	0.417193	0.415084	0.412223	0.416363	1	1	4.97549	
3.99834	1	20	3.99331	1	20	3.99331	1	20	0	0	0	0.420099	0.418263	0.422237	0.4201	0.41771	0.42204	0.420099	0.418263	0.422237	0.4201	0.41771	0.42204	1	1	4.97689	
4.00393	1	21	3.99838	1	21	3.99839	1	21	0	0	0	0.425086	0.423197	0.427313	0.425088	0.42308	0.426243	0.425086	0.423197	0.427313	0.425088	0.42308	0.426243	1	1	4.98183	
4.00759	1	21	4.00197	1	21	4.00198	1	21	0	0	0	0.4301	0.428197	0.43227	0.430099	0.428587	0.43175	0.4301	0.428197	0.43227	0.430099	0.428587	0.43175	1	1	4.98473	
4.01163	1	22	4.0056	1	22	4.00559	1	22	0	0	0	0.435068	0.433283	0.437193	0.435067	0.433127	0.438593	0.435068	0.433283	0.437193	0.435067	0.433127	0.438593	1	1	4.98843	
4.01423	1	22	4.0081	1	22	4.00809	1	22	0	0	0	0.440064	0.438063	0.442123	0.440064	0.437037	0.44255	0.440064	0.438063	0.442123	0.440064	0.437037	0.44255	1	1	4.99078	
4.0177	1	21	4.01133	1	21	4.01134	1	21	0	0	0	0.445103	0.443103	0.44721	0.445101	0.443723	0.44709	0.445103	0.443103	0.44721	0.445101	0.443723	0.44709	1	1	4.99373	
4.02376	1	21	4.01711	1	21	4.01712	1	21	0	0	0	0.45006	0.44807	0.452117	0.450058	0.448273	0.452813	0.45006	0.44807	0.452117	0.450058	0.448273	0.452813	1	1	4.99901	
4.02667	1	22	4.01956	1	22	4.01955	1	22	0	0	0	0.45518	0.453163	0.45733	0.455179	0.452163	0.45744	0.45518	0.453163	0.45733	0.455179	0.452163	0.45744	1	1	5.00139	
4.03228	1	20	4.02501	1	20	4.02501	1	20	0	0	0	0.460153	0.458033	0.462353	0.460153	0.458517	0.46193	0.460153	0.458033	0.462353	0.460153	0.458517	0.46193	1	1	5.00647	
4.0376	1	21	4.03013	1	21	4.03013	1	21	0	0	0	0.465124	0.463133	0.467567	0.465121	0.462927	0.467817	0.465124	0.463133	0.467567	0.465121	0.462927	0.467817	1	1	5.0113	
4.03934	1	22	4.03143	1	22	4.03145	1	22	0	0	0	0.47014	0.46793	0.472587	0.470139	0.467987	0.471453	0.47014	0.46793	0.472587	0.470139	0.467987	0.471453	1	1	5.01255	
4.04438	1	21	4.03602	1	21	4.03602	1	21	0	0	0	0.475105	0.472893	0.477557	0.475103	0.47292	0.477617	0.475105	0.472893	0.477557	0.475103	0.47292	0.477617	1	1	5.01683	
4.04879	1	23	4.04008	1	23	4.04008	1	23	0	0	0	0.480154	0.478047	0.48266	0.480152	0.47816	0.48196	0.480154	0.478047	0.48266	0.480152	0.47816	0.48196	1	1	5.02056	
4.05382	1	21	4.04456	1	21	4.04454	1	21	0	0	0	0.485161	0.483107	0.48742	0.485158	0.483507	0.487987	0.485161	0.483107	0.48742	0.485158	0.483507	0.487987	1	1	5.02467	
4.05845	1	22	4.04877	1	22	4.04878	1	22	0	0	0	0.490162	0.488077	0.492193	0.49016	0.487637	0.49206	0.490162	0.488077	0.492193	0.49016	0.487637	0.49206	1	1	5.02871	
4.06262	1	21	4.05272	1	21	4.05273	1	21	0	0	0	0.49515	0.49298	0.497327	0.495148	0.492357	0.497047	0.49515	0.49298	0.497327	0.495148	0.492357	0.497047	1	1	5.03237	
4.06599	1	22	4.05552	1	22	4.05553	1	22	0	0	0	0.500193	0.498007	0.50225	0.500191	0.496927	0.501333	0.500193	0.498007	0.50225	0.500191	0.496927	0.501333	1	1	5.03525	
4.07157	1	21	4.06089	1	21	4.0609	1	21	0	0	0	0.505152	0.50293	0.507137	0.505151	0.50361	0.507047	0.505152	0.50293	0.507137	0.505151	0.50361	0.507047	1	1	5.0398	
4.07649	1	23	4.06539	1	23	4.06539	1	23	0	0	0	0.510164	0.50804	0.512417	0.510162	0.50779	0.51143	0.510164	0.50804	0.512417	0.510162	0.50779	0.51143	1	1	5.04422	
4.08214	1	28	4.07038	1	28	4.07039	1	28	0	0	0	0.515199	0.513037	0.517437	0.515195	0.513553	0.516833	0.515199	0.513037	0.517437	0.515195	0.513553	0.516833	1	1	5.04857	
4.08748	1	22	4.07538	1	22	4.07538	1	22	0	0	0	0.520178	0.51798	0.522423	0.520177	0.517797	0.522863	0.520178	0.51798	0.522423	0.520177	0.517797	0.522863	1	1	5.05367	
4.09108	1	23	4.07832	1	23	4.07832	1	23	0	0	0	0.525159	0.522977	0.527247	0.525157	0.523417	0.526547	0.525159	0.522977	0.527247	0.525157	0.523417	0.526547	1	1	5.0562	
4.09576	1	22	4.08248	1	22	4.08249	1	22	0	0	0	0.530138	0.52793	0.53204	0.530138	0.527533	0.534377	0.530138	0.52793	0.53204	0.530138	0.527533	0.534377	1	1	5.06018	
4.10219	1	25	4.08848	1	25	4.08849	1	25	0	0	0	0.53509	0.53287	0.53698	0.535089	0.533443	0.53707	0.53509	0.53287	0.53698	0.535089	0.533443	0.53707	1	1	5.06559	
4.10744	1	22	4.09269	1	22	4.09268	1	22	0	0	0	0.540062	0.537847	0.54189	0.540059	0.538343	0.542367	0.540062	0.537847	0.54189	0.540059	0.538343	0.542367	1	1	5.07004	
4.11261	1	23	4.09737	1	23	4.09739	1	23	0	0	0	0.545019	0.542683	0.546767	0.545018	0.543007	0.54762	0.545019	0.542683	0.546767	0.545018	0.543007	0.54762	1	1	5.07403	
4.11788	1	24	4.10221	1	24	4.10222	1	24	0	0	0	0.550052	0.54768	0.55173	0.550049	0.54805	0.55342	0.550052	0.54768	0.55173	0.550049	0.54805	0.55342	1	1	5.0787	
4.1244	1	23	4.10786	1	23	4.10789	1	23	0	0	0	0.555067	0.552717	0.55697	0.555064	0.55254	0.55745	0.555067	0.552717	0.55697	0.555064	0.55254	0.55745	1	1	5.0843	
4.12938	1	22	4.11238	1	22	4.11239	1	22	0	0	0	0.560037	0.557853	0.562013	0.560033	0.55784	0.56284	0.560037	0.557853	0.562013	0.560033	0.55784	0.56284	1	1	5.08822	
4.13208	1	22	4.11444	1	22	4.11445	1	22	0	0	0	0.565038	0.562847	0.567047	0.565035	0.562313	0.567267	0.565038	0.562847	0.567047	0.565035	0.562313	0.567267	1	1	5.08985	
4.14045	1	23	4.12201	1	23	4.12203	1	23	0	0	0	0.570019	0.567987	0.571877	0.570018	0.56791	0.571707	0.570019	0.567987	0.571877	0.570018	0.56791	0.571707	1	1	5.0971	
4.14673	1	21	4.12757	1	21	4.12758	1	21	0	0	0	0.57499	0.572857	0.57707	0.574987	0.572873	0.57799	0.57499	0.572857	0.57707	0.574987	0.572873	0.57799	1	1	5.10242	
4.15234	1	23	4.13218	1	23	4.13219	1	23	0	0	0	0.579978	0.57772	0.582213	0.579974	0.57793	0.583113	0.579978	0.57772	0.582213	0.579974	0.57793	0.583113	1	1	5.1067	
4.15699	1	22	4.13616	1	22	4.13616	1	22	0	0	0	0.584984	0.582687	0.587163	0.584981	0.582873	0.589247	0.584984	0.582687	0.587163	0.584981	0.582873	0.589247	1	1	5.11027	
4.16303	1	23	4.14104	1	23	4.14103	1	23	0	0	0	0.589958	0.587593	0.592113	0.589954	0.588437	0.592017	0.589958	0.587593	0.592113	0.589954	0.588437	0.592017	1	1	5.11487	
4.1687	1	24	4.14597	1	24	4.14597	1	24	0	0	0	0.594978	0.59255	0.597227	0.594977	0.59311	0.597443	0.594978	0.59255	0.597227	0.594977	0.59311	0.597443	1	1	5.11972	
4.17693	1	25	4.15287	1	25	4.15288	1	25	0	0	0	0.599903	0.597743	0.602013	0.599902	0.597357	0.602057	0.599903	0.597743	0.602013	0.599902	0.597357	0.602057	1	1	5.12614	
4.18123	1	26	4.15645	1	26	4.15645	1	26	0	0	0	0.604821	0.602697	0.606853	0.604818	0.602843	0.606423	0.604821	0.602697	0.606853	0.604818	0.602843	0.606423	1	1	5.12958	
4.18987	1	26	4.16403	1	26	4.16405	1	26	0	0	0	0.609812	0.607587	0.61168	0.60981	0.60845	0.612117	0.609812	0.607587	0.61168	0.60981	0.60845	0.612117	1	1	5.13658	
4.19255	1	23	4.16587	1	23	4.16588	1	23	0	0	0	0.61487	0.612577	0.616683	0.614867	0.612857	0.617223	0.61487	0.612577	0.616683	0.614867	0.612857	0.617223	1	1	5.13785	
4.20131	1	22	4.17331	1	22	4.17332	1	22	0	0	0	0.619831	0.617607	0.62157	0.619831	0.617577	0.621167	0.619831	0.617607	0.62157	0.619831	0.617577	0.621167	1	1	5.14484	
4.21047	1	26	4.18122	1	26	4.18124	1	26	0	0	0	0.624903	0.62281	0.626517	0.624904	0.623437	0.62779	0.624903	0.62281	0.626517	0.624904	0.623437	0.62779	1	1	5.15254	
4.21666	1	27	4.18574	1	27	4.18572	1	27	0	0	0	0.629923	0.627927	0.631537	0.62992	0.627277	0.631957	0.629923	0.627927	0.631537	0.62992	0.627277	0.631957	1	1	5.15698	
4.22158	1	27	4.18983	1	27	4.18983	1	27	0	0	0	0.634912	0.633017	0.63661	0.63491	0.632317	0.637867	0.634912	0.633017	0.63661	0.63491	0.632317	0.637867	1	1	5.1608	
4.23164	1	24	4.19841	1	24	4.19842	1	24	0	0	0	0.639955	0.638057	0.641693	0.639954	0.63767	0.643143	0.639955	0.638057	0.641693	0.639954	0.63767	0.643143	1	1	5.16871	
4.23669	1	22	4.20181	1	22	4.20181	1	22	0	0	0	0.64492	0.64296	0.64644	0.644918	0.642807	0.647263	0.64492	0.64296	0.64644	0.644918	0.642807	0.647263	1	1	5.17192	
4.24579	1	28	4.2093	1	28	4.20931	1	28	0	0	0	0.649931	0.64791	0.651557	0.649927	0.647753	0.65229	0.649931	0.64791	0.651557	0.649927	0.647753	0.65229	1	1	5.17884	
4.2499	1	22	4.21217	1	22	4.2122	1	22	0	0	0	0.654976	0.653037	0.656613	0.654974	0.65296	0.658283	0.654976	0.653037	0.656613	0.654974	0.65296	0.658283	1	1	5.18174	
4.26133	1	28	4.22202	1	28	4.22204	1	28	0	0	0	0.659958	0.657967	0.66145	0.659957	0.65538	0.662927	0.659958	0.657967	0.66145	0.659957	0.65538	0.662927	1	1	5.19113	
4.26783	1	22	4.22667	1	22	4.22669	1	22	0	0	0	0.664927	0.66291	0.666333	0.664925	0.66277	0.666493	0.664927	0.66291	0.666333	0.664925	0.66277	0.666493	1	1	5.19541	
4.27358	1	28	4.23059	1	28	4.23062	1	28	0	0	0	0.669951	0.667847	0.671333	0.669951	0.66674	0.67238	0.669951	0.667847	0.671333	0.669951	0.66674	0.67238	1	1	5.19866	
4.28274	1	26	4.23848	1	26	4.23848	1	26	0	0	0	0.674925	0.672927	0.676537	0.674924	0.67198	0.677607	0.674925	0.672927	0.676537	0.674924	0.67198	0.677607	1	1	5.20617	
4.29011	1	25	4.24353	1	25	4.24354	1	25	0	0	0	0.679923	0.677943	0.681507	0.679919	0.677173	0.682167	0.679923	0.677943	0.681507	0.679919	0.677173	0.682167	1	1	5.21089	
4.30062	1	27	4.25201	1	27	4.25202	1	27	0	0	0	0.684924	0.6829	0.686337	0.684924	0.68308	0.688577	0.684924	0.6829	0.686337	0.684924	0.68308	0.688577	1	1	5.21915	
4.30753	1	27	4.2559	1	27	4.25591	1	27	0	0	0	0.689882	0.688137	0.691387	0.689881	0.68792	0.69233	0.689882	0.688137	0.691387	0.689881	0.68792	0.69233	1	1	5.22248	
4.31879	1	26	4.26489	1	26	4.26492	1	26	0	0	0	0.694896	0.693357	0.69655	0.694894	0.69306	0.69786	0.694896	0.693357	0.69655	0.694894	0.69306	0.69786	1	1	5.23103	
4.32744	1	25	4.27093	1	25	4.27095	1	25	0	0	0	0.699911	0.698447	0.701707	0.699909	0.69687	0.70259	0.699911	0.698447	0.701707	0.699909	0.69687	0.70259	1	1	5.23661	
4.33345	1	28	4.27473	1	28	4.27472	1	28	0	0	0	0.704931	0.703377	0.706697	0.704929	0.70221	0.707913	0.704931	0.703377	0.706697	0.704929	0.70221	0.707913	1	1	5.24029	
4.34523	1	27	4.28421	1	27	4.28423	1	27	0	0	0	0.709932	0.708137	0.71179	0.70993	0.706467	0.713687	0.709932	0.708137	0.71179	0.70993	0.706467	0.713687	1	1	5.24892	
4.35251	1	26	4.28893	1	26	4.28893	1	26	0	0	0	0.714931	0.713177	0.71684	0.714928	0.710247	0.718157	0.714931	0.713177	0.71684	0.714928	0.710247	0.718157	1	1	5.25373	
4.36473	1	23	4.29729	1	23	4.29729	1	23	0	0	0	0.71995	0.7183	0.721943	0.719948	0.717557	0.72292	0.71995	0.7183	0.721943	0.719948	0.717557	0.72292	1	1	5.26146	
4.37546	1	27	4.30436	1	27	4.30439	1	27	0	0	0	0.724993	0.723197	0.726993	0.724992	0.72208	0.727313	0.724993	0.723197	0.726993	0.724992	0.72208	0.727313	1	1	5.26794	
4.38325	1	26	4.30884	1	26	4.30884	1	26	0	0	0	0.729989	0.72811	0.732023	0.729986	0.726583	0.73198	0.729989	0.72811	0.732023	0.729986	0.726583	0.73198	1	1	5.27225	
4.394	1	26	4.31592	1	26	4.31595	1	26	0	0	0	0.734981	0.733117	0.73708	0.734979	0.731547	0.73895	0.734981	0.733117	0.73708	0.734979	0.731547	0.73895	1	1	5.27874	
4.40696	1	29	4.32528	1	29	4.32529	1	29	0	0	0	0.740023	0.738133	0.74218	0.740022	0.735797	0.742817	0.740023	0.738133	0.74218	0.740022	0.735797	0.742817	1	1	5.28804	
4.42015	1	27	4.33434	1	27	4.33436	1	27	0	0	0	0.744991	0.743123	0.747037	0.74499	0.742007	0.747593	0.744991	0.743123	0.747037	0.74499	0.742007	0.747593	1	1	5.29627	
4.42824	1	24	4.33892	1	24	4.33892	1	24	0	0	0	0.750027	0.748183	0.75198	0.750025	0.74755	0.75407	0.750027	0.748183	0.75198	0.750025	0.74755	0.75407	1	1	5.30055	
4.44163	1	30	4.34709	1	30	4.34708	1	30	0	0	0	0.75496	0.752987	0.756843	0.754959	0.752017	0.758537	0.75496	0.752987	0.756843	0.754959	0.752017	0.758537	1	1	5.30824	
4.453	1	28	4.35421	1	28	4.35423	1	28	0	0	0	0.759955	0.758063	0.761883	0.759952	0.757343	0.762133	0.759955	0.758063	0.761883	0.759952	0.757343	0.762133	1	1	5.31481	
4.46701	1	29	4.36215	1	29	4.36217	1	29	0	0	0	0.764954	0.763273	0.766787	0.764952	0.762607	0.767497	0.764954	0.763273	0.766787	0.764952	0.762607	0.767497	1	1	5.32241	
4.48034	1	26	4.3695	1	26	4.36949	1	26	0	0	0	0.76996	0.76815	0.77165	0.769958	0.767487	0.77367	0.76996	0.76815	0.77165	0.769958	0.767487	0.77367	1	1	5.32927	
4.49071	1	28	4.37454	1	28	4.37458	1	28	0	0	0	0.774975	0.773037	0.77671	0.774974	0.772267	0.77899	0.774975	0.773037	0.77671	0.774974	0.772267	0.77899	1	1	5.33392	
4.50779	1	29	4.38567	1	28	4.38569	1	28	0	0	0	0.779928	0.778267	0.781573	0.779926	0.77643	0.783353	0.779928	0.778267	0.781573	0.779926	0.77643	0.783353	1	1	5.34463	
4.52195	1	28	4.39235	1	28	4.39236	1	28	0	0	0	0.784889	0.78316	0.786483	0.784889	0.78152	0.78855	0.784889	0.78316	0.786483	0.784889	0.78152	0.78855	1	1	5.35041	
4.53486	1	28	4.39849	1	28	4.39852	1	28	0	0	0	0.78992	0.788153	0.79163	0.789918	0.785283	0.794043	0.78992	0.788153	0.79163	0.789918	0.785283	0.794043	1	1	5.35636	
4.55142	1	26	4.40636	1	26	4.4064	1	26	0	0	0	0.794933	0.793113	0.79685	0.79493	0.792443	0.797873	0.794933	0.793113	0.79685	0.79493	0.792443	0.797873	1	1	5.36331	
4.56992	1	30	4.41701	1	30	4.41701	1	30	0	0	0	0.799949	0.798187	0.801953	0.799945	0.79792	0.80329	0.799949	0.798187	0.801953	0.799945	0.79792	0.80329	1	1	5.37401	
4.58736	1	29	4.42402	1	29	4.42404	1	29	0	0	0	0.804948	0.803067	0.80698	0.804947	0.801893	0.80836	0.804948	0.803067	0.80698	0.804947	0.801893	0.80836	1	1	5.38041	
4.60318	1	28	4.43128	1	28	4.43132	1	28	0	0	0	0.80994	0.80802	0.811817	0.809942	0.80645	0.815853	0.80994	0.80802	0.811817	0.809942	0.80645	0.815853	1	1	5.38673	
4.62702	1	28	4.44155	1	28	4.44155	1	28	0	0	0	0.814959	0.81325	0.81644	0.814958	0.81299	0.818713	0.814959	0.81325	0.81644	0.814958	0.81299	0.818713	1	1	5.39638	
4.64137	1	27	4.44725	1	27	4.44725	1	27	0	0	0	0.81996	0.81835	0.82127	0.81996	0.81638	0.823013	0.81996	0.81835	0.82127	0.81996	0.81638	0.823013	1	1	5.40183	
4.66705	1	28	4.4575	1	28	4.45753	1	28	0	0	0	0.825002	0.823473	0.826163	0.825	0.82269	0.82854	0.825002	0.823473	0.826163	0.825	0.82269	0.82854	1	1	5.41171	
4.68945	1	26	4.46482	1	26	4.46486	1	26	0	0	0	0.829987	0.82835	0.831263	0.82999	0.828463	0.833693	0.829987	0.82835	0.831263	0.82999	0.828463	0.833693	1	1	5.41809	
4.7146	1	31	4.47388	1	31	4.47389	1	31	0	0	0	0.835007	0.833347	0.836293	0.835006	0.833627	0.837807	0.835007	0.833347	0.836293	0.835006	0.833627	0.837807	1	1	5.42694	
4.73332	1	30	4.47968	1	30	4.47971	1	30	0	0	0	0.84	0.838343	0.84134	0.840001	0.83796	0.84229	0.84	0.838343	0.84134	0.840001	0.83796	0.84229	1	1	5.43248	
4.76882	1	27	4.49193	1	27	4.49193	1	27	0	0	0	0.844985	0.843337	0.846163	0.844988	0.841537	0.849593	0.844985	0.843337	0.846163	0.844988	0.841537	0.849593	1	1	5.44366	
4.79794	1	27	4.4998	1	27	4.49983	1	27	0	0	0	0.849982	0.84841	0.851453	0.849984	0.84833	0.854117	0.849982	0.84841	0.851453	0.849984	0.84833	0.854117	1	1	5.45152	
4.83605	1	30	4.50991	1	30	4.50993	1	30	0	0	0	0.85502	0.85363	0.856407	0.855022	0.851813	0.85943	0.85502	0.85363	0.856407	0.855022	0.851813	0.85943	1	1	5.46104	
4.87115	1	30	4.521	1	30	4.52105	1	30	0	0	0	0.860068	0.858627	0.861577	0.860073	0.857173	0.86128	0.860068	0.858627	0.861577	0.860073	0.857173	0.86128	1	1	5.47166	
4.91144	1	29	4.52863	1	29	4.52865	1	29	0	0	0	0.865001	0.863553	0.866453	0.86501	0.86125	0.86758	0.865001	0.863553	0.866453	0.86501	0.86125	0.86758	1	1	5.47839	
4.95846	1	28	4.5367	1	28	4.5367	1	28	0	0	0	0.869953	0.86868	0.871253	0.869952	0.867383	0.873823	0.869953	0.86868	0.871253	0.869952	0.867383	0.873823	1	1	5.48559	
5.00647	1	29	4.54455	1	29	4.54459	1	29	0	0	0	0.874931	0.873617	0.875907	0.874936	0.87243	0.877503	0.874931	0.873617	0.875907	0.874936	0.87243	0.877503	1	1	5.49295	
5.05856	1	28	4.55155	1	27	4.55156	1	27	0	0	0	0.879909	0.87865	0.881057	0.879914	0.877113	0.88373	0.879909	0.87865	0.881057	0.879914	0.877113	0.88373	1	1	5.49982	
5.13441	1	30	4.56386	1	30	4.56386	1	30	0	0	0	0.884859	0.883567	0.886037	0.884859	0.881643	0.887697	0.884859	0.883567	0.886037	0.884859	0.881643	0.887697	1	1	5.51098	
5.22378	1	29	4.57581	1	29	4.57582	1	29	0	0	0	0.889908	0.88883	0.890943	0.889909	0.88738	0.892387	0.889908	0.88883	0.890943	0.889909	0.88738	0.892387	1	1	5.52257	
5.32758	1	30	4.58212	1	29	4.58214	1	29	0	0	0	0.894956	0.8941	0.896027	0.894956	0.89207	0.89779	0.894956	0.8941	0.896027	0.894956	0.89207	0.89779	1	1	5.52777	
5.46653	1	33	4.59572	1	29	4.59573	1	29	0	0	0	0.899986	0.899097	0.901433	0.899986	0.895203	0.902363	0.899986	0.899097	0.901433	0.899986	0.895203	0.902363	1	1	5.54075	
5.64885	1	37	4.60675	1	29	4.60677	1	29	0	0	0	0.904927	0.90416	0.906277	0.904931	0.901207	0.90927	0.904927	0.90416	0.906277	0.904931	0.901207	0.90927	1	1	5.55134	
5.86024	1	37	4.61852	1	30	4.61855	1	30	0	0	0	0.9099	0.90917	0.91104	0.909905	0.905167	0.912303	0.9099	0.90917	0.91104	0.909905	0.905167	0.912303	1	1	5.56207	
6.34774	1	56	4.62893	1	30	4.62896	1	30	0	0	0	0.9149	0.9142	0.91601	0.914911	0.912753	0.91675	0.9149	0.9142	0.91601	0.914911	0.912753	0.91675	1	1	5.57253	
8.01858	1	166	4.64422	1	34	4.64422	1	34	0	0	0	0.920051	0.919323	0.920847	0.920057	0.917625	0.921552	0.920051	0.919323	0.920847	0.920057	0.917625	0.921552	1	1	5.58696	
114.71	1	2600	4.65858	1	35	4.65846	1	35	0	0	0	0.925045	0.924524	0.925789	0.924906	0.922676	0.926339	0.925045	0.924524	0.925789	0.924906	0.922676	0.926339	1	1	5.59986	
617.524	1	9038	4.6694	1	37	4.66893	1	37	0	0	0	0.930074	0.929499	0.930661	0.929195	0.927336	0.930869	0.930074	0.929499	0.930661	0.929195	0.927336	0.930869	1	1	5.61021	
