4.5078	4	6	4.50101	4	6	4.50099	4	6	0	0	0	0.00503313	0.00484667	0.00526333	0.00503292	0.00484667	0.00526	0.00503313	0.00484667	0.00526333	0.00503292	0.00484667	0.00526	1	1	5.50101	
4.51811	4	7	4.50331	4	6	4.5033	4	6	0	0	0	0.0100071	0.00978667	0.01026	0.0100067	0.00978667	0.0102567	0.0100071	0.00978667	0.01026	0.0100067	0.00978667	0.0102567	1	1	5.50331	
4.5283	4	8	4.50433	4	6	4.50432	4	6	0	0	0	0.0149985	0.01468	0.0154533	0.0149981	0.01468	0.01545	0.0149985	0.01468	0.0154533	0.0149981	0.01468	0.01545	1	1	5.50433	
4.5358	4	8	4.50306	4	6	4.50309	4	6	0	0	0	0.019986	0.0196467	0.0205267	0.0199858	0.0196467	0.0205233	0.019986	0.0196467	0.0205267	0.0199858	0.0196467	0.0205233	1	1	5.50306	
4.54445	4	8	4.50158	4	6	4.50158	4	6	0	0	0	0.0249837	0.0245867	0.0255	0.0249837	0.0245867	0.0254967	0.0249837	0.0245867	0.0255	0.0249837	0.0245867	0.0254967	1	1	5.50158	
4.55432	4	9	4.50057	4	6	4.50059	4	6	0	0	0	0.0300242	0.0296033	0.03046	0.0300242	0.0296033	0.0304567	0.0300242	0.0296033	0.03046	0.0300242	0.0296033	0.0304567	1	1	5.50057	
4.5662	4	9	4.50071	4	6	4.50073	4	6	0	0	0	0.0350258	0.0346	0.0353167	0.0350254	0.0346	0.0353167	0.0350258	0.0346	0.0353167	0.0350254	0.0346	0.0353167	1	1	5.50071	
4.57894	4	10	4.50171	4	6	4.50173	4	6	0	0	0	0.0400277	0.0394067	0.04053	0.0400275	0.0394067	0.0405333	0.0400277	0.0394067	0.04053	0.0400275	0.0394067	0.0405333	1	1	5.50171	
4.5917	4	11	4.50141	4	6	4.50143	4	6	0	0	0	0.0450169	0.04435	0.0456767	0.0450169	0.04435	0.04568	0.0450169	0.04435	0.0456767	0.0450169	0.04435	0.04568	1	1	5.50141	
4.60487	4	11	4.50129	4	6	4.50131	4	6	0	0	0	0.0499998	0.0493933	0.0506733	0.0499998	0.0493967	0.0506767	0.0499998	0.0493933	0.0506733	0.0499998	0.0493967	0.0506767	1	1	5.50129	
4.61819	4	11	4.50102	4	6	4.50103	4	6	0	0	0	0.0550015	0.0543467	0.0556	0.0550017	0.05435	0.0556033	0.0550015	0.0543467	0.0556	0.0550017	0.05435	0.0556033	1	1	5.50102	
4.63331	4	14	4.50041	4	6	4.50042	4	6	0	0	0	0.0599671	0.05932	0.0604033	0.0599673	0.0593233	0.0604033	0.0599671	0.05932	0.0604033	0.0599673	0.0593233	0.0604033	1	1	5.50041	
4.64978	4	14	4.50028	4	6	4.5003	4	6	0	0	0	0.0650215	0.0643533	0.06553	0.0650215	0.0643567	0.0655367	0.0650215	0.0643533	0.06553	0.0650215	0.0643567	0.0655367	1	1	5.50028	
4.66721	4	15	4.50065	4	6	4.50066	4	6	0	0	0	0.0699788	0.0690033	0.07044	0.069979	0.0690067	0.07044	0.0699788	0.0690033	0.07044	0.069979	0.0690067	0.07044	1	1	5.50065	
4.68588	4	15	4.5009	4	6	4.50092	4	6	0	0	0	0.0749758	0.07389	0.0755633	0.0749762	0.0738933	0.07557	0.0749758	0.07389	0.0755633	0.0749762	0.0738933	0.07557	1	1	5.5009	
4.70498	4	14	4.4999	4	6	4.49991	4	6	0	0	0	0.0799906	0.0788467	0.0806333	0.0799912	0.07885	0.0806333	0.0799906	0.0788467	0.0806333	0.0799912	0.07885	0.0806333	1	1	5.4999	
4.72552	4	15	4.49964	4	6	4.49966	4	6	0	0	0	0.0850135	0.0838667	0.08573	0.0850142	0.08387	0.08573	0.0850135	0.0838667	0.08573	0.0850142	0.08387	0.08573	1	1	5.49964	
4.74868	4	17	4.49989	4	6	4.4999	4	6	0	0	0	0.0900252	0.0889933	0.09087	0.0900258	0.0889967	0.09087	0.0900252	0.0889933	0.09087	0.0900258	0.0889967	0.09087	1	1	5.49989	
4.77305	4	18	4.50008	4	6	4.50009	4	6	0	0	0	0.09501	0.0940767	0.0960067	0.0950106	0.0940833	0.0960067	0.09501	0.0940767	0.0960067	0.0950106	0.0940833	0.0960067	1	1	5.50008	
4.79951	4	18	4.5002	4	6	4.50021	4	6	0	0	0	0.100001	0.0991267	0.101043	0.100002	0.0991333	0.10105	0.100001	0.0991267	0.101043	0.100002	0.0991333	0.10105	1	1	5.5002	
4.82822	4	19	4.4998	4	6	4.49981	4	6	0	0	0	0.105056	0.104223	0.10609	0.105057	0.10423	0.106097	0.105056	0.104223	0.10609	0.105057	0.10423	0.106097	1	1	5.4998	
4.85904	4	19	4.50002	4	6	4.50003	4	6	0	0	0	0.110075	0.109163	0.111127	0.110076	0.10917	0.111133	0.110075	0.109163	0.111127	0.110076	0.10917	0.111133	1	1	5.50002	
4.89269	4	20	4.49972	4	6	4.49973	4	6	0	0	0	0.115058	0.11411	0.115987	0.115058	0.114117	0.115987	0.115058	0.11411	0.115987	0.115058	0.114117	0.115987	1	1	5.49972	
4.93099	4	24	4.49981	4	6	4.49982	4	6	0	0	0	0.120091	0.11904	0.120967	0.120091	0.119047	0.120973	0.120091	0.11904	0.120967	0.120091	0.119047	0.120973	1	1	5.49981	
4.97106	4	24	4.49973	4	6	4.49973	4	6	0	0	0	0.125086	0.124113	0.12595	0.125086	0.12412	0.12595	0.125086	0.124113	0.12595	0.125086	0.12412	0.12595	1	1	5.49973	
5.01339	4	26	4.49971	4	6	4.49973	4	6	0	0	0	0.130036	0.129193	0.130967	0.130036	0.129197	0.130973	0.130036	0.129193	0.130967	0.130036	0.129197	0.130973	1	1	5.49971	
5.06168	4	31	4.49963	4	6	4.49963	4	6	0	0	0	0.135046	0.134153	0.13592	0.135046	0.13416	0.135927	0.135046	0.134153	0.13592	0.135046	0.13416	0.135927	1	1	5.49963	
5.11398	4	31	4.49921	4	6	4.49921	4	6	0	0	0	0.140089	0.13911	0.141013	0.140088	0.139117	0.141013	0.140089	0.13911	0.141013	0.140088	0.139117	0.141013	1	1	5.49921	
5.17232	4	29	4.49942	4	6	4.49942	4	6	0	0	0	0.1451	0.144033	0.146127	0.1451	0.14404	0.146127	0.1451	0.144033	0.146127	0.1451	0.14404	0.146127	1	1	5.49942	
5.23623	4	30	4.49941	4	6	4.49941	4	6	0	0	0	0.150073	0.149	0.151137	0.150072	0.149007	0.151133	0.150073	0.149	0.151137	0.150072	0.149007	0.151133	1	1	5.49941	
5.30989	4	33	4.49898	4	6	4.49898	4	6	0	0	0	0.155095	0.153887	0.156357	0.155095	0.15388	0.156353	0.155095	0.153887	0.156357	0.155095	0.15388	0.156353	1	1	5.49898	
5.39044	4	33	4.49917	4	6	4.49917	4	6	0	0	0	0.160132	0.15898	0.161417	0.160131	0.158973	0.161413	0.160132	0.15898	0.161417	0.160131	0.158973	0.161413	1	1	5.49917	
5.48495	4	38	4.49929	4	6	4.49929	4	6	0	0	0	0.165184	0.164157	0.166407	0.165183	0.16415	0.166403	0.165184	0.164157	0.166407	0.165183	0.16415	0.166403	1	1	5.49929	
5.58666	4	40	4.49929	4	6	4.49929	4	6	0	0	0	0.17018	0.169217	0.171373	0.170179	0.16921	0.17137	0.17018	0.169217	0.171373	0.170179	0.16921	0.17137	1	1	5.49929	
5.70739	4	42	4.49901	4	6	4.49901	4	6	0	0	0	0.175217	0.174063	0.17638	0.175216	0.174057	0.176377	0.175217	0.174063	0.17638	0.175216	0.174057	0.176377	1	1	5.49901	
5.85476	4	48	4.4987	4	6	4.49871	4	6	0	0	0	0.180281	0.178947	0.181643	0.18028	0.17894	0.18164	0.180281	0.178947	0.181643	0.18028	0.17894	0.18164	1	1	5.4987	
6.00997	4	50	4.49872	4	6	4.49872	4	6	0	0	0	0.185281	0.183897	0.18673	0.18528	0.18389	0.186727	0.185281	0.183897	0.18673	0.18528	0.18389	0.186727	1	1	5.49872	
6.19446	4	58	4.49887	4	6	4.49888	4	6	0	0	0	0.190259	0.188923	0.191553	0.190257	0.188917	0.19155	0.190259	0.188923	0.191553	0.190257	0.188917	0.19155	1	1	5.49887	
6.4176	4	72	4.4988	4	6	4.49881	4	6	0	0	0	0.195212	0.193857	0.196627	0.195211	0.193857	0.196623	0.195212	0.193857	0.196627	0.195211	0.193857	0.196623	1	1	5.4988	
6.70837	4	94	4.49857	4	6	4.49858	4	6	0	0	0	0.200214	0.198957	0.201677	0.200213	0.19896	0.201673	0.200214	0.198957	0.201677	0.200213	0.19896	0.201673	1	1	5.49857	
7.05319	4	98	4.49894	4	6	4.49895	4	6	0	0	0	0.205177	0.203887	0.206603	0.205176	0.203883	0.206597	0.205177	0.203887	0.206603	0.205176	0.203883	0.206597	1	1	5.49894	
7.46734	4	97	4.49924	4	6	4.49925	4	6	0	0	0	0.210146	0.208837	0.211633	0.210144	0.208837	0.21163	0.210146	0.208837	0.211633	0.210144	0.208837	0.21163	1	1	5.49924	
8.0304	4	116	4.49917	4	6	4.49919	4	6	0	0	0	0.215114	0.21374	0.216803	0.215112	0.21374	0.216797	0.215114	0.21374	0.216803	0.215112	0.21374	0.216797	1	1	5.49917	
8.81991	4	128	4.49942	4	6	4.49943	4	6	0	0	0	0.220136	0.218777	0.221903	0.220135	0.218777	0.22189	0.220136	0.218777	0.221903	0.220135	0.218777	0.22189	1	1	5.49942	
9.94594	4	140	4.49958	4	6	4.49959	4	6	0	0	0	0.225164	0.223753	0.22687	0.225162	0.223753	0.226863	0.225164	0.223753	0.22687	0.225162	0.223753	0.226863	1	1	5.49958	
11.8169	4	180	4.49984	4	6	4.49984	4	6	0	0	0	0.230132	0.228897	0.231807	0.230129	0.228897	0.2318	0.230132	0.228897	0.231807	0.230129	0.228897	0.2318	1	1	5.49984	
15.0972	4	353	4.49989	4	6	4.49988	4	6	0	0	0	0.235071	0.23388	0.236817	0.235071	0.2339	0.23682	0.235071	0.23388	0.236817	0.235071	0.2339	0.23682	1	1	5.49989	
22.4244	4	410	4.50005	4	6	4.50003	4	6	0	0	0	0.24003	0.238713	0.241923	0.240031	0.23873	0.241927	0.24003	0.238713	0.241923	0.240031	0.23873	0.241927	1	1	5.50005	
65.4393	4	933	4.50006	4	6	4.5	4	6	0	0	0	0.244897	0.243863	0.246181	0.244909	0.24387	0.246173	0.244897	0.243863	0.246181	0.244909	0.24387	0.246173	1	1	5.50006	
3841.9	4	24922	4.49999	4	6	4.49876	4	6	0	0	0	0.249857	0.248866	0.25111	0.248485	0.244199	0.251074	0.249857	0.248866	0.25111	0.248485	0.244199	0.251074	1	1	5.49999	
