3.81609	1	8	3.81609	1	8	3.81609	1	8	0	0	0	0.00503313	0.00484667	0.00526333	0.00503292	0	0.02034	0.00503313	0.00484667	0.00526333	0.00503292	0	0.02034	1	1	4.81589	
3.80849	1	12	3.80847	1	12	3.80847	1	12	0	0	0	0.0100071	0.00978667	0.01026	0.0100069	0	0.0406567	0.0100071	0.00978667	0.01026	0.0100069	0	0.0406567	1	1	4.80772	
3.81837	1	13	3.81832	1	13	3.81832	1	13	0	0	0	0.0149985	0.01468	0.0154533	0.0149981	0	0.0602167	0.0149985	0.01468	0.0154533	0.0149981	0	0.0602167	1	1	4.81707	
3.82335	1	13	3.82323	1	13	3.82323	1	13	0	0	0	0.019986	0.0196467	0.0205267	0.0199858	0	0.0805067	0.019986	0.0196467	0.0205267	0.0199858	0	0.0805067	1	1	4.8215	
3.82953	1	13	3.82938	1	13	3.82939	1	13	0	0	0	0.0249837	0.0245867	0.0255	0.0249837	0	0.1007	0.0249837	0.0245867	0.0255	0.0249837	0	0.1007	1	1	4.8275	
3.82136	1	12	3.82122	1	12	3.82117	1	12	0	0	0	0.0300242	0.0296033	0.03046	0.030024	0	0.12085	0.0300242	0.0296033	0.03046	0.030024	0	0.12085	1	1	4.81885	
3.83017	1	13	3.82993	1	13	3.82989	1	13	0	0	0	0.0350258	0.0346	0.0353167	0.0350252	0	0.14059	0.0350258	0.0346	0.0353167	0.0350252	0	0.14059	1	1	4.82712	
3.83181	1	14	3.83153	1	14	3.83153	1	14	0	0	0	0.0400277	0.0394067	0.04053	0.0400273	0	0.160503	0.0400277	0.0394067	0.04053	0.0400273	0	0.160503	1	1	4.82828	
3.83729	1	14	3.83689	1	14	3.83687	1	14	0	0	0	0.0450169	0.04435	0.0456767	0.0450167	0	0.18061	0.0450169	0.04435	0.0456767	0.0450167	0	0.18061	1	1	4.83318	
3.84768	1	14	3.84717	1	14	3.84717	1	14	0	0	0	0.0499998	0.0493933	0.0506733	0.0499994	0	0.201593	0.0499998	0.0493933	0.0506733	0.0499994	0	0.201593	1	1	4.84306	
3.85306	1	14	3.85245	1	14	3.85245	1	14	0	0	0	0.0550015	0.0543467	0.0556	0.055001	0	0.22187	0.0550015	0.0543467	0.0556	0.055001	0	0.22187	1	1	4.84767	
3.85838	1	15	3.85771	1	15	3.85773	1	15	0	0	0	0.0599671	0.05932	0.0604033	0.0599673	0	0.241723	0.0599671	0.05932	0.0604033	0.0599673	0	0.241723	1	1	4.85256	
3.86495	1	14	3.86409	1	14	3.86411	1	14	0	0	0	0.0650215	0.0643533	0.06553	0.065021	0	0.262287	0.0650215	0.0643533	0.06553	0.065021	0	0.262287	1	1	4.85864	
3.87217	1	18	3.87123	1	18	3.87128	1	18	0	0	0	0.0699788	0.0690033	0.07044	0.0699783	0	0.28182	0.0699788	0.0690033	0.07044	0.0699783	0	0.28182	1	1	4.86519	
3.88226	1	14	3.8812	1	14	3.8812	1	14	0	0	0	0.0749758	0.07389	0.0755633	0.0749756	0	0.302113	0.0749758	0.07389	0.0755633	0.0749756	0	0.302113	1	1	4.8746	
3.89183	1	21	3.89051	1	21	3.89055	1	21	0	0	0	0.0799906	0.0788467	0.0806333	0.0799904	0	0.321807	0.0799906	0.0788467	0.0806333	0.0799904	0	0.321807	1	1	4.88373	
3.90114	1	18	3.89955	1	18	3.89955	1	18	0	0	0	0.0850135	0.0838667	0.08573	0.0850135	0	0.341753	0.0850135	0.0838667	0.08573	0.0850135	0	0.341753	1	1	4.89212	
3.90352	1	15	3.90188	1	15	3.90186	1	15	0	0	0	0.0900252	0.0889933	0.09087	0.090025	0	0.36183	0.0900252	0.0889933	0.09087	0.090025	0	0.36183	1	1	4.89433	
3.91782	1	18	3.91601	1	18	3.91602	1	18	0	0	0	0.09501	0.0940767	0.0960067	0.0950104	0	0.38137	0.09501	0.0940767	0.0960067	0.0950104	0	0.38137	1	1	4.90745	
3.92823	1	19	3.92624	1	19	3.92624	1	19	0	0	0	0.100001	0.0991267	0.101043	0.100001	0	0.40157	0.100001	0.0991267	0.101043	0.100001	0	0.40157	1	1	4.91729	
3.94156	1	19	3.93918	1	19	3.93918	1	19	0	0	0	0.105056	0.104223	0.10609	0.105056	0	0.421723	0.105056	0.104223	0.10609	0.105056	0	0.421723	1	1	4.92971	
3.95343	1	19	3.95086	1	19	3.95086	1	19	0	0	0	0.110075	0.109163	0.111127	0.110075	0	0.4419	0.110075	0.109163	0.111127	0.110075	0	0.4419	1	1	4.94116	
3.96349	1	19	3.96074	1	19	3.96075	1	19	0	0	0	0.115058	0.11411	0.115987	0.115058	0	0.462143	0.115058	0.11411	0.115987	0.115058	0	0.462143	1	1	4.95047	
3.98078	1	20	3.97749	1	20	3.97747	1	20	0	0	0	0.120091	0.11904	0.120967	0.120091	0	0.482547	0.120091	0.11904	0.120967	0.120091	0	0.482547	1	1	4.96684	
4.00219	1	19	3.99868	1	19	3.99869	1	19	0	0	0	0.125086	0.124113	0.12595	0.125086	0	0.502093	0.125086	0.124113	0.12595	0.125086	0	0.502093	1	1	4.98751	
4.01284	1	19	4.00898	1	19	4.00898	1	19	0	0	0	0.130036	0.129193	0.130967	0.130036	0	0.521277	0.130036	0.129193	0.130967	0.130036	0	0.521277	1	1	4.9968	
4.02273	1	20	4.01858	1	20	4.01858	1	20	0	0	0	0.135046	0.134153	0.13592	0.135046	0	0.541637	0.135046	0.134153	0.13592	0.135046	0	0.541637	1	1	5.00608	
4.03997	1	20	4.03558	1	20	4.03559	1	20	0	0	0	0.140089	0.13911	0.141013	0.140089	0	0.562097	0.140089	0.13911	0.141013	0.140089	0	0.562097	1	1	5.02251	
4.06204	1	20	4.05695	1	20	4.05697	1	20	0	0	0	0.1451	0.144033	0.146127	0.1451	0	0.58218	0.1451	0.144033	0.146127	0.1451	0	0.58218	1	1	5.04342	
4.0761	1	21	4.07062	1	21	4.07062	1	21	0	0	0	0.150073	0.149	0.151137	0.150072	0	0.60193	0.150073	0.149	0.151137	0.150072	0	0.60193	1	1	5.05679	
4.08959	1	21	4.08366	1	21	4.08368	1	21	0	0	0	0.155095	0.153887	0.156357	0.155094	0	0.62258	0.155095	0.153887	0.156357	0.155094	0	0.62258	1	1	5.06899	
4.11141	1	20	4.10491	1	20	4.10492	1	20	0	0	0	0.160132	0.15898	0.161417	0.160131	0	0.643027	0.160132	0.15898	0.161417	0.160131	0	0.643027	1	1	5.08976	
4.12979	1	21	4.12303	1	21	4.12304	1	21	0	0	0	0.165184	0.164157	0.166407	0.165183	0	0.66371	0.165184	0.164157	0.166407	0.165183	0	0.66371	1	1	5.10705	
4.1565	1	21	4.14906	1	21	4.14907	1	21	0	0	0	0.17018	0.169217	0.171373	0.17018	0	0.684067	0.17018	0.169217	0.171373	0.17018	0	0.684067	1	1	5.13266	
4.17378	1	21	4.16574	1	21	4.16574	1	21	0	0	0	0.175217	0.174063	0.17638	0.175216	0	0.704047	0.175217	0.174063	0.17638	0.175216	0	0.704047	1	1	5.14837	
4.19833	1	21	4.18963	1	21	4.18961	1	21	0	0	0	0.180281	0.178947	0.181643	0.18028	0	0.724467	0.180281	0.178947	0.181643	0.18028	0	0.724467	1	1	5.17185	
4.22158	1	21	4.21222	1	21	4.21222	1	21	0	0	0	0.185281	0.183897	0.18673	0.185281	0	0.74426	0.185281	0.183897	0.18673	0.185281	0	0.74426	1	1	5.19412	
4.23693	1	21	4.22687	1	21	4.22687	1	21	0	0	0	0.190259	0.188923	0.191553	0.190258	0	0.7641	0.190259	0.188923	0.191553	0.190258	0	0.7641	1	1	5.20801	
4.26399	1	27	4.2534	1	27	4.25339	1	27	0	0	0	0.195212	0.193857	0.196627	0.195213	0	0.784883	0.195212	0.193857	0.196627	0.195213	0	0.784883	1	1	5.23361	
4.29231	1	27	4.28079	1	27	4.28081	1	27	0	0	0	0.200214	0.198957	0.201677	0.200214	0	0.804163	0.200214	0.198957	0.201677	0.200214	0	0.804163	1	1	5.26029	
4.32067	1	23	4.30829	1	23	4.30831	1	23	0	0	0	0.205177	0.203887	0.206603	0.205177	0	0.824543	0.205177	0.203887	0.206603	0.205177	0	0.824543	1	1	5.28754	
4.34484	1	22	4.33145	1	22	4.33145	1	22	0	0	0	0.210146	0.208837	0.211633	0.210145	0	0.844993	0.210146	0.208837	0.211633	0.210145	0	0.844993	1	1	5.30993	
4.37885	1	23	4.36435	1	23	4.36437	1	23	0	0	0	0.215114	0.21374	0.216803	0.215114	0	0.86461	0.215114	0.21374	0.216803	0.215114	0	0.86461	1	1	5.34226	
4.40599	1	26	4.39048	1	26	4.39047	1	26	0	0	0	0.220136	0.218777	0.221903	0.220135	0	0.884867	0.220136	0.218777	0.221903	0.220135	0	0.884867	1	1	5.36817	
4.44078	1	25	4.42446	1	25	4.42444	1	25	0	0	0	0.225164	0.223753	0.22687	0.225165	0	0.90485	0.225164	0.223753	0.22687	0.225165	0	0.90485	1	1	5.40101	
4.46799	1	25	4.45044	1	25	4.4504	1	25	0	0	0	0.230132	0.228897	0.231807	0.230129	0	0.924727	0.230132	0.228897	0.231807	0.230129	0	0.924727	1	1	5.42613	
4.50652	1	27	4.48721	1	27	4.48716	1	27	0	0	0	0.235071	0.23388	0.236817	0.235075	0	0.944307	0.235071	0.23388	0.236817	0.235075	0	0.944307	1	1	5.46225	
4.53721	1	25	4.5169	1	25	4.51689	1	25	0	0	0	0.24003	0.238713	0.241923	0.240034	0	0.96353	0.24003	0.238713	0.241923	0.240034	0	0.96353	1	1	5.49109	
4.57459	1	26	4.55284	1	26	4.55291	1	26	0	0	0	0.24505	0.243763	0.246913	0.245058	0	0.98406	0.24505	0.243763	0.246913	0.245058	0	0.98406	1	1	5.5265	
4.61276	1	27	4.58941	1	27	4.58929	1	27	0	0	0	0.249962	0.248783	0.251893	0.249709	0	1	0.249962	0.248783	0.251893	0.249709	0	1	1	1	5.56215	
4.65047	1	26	4.62553	1	26	4.62634	1	26	0	0	0	0.254964	0.253697	0.25695	0.25	0	1	0.254964	0.253697	0.25695	0.25	0	1	1	1	5.5975	
4.69101	1	27	4.66442	1	26	4.66504	1	27	0	0	0	0.259973	0.258533	0.26183	0.25	0	1	0.259973	0.258533	0.26183	0.25	0	1	1	1	5.63543	
4.73525	1	28	4.70649	1	28	4.70703	1	28	0	0	0	0.265002	0.263803	0.266847	0.25	0	1	0.265002	0.263803	0.266847	0.25	0	1	1	1	5.67648	
4.78114	1	26	4.75032	1	26	4.74967	1	27	0	0	0	0.270024	0.268843	0.271843	0.25	0	1	0.270024	0.268843	0.271843	0.25	0	1	1	1	5.72003	
4.82705	1	28	4.79424	1	28	4.79289	1	28	0	0	0	0.275018	0.273793	0.276993	0.25	0	1	0.275018	0.273793	0.276993	0.25	0	1	1	1	5.76243	
4.86469	1	27	4.8295	1	27	4.83056	1	27	0	0	0	0.28004	0.27887	0.282073	0.25	0	1	0.28004	0.27887	0.282073	0.25	0	1	1	1	5.79722	
4.91832	1	28	4.88058	1	28	4.87883	1	28	0	0	0	0.285015	0.283613	0.287233	0.25	0	1	0.285015	0.283613	0.287233	0.25	0	1	1	1	5.84741	
4.97076	1	28	4.9302	1	28	4.92842	1	29	0	0	0	0.290035	0.288733	0.29204	0.25	0	1	0.290035	0.288733	0.29204	0.25	0	1	1	1	5.89632	
5.02746	1	28	4.98382	1	28	4.98088	1	28	0	0	0	0.295025	0.29379	0.29713	0.25	0	1	0.295025	0.29379	0.29713	0.25	0	1	1	1	5.9491	
5.08589	1	28	5.03916	1	27	5.03651	1	28	0	0	0	0.300039	0.298713	0.302297	0.25	0	1	0.300039	0.298713	0.302297	0.25	0	1	1	1	6.00237	
5.14844	1	28	5.0981	1	28	5.09574	1	28	0	0	0	0.305055	0.303653	0.30702	0.25	0	1	0.305055	0.303653	0.30702	0.25	0	1	1	1	6.06058	
5.1984	1	30	5.14496	1	30	5.14499	1	30	0	0	0	0.310057	0.30852	0.311997	0.25	0	1	0.310057	0.30852	0.311997	0.25	0	1	1	1	6.10637	
5.26484	1	31	5.2059	1	31	5.20668	1	31	0	0	0	0.315019	0.31352	0.316983	0.25	0	1	0.315019	0.31352	0.316983	0.25	0	1	1	1	6.16656	
5.32899	1	29	5.26591	1	29	5.26733	1	29	0	0	0	0.319978	0.318463	0.32199	0.25	0	1	0.319978	0.318463	0.32199	0.25	0	1	1	1	6.22555	
5.40402	1	30	5.33631	1	30	5.3367	1	30	0	0	0	0.324963	0.323313	0.327123	0.25	0	1	0.324963	0.323313	0.327123	0.25	0	1	1	1	6.29501	
5.4726	1	31	5.39906	1	31	5.40249	1	31	0	0	0	0.329995	0.328247	0.33219	0.25	0	1	0.329995	0.328247	0.33219	0.25	0	1	1	1	6.35664	
5.55455	1	31	5.47464	1	31	5.47508	1	36	0	0	0	0.33498	0.33312	0.3371	0.25	0	1	0.33498	0.33312	0.3371	0.25	0	1	1	1	6.43028	
5.63708	1	31	5.55167	1	31	5.5485	1	31	0	0	0	0.339973	0.33812	0.342147	0.25	0	1	0.339973	0.33812	0.342147	0.25	0	1	1	1	6.50637	
5.71455	1	32	5.62105	1	31	5.62656	1	34	0	0	0	0.344971	0.343307	0.34728	0.25	0	1	0.344971	0.343307	0.34728	0.25	0	1	1	1	6.57417	
5.81147	1	31	5.70946	1	31	5.70628	1	33	0	0	0	0.350014	0.348253	0.352393	0.25	0	1	0.350014	0.348253	0.352393	0.25	0	1	1	1	6.66142	
5.90112	1	31	5.79004	1	31	5.79197	1	31	0	0	0	0.354954	0.353173	0.35734	0.25	0	1	0.354954	0.353173	0.35734	0.25	0	1	1	1	6.74005	
6.0047	1	33	5.88325	1	33	5.88338	1	35	0	0	0	0.35996	0.358467	0.362383	0.25	0	1	0.35996	0.358467	0.362383	0.25	0	1	1	1	6.83177	
6.11141	1	35	5.97835	1	35	5.9763	1	35	0	0	0	0.364936	0.363493	0.36731	0.25	0	1	0.364936	0.363493	0.36731	0.25	0	1	1	1	6.92477	
6.22705	1	35	6.07968	1	34	6.07579	1	35	0	0	0	0.369959	0.36853	0.372257	0.25	0	1	0.369959	0.36853	0.372257	0.25	0	1	1	1	7.02444	
6.32623	1	34	6.16625	1	34	6.16945	1	34	0	0	0	0.374922	0.373217	0.377313	0.25	0	1	0.374922	0.373217	0.377313	0.25	0	1	1	1	7.10968	
6.47779	1	45	6.29846	1	34	6.28826	1	35	0	0	0	0.379929	0.378367	0.382327	0.25	0	1	0.379929	0.378367	0.382327	0.25	0	1	1	1	7.24042	
6.60616	1	34	6.40555	1	34	6.40561	1	36	0	0	0	0.384977	0.38334	0.387293	0.25	0	1	0.384977	0.38334	0.387293	0.25	0	1	1	1	7.34353	
6.75278	1	38	6.52807	1	36	6.53197	1	36	0	0	0	0.389953	0.388323	0.392323	0.25	0	1	0.389953	0.388323	0.392323	0.25	0	1	1	1	7.46426	
6.92621	1	36	6.67167	1	36	6.66213	1	37	0	0	0	0.39501	0.39345	0.39733	0.25	0	1	0.39501	0.39345	0.39733	0.25	0	1	1	1	7.60536	
7.10059	1	41	6.80743	1	36	6.80046	1	38	0	0	0	0.400027	0.398437	0.40228	0.25	0	1	0.400027	0.398437	0.40228	0.25	0	1	1	1	7.73829	
7.30688	1	78	6.97124	1	36	6.96128	1	36	0	0	0	0.405089	0.4035	0.407143	0.25	0	1	0.405089	0.4035	0.407143	0.25	0	1	1	1	7.89803	
7.51585	1	51	7.1211	1	37	7.11539	1	37	0	0	0	0.410107	0.408143	0.412367	0.25	0	1	0.410107	0.408143	0.412367	0.25	0	1	1	1	8.04487	
7.77424	1	68	7.3037	1	38	7.29325	1	38	0	0	0	0.415085	0.41318	0.417193	0.25	0	1	0.415085	0.41318	0.417193	0.25	0	1	1	1	8.22292	
8.06783	1	83	7.48996	1	42	7.47646	1	42	0	0	0	0.420099	0.418263	0.422237	0.25	0	1	0.420099	0.418263	0.422237	0.25	0	1	1	1	8.40346	
8.3929	1	105	7.68201	1	39	7.67246	1	40	0	0	0	0.425086	0.423197	0.427313	0.25	0	1	0.425086	0.423197	0.427313	0.25	0	1	1	1	8.59043	
8.84726	1	122	7.91558	1	38	7.89364	1	43	0	0	0	0.4301	0.428197	0.43227	0.25	0	1	0.4301	0.428197	0.43227	0.25	0	1	1	1	8.81622	
9.40016	1	110	8.15817	1	40	8.13436	1	41	0	0	0	0.435068	0.433283	0.437193	0.25	0	1	0.435068	0.433283	0.437193	0.25	0	1	1	1	9.05175	
10.2664	1	209	8.42352	1	42	8.40076	1	47	0	0	0	0.440064	0.438063	0.442123	0.25	0	1	0.440064	0.438063	0.442123	0.25	0	1	1	1	9.30595	
11.832	1	239	8.71888	1	47	8.68841	1	47	0	0	0	0.445103	0.443103	0.44721	0.25	0	1	0.445103	0.443103	0.44721	0.25	0	1	1	1	9.58781	
16.4565	1	587	9.02812	1	48	9.02341	1	52	0	0	0	0.45006	0.44807	0.452117	0.25	0	1	0.45006	0.44807	0.452117	0.25	0	1	1	1	9.87889	
944.622	1	19967	9.3332	1	53	9.32743	1	54	0	0	0	0.45518	0.453163	0.45733	0.25	0	1	0.45518	0.453163	0.45733	0.25	0	1	1	1	10.1609	
