3.83373	1	8	3.83373	1	8	3.83374	1	8	0	0	0	0.00503313	0.00484667	0.00526333	0.00503292	0.00481667	0.00526667	0.00503313	0.00484667	0.00526333	0.00503292	0.00481667	0.00526667	1	1	4.83348	
3.86145	1	8	3.86145	1	8	3.86145	1	8	0	0	0	0.0100071	0.00978667	0.01026	0.0100067	0.00960333	0.0104967	0.0100071	0.00978667	0.01026	0.0100067	0.00960333	0.0104967	1	1	4.86116	
3.85729	1	10	3.85729	1	10	3.85729	1	10	0	0	0	0.0149985	0.01468	0.0154533	0.0149983	0.01448	0.01552	0.0149985	0.01468	0.0154533	0.0149983	0.01448	0.01552	1	1	4.85694	
3.84591	1	11	3.84591	1	11	3.84586	1	11	0	0	0	0.019986	0.0196467	0.0205267	0.0199856	0.0193067	0.0203133	0.019986	0.0196467	0.0205267	0.0199856	0.0193067	0.0203133	1	1	4.84539	
3.85444	1	12	3.85444	1	12	3.85446	1	12	0	0	0	0.0249837	0.0245867	0.0255	0.0249837	0.0241167	0.0254433	0.0249837	0.0245867	0.0255	0.0249837	0.0241167	0.0254433	1	1	4.85358	
3.85357	1	12	3.85357	1	12	3.85356	1	12	0	0	0	0.0300242	0.0296033	0.03046	0.0300242	0.0294967	0.03056	0.0300242	0.0296033	0.03046	0.0300242	0.0294967	0.03056	1	1	4.85262	
3.85559	1	14	3.85559	1	14	3.85558	1	14	0	0	0	0.0350258	0.0346	0.0353167	0.0350256	0.0346267	0.0356467	0.0350258	0.0346	0.0353167	0.0350256	0.0346267	0.0356467	1	1	4.85446	
3.85359	1	13	3.85359	1	13	3.85356	1	13	0	0	0	0.0400277	0.0394067	0.04053	0.0400277	0.0393333	0.04104	0.0400277	0.0394067	0.04053	0.0400277	0.0393333	0.04104	1	1	4.85234	
3.85302	1	14	3.85302	1	14	3.85301	1	14	0	0	0	0.0450169	0.04435	0.0456767	0.0450167	0.0444833	0.0458567	0.0450169	0.04435	0.0456767	0.0450167	0.0444833	0.0458567	1	1	4.85151	
3.84908	1	12	3.84908	1	12	3.8491	1	12	0	0	0	0.0499998	0.0493933	0.0506733	0.0499998	0.0492567	0.0507167	0.0499998	0.0493933	0.0506733	0.0499998	0.0492567	0.0507167	1	1	4.84728	
3.85425	1	14	3.85425	1	14	3.85422	1	14	0	0	0	0.0550015	0.0543467	0.0556	0.0550015	0.05409	0.0555567	0.0550015	0.0543467	0.0556	0.0550015	0.05409	0.0555567	1	1	4.85225	
3.85249	1	14	3.85249	1	14	3.8525	1	14	0	0	0	0.0599671	0.05932	0.0604033	0.0599669	0.0592067	0.0610933	0.0599671	0.05932	0.0604033	0.0599669	0.0592067	0.0610933	1	1	4.85036	
3.85026	1	13	3.85026	1	13	3.85026	1	13	0	0	0	0.0650215	0.0643533	0.06553	0.0650213	0.06419	0.06562	0.0650215	0.0643533	0.06553	0.0650213	0.06419	0.06562	1	1	4.84802	
3.8605	1	14	3.8605	1	14	3.86051	1	14	0	0	0	0.0699788	0.0690033	0.07044	0.0699792	0.06891	0.0704967	0.0699788	0.0690033	0.07044	0.0699792	0.06891	0.0704967	1	1	4.85807	
3.85664	1	17	3.85664	1	17	3.85665	1	17	0	0	0	0.0749758	0.07389	0.0755633	0.0749762	0.0736267	0.0760467	0.0749758	0.07389	0.0755633	0.0749762	0.0736267	0.0760467	1	1	4.85405	
3.85616	1	13	3.85616	1	13	3.85621	1	13	0	0	0	0.0799906	0.0788467	0.0806333	0.0799906	0.0792933	0.08064	0.0799906	0.0788467	0.0806333	0.0799906	0.0792933	0.08064	1	1	4.85328	
3.86073	1	14	3.86073	1	14	3.86072	1	14	0	0	0	0.0850135	0.0838667	0.08573	0.0850129	0.08429	0.0859767	0.0850135	0.0838667	0.08573	0.0850129	0.08429	0.0859767	1	1	4.85774	
3.8596	1	14	3.8596	1	14	3.85964	1	14	0	0	0	0.0900252	0.0889933	0.09087	0.0900258	0.08898	0.09103	0.0900252	0.0889933	0.09087	0.0900258	0.08898	0.09103	1	1	4.85649	
3.86214	1	13	3.86214	1	13	3.86214	1	13	0	0	0	0.09501	0.0940767	0.0960067	0.0950102	0.0940833	0.09647	0.09501	0.0940767	0.0960067	0.0950102	0.0940833	0.09647	1	1	4.85887	
3.86047	1	14	3.86047	1	14	3.86047	1	14	0	0	0	0.100001	0.0991267	0.101043	0.100001	0.0991467	0.10103	0.100001	0.0991267	0.101043	0.100001	0.0991467	0.10103	1	1	4.85691	
3.86488	1	14	3.86488	1	14	3.86486	1	14	0	0	0	0.105056	0.104223	0.10609	0.105056	0.10405	0.106157	0.105056	0.104223	0.10609	0.105056	0.10405	0.106157	1	1	4.86102	
3.86366	1	14	3.86366	1	14	3.86367	1	14	0	0	0	0.110075	0.109163	0.111127	0.110075	0.109097	0.111327	0.110075	0.109163	0.111127	0.110075	0.109097	0.111327	1	1	4.85961	
3.86504	1	14	3.86504	1	14	3.86503	1	14	0	0	0	0.115058	0.11411	0.115987	0.115057	0.114217	0.115987	0.115058	0.11411	0.115987	0.115057	0.114217	0.115987	1	1	4.86095	
3.86554	1	14	3.86554	1	14	3.86554	1	14	0	0	0	0.120091	0.11904	0.120967	0.12009	0.119027	0.12166	0.120091	0.11904	0.120967	0.12009	0.119027	0.12166	1	1	4.86122	
3.86874	1	18	3.86874	1	18	3.86876	1	18	0	0	0	0.125086	0.124113	0.12595	0.125087	0.123753	0.125877	0.125086	0.124113	0.12595	0.125087	0.123753	0.125877	1	1	4.86448	
3.86423	1	14	3.86423	1	14	3.86421	1	14	0	0	0	0.130036	0.129193	0.130967	0.130036	0.128957	0.130883	0.130036	0.129193	0.130967	0.130036	0.128957	0.130883	1	1	4.85964	
3.8682	1	14	3.8682	1	14	3.8682	1	14	0	0	0	0.135046	0.134153	0.13592	0.135047	0.133903	0.136983	0.135046	0.134153	0.13592	0.135047	0.133903	0.136983	1	1	4.86342	
3.87156	1	15	3.87156	1	15	3.87156	1	15	0	0	0	0.140089	0.13911	0.141013	0.140089	0.13936	0.141583	0.140089	0.13911	0.141013	0.140089	0.13936	0.141583	1	1	4.86633	
3.87216	1	14	3.87216	1	14	3.87216	1	14	0	0	0	0.1451	0.144033	0.146127	0.1451	0.143643	0.14589	0.1451	0.144033	0.146127	0.1451	0.143643	0.14589	1	1	4.86682	
3.87465	1	20	3.87465	1	20	3.87465	1	20	0	0	0	0.150073	0.149	0.151137	0.150072	0.148423	0.15175	0.150073	0.149	0.151137	0.150072	0.148423	0.15175	1	1	4.86905	
3.87231	1	14	3.87231	1	14	3.87234	1	14	0	0	0	0.155095	0.153887	0.156357	0.155095	0.153783	0.15681	0.155095	0.153887	0.156357	0.155095	0.153783	0.15681	1	1	4.8667	
3.87534	1	14	3.87534	1	14	3.87536	1	14	0	0	0	0.160132	0.15898	0.161417	0.160131	0.15905	0.161683	0.160132	0.15898	0.161417	0.160131	0.15905	0.161683	1	1	4.86953	
3.87587	1	14	3.87587	1	14	3.87587	1	14	0	0	0	0.165184	0.164157	0.166407	0.165184	0.164303	0.166217	0.165184	0.164157	0.166407	0.165184	0.164303	0.166217	1	1	4.86963	
3.87593	1	17	3.87593	1	17	3.87594	1	17	0	0	0	0.17018	0.169217	0.171373	0.170181	0.168317	0.171817	0.17018	0.169217	0.171373	0.170181	0.168317	0.171817	1	1	4.86941	
3.88256	1	14	3.88256	1	14	3.88257	1	14	0	0	0	0.175217	0.174063	0.17638	0.175217	0.174427	0.17622	0.175217	0.174063	0.17638	0.175217	0.174427	0.17622	1	1	4.87604	
3.88492	1	15	3.88492	1	15	3.88489	1	15	0	0	0	0.180281	0.178947	0.181643	0.180281	0.179117	0.18164	0.180281	0.178947	0.181643	0.180281	0.179117	0.18164	1	1	4.87799	
3.88082	1	17	3.88082	1	17	3.88081	1	17	0	0	0	0.185281	0.183897	0.18673	0.185281	0.18381	0.186337	0.185281	0.183897	0.18673	0.185281	0.18381	0.186337	1	1	4.87392	
3.88412	1	19	3.88412	1	19	3.88413	1	19	0	0	0	0.190259	0.188923	0.191553	0.190258	0.189043	0.19103	0.190259	0.188923	0.191553	0.190258	0.189043	0.19103	1	1	4.87693	
3.88763	1	19	3.88763	1	19	3.8876	1	19	0	0	0	0.195212	0.193857	0.196627	0.195211	0.19322	0.197483	0.195212	0.193857	0.196627	0.195211	0.19322	0.197483	1	1	4.8801	
3.88874	1	15	3.88874	1	15	3.88873	1	15	0	0	0	0.200214	0.198957	0.201677	0.200213	0.19873	0.201903	0.200214	0.198957	0.201677	0.200213	0.19873	0.201903	1	1	4.881	
3.8893	1	16	3.8893	1	16	3.88929	1	16	0	0	0	0.205177	0.203887	0.206603	0.205177	0.20384	0.206973	0.205177	0.203887	0.206603	0.205177	0.20384	0.206973	1	1	4.88126	
3.8915	1	19	3.8915	1	19	3.89149	1	19	0	0	0	0.210146	0.208837	0.211633	0.210147	0.209023	0.211057	0.210146	0.208837	0.211633	0.210147	0.209023	0.211057	1	1	4.88336	
3.89261	1	19	3.89261	1	19	3.89262	1	19	0	0	0	0.215114	0.21374	0.216803	0.215114	0.214143	0.216183	0.215114	0.21374	0.216803	0.215114	0.214143	0.216183	1	1	4.88418	
3.89445	1	21	3.89445	1	21	3.89445	1	21	0	0	0	0.220136	0.218777	0.221903	0.220136	0.219123	0.221987	0.220136	0.218777	0.221903	0.220136	0.219123	0.221987	1	1	4.88585	
3.89649	1	21	3.89648	1	21	3.8965	1	21	0	0	0	0.225164	0.223753	0.22687	0.225164	0.223433	0.227343	0.225164	0.223753	0.22687	0.225164	0.223433	0.227343	1	1	4.88752	
3.89747	1	21	3.89747	1	21	3.89746	1	21	0	0	0	0.230132	0.228897	0.231807	0.230131	0.228817	0.231563	0.230132	0.228897	0.231807	0.230131	0.228817	0.231563	1	1	4.8882	
3.90117	1	20	3.90117	1	20	3.90117	1	20	0	0	0	0.235071	0.23388	0.236817	0.23507	0.233673	0.23704	0.235071	0.23388	0.236817	0.23507	0.233673	0.23704	1	1	4.89193	
3.90162	1	19	3.90162	1	19	3.90162	1	19	0	0	0	0.24003	0.238713	0.241923	0.240029	0.238913	0.24107	0.24003	0.238713	0.241923	0.240029	0.238913	0.24107	1	1	4.89197	
3.90238	1	19	3.90238	1	19	3.90237	1	19	0	0	0	0.24505	0.243763	0.246913	0.245049	0.243673	0.24656	0.24505	0.243763	0.246913	0.245049	0.243673	0.24656	1	1	4.89278	
3.90539	1	18	3.90538	1	18	3.90538	1	18	0	0	0	0.249962	0.248783	0.251893	0.249963	0.248043	0.250947	0.249962	0.248783	0.251893	0.249963	0.248043	0.250947	1	1	4.89545	
3.90701	1	18	3.90701	1	18	3.90701	1	18	0	0	0	0.254964	0.253697	0.25695	0.254965	0.253467	0.256927	0.254964	0.253697	0.25695	0.254965	0.253467	0.256927	1	1	4.89659	
3.91119	1	20	3.91119	1	20	3.9112	1	20	0	0	0	0.259973	0.258533	0.26183	0.259974	0.25873	0.260993	0.259973	0.258533	0.26183	0.259974	0.25873	0.260993	1	1	4.90087	
3.91368	1	21	3.91368	1	21	3.91366	1	21	0	0	0	0.265002	0.263803	0.266847	0.265002	0.262913	0.266827	0.265002	0.263803	0.266847	0.265002	0.262913	0.266827	1	1	4.90284	
3.91216	1	21	3.91216	1	21	3.91217	1	21	0	0	0	0.270024	0.268843	0.271843	0.270024	0.2691	0.271223	0.270024	0.268843	0.271843	0.270024	0.2691	0.271223	1	1	4.90114	
3.91886	1	19	3.91885	1	19	3.91884	1	19	0	0	0	0.275018	0.273793	0.276993	0.275017	0.27352	0.27623	0.275018	0.273793	0.276993	0.275017	0.27352	0.27623	1	1	4.90744	
3.91765	1	21	3.91765	1	21	3.91764	1	21	0	0	0	0.28004	0.27887	0.282073	0.28004	0.278733	0.28176	0.28004	0.27887	0.282073	0.28004	0.278733	0.28176	1	1	4.90616	
3.92071	1	21	3.92071	1	21	3.92073	1	21	0	0	0	0.285015	0.283613	0.287233	0.285016	0.283913	0.285927	0.285015	0.283613	0.287233	0.285016	0.283913	0.285927	1	1	4.90912	
3.92443	1	20	3.92443	1	20	3.92443	1	20	0	0	0	0.290035	0.288733	0.29204	0.290035	0.288123	0.291553	0.290035	0.288733	0.29204	0.290035	0.288123	0.291553	1	1	4.91216	
3.92621	1	21	3.92621	1	21	3.92621	1	21	0	0	0	0.295025	0.29379	0.29713	0.295026	0.293867	0.296673	0.295025	0.29379	0.29713	0.295026	0.293867	0.296673	1	1	4.91374	
3.92962	1	19	3.92961	1	19	3.92963	1	19	0	0	0	0.300039	0.298713	0.302297	0.30004	0.298557	0.301417	0.300039	0.298713	0.302297	0.30004	0.298557	0.301417	1	1	4.91725	
3.9302	1	21	3.9302	1	21	3.93021	1	21	0	0	0	0.305055	0.303653	0.30702	0.305055	0.30377	0.305917	0.305055	0.303653	0.30702	0.305055	0.30377	0.305917	1	1	4.91734	
3.93496	1	20	3.93496	1	20	3.93498	1	20	0	0	0	0.310057	0.30852	0.311997	0.310056	0.307887	0.312123	0.310057	0.30852	0.311997	0.310056	0.307887	0.312123	1	1	4.92155	
3.93845	1	22	3.93845	1	22	3.93845	1	22	0	0	0	0.315019	0.31352	0.316983	0.315019	0.31378	0.317847	0.315019	0.31352	0.316983	0.315019	0.31378	0.317847	1	1	4.92486	
3.93746	1	21	3.93745	1	21	3.93746	1	21	0	0	0	0.319978	0.318463	0.32199	0.319978	0.31761	0.3221	0.319978	0.318463	0.32199	0.319978	0.31761	0.3221	1	1	4.92378	
3.94139	1	19	3.94138	1	19	3.94139	1	19	0	0	0	0.324963	0.323313	0.327123	0.324964	0.323637	0.32725	0.324963	0.323313	0.327123	0.324964	0.323637	0.32725	1	1	4.92725	
3.94464	1	21	3.94464	1	21	3.94466	1	21	0	0	0	0.329995	0.328247	0.33219	0.329996	0.328073	0.33151	0.329995	0.328247	0.33219	0.329996	0.328073	0.33151	1	1	4.93025	
3.94729	1	21	3.94729	1	21	3.94732	1	21	0	0	0	0.33498	0.33312	0.3371	0.334982	0.333383	0.336173	0.33498	0.33312	0.3371	0.334982	0.333383	0.336173	1	1	4.93301	
3.95156	1	21	3.95156	1	21	3.95155	1	21	0	0	0	0.339973	0.33812	0.342147	0.339974	0.337693	0.342373	0.339973	0.33812	0.342147	0.339974	0.337693	0.342373	1	1	4.93675	
3.9524	1	22	3.95239	1	22	3.9524	1	22	0	0	0	0.344971	0.343307	0.34728	0.344971	0.343137	0.34681	0.344971	0.343307	0.34728	0.344971	0.343137	0.34681	1	1	4.93733	
3.95459	1	20	3.95459	1	20	3.95458	1	20	0	0	0	0.350014	0.348253	0.352393	0.350016	0.34862	0.351757	0.350014	0.348253	0.352393	0.350016	0.34862	0.351757	1	1	4.93944	
3.96037	1	20	3.96036	1	20	3.96036	1	20	0	0	0	0.354954	0.353173	0.35734	0.354955	0.353107	0.35615	0.354954	0.353173	0.35734	0.354955	0.353107	0.35615	1	1	4.94493	
3.96148	1	21	3.96148	1	21	3.96148	1	21	0	0	0	0.35996	0.358467	0.362383	0.359959	0.356687	0.361717	0.35996	0.358467	0.362383	0.359959	0.356687	0.361717	1	1	4.94563	
3.96476	1	21	3.96475	1	21	3.96475	1	21	0	0	0	0.364936	0.363493	0.36731	0.364936	0.363173	0.366883	0.364936	0.363493	0.36731	0.364936	0.363173	0.366883	1	1	4.9486	
3.96924	1	20	3.96923	1	20	3.96923	1	20	0	0	0	0.369959	0.36853	0.372257	0.369959	0.36836	0.37169	0.369959	0.36853	0.372257	0.369959	0.36836	0.37169	1	1	4.9529	
3.97315	1	22	3.97314	1	22	3.97314	1	22	0	0	0	0.374922	0.373217	0.377313	0.374923	0.37346	0.377387	0.374922	0.373217	0.377313	0.374923	0.37346	0.377387	1	1	4.95658	
3.97314	1	21	3.97314	1	21	3.97317	1	21	0	0	0	0.379929	0.378367	0.382327	0.37993	0.37784	0.382363	0.379929	0.378367	0.382327	0.37993	0.37784	0.382363	1	1	4.95604	
3.9764	1	21	3.97638	1	21	3.97639	1	21	0	0	0	0.384977	0.38334	0.387293	0.384978	0.383543	0.386957	0.384977	0.38334	0.387293	0.384978	0.383543	0.386957	1	1	4.95916	
3.98252	1	21	3.98251	1	21	3.98251	1	21	0	0	0	0.389953	0.388323	0.392323	0.389954	0.38826	0.391163	0.389953	0.388323	0.392323	0.389954	0.38826	0.391163	1	1	4.96473	
3.98336	1	21	3.98335	1	21	3.98334	1	21	0	0	0	0.39501	0.39345	0.39733	0.39501	0.393467	0.3975	0.39501	0.39345	0.39733	0.39501	0.393467	0.3975	1	1	4.96556	
3.98863	1	22	3.98863	1	22	3.98863	1	22	0	0	0	0.400027	0.398437	0.40228	0.400028	0.3988	0.401727	0.400027	0.398437	0.40228	0.400028	0.3988	0.401727	1	1	4.97047	
3.98891	1	21	3.98889	1	21	3.98892	1	21	0	0	0	0.405089	0.4035	0.407143	0.405089	0.4036	0.406537	0.405089	0.4035	0.407143	0.405089	0.4036	0.406537	1	1	4.9704	
3.99304	1	21	3.99304	1	21	3.99304	1	21	0	0	0	0.410107	0.408143	0.412367	0.410108	0.408667	0.41165	0.410107	0.408143	0.412367	0.410108	0.408667	0.41165	1	1	4.97411	
3.99839	1	22	3.99838	1	22	3.9984	1	22	0	0	0	0.415085	0.41318	0.417193	0.415084	0.413367	0.41691	0.415085	0.41318	0.417193	0.415084	0.413367	0.41691	1	1	4.97905	
4.00034	1	21	4.00032	1	21	4.00034	1	21	0	0	0	0.420099	0.418263	0.422237	0.4201	0.417973	0.421707	0.420099	0.418263	0.422237	0.4201	0.417973	0.421707	1	1	4.98096	
4.0071	1	21	4.00708	1	21	4.00709	1	21	0	0	0	0.425086	0.423197	0.427313	0.425085	0.423497	0.427107	0.425086	0.423197	0.427313	0.425085	0.423497	0.427107	1	1	4.98762	
4.01063	1	21	4.01062	1	21	4.01062	1	21	0	0	0	0.4301	0.428197	0.43227	0.4301	0.4282	0.4339	0.4301	0.428197	0.43227	0.4301	0.4282	0.4339	1	1	4.99063	
4.0107	1	21	4.01068	1	21	4.0107	1	21	0	0	0	0.435068	0.433283	0.437193	0.435067	0.43378	0.43769	0.435068	0.433283	0.437193	0.435067	0.43378	0.43769	1	1	4.99043	
4.01517	1	21	4.01515	1	21	4.01515	1	21	0	0	0	0.440064	0.438063	0.442123	0.440063	0.438267	0.442303	0.440064	0.438063	0.442123	0.440063	0.438267	0.442303	1	1	4.99438	
4.01763	1	21	4.01761	1	21	4.01763	1	21	0	0	0	0.445103	0.443103	0.44721	0.445101	0.44384	0.446627	0.445103	0.443103	0.44721	0.445101	0.44384	0.446627	1	1	4.99689	
4.02296	1	21	4.02293	1	21	4.02293	1	21	0	0	0	0.45006	0.44807	0.452117	0.450056	0.448473	0.451947	0.45006	0.44807	0.452117	0.450056	0.448473	0.451947	1	1	5.00135	
4.02758	1	23	4.02756	1	23	4.02757	1	23	0	0	0	0.45518	0.453163	0.45733	0.455177	0.453387	0.456917	0.45518	0.453163	0.45733	0.455177	0.453387	0.456917	1	1	5.00587	
4.02925	1	22	4.02922	1	22	4.02923	1	22	0	0	0	0.460153	0.458033	0.462353	0.460151	0.458327	0.46177	0.460153	0.458033	0.462353	0.460151	0.458327	0.46177	1	1	5.00748	
4.03397	1	22	4.03393	1	22	4.03394	1	22	0	0	0	0.465124	0.463133	0.467567	0.465122	0.463347	0.467103	0.465124	0.463133	0.467567	0.465122	0.463347	0.467103	1	1	5.01158	
4.03871	1	21	4.03868	1	21	4.03867	1	21	0	0	0	0.47014	0.46793	0.472587	0.470138	0.46748	0.471507	0.47014	0.46793	0.472587	0.470138	0.46748	0.471507	1	1	5.01607	
4.04219	1	21	4.04217	1	21	4.04216	1	21	0	0	0	0.475105	0.472893	0.477557	0.475102	0.473583	0.477163	0.475105	0.472893	0.477557	0.475102	0.473583	0.477163	1	1	5.019	
4.04372	1	22	4.04369	1	22	4.04371	1	22	0	0	0	0.480154	0.478047	0.48266	0.480152	0.478843	0.48188	0.480154	0.478047	0.48266	0.480152	0.478843	0.48188	1	1	5.02045	
4.04887	1	26	4.04884	1	26	4.04884	1	26	0	0	0	0.485161	0.483107	0.48742	0.485159	0.483287	0.486133	0.485161	0.483107	0.48742	0.485159	0.483287	0.486133	1	1	5.02541	
4.05163	1	26	4.05159	1	26	4.05161	1	26	0	0	0	0.490162	0.488077	0.492193	0.490161	0.48789	0.491613	0.490162	0.488077	0.492193	0.490161	0.48789	0.491613	1	1	5.02769	
4.05717	1	23	4.05714	1	23	4.05715	1	23	0	0	0	0.49515	0.49298	0.497327	0.495149	0.493597	0.497117	0.49515	0.49298	0.497327	0.495149	0.493597	0.497117	1	1	5.03296	
4.06083	1	22	4.06079	1	22	4.06082	1	22	0	0	0	0.500193	0.498007	0.50225	0.500193	0.498747	0.50387	0.500193	0.498007	0.50225	0.500193	0.498747	0.50387	1	1	5.03604	
4.06454	1	25	4.0645	1	25	4.06452	1	25	0	0	0	0.505152	0.50293	0.507137	0.50515	0.50343	0.506203	0.505152	0.50293	0.507137	0.50515	0.50343	0.506203	1	1	5.03953	
4.06867	1	23	4.06863	1	23	4.06864	1	23	0	0	0	0.510164	0.50804	0.512417	0.510162	0.508153	0.51177	0.510164	0.50804	0.512417	0.510162	0.508153	0.51177	1	1	5.0431	
4.07484	1	22	4.0748	1	22	4.0748	1	22	0	0	0	0.515199	0.513037	0.517437	0.515197	0.51242	0.5172	0.515199	0.513037	0.517437	0.515197	0.51242	0.5172	1	1	5.04941	
4.07894	1	22	4.07888	1	22	4.0789	1	22	0	0	0	0.520178	0.51798	0.522423	0.520177	0.51865	0.52217	0.520178	0.51798	0.522423	0.520177	0.51865	0.52217	1	1	5.05296	
4.08354	1	23	4.08348	1	23	4.0835	1	23	0	0	0	0.525159	0.522977	0.527247	0.525156	0.523743	0.527073	0.525159	0.522977	0.527247	0.525156	0.523743	0.527073	1	1	5.05729	
4.0888	1	22	4.08873	1	22	4.08874	1	22	0	0	0	0.530138	0.52793	0.53204	0.530136	0.528453	0.53296	0.530138	0.52793	0.53204	0.530136	0.528453	0.53296	1	1	5.06189	
4.09346	1	27	4.09339	1	27	4.09338	1	27	0	0	0	0.53509	0.53287	0.53698	0.535089	0.53363	0.537813	0.53509	0.53287	0.53698	0.535089	0.53363	0.537813	1	1	5.06631	
4.09717	1	26	4.09709	1	26	4.09708	1	26	0	0	0	0.540062	0.537847	0.54189	0.540059	0.537767	0.5416	0.540062	0.537847	0.54189	0.540059	0.537767	0.5416	1	1	5.07007	
4.10001	1	28	4.09993	1	28	4.09993	1	28	0	0	0	0.545019	0.542683	0.546767	0.545016	0.543427	0.54747	0.545019	0.542683	0.546767	0.545016	0.543427	0.54747	1	1	5.07205	
4.10471	1	26	4.10462	1	26	4.10465	1	26	0	0	0	0.550052	0.54768	0.55173	0.550048	0.54787	0.551507	0.550052	0.54768	0.55173	0.550048	0.54787	0.551507	1	1	5.07644	
4.11203	1	23	4.11195	1	23	4.11193	1	23	0	0	0	0.555067	0.552717	0.55697	0.555063	0.55281	0.55761	0.555067	0.552717	0.55697	0.555063	0.55281	0.55761	1	1	5.08366	
4.11883	1	22	4.11872	1	22	4.11873	1	22	0	0	0	0.560037	0.557853	0.562013	0.560033	0.557897	0.562843	0.560037	0.557853	0.562013	0.560033	0.557897	0.562843	1	1	5.08959	
4.12127	1	29	4.12116	1	29	4.12118	1	29	0	0	0	0.565038	0.562847	0.567047	0.565035	0.562237	0.567043	0.565038	0.562847	0.567047	0.565035	0.562237	0.567043	1	1	5.09193	
4.12652	1	27	4.12641	1	27	4.12643	1	27	0	0	0	0.570019	0.567987	0.571877	0.570017	0.568323	0.573027	0.570019	0.567987	0.571877	0.570017	0.568323	0.573027	1	1	5.09673	
4.12947	1	27	4.12934	1	27	4.12935	1	27	0	0	0	0.57499	0.572857	0.57707	0.574986	0.572417	0.577197	0.57499	0.572857	0.57707	0.574986	0.572417	0.577197	1	1	5.09909	
4.13418	1	26	4.13406	1	26	4.13408	1	26	0	0	0	0.579978	0.57772	0.582213	0.579974	0.577727	0.581617	0.579978	0.57772	0.582213	0.579974	0.577727	0.581617	1	1	5.10386	
4.13784	1	27	4.1377	1	27	4.13772	1	27	0	0	0	0.584984	0.582687	0.587163	0.584979	0.582627	0.587773	0.584984	0.582687	0.587163	0.584979	0.582627	0.587773	1	1	5.10751	
4.14445	1	29	4.1443	1	29	4.14431	1	29	0	0	0	0.589958	0.587593	0.592113	0.589955	0.587387	0.591987	0.589958	0.587593	0.592113	0.589955	0.587387	0.591987	1	1	5.11315	
4.14878	1	24	4.14861	1	24	4.14862	1	24	0	0	0	0.594978	0.59255	0.597227	0.594976	0.592657	0.598103	0.594978	0.59255	0.597227	0.594976	0.592657	0.598103	1	1	5.1172	
4.15676	1	22	4.1566	1	22	4.15663	1	22	0	0	0	0.599903	0.597743	0.602013	0.5999	0.597793	0.60146	0.599903	0.597743	0.602013	0.5999	0.597793	0.60146	1	1	5.12513	
4.16089	1	27	4.16073	1	27	4.16075	1	27	0	0	0	0.604821	0.602697	0.606853	0.604818	0.600843	0.607373	0.604821	0.602697	0.606853	0.604818	0.600843	0.607373	1	1	5.12851	
4.16684	1	23	4.16663	1	23	4.16664	1	23	0	0	0	0.609812	0.607587	0.61168	0.609809	0.608067	0.611893	0.609812	0.607587	0.61168	0.609809	0.608067	0.611893	1	1	5.13389	
4.17263	1	27	4.17239	1	27	4.17241	1	27	0	0	0	0.61487	0.612577	0.616683	0.614868	0.61111	0.617653	0.61487	0.612577	0.616683	0.614868	0.61111	0.617653	1	1	5.13947	
4.17717	1	27	4.17697	1	27	4.17699	1	27	0	0	0	0.619831	0.617607	0.62157	0.619828	0.617653	0.622037	0.619831	0.617607	0.62157	0.619828	0.617653	0.622037	1	1	5.14352	
4.18442	1	22	4.18418	1	22	4.18418	1	22	0	0	0	0.624903	0.62281	0.626517	0.624901	0.622633	0.626813	0.624903	0.62281	0.626517	0.624901	0.622633	0.626813	1	1	5.15058	
4.18816	1	27	4.1879	1	27	4.18791	1	27	0	0	0	0.629923	0.627927	0.631537	0.62992	0.62731	0.631897	0.629923	0.627927	0.631537	0.62992	0.62731	0.631897	1	1	5.1536	
4.1939	1	27	4.19367	1	27	4.19366	1	27	0	0	0	0.634912	0.633017	0.63661	0.634907	0.63283	0.63755	0.634912	0.633017	0.63661	0.634907	0.63283	0.63755	1	1	5.15913	
4.19644	1	26	4.19617	1	26	4.1962	1	26	0	0	0	0.639955	0.638057	0.641693	0.639953	0.636283	0.642207	0.639955	0.638057	0.641693	0.639953	0.636283	0.642207	1	1	5.16132	
4.20531	1	29	4.20501	1	29	4.205	1	29	0	0	0	0.64492	0.64296	0.64644	0.644917	0.642897	0.647727	0.64492	0.64296	0.64644	0.644917	0.642897	0.647727	1	1	5.16984	
4.21027	1	28	4.20996	1	28	4.20997	1	28	0	0	0	0.649931	0.64791	0.651557	0.64993	0.647163	0.651303	0.649931	0.64791	0.651557	0.64993	0.647163	0.651303	1	1	5.17403	
4.21791	1	27	4.21755	1	27	4.21757	1	27	0	0	0	0.654976	0.653037	0.656613	0.654975	0.65179	0.65711	0.654976	0.653037	0.656613	0.654975	0.65179	0.65711	1	1	5.18127	
4.22599	1	27	4.22562	1	27	4.22564	1	27	0	0	0	0.659958	0.657967	0.66145	0.659956	0.658357	0.662143	0.659958	0.657967	0.66145	0.659956	0.658357	0.662143	1	1	5.18889	
4.22899	1	29	4.2286	1	29	4.22861	1	29	0	0	0	0.664927	0.66291	0.666333	0.664926	0.662527	0.666407	0.664927	0.66291	0.666333	0.664926	0.662527	0.666407	1	1	5.19178	
4.23309	1	29	4.23263	1	29	4.23264	1	29	0	0	0	0.669951	0.667847	0.671333	0.669949	0.66679	0.672157	0.669951	0.667847	0.671333	0.669949	0.66679	0.672157	1	1	5.19506	
4.24386	1	28	4.24342	1	28	4.24344	1	28	0	0	0	0.674925	0.672927	0.676537	0.674922	0.671957	0.67729	0.674925	0.672927	0.676537	0.674922	0.671957	0.67729	1	1	5.20527	
4.24597	1	29	4.2455	1	29	4.24551	1	29	0	0	0	0.679923	0.677943	0.681507	0.679922	0.678143	0.68253	0.679923	0.677943	0.681507	0.679922	0.678143	0.68253	1	1	5.20711	
4.25206	1	29	4.25156	1	29	4.25157	1	29	0	0	0	0.684924	0.6829	0.686337	0.684925	0.68189	0.68739	0.684924	0.6829	0.686337	0.684925	0.68189	0.68739	1	1	5.21277	
4.26036	1	27	4.25976	1	27	4.25979	1	27	0	0	0	0.689882	0.688137	0.691387	0.689881	0.687983	0.692523	0.689882	0.688137	0.691387	0.689881	0.687983	0.692523	1	1	5.22084	
4.26469	1	30	4.26414	1	30	4.26414	1	30	0	0	0	0.694896	0.693357	0.69655	0.694893	0.69186	0.696673	0.694896	0.693357	0.69655	0.694893	0.69186	0.696673	1	1	5.22444	
4.27346	1	28	4.27287	1	28	4.27289	1	28	0	0	0	0.699911	0.698447	0.701707	0.699909	0.697223	0.701957	0.699911	0.698447	0.701707	0.699909	0.697223	0.701957	1	1	5.23277	
4.28062	1	29	4.28	1	29	4.28002	1	29	0	0	0	0.704931	0.703377	0.706697	0.704929	0.70276	0.706433	0.704931	0.703377	0.706697	0.704929	0.70276	0.706433	1	1	5.23908	
4.28828	1	29	4.28763	1	29	4.28764	1	29	0	0	0	0.709932	0.708137	0.71179	0.70993	0.707473	0.71184	0.709932	0.708137	0.71179	0.70993	0.707473	0.71184	1	1	5.24614	
4.2924	1	27	4.29163	1	27	4.29165	1	27	0	0	0	0.714931	0.713177	0.71684	0.71493	0.71253	0.718423	0.714931	0.713177	0.71684	0.71493	0.71253	0.718423	1	1	5.24988	
4.30052	1	28	4.29971	1	28	4.29974	1	28	0	0	0	0.71995	0.7183	0.721943	0.719951	0.717593	0.721583	0.71995	0.7183	0.721943	0.719951	0.717593	0.721583	1	1	5.2576	
4.3057	1	27	4.30484	1	27	4.30486	1	27	0	0	0	0.724993	0.723197	0.726993	0.724991	0.72211	0.727047	0.724993	0.723197	0.726993	0.724991	0.72211	0.727047	1	1	5.26241	
4.31564	1	27	4.31472	1	27	4.31473	1	27	0	0	0	0.729989	0.72811	0.732023	0.729985	0.726993	0.73291	0.729989	0.72811	0.732023	0.729985	0.726993	0.73291	1	1	5.27162	
4.32134	1	28	4.3204	1	28	4.32041	1	28	0	0	0	0.734981	0.733117	0.73708	0.734978	0.73204	0.73718	0.734981	0.733117	0.73708	0.734978	0.73204	0.73718	1	1	5.27679	
4.32665	1	29	4.32561	1	29	4.32563	1	29	0	0	0	0.740023	0.738133	0.74218	0.74002	0.73786	0.742143	0.740023	0.738133	0.74218	0.74002	0.73786	0.742143	1	1	5.28193	
4.33544	1	28	4.33436	1	28	4.33438	1	28	0	0	0	0.744991	0.743123	0.747037	0.744988	0.743183	0.747453	0.744991	0.743123	0.747037	0.744988	0.743183	0.747453	1	1	5.28979	
4.34341	1	29	4.34231	1	29	4.34235	1	29	0	0	0	0.750027	0.748183	0.75198	0.750024	0.747867	0.75178	0.750027	0.748183	0.75198	0.750024	0.747867	0.75178	1	1	5.29734	
4.34869	1	29	4.34746	1	29	4.34748	1	29	0	0	0	0.75496	0.752987	0.756843	0.754958	0.752853	0.757123	0.75496	0.752987	0.756843	0.754958	0.752853	0.757123	1	1	5.30161	
4.35508	1	28	4.35368	1	28	4.35372	1	28	0	0	0	0.759955	0.758063	0.761883	0.759951	0.756633	0.76253	0.759955	0.758063	0.761883	0.759951	0.756633	0.76253	1	1	5.30824	
4.36684	1	29	4.36544	1	29	4.36544	1	29	0	0	0	0.764954	0.763273	0.766787	0.764952	0.76283	0.767177	0.764954	0.763273	0.766787	0.764952	0.76283	0.767177	1	1	5.31877	
4.37071	1	29	4.36924	1	29	4.36926	1	29	0	0	0	0.76996	0.76815	0.77165	0.769958	0.768597	0.771407	0.76996	0.76815	0.77165	0.769958	0.768597	0.771407	1	1	5.32241	
4.37878	1	28	4.37725	1	28	4.37727	1	28	0	0	0	0.774975	0.773037	0.77671	0.774974	0.77254	0.777697	0.774975	0.773037	0.77671	0.774974	0.77254	0.777697	1	1	5.32962	
4.38548	1	28	4.38385	1	28	4.38387	1	28	0	0	0	0.779928	0.778267	0.781573	0.779927	0.777007	0.783147	0.779928	0.778267	0.781573	0.779927	0.777007	0.783147	1	1	5.33599	
4.39422	1	30	4.39238	1	30	4.39236	1	30	0	0	0	0.784889	0.78316	0.786483	0.784887	0.782893	0.786987	0.784889	0.78316	0.786483	0.784887	0.782893	0.786987	1	1	5.3442	
4.4033	1	28	4.40133	1	28	4.40134	1	28	0	0	0	0.78992	0.788153	0.79163	0.789921	0.787587	0.793503	0.78992	0.788153	0.79163	0.789921	0.787587	0.793503	1	1	5.35246	
4.41004	1	34	4.40803	1	34	4.40805	1	34	0	0	0	0.794933	0.793113	0.79685	0.794933	0.79057	0.799807	0.794933	0.793113	0.79685	0.794933	0.79057	0.799807	1	1	5.35889	
4.41783	1	35	4.41564	1	35	4.41568	1	35	0	0	0	0.799949	0.798187	0.801953	0.799948	0.797543	0.801643	0.799949	0.798187	0.801953	0.799948	0.797543	0.801643	1	1	5.36562	
4.42692	1	29	4.42454	1	29	4.42455	1	29	0	0	0	0.804948	0.803067	0.80698	0.804947	0.80275	0.807007	0.804948	0.803067	0.80698	0.804947	0.80275	0.807007	1	1	5.37449	
4.4356	1	28	4.43319	1	28	4.43318	1	28	0	0	0	0.80994	0.80802	0.811817	0.809939	0.807857	0.812133	0.80994	0.80802	0.811817	0.809939	0.807857	0.812133	1	1	5.38221	
4.44232	1	29	4.43969	1	29	4.43969	1	29	0	0	0	0.814959	0.81325	0.81644	0.814958	0.813207	0.817093	0.814959	0.81325	0.81644	0.814958	0.813207	0.817093	1	1	5.38816	
4.45218	1	30	4.44925	1	30	4.44926	1	30	0	0	0	0.81996	0.81835	0.82127	0.819958	0.816877	0.822233	0.81996	0.81835	0.82127	0.819958	0.816877	0.822233	1	1	5.39719	
4.46127	1	29	4.45806	1	29	4.45808	1	29	0	0	0	0.825002	0.823473	0.826163	0.825003	0.82313	0.82682	0.825002	0.823473	0.826163	0.825003	0.82313	0.82682	1	1	5.40516	
4.46644	1	29	4.46317	1	29	4.46321	1	29	0	0	0	0.829987	0.82835	0.831263	0.829988	0.828343	0.833293	0.829987	0.82835	0.831263	0.829988	0.828343	0.833293	1	1	5.41069	
4.47806	1	30	4.47452	1	30	4.47455	1	30	0	0	0	0.835007	0.833347	0.836293	0.835009	0.832517	0.83782	0.835007	0.833347	0.836293	0.835009	0.832517	0.83782	1	1	5.42079	
4.48588	1	31	4.4822	1	31	4.48224	1	31	0	0	0	0.84	0.838343	0.84134	0.840001	0.83709	0.842537	0.84	0.838343	0.84134	0.840001	0.83709	0.842537	1	1	5.42831	
4.49402	1	29	4.48993	1	29	4.48996	1	29	0	0	0	0.844985	0.843337	0.846163	0.844983	0.843107	0.847247	0.844985	0.843337	0.846163	0.844983	0.843107	0.847247	1	1	5.43508	
4.50397	1	29	4.49961	1	29	4.49962	1	29	0	0	0	0.849982	0.84841	0.851453	0.849983	0.84782	0.852197	0.849982	0.84841	0.851453	0.849983	0.84782	0.852197	1	1	5.44433	
4.51377	1	29	4.50894	1	29	4.50897	1	29	0	0	0	0.85502	0.85363	0.856407	0.85502	0.852483	0.857353	0.85502	0.85363	0.856407	0.85502	0.852483	0.857353	1	1	5.45328	
4.52397	1	30	4.51869	1	30	4.51874	1	30	0	0	0	0.860068	0.858627	0.861577	0.860066	0.85698	0.86345	0.860068	0.858627	0.861577	0.860066	0.85698	0.86345	1	1	5.46218	
4.53182	1	38	4.52637	1	38	4.52638	1	38	0	0	0	0.865001	0.863553	0.866453	0.865006	0.86261	0.86702	0.865001	0.863553	0.866453	0.865006	0.86261	0.86702	1	1	5.46975	
4.54534	1	29	4.53906	1	29	4.53908	1	29	0	0	0	0.869953	0.86868	0.871253	0.869952	0.867133	0.872373	0.869953	0.86868	0.871253	0.869952	0.867133	0.872373	1	1	5.4807	
4.55233	1	29	4.54582	1	29	4.54589	1	29	0	0	0	0.874931	0.873617	0.875907	0.874934	0.87095	0.877003	0.874931	0.873617	0.875907	0.874934	0.87095	0.877003	1	1	5.48822	
4.56294	1	33	4.55564	1	33	4.55565	1	33	0	0	0	0.879909	0.87865	0.881057	0.87991	0.877983	0.882463	0.879909	0.87865	0.881057	0.87991	0.877983	0.882463	1	1	5.49684	
4.57224	1	30	4.5645	1	30	4.56451	1	30	0	0	0	0.884859	0.883567	0.886037	0.884862	0.88288	0.88801	0.884859	0.883567	0.886037	0.884862	0.88288	0.88801	1	1	5.50516	
4.58151	1	35	4.57309	1	35	4.57311	1	35	0	0	0	0.889908	0.88883	0.890943	0.889905	0.886473	0.89177	0.889908	0.88883	0.890943	0.889905	0.886473	0.89177	1	1	5.51345	
4.5917	1	29	4.58285	1	29	4.58289	1	29	0	0	0	0.894956	0.8941	0.896027	0.894961	0.893283	0.897707	0.894956	0.8941	0.896027	0.894961	0.893283	0.897707	1	1	5.5223	
4.60392	1	34	4.59356	1	34	4.59362	1	34	0	0	0	0.899986	0.899097	0.901433	0.899988	0.896897	0.90249	0.899986	0.899097	0.901433	0.899988	0.896897	0.90249	1	1	5.53307	
4.61413	1	29	4.60285	1	29	4.60292	1	29	0	0	0	0.904927	0.90416	0.906277	0.904927	0.899727	0.907377	0.904927	0.90416	0.906277	0.904927	0.899727	0.907377	1	1	5.54117	
4.62385	1	33	4.61111	1	33	4.61111	1	33	0	0	0	0.9099	0.90917	0.91104	0.9099	0.908513	0.911007	0.9099	0.90917	0.91104	0.9099	0.908513	0.911007	1	1	5.54861	
4.63709	1	29	4.62333	1	29	4.62342	1	29	0	0	0	0.9149	0.9142	0.91601	0.914904	0.912857	0.91756	0.9149	0.9142	0.91601	0.914904	0.912857	0.91756	1	1	5.55951	
4.64669	1	29	4.63168	1	29	4.63172	1	30	0	0	0	0.919954	0.919297	0.921063	0.919957	0.915837	0.92314	0.919954	0.919297	0.921063	0.919957	0.915837	0.92314	1	1	5.56799	
4.66211	1	30	4.64597	1	30	4.646	1	30	0	0	0	0.924994	0.924277	0.92607	0.925003	0.922637	0.92813	0.924994	0.924277	0.92607	0.925003	0.922637	0.92813	1	1	5.58097	
4.67176	1	34	4.6529	1	34	4.65293	1	34	0	0	0	0.930026	0.929227	0.931047	0.930014	0.92753	0.93163	0.930026	0.929227	0.931047	0.930014	0.92753	0.93163	1	1	5.58864	
4.68484	1	33	4.66462	1	33	4.6646	1	33	0	0	0	0.935013	0.934263	0.936077	0.93501	0.93157	0.93746	0.935013	0.934263	0.936077	0.93501	0.93157	0.93746	1	1	5.59874	
4.69823	1	34	4.67466	1	34	4.67468	1	34	0	0	0	0.940029	0.939147	0.941117	0.94004	0.93829	0.94189	0.940029	0.939147	0.941117	0.94004	0.93829	0.94189	1	1	5.60878	
4.7098	1	30	4.683	1	30	4.68305	1	30	0	0	0	0.945005	0.944133	0.946007	0.945011	0.94168	0.947857	0.945005	0.944133	0.946007	0.945011	0.94168	0.947857	1	1	5.61561	
4.7306	1	30	4.69923	1	30	4.69927	1	30	0	0	0	0.949992	0.94902	0.950757	0.949988	0.9461	0.952633	0.949992	0.94902	0.950757	0.949988	0.9461	0.952633	1	1	5.63142	
4.73868	1	35	4.7029	1	35	4.70294	1	35	0	0	0	0.954993	0.95422	0.955827	0.954998	0.953323	0.959407	0.954993	0.95422	0.955827	0.954998	0.953323	0.959407	1	1	5.6345	
4.75959	1	35	4.71708	1	35	4.71713	1	35	0	0	0	0.96001	0.959347	0.96071	0.960011	0.95769	0.96221	0.96001	0.959347	0.96071	0.960011	0.95769	0.96221	1	1	5.64813	
4.78012	1	30	4.72782	1	30	4.72785	1	30	0	0	0	0.965087	0.964467	0.965803	0.965065	0.963547	0.969603	0.965087	0.964467	0.965803	0.965065	0.963547	0.969603	1	1	5.65869	
4.80778	1	30	4.74295	1	30	4.74298	1	30	0	0	0	0.970102	0.96949	0.970793	0.970099	0.967913	0.973077	0.970102	0.96949	0.970793	0.970099	0.967913	0.973077	1	1	5.67267	
4.82942	1	36	4.75066	1	36	4.75062	1	36	0	0	0	0.975118	0.97452	0.97568	0.975119	0.97193	0.977293	0.975118	0.97452	0.97568	0.975119	0.97193	0.977293	1	1	5.6795	
4.87183	1	31	4.76558	1	31	4.76557	1	31	0	0	0	0.98008	0.97959	0.98065	0.980079	0.97685	0.984463	0.98008	0.97959	0.98065	0.980079	0.97685	0.984463	1	1	5.69352	
4.9277	1	35	4.77237	1	35	4.77239	1	35	0	0	0	0.985064	0.984683	0.985557	0.985078	0.982	0.987877	0.985064	0.984683	0.985557	0.985078	0.982	0.987877	1	1	5.69996	
5.0561	1	34	4.78912	1	34	4.78913	1	34	0	0	0	0.990054	0.98972	0.990423	0.99007	0.98726	0.99142	0.990054	0.98972	0.990423	0.99007	0.98726	0.99142	1	1	5.71581	
5.69811	1	33	4.80791	1	31	4.80791	1	31	0	0	0	0.995026	0.994713	0.995237	0.995031	0.992597	0.99849	0.995026	0.994713	0.995237	0.995031	0.992597	0.99849	1	1	5.73327	
1606.78	469	4293	4.88732	1	147	4.8871	1	147	0	0	0	1	1	1	0.997483	0.995114	0.999001	1	1	1	0.997483	0.995114	0.999001	1	1	5.81186	
