4.25779	3	10	4.2544	3	10	4.25435	3	10	0	0	0	0.00503313	0.00484667	0.00526333	0.00503292	0.00484667	0.00526	0.00503313	0.00484667	0.00526333	0.00503292	0.00484667	0.00526	1	1	5.2544	
4.26394	3	11	4.25767	3	10	4.25765	3	10	0	0	0	0.0100071	0.00978667	0.01026	0.0100067	0.00978667	0.0102567	0.0100071	0.00978667	0.01026	0.0100067	0.00978667	0.0102567	1	1	5.25767	
4.27403	3	11	4.2636	3	10	4.26358	3	10	0	0	0	0.0149985	0.01468	0.0154533	0.0149981	0.01468	0.01545	0.0149985	0.01468	0.0154533	0.0149981	0.01468	0.01545	1	1	5.2636	
4.27798	3	11	4.26425	3	10	4.26425	3	10	0	0	0	0.019986	0.0196467	0.0205267	0.0199858	0.0196467	0.0205233	0.019986	0.0196467	0.0205267	0.0199858	0.0196467	0.0205233	1	1	5.26425	
4.28053	3	11	4.26334	3	10	4.26332	3	10	0	0	0	0.0249837	0.0245867	0.0255	0.0249837	0.0245867	0.0254967	0.0249837	0.0245867	0.0255	0.0249837	0.0245867	0.0254967	1	1	5.26334	
4.28589	3	11	4.26531	3	10	4.26532	3	10	0	0	0	0.0300242	0.0296033	0.03046	0.0300242	0.0296033	0.0304567	0.0300242	0.0296033	0.03046	0.0300242	0.0296033	0.0304567	1	1	5.26531	
4.29257	3	12	4.26859	3	10	4.2686	3	10	0	0	0	0.0350258	0.0346	0.0353167	0.0350254	0.0346	0.0353167	0.0350258	0.0346	0.0353167	0.0350254	0.0346	0.0353167	1	1	5.26859	
4.3004	3	12	4.27246	3	10	4.27248	3	10	0	0	0	0.0400277	0.0394067	0.04053	0.0400275	0.0394067	0.0405333	0.0400277	0.0394067	0.04053	0.0400275	0.0394067	0.0405333	1	1	5.27246	
4.30762	3	12	4.27561	3	10	4.27563	3	10	0	0	0	0.0450169	0.04435	0.0456767	0.0450167	0.04435	0.04568	0.0450169	0.04435	0.0456767	0.0450167	0.04435	0.04568	1	1	5.27561	
4.31374	3	12	4.27776	3	10	4.27777	3	10	0	0	0	0.0499998	0.0493933	0.0506733	0.0499996	0.0493967	0.0506767	0.0499998	0.0493933	0.0506733	0.0499996	0.0493967	0.0506767	1	1	5.27776	
4.31881	3	12	4.27902	3	10	4.27902	3	10	0	0	0	0.0550015	0.0543467	0.0556	0.0550013	0.05435	0.0556033	0.0550015	0.0543467	0.0556	0.0550013	0.05435	0.0556033	1	1	5.27902	
4.32519	3	12	4.28107	3	10	4.28107	3	10	0	0	0	0.0599671	0.05932	0.0604033	0.0599669	0.0593233	0.0604033	0.0599671	0.05932	0.0604033	0.0599669	0.0593233	0.0604033	1	1	5.28107	
4.33257	3	12	4.28405	3	10	4.28405	3	10	0	0	0	0.0650215	0.0643533	0.06553	0.065021	0.0643567	0.0655333	0.0650215	0.0643533	0.06553	0.065021	0.0643567	0.0655333	1	1	5.28405	
4.3403	3	12	4.2873	3	10	4.28731	3	10	0	0	0	0.0699788	0.0690033	0.07044	0.0699783	0.0690067	0.07044	0.0699788	0.0690033	0.07044	0.0699783	0.0690067	0.07044	1	1	5.2873	
4.34775	3	12	4.29012	3	10	4.29013	3	10	0	0	0	0.0749758	0.07389	0.0755633	0.0749756	0.0738933	0.0755667	0.0749758	0.07389	0.0755633	0.0749756	0.0738933	0.0755667	1	1	5.29012	
4.35526	3	13	4.29297	3	10	4.29298	3	10	0	0	0	0.0799906	0.0788467	0.0806333	0.0799906	0.07885	0.0806333	0.0799906	0.0788467	0.0806333	0.0799906	0.07885	0.0806333	1	1	5.29297	
4.36246	3	14	4.29581	3	10	4.29582	3	10	0	0	0	0.0850135	0.0838667	0.08573	0.0850135	0.08387	0.08573	0.0850135	0.0838667	0.08573	0.0850135	0.08387	0.08573	1	1	5.29581	
4.37046	3	14	4.29865	3	10	4.29866	3	10	0	0	0	0.0900252	0.0889933	0.09087	0.0900252	0.0889967	0.09087	0.0900252	0.0889933	0.09087	0.0900252	0.0889967	0.09087	1	1	5.29865	
4.37859	3	14	4.30176	3	10	4.30176	3	10	0	0	0	0.09501	0.0940767	0.0960067	0.0950102	0.0940833	0.0960067	0.09501	0.0940767	0.0960067	0.0950102	0.0940833	0.0960067	1	1	5.30176	
4.38605	3	14	4.30443	3	10	4.30442	3	10	0	0	0	0.100001	0.0991267	0.101043	0.100001	0.0991333	0.101047	0.100001	0.0991267	0.101043	0.100001	0.0991333	0.101047	1	1	5.30443	
4.39487	3	14	4.30725	3	10	4.30724	3	10	0	0	0	0.105056	0.104223	0.10609	0.105057	0.10423	0.106093	0.105056	0.104223	0.10609	0.105057	0.10423	0.106093	1	1	5.30725	
4.40379	3	14	4.31046	3	10	4.31046	3	10	0	0	0	0.110075	0.109163	0.111127	0.110075	0.10917	0.11113	0.110075	0.109163	0.111127	0.110075	0.10917	0.11113	1	1	5.31046	
4.41205	3	14	4.31338	3	10	4.31337	3	10	0	0	0	0.115058	0.11411	0.115987	0.115058	0.114117	0.115987	0.115058	0.11411	0.115987	0.115058	0.114117	0.115987	1	1	5.31338	
4.42132	3	14	4.31665	3	10	4.31665	3	10	0	0	0	0.120091	0.11904	0.120967	0.120091	0.119047	0.12097	0.120091	0.11904	0.120967	0.120091	0.119047	0.12097	1	1	5.31665	
4.43116	3	14	4.32054	3	10	4.32053	3	10	0	0	0	0.125086	0.124113	0.12595	0.125086	0.12412	0.12595	0.125086	0.124113	0.12595	0.125086	0.12412	0.12595	1	1	5.32054	
4.4408	3	15	4.32351	3	10	4.3235	3	10	0	0	0	0.130036	0.129193	0.130967	0.130036	0.129197	0.13097	0.130036	0.129193	0.130967	0.130036	0.129197	0.13097	1	1	5.32351	
4.45128	3	15	4.32706	3	10	4.32705	3	10	0	0	0	0.135046	0.134153	0.13592	0.135046	0.13416	0.135923	0.135046	0.134153	0.13592	0.135046	0.13416	0.135923	1	1	5.32706	
4.46087	3	17	4.32972	3	10	4.32971	3	10	0	0	0	0.140089	0.13911	0.141013	0.140089	0.139117	0.141013	0.140089	0.13911	0.141013	0.140089	0.139117	0.141013	1	1	5.32972	
4.47181	3	15	4.3332	3	10	4.33319	3	10	0	0	0	0.1451	0.144033	0.146127	0.1451	0.14404	0.146127	0.1451	0.144033	0.146127	0.1451	0.14404	0.146127	1	1	5.3332	
4.48248	3	15	4.33637	3	10	4.33636	3	10	0	0	0	0.150073	0.149	0.151137	0.150073	0.149007	0.151133	0.150073	0.149	0.151137	0.150073	0.149007	0.151133	1	1	5.33637	
4.49364	3	15	4.33944	3	10	4.33943	3	10	0	0	0	0.155095	0.153887	0.156357	0.155095	0.153883	0.156353	0.155095	0.153887	0.156357	0.155095	0.153883	0.156353	1	1	5.33944	
4.50579	3	16	4.34353	3	10	4.34352	3	10	0	0	0	0.160132	0.15898	0.161417	0.160131	0.158977	0.161413	0.160132	0.15898	0.161417	0.160131	0.158977	0.161413	1	1	5.34353	
4.51802	3	16	4.34752	3	10	4.34751	3	10	0	0	0	0.165184	0.164157	0.166407	0.165183	0.164153	0.166403	0.165184	0.164157	0.166407	0.165183	0.164153	0.166403	1	1	5.34752	
4.52979	3	19	4.35082	3	10	4.35081	3	10	0	0	0	0.17018	0.169217	0.171373	0.17018	0.169213	0.17137	0.17018	0.169217	0.171373	0.17018	0.169213	0.17137	1	1	5.35082	
4.54204	3	19	4.35415	3	10	4.35414	3	10	0	0	0	0.175217	0.174063	0.17638	0.175217	0.17406	0.176377	0.175217	0.174063	0.17638	0.175217	0.17406	0.176377	1	1	5.35415	
4.55507	3	19	4.35758	3	10	4.35757	3	10	0	0	0	0.180281	0.178947	0.181643	0.180281	0.178943	0.18164	0.180281	0.178947	0.181643	0.180281	0.178943	0.18164	1	1	5.35758	
4.56869	3	19	4.36155	3	10	4.36154	3	10	0	0	0	0.185281	0.183897	0.18673	0.185281	0.183893	0.186727	0.185281	0.183897	0.18673	0.185281	0.183893	0.186727	1	1	5.36155	
4.58269	3	20	4.36521	3	10	4.3652	3	10	0	0	0	0.190259	0.188923	0.191553	0.190258	0.18892	0.19155	0.190259	0.188923	0.191553	0.190258	0.18892	0.19155	1	1	5.36521	
4.59715	3	20	4.36897	3	10	4.36896	3	10	0	0	0	0.195212	0.193857	0.196627	0.195212	0.19386	0.196623	0.195212	0.193857	0.196627	0.195212	0.19386	0.196623	1	1	5.36897	
4.61167	3	20	4.37233	3	10	4.37232	3	10	0	0	0	0.200214	0.198957	0.201677	0.200213	0.19896	0.201673	0.200214	0.198957	0.201677	0.200213	0.19896	0.201673	1	1	5.37233	
4.62827	3	19	4.37677	3	10	4.37676	3	10	0	0	0	0.205177	0.203887	0.206603	0.205177	0.203887	0.2066	0.205177	0.203887	0.206603	0.205177	0.203887	0.2066	1	1	5.37677	
4.64494	3	19	4.38081	3	10	4.3808	3	10	0	0	0	0.210146	0.208837	0.211633	0.210146	0.20884	0.21163	0.210146	0.208837	0.211633	0.210146	0.20884	0.21163	1	1	5.38081	
4.66187	3	19	4.38492	3	10	4.38492	3	10	0	0	0	0.215114	0.21374	0.216803	0.215114	0.213743	0.2168	0.215114	0.21374	0.216803	0.215114	0.213743	0.2168	1	1	5.38492	
4.67971	3	20	4.38924	3	10	4.38923	3	10	0	0	0	0.220136	0.218777	0.221903	0.220135	0.21878	0.2219	0.220136	0.218777	0.221903	0.220135	0.21878	0.2219	1	1	5.38924	
4.69825	3	20	4.39311	3	10	4.3931	3	10	0	0	0	0.225164	0.223753	0.22687	0.225164	0.223757	0.226867	0.225164	0.223753	0.22687	0.225164	0.223757	0.226867	1	1	5.39311	
4.71743	3	21	4.39706	3	10	4.39706	3	10	0	0	0	0.230132	0.228897	0.231807	0.230131	0.2289	0.231803	0.230132	0.228897	0.231807	0.230131	0.2289	0.231803	1	1	5.39706	
4.7375	3	20	4.40131	3	10	4.4013	3	10	0	0	0	0.235071	0.23388	0.236817	0.23507	0.233873	0.236813	0.235071	0.23388	0.236817	0.23507	0.233873	0.236813	1	1	5.40131	
4.75862	3	24	4.40553	3	10	4.40551	3	10	0	0	0	0.24003	0.238713	0.241923	0.24003	0.238707	0.24192	0.24003	0.238713	0.241923	0.24003	0.238707	0.24192	1	1	5.40553	
4.78171	3	26	4.40999	3	10	4.40997	3	10	0	0	0	0.24505	0.243763	0.246913	0.24505	0.243757	0.24691	0.24505	0.243763	0.246913	0.24505	0.243757	0.24691	1	1	5.40999	
4.80487	3	26	4.41438	3	10	4.41437	3	10	0	0	0	0.249962	0.248783	0.251893	0.249962	0.248777	0.25189	0.249962	0.248783	0.251893	0.249962	0.248777	0.25189	1	1	5.41438	
4.82895	3	28	4.41859	3	10	4.41857	3	10	0	0	0	0.254964	0.253697	0.25695	0.254964	0.25369	0.256947	0.254964	0.253697	0.25695	0.254964	0.25369	0.256947	1	1	5.41859	
4.85614	3	27	4.4232	3	10	4.42318	3	10	0	0	0	0.259973	0.258533	0.26183	0.259974	0.258527	0.261827	0.259973	0.258533	0.26183	0.259974	0.258527	0.261827	1	1	5.4232	
4.88413	3	27	4.42759	3	10	4.42757	3	10	0	0	0	0.265002	0.263803	0.266847	0.265003	0.263797	0.266843	0.265002	0.263803	0.266847	0.265003	0.263797	0.266843	1	1	5.42759	
4.91368	3	32	4.43186	3	10	4.43184	3	10	0	0	0	0.270024	0.268843	0.271843	0.270025	0.268843	0.271837	0.270024	0.268843	0.271843	0.270025	0.268843	0.271837	1	1	5.43186	
4.94622	3	36	4.43674	3	10	4.43672	3	10	0	0	0	0.275018	0.273793	0.276993	0.275017	0.273793	0.276987	0.275018	0.273793	0.276993	0.275017	0.273793	0.276987	1	1	5.43674	
4.98175	3	42	4.44142	3	10	4.4414	3	10	0	0	0	0.28004	0.27887	0.282073	0.28004	0.278867	0.282067	0.28004	0.27887	0.282073	0.28004	0.278867	0.282067	1	1	5.44142	
5.01884	3	44	4.44578	3	10	4.44576	3	10	0	0	0	0.285015	0.283613	0.287233	0.285014	0.28361	0.287227	0.285015	0.283613	0.287233	0.285014	0.28361	0.287227	1	1	5.44578	
5.05942	3	44	4.45079	3	10	4.45077	3	10	0	0	0	0.290035	0.288733	0.29204	0.290034	0.28873	0.292033	0.290035	0.288733	0.29204	0.290034	0.28873	0.292033	1	1	5.45079	
5.10207	3	42	4.45546	3	10	4.45544	3	10	0	0	0	0.295025	0.29379	0.29713	0.295024	0.293787	0.297123	0.295025	0.29379	0.29713	0.295024	0.293787	0.297123	1	1	5.45546	
5.14784	3	46	4.45965	3	10	4.45963	3	10	0	0	0	0.300039	0.298713	0.302297	0.300038	0.298717	0.30229	0.300039	0.298713	0.302297	0.300038	0.298717	0.30229	1	1	5.45965	
5.19834	3	49	4.464	3	10	4.46397	3	10	0	0	0	0.305055	0.303653	0.30702	0.305054	0.303657	0.307013	0.305055	0.303653	0.30702	0.305054	0.303657	0.307013	1	1	5.464	
5.25423	3	49	4.46849	3	10	4.46847	3	10	0	0	0	0.310057	0.30852	0.311997	0.310056	0.308517	0.31199	0.310057	0.30852	0.311997	0.310056	0.308517	0.31199	1	1	5.46849	
5.31733	3	54	4.47305	3	10	4.47303	3	10	0	0	0	0.315019	0.31352	0.316983	0.315018	0.313517	0.31698	0.315019	0.31352	0.316983	0.315018	0.313517	0.31698	1	1	5.47305	
5.38307	3	61	4.47699	3	10	4.47696	3	10	0	0	0	0.319978	0.318463	0.32199	0.319976	0.31846	0.32199	0.319978	0.318463	0.32199	0.319976	0.31846	0.32199	1	1	5.47699	
5.46231	3	61	4.48218	3	10	4.48216	3	10	0	0	0	0.324963	0.323313	0.327123	0.324963	0.32331	0.327123	0.324963	0.323313	0.327123	0.324963	0.32331	0.327123	1	1	5.48218	
5.55999	3	61	4.48763	3	10	4.48761	3	10	0	0	0	0.329995	0.328247	0.33219	0.329995	0.328243	0.332187	0.329995	0.328247	0.33219	0.329995	0.328243	0.332187	1	1	5.48763	
5.66351	3	62	4.49235	3	10	4.49233	3	10	0	0	0	0.33498	0.33312	0.3371	0.334981	0.333123	0.3371	0.33498	0.33312	0.3371	0.334981	0.333123	0.3371	1	1	5.49235	
5.8026	3	70	4.49756	3	10	4.49755	3	10	0	0	0	0.339973	0.33812	0.342147	0.339972	0.33812	0.342147	0.339973	0.33812	0.342147	0.339972	0.33812	0.342147	1	1	5.49756	
5.95151	3	78	4.50187	3	10	4.50185	3	10	0	0	0	0.344971	0.343307	0.34728	0.34497	0.34331	0.34728	0.344971	0.343307	0.34728	0.34497	0.34331	0.34728	1	1	5.50187	
6.14184	3	90	4.50587	3	10	4.50586	3	10	0	0	0	0.350014	0.348253	0.352393	0.350014	0.348257	0.352393	0.350014	0.348253	0.352393	0.350014	0.348257	0.352393	1	1	5.50587	
6.364	3	89	4.51015	3	10	4.51014	3	10	0	0	0	0.354954	0.353173	0.35734	0.354954	0.353177	0.35734	0.354954	0.353173	0.35734	0.354954	0.353177	0.35734	1	1	5.51015	
6.6453	3	95	4.51381	3	10	4.5138	3	10	0	0	0	0.35996	0.358467	0.362383	0.359961	0.35847	0.36238	0.35996	0.358467	0.362383	0.359961	0.35847	0.36238	1	1	5.51381	
7.09944	3	122	4.5197	3	10	4.51969	3	10	0	0	0	0.364936	0.363493	0.36731	0.364939	0.363497	0.367307	0.364936	0.363493	0.36731	0.364939	0.363497	0.367307	1	1	5.5197	
7.78982	3	233	4.52446	3	10	4.52444	3	10	0	0	0	0.369959	0.36853	0.372257	0.369961	0.368533	0.372253	0.369959	0.36853	0.372257	0.369961	0.368533	0.372253	1	1	5.52446	
8.76984	3	207	4.52668	3	10	4.52665	3	10	0	0	0	0.374922	0.373217	0.377313	0.374926	0.37322	0.3773	0.374922	0.373217	0.377313	0.374926	0.37322	0.3773	1	1	5.52668	
10.8126	3	312	4.53106	3	10	4.53104	3	10	0	0	0	0.37983	0.378723	0.381705	0.379836	0.378725	0.381695	0.37983	0.378723	0.381705	0.379836	0.378725	0.381695	1	1	5.53106	
18.0269	3	696	4.53473	3	10	4.53469	3	10	0	0	0	0.384793	0.384087	0.38584	0.384799	0.384116	0.385836	0.384793	0.384087	0.38584	0.384799	0.384116	0.385836	1	1	5.53473	
840.622	3	13235	4.53802	3	10	4.53713	3	10	0	0	0	0.389768	0.389014	0.390909	0.389319	0.383794	0.390904	0.389768	0.389014	0.390909	0.389319	0.383794	0.390904	1	1	5.53802	
