3.83373	1	8	3.83373	1	8	3.83374	1	8	0	0	0	0.00503313	0.00484667	0.00526333	0.00503292	0.00481667	0.00526667	0.00503313	0.00484667	0.00526333	0.00503292	0.00481667	0.00526667	1	1	4.83348	
3.86145	1	8	3.86145	1	8	3.86145	1	8	0	0	0	0.0100071	0.00978667	0.01026	0.0100067	0.00960333	0.0104967	0.0100071	0.00978667	0.01026	0.0100067	0.00960333	0.0104967	1	1	4.86116	
3.85729	1	10	3.85729	1	10	3.85729	1	10	0	0	0	0.0149985	0.01468	0.0154533	0.0149983	0.01448	0.01552	0.0149985	0.01468	0.0154533	0.0149983	0.01448	0.01552	1	1	4.85694	
3.84591	1	11	3.84591	1	11	3.84586	1	11	0	0	0	0.019986	0.0196467	0.0205267	0.0199856	0.0193067	0.0203133	0.019986	0.0196467	0.0205267	0.0199856	0.0193067	0.0203133	1	1	4.84539	
3.85444	1	12	3.85444	1	12	3.85446	1	12	0	0	0	0.0249837	0.0245867	0.0255	0.0249837	0.0241167	0.0254433	0.0249837	0.0245867	0.0255	0.0249837	0.0241167	0.0254433	1	1	4.85358	
3.85357	1	12	3.85357	1	12	3.85356	1	12	0	0	0	0.0300242	0.0296033	0.03046	0.0300242	0.0294967	0.03056	0.0300242	0.0296033	0.03046	0.0300242	0.0294967	0.03056	1	1	4.85262	
3.8556	1	14	3.8556	1	14	3.85559	1	14	0	0	0	0.0350258	0.0346	0.0353167	0.0350256	0.0346267	0.0356467	0.0350258	0.0346	0.0353167	0.0350256	0.0346267	0.0356467	1	1	4.85448	
3.85359	1	13	3.85359	1	13	3.85356	1	13	0	0	0	0.0400277	0.0394067	0.04053	0.0400277	0.0393333	0.04104	0.0400277	0.0394067	0.04053	0.0400277	0.0393333	0.04104	1	1	4.85234	
3.85303	1	14	3.85302	1	14	3.85301	1	14	0	0	0	0.0450169	0.04435	0.0456767	0.0450167	0.0444833	0.0458567	0.0450169	0.04435	0.0456767	0.0450167	0.0444833	0.0458567	1	1	4.85151	
3.8491	1	12	3.84909	1	12	3.84911	1	12	0	0	0	0.0499998	0.0493933	0.0506733	0.0499998	0.0492567	0.0507167	0.0499998	0.0493933	0.0506733	0.0499998	0.0492567	0.0507167	1	1	4.84727	
3.85425	1	14	3.85425	1	14	3.85422	1	14	0	0	0	0.0550015	0.0543467	0.0556	0.0550015	0.05409	0.0555567	0.0550015	0.0543467	0.0556	0.0550015	0.05409	0.0555567	1	1	4.85225	
3.85249	1	14	3.85247	1	14	3.85247	1	14	0	0	0	0.0599671	0.05932	0.0604033	0.0599669	0.0592067	0.0610933	0.0599671	0.05932	0.0604033	0.0599669	0.0592067	0.0610933	1	1	4.85034	
3.8503	1	13	3.85027	1	13	3.85026	1	13	0	0	0	0.0650215	0.0643533	0.06553	0.0650213	0.06419	0.06562	0.0650215	0.0643533	0.06553	0.0650213	0.06419	0.06562	1	1	4.84802	
3.86051	1	14	3.86048	1	14	3.86049	1	14	0	0	0	0.0699788	0.0690033	0.07044	0.0699792	0.06891	0.0704967	0.0699788	0.0690033	0.07044	0.0699792	0.06891	0.0704967	1	1	4.85806	
3.8566	1	14	3.85656	1	14	3.85657	1	14	0	0	0	0.0749758	0.07389	0.0755633	0.0749762	0.0736267	0.0760467	0.0749758	0.07389	0.0755633	0.0749762	0.0736267	0.0760467	1	1	4.85397	
3.85612	1	13	3.8561	1	13	3.85614	1	13	0	0	0	0.0799906	0.0788467	0.0806333	0.0799906	0.0792933	0.08064	0.0799906	0.0788467	0.0806333	0.0799906	0.0792933	0.08064	1	1	4.85323	
3.86078	1	14	3.86075	1	14	3.86074	1	14	0	0	0	0.0850135	0.0838667	0.08573	0.0850129	0.08429	0.0859767	0.0850135	0.0838667	0.08573	0.0850129	0.08429	0.0859767	1	1	4.85776	
3.85966	1	14	3.85962	1	14	3.85965	1	14	0	0	0	0.0900252	0.0889933	0.09087	0.0900258	0.08898	0.09103	0.0900252	0.0889933	0.09087	0.0900258	0.08898	0.09103	1	1	4.85651	
3.86216	1	13	3.86212	1	13	3.86211	1	13	0	0	0	0.09501	0.0940767	0.0960067	0.0950102	0.0940833	0.09647	0.09501	0.0940767	0.0960067	0.0950102	0.0940833	0.09647	1	1	4.85884	
3.86054	1	14	3.86046	1	14	3.86046	1	14	0	0	0	0.100001	0.0991267	0.101043	0.100001	0.0991467	0.10103	0.100001	0.0991267	0.101043	0.100001	0.0991467	0.10103	1	1	4.8569	
3.86494	1	14	3.8649	1	14	3.86488	1	14	0	0	0	0.105056	0.104223	0.10609	0.105056	0.10405	0.106157	0.105056	0.104223	0.10609	0.105056	0.10405	0.106157	1	1	4.86103	
3.8637	1	14	3.86362	1	14	3.86363	1	14	0	0	0	0.110075	0.109163	0.111127	0.110075	0.109097	0.111327	0.110075	0.109163	0.111127	0.110075	0.109097	0.111327	1	1	4.85958	
3.86514	1	14	3.86504	1	14	3.86503	1	14	0	0	0	0.115058	0.11411	0.115987	0.115057	0.114217	0.115987	0.115058	0.11411	0.115987	0.115057	0.114217	0.115987	1	1	4.86095	
3.86562	1	14	3.86552	1	14	3.86552	1	14	0	0	0	0.120091	0.11904	0.120967	0.12009	0.119027	0.12166	0.120091	0.11904	0.120967	0.12009	0.119027	0.12166	1	1	4.8612	
3.8688	1	14	3.86868	1	14	3.86871	1	14	0	0	0	0.125086	0.124113	0.12595	0.125087	0.123753	0.125877	0.125086	0.124113	0.12595	0.125087	0.123753	0.125877	1	1	4.86442	
3.86428	1	14	3.86414	1	14	3.86412	1	14	0	0	0	0.130036	0.129193	0.130967	0.130036	0.128957	0.130883	0.130036	0.129193	0.130967	0.130036	0.128957	0.130883	1	1	4.85955	
3.86834	1	14	3.86816	1	14	3.86816	1	14	0	0	0	0.135046	0.134153	0.13592	0.135047	0.133903	0.136983	0.135046	0.134153	0.13592	0.135047	0.133903	0.136983	1	1	4.86338	
3.87166	1	15	3.87144	1	15	3.87144	1	15	0	0	0	0.140089	0.13911	0.141013	0.140089	0.13936	0.141583	0.140089	0.13911	0.141013	0.140089	0.13936	0.141583	1	1	4.86621	
3.87224	1	14	3.87204	1	14	3.87205	1	14	0	0	0	0.1451	0.144033	0.146127	0.1451	0.143643	0.14589	0.1451	0.144033	0.146127	0.1451	0.143643	0.14589	1	1	4.8667	
3.87477	1	20	3.87453	1	20	3.87453	1	20	0	0	0	0.150073	0.149	0.151137	0.150072	0.148423	0.15175	0.150073	0.149	0.151137	0.150072	0.148423	0.15175	1	1	4.86893	
3.87249	1	14	3.87226	1	14	3.87228	1	14	0	0	0	0.155095	0.153887	0.156357	0.155095	0.153783	0.15681	0.155095	0.153887	0.156357	0.155095	0.153783	0.15681	1	1	4.86664	
3.87545	1	14	3.87519	1	14	3.87522	1	14	0	0	0	0.160132	0.15898	0.161417	0.160131	0.15905	0.161683	0.160132	0.15898	0.161417	0.160131	0.15905	0.161683	1	1	4.86939	
3.87597	1	14	3.87572	1	14	3.87572	1	14	0	0	0	0.165184	0.164157	0.166407	0.165184	0.164303	0.166217	0.165184	0.164157	0.166407	0.165184	0.164303	0.166217	1	1	4.86949	
3.87617	1	17	3.87585	1	17	3.87586	1	17	0	0	0	0.17018	0.169217	0.171373	0.170181	0.168317	0.171817	0.17018	0.169217	0.171373	0.170181	0.168317	0.171817	1	1	4.86931	
3.88283	1	14	3.88246	1	14	3.88247	1	14	0	0	0	0.175217	0.174063	0.17638	0.175217	0.174427	0.17622	0.175217	0.174063	0.17638	0.175217	0.174427	0.17622	1	1	4.87593	
3.88515	1	15	3.88473	1	15	3.8847	1	15	0	0	0	0.180281	0.178947	0.181643	0.180281	0.179117	0.18164	0.180281	0.178947	0.181643	0.180281	0.179117	0.18164	1	1	4.8778	
3.88117	1	17	3.88074	1	17	3.88074	1	17	0	0	0	0.185281	0.183897	0.18673	0.185281	0.18381	0.186337	0.185281	0.183897	0.18673	0.185281	0.18381	0.186337	1	1	4.87382	
3.88448	1	19	3.884	1	19	3.88402	1	19	0	0	0	0.190259	0.188923	0.191553	0.190258	0.189043	0.19103	0.190259	0.188923	0.191553	0.190258	0.189043	0.19103	1	1	4.87682	
3.888	1	19	3.88747	1	19	3.88744	1	19	0	0	0	0.195212	0.193857	0.196627	0.195211	0.19322	0.197483	0.195212	0.193857	0.196627	0.195211	0.19322	0.197483	1	1	4.87995	
3.88899	1	15	3.88846	1	15	3.88845	1	15	0	0	0	0.200214	0.198957	0.201677	0.200213	0.19873	0.201903	0.200214	0.198957	0.201677	0.200213	0.19873	0.201903	1	1	4.88071	
3.88965	1	16	3.88907	1	16	3.88905	1	16	0	0	0	0.205177	0.203887	0.206603	0.205177	0.20384	0.206973	0.205177	0.203887	0.206603	0.205177	0.20384	0.206973	1	1	4.88104	
3.89189	1	19	3.89121	1	19	3.8912	1	19	0	0	0	0.210146	0.208837	0.211633	0.210147	0.209023	0.211057	0.210146	0.208837	0.211633	0.210147	0.209023	0.211057	1	1	4.88306	
3.89313	1	19	3.89245	1	19	3.89246	1	19	0	0	0	0.215114	0.21374	0.216803	0.215114	0.214143	0.216183	0.215114	0.21374	0.216803	0.215114	0.214143	0.216183	1	1	4.88404	
3.89495	1	21	3.89417	1	21	3.89417	1	21	0	0	0	0.220136	0.218777	0.221903	0.220136	0.219123	0.221987	0.220136	0.218777	0.221903	0.220136	0.219123	0.221987	1	1	4.8856	
3.89699	1	21	3.89623	1	21	3.89625	1	21	0	0	0	0.225164	0.223753	0.22687	0.225164	0.223433	0.227343	0.225164	0.223753	0.22687	0.225164	0.223433	0.227343	1	1	4.88728	
3.89799	1	21	3.89717	1	21	3.89717	1	21	0	0	0	0.230132	0.228897	0.231807	0.230131	0.228817	0.231563	0.230132	0.228897	0.231807	0.230131	0.228817	0.231563	1	1	4.8879	
3.90178	1	20	3.90091	1	20	3.90091	1	20	0	0	0	0.235071	0.23388	0.236817	0.23507	0.233673	0.23704	0.235071	0.23388	0.236817	0.23507	0.233673	0.23704	1	1	4.89168	
3.90226	1	19	3.90132	1	19	3.90131	1	19	0	0	0	0.24003	0.238713	0.241923	0.240029	0.238913	0.24107	0.24003	0.238713	0.241923	0.240029	0.238913	0.24107	1	1	4.89167	
3.90286	1	19	3.90188	1	19	3.90187	1	19	0	0	0	0.24505	0.243763	0.246913	0.245049	0.243673	0.24656	0.24505	0.243763	0.246913	0.245049	0.243673	0.24656	1	1	4.89227	
3.90611	1	18	3.90502	1	18	3.90502	1	18	0	0	0	0.249962	0.248783	0.251893	0.249963	0.248043	0.250947	0.249962	0.248783	0.251893	0.249963	0.248043	0.250947	1	1	4.89508	
3.90783	1	18	3.90663	1	18	3.90663	1	18	0	0	0	0.254964	0.253697	0.25695	0.254965	0.253467	0.256927	0.254964	0.253697	0.25695	0.254965	0.253467	0.256927	1	1	4.89622	
3.91198	1	20	3.91069	1	20	3.9107	1	20	0	0	0	0.259973	0.258533	0.26183	0.259974	0.25873	0.260993	0.259973	0.258533	0.26183	0.259974	0.25873	0.260993	1	1	4.90037	
3.91454	1	21	3.91326	1	21	3.91324	1	21	0	0	0	0.265002	0.263803	0.266847	0.265002	0.262913	0.266827	0.265002	0.263803	0.266847	0.265002	0.262913	0.266827	1	1	4.90243	
3.9128	1	21	3.91154	1	21	3.91155	1	21	0	0	0	0.270024	0.268843	0.271843	0.270024	0.2691	0.271223	0.270024	0.268843	0.271843	0.270024	0.2691	0.271223	1	1	4.90055	
3.9197	1	19	3.91823	1	19	3.91822	1	19	0	0	0	0.275018	0.273793	0.276993	0.275017	0.27352	0.27623	0.275018	0.273793	0.276993	0.275017	0.27352	0.27623	1	1	4.90681	
3.91877	1	21	3.91718	1	21	3.91718	1	21	0	0	0	0.28004	0.27887	0.282073	0.28004	0.278733	0.28176	0.28004	0.27887	0.282073	0.28004	0.278733	0.28176	1	1	4.90566	
3.92158	1	21	3.91984	1	21	3.91987	1	21	0	0	0	0.285015	0.283613	0.287233	0.285016	0.283913	0.285927	0.285015	0.283613	0.287233	0.285016	0.283913	0.285927	1	1	4.90823	
3.92547	1	20	3.92368	1	20	3.92368	1	20	0	0	0	0.290035	0.288733	0.29204	0.290035	0.288123	0.291553	0.290035	0.288733	0.29204	0.290035	0.288123	0.291553	1	1	4.91141	
3.92759	1	21	3.9257	1	21	3.9257	1	21	0	0	0	0.295025	0.29379	0.29713	0.295026	0.293867	0.296673	0.295025	0.29379	0.29713	0.295026	0.293867	0.296673	1	1	4.9132	
3.93119	1	19	3.92914	1	19	3.92915	1	19	0	0	0	0.300039	0.298713	0.302297	0.30004	0.298557	0.301417	0.300039	0.298713	0.302297	0.30004	0.298557	0.301417	1	1	4.91677	
3.93147	1	21	3.9293	1	21	3.92931	1	21	0	0	0	0.305055	0.303653	0.30702	0.305055	0.30377	0.305917	0.305055	0.303653	0.30702	0.305055	0.30377	0.305917	1	1	4.9164	
3.93638	1	20	3.93415	1	20	3.93416	1	20	0	0	0	0.310057	0.30852	0.311997	0.310056	0.307887	0.312123	0.310057	0.30852	0.311997	0.310056	0.307887	0.312123	1	1	4.92072	
3.94028	1	20	3.93797	1	20	3.93797	1	20	0	0	0	0.315019	0.31352	0.316983	0.315019	0.31378	0.317847	0.315019	0.31352	0.316983	0.315019	0.31378	0.317847	1	1	4.92438	
3.93914	1	21	3.93655	1	21	3.93656	1	21	0	0	0	0.319978	0.318463	0.32199	0.319978	0.31761	0.3221	0.319978	0.318463	0.32199	0.319978	0.31761	0.3221	1	1	4.92278	
3.943	1	19	3.94044	1	19	3.94045	1	19	0	0	0	0.324963	0.323313	0.327123	0.324964	0.323637	0.32725	0.324963	0.323313	0.327123	0.324964	0.323637	0.32725	1	1	4.92631	
3.94647	1	21	3.94369	1	21	3.94371	1	21	0	0	0	0.329995	0.328247	0.33219	0.329996	0.328073	0.33151	0.329995	0.328247	0.33219	0.329996	0.328073	0.33151	1	1	4.92929	
3.94904	1	21	3.94611	1	21	3.94613	1	21	0	0	0	0.33498	0.33312	0.3371	0.334982	0.333383	0.336173	0.33498	0.33312	0.3371	0.334982	0.333383	0.336173	1	1	4.9318	
3.95362	1	21	3.95052	1	21	3.95051	1	21	0	0	0	0.339973	0.33812	0.342147	0.339974	0.337693	0.342373	0.339973	0.33812	0.342147	0.339974	0.337693	0.342373	1	1	4.93572	
3.95438	1	21	3.95106	1	21	3.95107	1	21	0	0	0	0.344971	0.343307	0.34728	0.344971	0.343137	0.34681	0.344971	0.343307	0.34728	0.344971	0.343137	0.34681	1	1	4.93597	
3.95656	1	20	3.95311	1	20	3.9531	1	20	0	0	0	0.350014	0.348253	0.352393	0.350016	0.34862	0.351757	0.350014	0.348253	0.352393	0.350016	0.34862	0.351757	1	1	4.93789	
3.9627	1	20	3.95909	1	20	3.95909	1	20	0	0	0	0.354954	0.353173	0.35734	0.354955	0.353107	0.35615	0.354954	0.353173	0.35734	0.354955	0.353107	0.35615	1	1	4.94366	
3.96401	1	21	3.96016	1	21	3.96016	1	21	0	0	0	0.35996	0.358467	0.362383	0.359959	0.356687	0.361717	0.35996	0.358467	0.362383	0.359959	0.356687	0.361717	1	1	4.94425	
3.96747	1	21	3.96343	1	21	3.96343	1	21	0	0	0	0.364936	0.363493	0.36731	0.364936	0.363173	0.366883	0.364936	0.363493	0.36731	0.364936	0.363173	0.366883	1	1	4.9472	
3.97192	1	20	3.96775	1	20	3.96775	1	20	0	0	0	0.369959	0.36853	0.372257	0.369959	0.36836	0.37169	0.369959	0.36853	0.372257	0.369959	0.36836	0.37169	1	1	4.95139	
3.97568	1	22	3.97129	1	22	3.97129	1	22	0	0	0	0.374922	0.373217	0.377313	0.374923	0.37346	0.377387	0.374922	0.373217	0.377313	0.374923	0.37346	0.377387	1	1	4.95472	
3.97631	1	21	3.97185	1	21	3.97187	1	21	0	0	0	0.379929	0.378367	0.382327	0.37993	0.37784	0.382363	0.379929	0.378367	0.382327	0.37993	0.37784	0.382363	1	1	4.95471	
3.97995	1	21	3.97516	1	21	3.97516	1	21	0	0	0	0.384977	0.38334	0.387293	0.384978	0.383543	0.386957	0.384977	0.38334	0.387293	0.384978	0.383543	0.386957	1	1	4.95781	
3.98561	1	20	3.98058	1	20	3.98059	1	20	0	0	0	0.389953	0.388323	0.392323	0.389954	0.38826	0.391163	0.389953	0.388323	0.392323	0.389954	0.38826	0.391163	1	1	4.96274	
3.98702	1	21	3.98173	1	21	3.98173	1	21	0	0	0	0.39501	0.39345	0.39733	0.39501	0.393467	0.3975	0.39501	0.39345	0.39733	0.39501	0.393467	0.3975	1	1	4.96387	
3.9923	1	22	3.98657	1	22	3.98657	1	22	0	0	0	0.400027	0.398437	0.40228	0.400028	0.3988	0.401727	0.400027	0.398437	0.40228	0.400028	0.3988	0.401727	1	1	4.96834	
3.99247	1	20	3.98664	1	20	3.98666	1	20	0	0	0	0.405089	0.4035	0.407143	0.405089	0.4036	0.406537	0.405089	0.4035	0.407143	0.405089	0.4036	0.406537	1	1	4.96815	
3.9971	1	20	3.9911	1	20	3.99111	1	20	0	0	0	0.410107	0.408143	0.412367	0.410108	0.408667	0.41165	0.410107	0.408143	0.412367	0.410108	0.408667	0.41165	1	1	4.97208	
4.00246	1	21	3.99615	1	21	3.99616	1	21	0	0	0	0.415085	0.41318	0.417193	0.415084	0.413367	0.41691	0.415085	0.41318	0.417193	0.415084	0.413367	0.41691	1	1	4.97666	
4.00472	1	21	3.99817	1	21	3.9982	1	21	0	0	0	0.420099	0.418263	0.422237	0.4201	0.417973	0.421707	0.420099	0.418263	0.422237	0.4201	0.417973	0.421707	1	1	4.97871	
4.01147	1	21	4.00463	1	21	4.00464	1	21	0	0	0	0.425086	0.423197	0.427313	0.425085	0.423497	0.427103	0.425086	0.423197	0.427313	0.425085	0.423497	0.427103	1	1	4.98502	
4.01553	1	21	4.0081	1	21	4.0081	1	21	0	0	0	0.4301	0.428197	0.43227	0.4301	0.4282	0.4339	0.4301	0.428197	0.43227	0.4301	0.4282	0.4339	1	1	4.98798	
4.01581	1	21	4.00808	1	21	4.0081	1	21	0	0	0	0.435068	0.433283	0.437193	0.435067	0.43378	0.43769	0.435068	0.433283	0.437193	0.435067	0.43378	0.43769	1	1	4.98768	
4.02069	1	21	4.01261	1	21	4.01261	1	21	0	0	0	0.440064	0.438063	0.442123	0.440063	0.438267	0.442303	0.440064	0.438063	0.442123	0.440063	0.438267	0.442303	1	1	4.99173	
4.02344	1	21	4.01528	1	21	4.0153	1	21	0	0	0	0.445103	0.443103	0.44721	0.445101	0.44384	0.446627	0.445103	0.443103	0.44721	0.445101	0.44384	0.446627	1	1	4.99438	
4.02878	1	21	4.01998	1	21	4.01998	1	21	0	0	0	0.45006	0.44807	0.452117	0.450056	0.448473	0.451947	0.45006	0.44807	0.452117	0.450056	0.448473	0.451947	1	1	4.99826	
4.03408	1	23	4.02477	1	23	4.02478	1	23	0	0	0	0.45518	0.453163	0.45733	0.455177	0.453387	0.456917	0.45518	0.453163	0.45733	0.455177	0.453387	0.456917	1	1	5.00293	
4.03595	1	21	4.0265	1	21	4.02651	1	21	0	0	0	0.460153	0.458033	0.462353	0.460151	0.458327	0.46177	0.460153	0.458033	0.462353	0.460151	0.458327	0.46177	1	1	5.00454	
4.04065	1	21	4.03076	1	21	4.03077	1	21	0	0	0	0.465124	0.463133	0.467567	0.465122	0.463347	0.467103	0.465124	0.463133	0.467567	0.465122	0.463347	0.467103	1	1	5.00823	
4.04567	1	21	4.03529	1	21	4.03528	1	21	0	0	0	0.47014	0.46793	0.472587	0.470138	0.46748	0.471507	0.47014	0.46793	0.472587	0.470138	0.46748	0.471507	1	1	5.0125	
4.04947	1	21	4.03858	1	21	4.03857	1	21	0	0	0	0.475105	0.472893	0.477557	0.475102	0.473583	0.477163	0.475105	0.472893	0.477557	0.475102	0.473583	0.477163	1	1	5.01529	
4.05157	1	22	4.04012	1	22	4.04013	1	22	0	0	0	0.480154	0.478047	0.48266	0.480152	0.478843	0.48188	0.480154	0.478047	0.48266	0.480152	0.478843	0.48188	1	1	5.0166	
4.05639	1	22	4.04474	1	22	4.04475	1	22	0	0	0	0.485161	0.483107	0.48742	0.485159	0.483287	0.486133	0.485161	0.483107	0.48742	0.485159	0.483287	0.486133	1	1	5.02113	
4.06059	1	26	4.04839	1	26	4.0484	1	26	0	0	0	0.490162	0.488077	0.492193	0.490161	0.48789	0.491613	0.490162	0.488077	0.492193	0.490161	0.48789	0.491613	1	1	5.02432	
4.06634	1	23	4.05348	1	23	4.05349	1	23	0	0	0	0.49515	0.49298	0.497327	0.495149	0.493597	0.497117	0.49515	0.49298	0.497327	0.495149	0.493597	0.497117	1	1	5.02906	
4.0695	1	21	4.0563	1	21	4.05632	1	21	0	0	0	0.500193	0.498007	0.50225	0.500193	0.498747	0.50387	0.500193	0.498007	0.50225	0.500193	0.498747	0.50387	1	1	5.03127	
4.07366	1	22	4.05985	1	22	4.05987	1	22	0	0	0	0.505152	0.50293	0.507137	0.50515	0.50343	0.506207	0.505152	0.50293	0.507137	0.50515	0.50343	0.506207	1	1	5.03468	
4.07883	1	23	4.06431	1	23	4.06432	1	23	0	0	0	0.510164	0.50804	0.512417	0.510162	0.508153	0.51177	0.510164	0.50804	0.512417	0.510162	0.508153	0.51177	1	1	5.03857	
4.08565	1	22	4.07046	1	22	4.07046	1	22	0	0	0	0.515199	0.513037	0.517437	0.515197	0.51242	0.5172	0.515199	0.513037	0.517437	0.515197	0.51242	0.5172	1	1	5.04479	
4.08971	1	22	4.07413	1	22	4.07415	1	22	0	0	0	0.520178	0.51798	0.522423	0.520177	0.51865	0.52217	0.520178	0.51798	0.522423	0.520177	0.51865	0.52217	1	1	5.04786	
4.09544	1	23	4.07895	1	23	4.07897	1	23	0	0	0	0.525159	0.522977	0.527247	0.525157	0.523743	0.527073	0.525159	0.522977	0.527247	0.525157	0.523743	0.527073	1	1	5.0525	
4.10068	1	22	4.08352	1	22	4.08353	1	22	0	0	0	0.530138	0.52793	0.53204	0.530136	0.528453	0.53296	0.530138	0.52793	0.53204	0.530136	0.528453	0.53296	1	1	5.05632	
4.10569	1	27	4.0882	1	27	4.0882	1	27	0	0	0	0.53509	0.53287	0.53698	0.535089	0.53363	0.537813	0.53509	0.53287	0.53698	0.535089	0.53363	0.537813	1	1	5.06055	
4.11076	1	27	4.09227	1	27	4.09225	1	27	0	0	0	0.540062	0.537847	0.54189	0.540058	0.537767	0.541597	0.540062	0.537847	0.54189	0.540058	0.537767	0.541597	1	1	5.06482	
4.11306	1	28	4.09405	1	28	4.09405	1	28	0	0	0	0.545019	0.542683	0.546767	0.545016	0.543427	0.54747	0.545019	0.542683	0.546767	0.545016	0.543427	0.54747	1	1	5.06571	
4.11971	1	23	4.09949	1	23	4.09952	1	23	0	0	0	0.550052	0.54768	0.55173	0.550048	0.54787	0.551507	0.550052	0.54768	0.55173	0.550048	0.54787	0.551507	1	1	5.07086	
4.12656	1	22	4.10568	1	22	4.10567	1	22	0	0	0	0.555067	0.552717	0.55697	0.555063	0.55281	0.55761	0.555067	0.552717	0.55697	0.555063	0.55281	0.55761	1	1	5.07692	
4.13443	1	23	4.11238	1	23	4.11239	1	23	0	0	0	0.560037	0.557853	0.562013	0.560033	0.557897	0.562843	0.560037	0.557853	0.562013	0.560033	0.557897	0.562843	1	1	5.08283	
4.13762	1	29	4.11505	1	29	4.11506	1	29	0	0	0	0.565038	0.562847	0.567047	0.565036	0.562237	0.567043	0.565038	0.562847	0.567047	0.565036	0.562237	0.567043	1	1	5.08514	
4.14388	1	26	4.12002	1	26	4.12004	1	26	0	0	0	0.570019	0.567987	0.571877	0.570017	0.568323	0.573027	0.570019	0.567987	0.571877	0.570017	0.568323	0.573027	1	1	5.08992	
4.14761	1	22	4.12311	1	22	4.12312	1	22	0	0	0	0.57499	0.572857	0.57707	0.574987	0.572417	0.577197	0.57499	0.572857	0.57707	0.574987	0.572417	0.577197	1	1	5.09224	
4.15364	1	26	4.12819	1	26	4.1282	1	26	0	0	0	0.579978	0.57772	0.582213	0.579975	0.57773	0.581617	0.579978	0.57772	0.582213	0.579975	0.57773	0.581617	1	1	5.09743	
4.15708	1	23	4.13026	1	23	4.13028	1	23	0	0	0	0.584984	0.582687	0.587163	0.58498	0.582627	0.587773	0.584984	0.582687	0.587163	0.58498	0.582627	0.587773	1	1	5.09939	
4.16438	1	22	4.13665	1	22	4.13666	1	22	0	0	0	0.589958	0.587593	0.592113	0.589955	0.587387	0.591983	0.589958	0.587593	0.592113	0.589955	0.587387	0.591983	1	1	5.10498	
4.17092	1	24	4.14211	1	24	4.14212	1	24	0	0	0	0.594978	0.59255	0.597227	0.594976	0.592657	0.598103	0.594978	0.59255	0.597227	0.594976	0.592657	0.598103	1	1	5.1099	
4.17902	1	28	4.1489	1	27	4.14892	1	27	0	0	0	0.599903	0.597743	0.602013	0.5999	0.597793	0.60146	0.599903	0.597743	0.602013	0.5999	0.597793	0.60146	1	1	5.11675	
4.18392	1	27	4.15273	1	27	4.15274	1	27	0	0	0	0.604821	0.602697	0.606853	0.604819	0.600847	0.60737	0.604821	0.602697	0.606853	0.604819	0.600847	0.60737	1	1	5.11989	
4.19186	1	22	4.15865	1	22	4.15866	1	22	0	0	0	0.609812	0.607587	0.61168	0.60981	0.608067	0.611893	0.609812	0.607587	0.61168	0.60981	0.608067	0.611893	1	1	5.12503	
4.19863	1	27	4.16449	1	27	4.1645	1	27	0	0	0	0.61487	0.612577	0.616683	0.614869	0.61111	0.617653	0.61487	0.612577	0.616683	0.614869	0.61111	0.617653	1	1	5.13063	
4.20398	1	24	4.16854	1	24	4.16855	1	24	0	0	0	0.619831	0.617607	0.62157	0.619829	0.61765	0.62204	0.619831	0.617607	0.62157	0.619829	0.61765	0.62204	1	1	5.13412	
4.21138	1	27	4.17422	1	26	4.17422	1	26	0	0	0	0.624903	0.62281	0.626517	0.624901	0.622633	0.626813	0.624903	0.62281	0.626517	0.624901	0.622633	0.626813	1	1	5.13992	
4.21809	1	26	4.17968	1	26	4.1797	1	26	0	0	0	0.629923	0.627927	0.631537	0.62992	0.62731	0.631897	0.629923	0.627927	0.631537	0.62992	0.62731	0.631897	1	1	5.14457	
4.22499	1	27	4.18508	1	27	4.18507	1	27	0	0	0	0.634912	0.633017	0.63661	0.634907	0.63283	0.63755	0.634912	0.633017	0.63661	0.634907	0.63283	0.63755	1	1	5.14954	
4.22885	1	23	4.18719	1	23	4.18721	1	23	0	0	0	0.639955	0.638057	0.641693	0.639953	0.636283	0.642207	0.639955	0.638057	0.641693	0.639953	0.636283	0.642207	1	1	5.15131	
4.23907	1	28	4.19491	1	28	4.1949	1	28	0	0	0	0.64492	0.64296	0.64644	0.644916	0.642897	0.647727	0.64492	0.64296	0.64644	0.644916	0.642897	0.647727	1	1	5.15876	
4.24587	1	26	4.20065	1	26	4.20066	1	26	0	0	0	0.649931	0.64791	0.651557	0.64993	0.647163	0.651303	0.649931	0.64791	0.651557	0.64993	0.647163	0.651303	1	1	5.16376	
4.25379	1	23	4.20669	1	23	4.20671	1	23	0	0	0	0.654976	0.653037	0.656613	0.654976	0.65179	0.657117	0.654976	0.653037	0.656613	0.654976	0.65179	0.657117	1	1	5.1694	
4.26366	1	22	4.21427	1	22	4.2143	1	22	0	0	0	0.659958	0.657967	0.66145	0.659956	0.658357	0.662143	0.659958	0.657967	0.66145	0.659956	0.658357	0.662143	1	1	5.17651	
4.27039	1	27	4.21861	1	27	4.21862	1	27	0	0	0	0.664927	0.66291	0.666333	0.664926	0.66252	0.666407	0.664927	0.66291	0.666333	0.664926	0.66252	0.666407	1	1	5.18061	
4.27575	1	25	4.2219	1	25	4.22191	1	25	0	0	0	0.669951	0.667847	0.671333	0.669949	0.66679	0.67216	0.669951	0.667847	0.671333	0.669949	0.66679	0.67216	1	1	5.18326	
4.28813	1	25	4.23166	1	25	4.23167	1	25	0	0	0	0.674925	0.672927	0.676537	0.674922	0.671957	0.67729	0.674925	0.672927	0.676537	0.674922	0.671957	0.67729	1	1	5.19217	
4.2928	1	25	4.23416	1	25	4.23417	1	25	0	0	0	0.679923	0.677943	0.681507	0.679923	0.67814	0.68253	0.679923	0.677943	0.681507	0.679923	0.67814	0.68253	1	1	5.19442	
4.30168	1	27	4.24024	1	27	4.24026	1	27	0	0	0	0.684924	0.6829	0.686337	0.684925	0.68189	0.68739	0.684924	0.6829	0.686337	0.684925	0.68189	0.68739	1	1	5.2002	
4.314	1	26	4.24966	1	26	4.24967	1	26	0	0	0	0.689882	0.688137	0.691387	0.689881	0.687987	0.692523	0.689882	0.688137	0.691387	0.689881	0.687987	0.692523	1	1	5.20932	
4.32075	1	28	4.25392	1	28	4.25392	1	28	0	0	0	0.694896	0.693357	0.69655	0.694893	0.69186	0.696673	0.694896	0.693357	0.69655	0.694893	0.69186	0.696673	1	1	5.21271	
4.33038	1	24	4.26101	1	24	4.26104	1	24	0	0	0	0.699911	0.698447	0.701707	0.699908	0.697223	0.701957	0.699911	0.698447	0.701707	0.699908	0.697223	0.701957	1	1	5.21913	
4.33984	1	26	4.26637	1	26	4.26638	1	26	0	0	0	0.704931	0.703377	0.706697	0.70493	0.70276	0.706433	0.704931	0.703377	0.706697	0.70493	0.70276	0.706433	1	1	5.22388	
4.35226	1	27	4.27419	1	27	4.27419	1	27	0	0	0	0.709932	0.708137	0.71179	0.70993	0.707473	0.71184	0.709932	0.708137	0.71179	0.70993	0.707473	0.71184	1	1	5.23098	
4.35981	1	28	4.2793	1	28	4.27931	1	28	0	0	0	0.714931	0.713177	0.71684	0.714929	0.71252	0.718423	0.714931	0.713177	0.71684	0.714929	0.71252	0.718423	1	1	5.2361	
4.37169	1	24	4.28633	1	23	4.28635	1	23	0	0	0	0.71995	0.7183	0.721943	0.719951	0.717593	0.721583	0.71995	0.7183	0.721943	0.719951	0.717593	0.721583	1	1	5.24226	
4.37882	1	27	4.29027	1	27	4.29028	1	27	0	0	0	0.724993	0.723197	0.726993	0.72499	0.72211	0.72705	0.724993	0.723197	0.726993	0.72499	0.72211	0.72705	1	1	5.24603	
4.39374	1	25	4.30141	1	25	4.30142	1	25	0	0	0	0.729989	0.72811	0.732023	0.729985	0.726993	0.73291	0.729989	0.72811	0.732023	0.729985	0.726993	0.73291	1	1	5.25644	
4.40154	1	28	4.30498	1	28	4.30499	1	28	0	0	0	0.734981	0.733117	0.73708	0.734977	0.73204	0.73718	0.734981	0.733117	0.73708	0.734977	0.73204	0.73718	1	1	5.25943	
4.41394	1	28	4.31252	1	28	4.31253	1	28	0	0	0	0.740023	0.738133	0.74218	0.740019	0.737857	0.742143	0.740023	0.738133	0.74218	0.740019	0.737857	0.742143	1	1	5.26674	
4.42539	1	28	4.31957	1	28	4.3196	1	28	0	0	0	0.744991	0.743123	0.747037	0.744988	0.743183	0.747453	0.744991	0.743123	0.747037	0.744988	0.743183	0.747453	1	1	5.27253	
4.44041	1	27	4.32725	1	27	4.32728	1	27	0	0	0	0.750027	0.748183	0.75198	0.750024	0.747867	0.751777	0.750027	0.748183	0.75198	0.750024	0.747867	0.751777	1	1	5.28006	
4.45095	1	27	4.3327	1	27	4.33271	1	27	0	0	0	0.75496	0.752987	0.756843	0.754958	0.752853	0.75712	0.75496	0.752987	0.756843	0.754958	0.752853	0.75712	1	1	5.28462	
4.46237	1	28	4.3388	1	28	4.33883	1	28	0	0	0	0.759955	0.758063	0.761883	0.759952	0.756633	0.76253	0.759955	0.758063	0.761883	0.759952	0.756633	0.76253	1	1	5.29079	
4.47953	1	27	4.3492	1	27	4.3492	1	27	0	0	0	0.764954	0.763273	0.766787	0.764953	0.76283	0.767173	0.764954	0.763273	0.766787	0.764953	0.76283	0.767173	1	1	5.29996	
4.49126	1	28	4.35314	1	28	4.35316	1	28	0	0	0	0.76996	0.76815	0.77165	0.769958	0.7686	0.771407	0.76996	0.76815	0.77165	0.769958	0.7686	0.771407	1	1	5.30379	
4.50611	1	29	4.36018	1	29	4.36018	1	29	0	0	0	0.774975	0.773037	0.77671	0.774974	0.77254	0.777697	0.774975	0.773037	0.77671	0.774974	0.77254	0.777697	1	1	5.31017	
4.52102	1	27	4.36679	1	27	4.36682	1	27	0	0	0	0.779928	0.778267	0.781573	0.779928	0.777003	0.78315	0.779928	0.778267	0.781573	0.779928	0.777003	0.78315	1	1	5.31597	
4.53834	1	28	4.37636	1	28	4.37635	1	28	0	0	0	0.784889	0.78316	0.786483	0.784886	0.78289	0.786987	0.784889	0.78316	0.786483	0.784886	0.78289	0.786987	1	1	5.32511	
4.55242	1	25	4.38214	1	25	4.38215	1	25	0	0	0	0.78992	0.788153	0.79163	0.789919	0.787587	0.793497	0.78992	0.788153	0.79163	0.789919	0.787587	0.793497	1	1	5.33027	
4.57218	1	25	4.38978	1	25	4.3898	1	25	0	0	0	0.794933	0.793113	0.79685	0.794933	0.79057	0.799807	0.794933	0.793113	0.79685	0.794933	0.79057	0.799807	1	1	5.33712	
4.5917	1	27	4.39976	1	27	4.39981	1	27	0	0	0	0.799949	0.798187	0.801953	0.799947	0.797543	0.801637	0.799949	0.798187	0.801953	0.799947	0.797543	0.801637	1	1	5.34614	
4.61001	1	26	4.40682	1	26	4.40681	1	26	0	0	0	0.804948	0.803067	0.80698	0.804947	0.802753	0.807007	0.804948	0.803067	0.80698	0.804947	0.802753	0.807007	1	1	5.35289	
4.63166	1	28	4.4143	1	28	4.4143	1	28	0	0	0	0.80994	0.80802	0.811817	0.809938	0.807857	0.81213	0.80994	0.80802	0.811817	0.809938	0.807857	0.81213	1	1	5.3597	
4.6517	1	28	4.42094	1	28	4.42095	1	28	0	0	0	0.814959	0.81325	0.81644	0.814958	0.813203	0.81709	0.814959	0.81325	0.81644	0.814958	0.813203	0.81709	1	1	5.36572	
4.67235	1	30	4.42722	1	30	4.42725	1	30	0	0	0	0.81996	0.81835	0.82127	0.819959	0.816883	0.822237	0.81996	0.81835	0.82127	0.819959	0.816883	0.822237	1	1	5.37141	
4.7022	1	29	4.43962	1	29	4.43964	1	29	0	0	0	0.825002	0.823473	0.826163	0.825004	0.82313	0.82682	0.825002	0.823473	0.826163	0.825004	0.82313	0.82682	1	1	5.38254	
4.72646	1	28	4.44279	1	28	4.44282	1	28	0	0	0	0.829987	0.82835	0.831263	0.829987	0.828343	0.83329	0.829987	0.82835	0.831263	0.829987	0.828343	0.83329	1	1	5.38619	
4.75637	1	29	4.45338	1	29	4.45339	1	29	0	0	0	0.835007	0.833347	0.836293	0.83501	0.832517	0.83782	0.835007	0.833347	0.836293	0.83501	0.832517	0.83782	1	1	5.39521	
4.78785	1	28	4.46191	1	28	4.46194	1	28	0	0	0	0.84	0.838343	0.84134	0.84	0.83709	0.84254	0.84	0.838343	0.84134	0.84	0.83709	0.84254	1	1	5.40365	
4.82139	1	28	4.46852	1	28	4.46855	1	28	0	0	0	0.844985	0.843337	0.846163	0.844982	0.843107	0.847243	0.844985	0.843337	0.846163	0.844982	0.843107	0.847243	1	1	5.40947	
4.85749	1	30	4.47821	1	30	4.47823	1	30	0	0	0	0.849982	0.84841	0.851453	0.849984	0.84782	0.8522	0.849982	0.84841	0.851453	0.849984	0.84782	0.8522	1	1	5.41822	
4.90444	1	29	4.48869	1	28	4.4887	1	28	0	0	0	0.85502	0.85363	0.856407	0.855022	0.852483	0.857357	0.85502	0.85363	0.856407	0.855022	0.852483	0.857357	1	1	5.42799	
4.94836	1	28	4.49604	1	27	4.49607	1	27	0	0	0	0.860068	0.858627	0.861577	0.860065	0.85698	0.86345	0.860068	0.858627	0.861577	0.860065	0.85698	0.86345	1	1	5.43461	
5.00264	1	31	4.50522	1	31	4.50526	1	31	0	0	0	0.865001	0.863553	0.866453	0.865006	0.862603	0.86702	0.865001	0.863553	0.866453	0.865006	0.862603	0.86702	1	1	5.44294	
5.06011	1	29	4.51327	1	29	4.51329	1	29	0	0	0	0.869953	0.86868	0.871253	0.869952	0.867133	0.872373	0.869953	0.86868	0.871253	0.869952	0.867133	0.872373	1	1	5.45028	
5.14953	1	30	4.52627	1	30	4.5263	1	30	0	0	0	0.874931	0.873617	0.875907	0.874932	0.870953	0.877003	0.874931	0.873617	0.875907	0.874932	0.870953	0.877003	1	1	5.46247	
5.22783	1	34	4.53327	1	29	4.53327	1	29	0	0	0	0.879909	0.87865	0.881057	0.879909	0.877983	0.882463	0.879909	0.87865	0.881057	0.879909	0.877983	0.882463	1	1	5.4681	
5.33996	1	32	4.54201	1	28	4.54201	1	28	0	0	0	0.884859	0.883567	0.886037	0.884863	0.882883	0.88801	0.884859	0.883567	0.886037	0.884863	0.882883	0.88801	1	1	5.47666	
5.46908	1	34	4.55177	1	29	4.55181	1	29	0	0	0	0.889908	0.88883	0.890943	0.889909	0.886477	0.891773	0.889908	0.88883	0.890943	0.889909	0.886477	0.891773	1	1	5.4853	
5.70814	1	50	4.56412	1	35	4.56417	1	35	0	0	0	0.894956	0.8941	0.896027	0.894964	0.89329	0.89771	0.894956	0.8941	0.896027	0.894964	0.89329	0.89771	1	1	5.49681	
5.9715	1	66	4.57623	1	30	4.57628	1	30	0	0	0	0.899986	0.899097	0.901433	0.899993	0.89689	0.902497	0.899986	0.899097	0.901433	0.899993	0.89689	0.902497	1	1	5.50847	
6.61147	1	69	4.58885	1	30	4.58895	1	30	0	0	0	0.904927	0.90416	0.906277	0.904929	0.89972	0.907373	0.904927	0.90416	0.906277	0.904929	0.89972	0.907373	1	1	5.51941	
7.89072	1	96	4.60062	1	38	4.60064	1	38	0	0	0	0.909943	0.90911	0.910898	0.909953	0.90771	0.911702	0.909943	0.90911	0.910898	0.909953	0.90771	0.911702	1	1	5.53007	
171.997	1	2145	4.61635	1	36	4.6163	1	36	0	0	0	0.914985	0.914297	0.915617	0.914712	0.912903	0.916117	0.914985	0.914297	0.915617	0.914712	0.912903	0.916117	1	1	5.54472	
738.097	1	9218	4.62532	1	37	4.62489	1	37	0	0	0	0.92003	0.919504	0.920756	0.919019	0.917641	0.92176	0.92003	0.919504	0.920756	0.919019	0.917641	0.92176	1	1	5.55306	
