3.8389	1	8	3.8389	1	8	3.8389	1	8	0	0	0	0.00503313	0.00484667	0.00526333	0.00503292	0.00484	0.00529	0.00503313	0.00484667	0.00526333	0.00503292	0.00484	0.00529	1	1	4.83869	
3.83422	1	8	3.8342	1	8	3.8342	1	8	0	0	0	0.0100071	0.00978667	0.01026	0.0100069	0.00966333	0.01021	0.0100071	0.00978667	0.01026	0.0100069	0.00966333	0.01021	1	1	4.83385	
3.84976	1	12	3.84972	1	12	3.84971	1	12	0	0	0	0.0149985	0.01468	0.0154533	0.0149981	0.0146367	0.0154667	0.0149985	0.01468	0.0154533	0.0149981	0.0146367	0.0154667	1	1	4.84929	
3.84748	1	13	3.84734	1	13	3.84735	1	13	0	0	0	0.019986	0.0196467	0.0205267	0.0199858	0.0194333	0.02025	0.019986	0.0196467	0.0205267	0.0199858	0.0194333	0.02025	1	1	4.84684	
3.8459	1	12	3.84578	1	12	3.84579	1	12	0	0	0	0.0249837	0.0245867	0.0255	0.0249833	0.0245167	0.0256633	0.0249837	0.0245867	0.0255	0.0249833	0.0245167	0.0256633	1	1	4.8449	
3.84934	1	11	3.84917	1	11	3.84915	1	11	0	0	0	0.0300242	0.0296033	0.03046	0.030024	0.0295333	0.03042	0.0300242	0.0296033	0.03046	0.030024	0.0295333	0.03042	1	1	4.84828	
3.8396	1	12	3.83935	1	12	3.83935	1	12	0	0	0	0.0350258	0.0346	0.0353167	0.0350254	0.0346	0.03542	0.0350258	0.0346	0.0353167	0.0350254	0.0346	0.03542	1	1	4.83823	
3.84541	1	13	3.84511	1	13	3.84507	1	13	0	0	0	0.0400277	0.0394067	0.04053	0.0400275	0.0394633	0.0406933	0.0400277	0.0394067	0.04053	0.0400275	0.0394633	0.0406933	1	1	4.84389	
3.84574	1	13	3.84533	1	13	3.84536	1	13	0	0	0	0.0450169	0.04435	0.0456767	0.0450167	0.0445033	0.0456733	0.0450169	0.04435	0.0456767	0.0450167	0.0445033	0.0456733	1	1	4.8438	
3.84728	1	12	3.8468	1	12	3.84681	1	12	0	0	0	0.0499998	0.0493933	0.0506733	0.0499996	0.04938	0.0505967	0.0499998	0.0493933	0.0506733	0.0499996	0.04938	0.0505967	1	1	4.84544	
3.84836	1	13	3.84769	1	13	3.84771	1	13	0	0	0	0.0550015	0.0543467	0.0556	0.055001	0.0540567	0.05581	0.0550015	0.0543467	0.0556	0.055001	0.0540567	0.05581	1	1	4.84613	
3.84803	1	13	3.84722	1	13	3.84723	1	13	0	0	0	0.0599671	0.05932	0.0604033	0.0599673	0.0592067	0.06113	0.0599671	0.05932	0.0604033	0.0599673	0.0592067	0.06113	1	1	4.8456	
3.84582	1	13	3.84481	1	13	3.8448	1	13	0	0	0	0.0650215	0.0643533	0.06553	0.0650213	0.06444	0.0658867	0.0650215	0.0643533	0.06553	0.0650213	0.06444	0.0658867	1	1	4.84301	
3.84775	1	14	3.84674	1	14	3.84674	1	14	0	0	0	0.0699788	0.0690033	0.07044	0.0699788	0.0693433	0.0709467	0.0699788	0.0690033	0.07044	0.0699788	0.0693433	0.0709467	1	1	4.8447	
3.85209	1	14	3.85081	1	14	3.85082	1	14	0	0	0	0.0749758	0.07389	0.0755633	0.0749754	0.0743467	0.0756267	0.0749758	0.07389	0.0755633	0.0749754	0.0743467	0.0756267	1	1	4.84869	
3.85253	1	14	3.85109	1	14	3.8511	1	14	0	0	0	0.0799906	0.0788467	0.0806333	0.0799908	0.0793567	0.08153	0.0799906	0.0788467	0.0806333	0.0799908	0.0793567	0.08153	1	1	4.84856	
3.85587	1	14	3.85428	1	14	3.8543	1	14	0	0	0	0.0850135	0.0838667	0.08573	0.0850144	0.08394	0.0858167	0.0850135	0.0838667	0.08573	0.0850144	0.08394	0.0858167	1	1	4.85158	
3.85171	1	13	3.85007	1	13	3.85007	1	13	0	0	0	0.0900252	0.0889933	0.09087	0.0900246	0.08865	0.0912933	0.0900252	0.0889933	0.09087	0.0900246	0.08865	0.0912933	1	1	4.84728	
3.85599	1	14	3.85405	1	14	3.85407	1	14	0	0	0	0.09501	0.0940767	0.0960067	0.0950106	0.0940367	0.09605	0.09501	0.0940767	0.0960067	0.0950106	0.0940367	0.09605	1	1	4.85122	
3.85494	1	14	3.85285	1	14	3.85284	1	14	0	0	0	0.100001	0.0991267	0.101043	0.100001	0.09908	0.101097	0.100001	0.0991267	0.101043	0.100001	0.09908	0.101097	1	1	4.84978	
3.85554	1	14	3.85331	1	14	3.85329	1	14	0	0	0	0.105056	0.104223	0.10609	0.105057	0.10378	0.106213	0.105056	0.104223	0.10609	0.105057	0.10378	0.106213	1	1	4.85013	
3.85712	1	14	3.85444	1	14	3.85445	1	14	0	0	0	0.110075	0.109163	0.111127	0.110076	0.108923	0.11127	0.110075	0.109163	0.111127	0.110076	0.108923	0.11127	1	1	4.8511	
3.85572	1	14	3.85286	1	14	3.85287	1	14	0	0	0	0.115058	0.11411	0.115987	0.115059	0.114177	0.11584	0.115058	0.11411	0.115987	0.115059	0.114177	0.11584	1	1	4.84941	
3.8575	1	14	3.85426	1	14	3.85425	1	14	0	0	0	0.120091	0.11904	0.120967	0.120091	0.11851	0.12148	0.120091	0.11904	0.120967	0.120091	0.11851	0.12148	1	1	4.85061	
3.86132	1	14	3.85804	1	14	3.85802	1	14	0	0	0	0.125086	0.124113	0.12595	0.125085	0.124093	0.12614	0.125086	0.124113	0.12595	0.125085	0.124093	0.12614	1	1	4.85418	
3.85904	1	14	3.85529	1	14	3.85529	1	14	0	0	0	0.130036	0.129193	0.130967	0.130036	0.129197	0.13131	0.130036	0.129193	0.130967	0.130036	0.129197	0.13131	1	1	4.85119	
3.86189	1	14	3.85779	1	14	3.8578	1	14	0	0	0	0.135046	0.134153	0.13592	0.135046	0.13409	0.1361	0.135046	0.134153	0.13592	0.135046	0.13409	0.1361	1	1	4.85375	
3.86369	1	14	3.85913	1	14	3.85914	1	14	0	0	0	0.140089	0.13911	0.141013	0.140089	0.139243	0.141317	0.140089	0.13911	0.141013	0.140089	0.139243	0.141317	1	1	4.85467	
3.86832	1	14	3.86367	1	14	3.86367	1	14	0	0	0	0.1451	0.144033	0.146127	0.1451	0.144373	0.145997	0.1451	0.144033	0.146127	0.1451	0.144373	0.145997	1	1	4.85911	
3.86659	1	15	3.86156	1	15	3.86156	1	15	0	0	0	0.150073	0.149	0.151137	0.150073	0.148663	0.151733	0.150073	0.149	0.151137	0.150073	0.148663	0.151733	1	1	4.85696	
3.87295	1	19	3.86761	1	19	3.86759	1	19	0	0	0	0.155095	0.153887	0.156357	0.155094	0.153197	0.15665	0.155095	0.153887	0.156357	0.155094	0.153197	0.15665	1	1	4.86263	
3.87088	1	14	3.86506	1	14	3.86507	1	14	0	0	0	0.160132	0.15898	0.161417	0.160131	0.158603	0.161737	0.160132	0.15898	0.161417	0.160131	0.158603	0.161737	1	1	4.85999	
3.87461	1	14	3.86844	1	14	3.86844	1	14	0	0	0	0.165184	0.164157	0.166407	0.165182	0.16445	0.16607	0.165184	0.164157	0.166407	0.165182	0.16445	0.16607	1	1	4.86328	
3.87268	1	14	3.86624	1	14	3.86625	1	14	0	0	0	0.17018	0.169217	0.171373	0.170179	0.16922	0.17166	0.17018	0.169217	0.171373	0.170179	0.16922	0.17166	1	1	4.86093	
3.87674	1	15	3.86978	1	15	3.86981	1	15	0	0	0	0.175217	0.174063	0.17638	0.175217	0.173637	0.176097	0.175217	0.174063	0.17638	0.175217	0.173637	0.176097	1	1	4.86431	
3.87963	1	15	3.87193	1	14	3.87193	1	14	0	0	0	0.180281	0.178947	0.181643	0.18028	0.178673	0.181933	0.180281	0.178947	0.181643	0.18028	0.178673	0.181933	1	1	4.86608	
3.88378	1	14	3.87599	1	14	3.87599	1	14	0	0	0	0.185281	0.183897	0.18673	0.18528	0.18446	0.186127	0.185281	0.183897	0.18673	0.18528	0.18446	0.186127	1	1	4.87	
3.887	1	19	3.8783	1	19	3.8783	1	19	0	0	0	0.190259	0.188923	0.191553	0.190257	0.188923	0.191577	0.190259	0.188923	0.191553	0.190257	0.188923	0.191577	1	1	4.87188	
3.88511	1	19	3.87631	1	19	3.87632	1	19	0	0	0	0.195212	0.193857	0.196627	0.195212	0.19403	0.19658	0.195212	0.193857	0.196627	0.195212	0.19403	0.19658	1	1	4.86982	
3.88705	1	17	3.87747	1	17	3.87746	1	17	0	0	0	0.200214	0.198957	0.201677	0.200213	0.19847	0.20149	0.200214	0.198957	0.201677	0.200213	0.19847	0.20149	1	1	4.87086	
3.88834	1	15	3.87838	1	15	3.87838	1	15	0	0	0	0.205177	0.203887	0.206603	0.205177	0.203833	0.2066	0.205177	0.203887	0.206603	0.205177	0.203833	0.2066	1	1	4.87162	
3.89175	1	18	3.88103	1	18	3.88103	1	18	0	0	0	0.210146	0.208837	0.211633	0.210146	0.207813	0.211143	0.210146	0.208837	0.211633	0.210146	0.207813	0.211143	1	1	4.87387	
3.8927	1	15	3.88148	1	15	3.88149	1	15	0	0	0	0.215114	0.21374	0.216803	0.215114	0.2139	0.216347	0.215114	0.21374	0.216803	0.215114	0.2139	0.216347	1	1	4.8743	
3.89664	1	15	3.88469	1	15	3.88469	1	15	0	0	0	0.220136	0.218777	0.221903	0.220136	0.218993	0.221393	0.220136	0.218777	0.221903	0.220136	0.218993	0.221393	1	1	4.87743	
3.89797	1	19	3.88572	1	19	3.88572	1	19	0	0	0	0.225164	0.223753	0.22687	0.225164	0.224093	0.22593	0.225164	0.223753	0.22687	0.225164	0.224093	0.22593	1	1	4.87826	
3.90318	1	18	3.89027	1	18	3.89027	1	18	0	0	0	0.230132	0.228897	0.231807	0.230131	0.228923	0.232033	0.230132	0.228897	0.231807	0.230131	0.228923	0.232033	1	1	4.88244	
3.90575	1	19	3.89197	1	19	3.89197	1	19	0	0	0	0.235071	0.23388	0.236817	0.23507	0.233317	0.23656	0.235071	0.23388	0.236817	0.23507	0.233317	0.23656	1	1	4.88406	
3.90638	1	17	3.89222	1	17	3.89222	1	17	0	0	0	0.24003	0.238713	0.241923	0.24003	0.238963	0.24132	0.24003	0.238713	0.241923	0.24003	0.238963	0.24132	1	1	4.88399	
3.91151	1	15	3.89649	1	15	3.89651	1	15	0	0	0	0.24505	0.243763	0.246913	0.24505	0.24407	0.247133	0.24505	0.243763	0.246913	0.24505	0.24407	0.247133	1	1	4.88823	
3.91077	1	18	3.89507	1	18	3.89507	1	18	0	0	0	0.249962	0.248783	0.251893	0.249963	0.248423	0.251637	0.249962	0.248783	0.251893	0.249963	0.248423	0.251637	1	1	4.8865	
3.91619	1	20	3.89951	1	20	3.89953	1	20	0	0	0	0.254964	0.253697	0.25695	0.254964	0.253103	0.256253	0.254964	0.253697	0.25695	0.254964	0.253103	0.256253	1	1	4.89084	
3.91925	1	18	3.90192	1	18	3.90194	1	18	0	0	0	0.259973	0.258533	0.26183	0.259973	0.25896	0.261523	0.259973	0.258533	0.26183	0.259973	0.25896	0.261523	1	1	4.89293	
3.92255	1	18	3.90422	1	18	3.90423	1	18	0	0	0	0.265002	0.263803	0.266847	0.265002	0.263647	0.266087	0.265002	0.263803	0.266847	0.265002	0.263647	0.266087	1	1	4.89488	
3.92355	1	21	3.90461	1	21	3.90461	1	21	0	0	0	0.270024	0.268843	0.271843	0.270025	0.26883	0.271647	0.270024	0.268843	0.271843	0.270025	0.26883	0.271647	1	1	4.89524	
3.92545	1	19	3.90545	1	19	3.90546	1	19	0	0	0	0.275018	0.273793	0.276993	0.275018	0.273383	0.276667	0.275018	0.273793	0.276993	0.275018	0.273383	0.276667	1	1	4.89576	
3.93256	1	15	3.9117	1	15	3.91171	1	15	0	0	0	0.28004	0.27887	0.282073	0.28004	0.278813	0.281277	0.28004	0.27887	0.282073	0.28004	0.278813	0.281277	1	1	4.90168	
3.93476	1	19	3.91282	1	19	3.91282	1	19	0	0	0	0.285015	0.283613	0.287233	0.285015	0.28373	0.287453	0.285015	0.283613	0.287233	0.285015	0.28373	0.287453	1	1	4.90256	
3.9365	1	18	3.91382	1	18	3.91383	1	18	0	0	0	0.290035	0.288733	0.29204	0.290034	0.287987	0.291623	0.290035	0.288733	0.29204	0.290034	0.287987	0.291623	1	1	4.90342	
3.93905	1	19	3.91564	1	19	3.91566	1	19	0	0	0	0.295025	0.29379	0.29713	0.295026	0.291947	0.296783	0.295025	0.29379	0.29713	0.295026	0.291947	0.296783	1	1	4.90489	
3.94667	1	19	3.92175	1	19	3.92174	1	19	0	0	0	0.300039	0.298713	0.302297	0.300038	0.2977	0.30152	0.300039	0.298713	0.302297	0.300038	0.2977	0.30152	1	1	4.91083	
3.94582	1	20	3.92025	1	20	3.92025	1	20	0	0	0	0.305055	0.303653	0.30702	0.305055	0.303503	0.30762	0.305055	0.303653	0.30702	0.305055	0.303503	0.30762	1	1	4.90914	
3.94992	1	19	3.92274	1	19	3.92274	1	19	0	0	0	0.310057	0.30852	0.311997	0.310057	0.308877	0.312207	0.310057	0.30852	0.311997	0.310057	0.308877	0.312207	1	1	4.91159	
3.9567	1	19	3.9283	1	19	3.92832	1	19	0	0	0	0.315019	0.31352	0.316983	0.315019	0.313833	0.3167	0.315019	0.31352	0.316983	0.315019	0.313833	0.3167	1	1	4.9168	
3.9564	1	20	3.92712	1	20	3.92712	1	20	0	0	0	0.319978	0.318463	0.32199	0.319977	0.318833	0.32148	0.319978	0.318463	0.32199	0.319977	0.318833	0.32148	1	1	4.91524	
3.96057	1	21	3.93007	1	21	3.93008	1	21	0	0	0	0.324963	0.323313	0.327123	0.324965	0.323777	0.326467	0.324963	0.323313	0.327123	0.324965	0.323777	0.326467	1	1	4.91803	
3.96554	1	19	3.93405	1	19	3.93407	1	19	0	0	0	0.329995	0.328247	0.33219	0.329996	0.328803	0.33168	0.329995	0.328247	0.33219	0.329996	0.328803	0.33168	1	1	4.92189	
3.96819	1	21	3.93547	1	21	3.93548	1	21	0	0	0	0.33498	0.33312	0.3371	0.334982	0.33329	0.336123	0.33498	0.33312	0.3371	0.334982	0.33329	0.336123	1	1	4.923	
3.9737	1	20	3.93909	1	20	3.9391	1	20	0	0	0	0.339973	0.33812	0.342147	0.339973	0.33887	0.342727	0.339973	0.33812	0.342147	0.339973	0.33887	0.342727	1	1	4.92617	
3.97713	1	20	3.94141	1	20	3.94143	1	20	0	0	0	0.344971	0.343307	0.34728	0.344973	0.342617	0.3466	0.344971	0.343307	0.34728	0.344973	0.342617	0.3466	1	1	4.92828	
3.98225	1	20	3.94501	1	20	3.94502	1	20	0	0	0	0.350014	0.348253	0.352393	0.350015	0.348187	0.351457	0.350014	0.348253	0.352393	0.350015	0.348187	0.351457	1	1	4.93154	
3.98565	1	20	3.94709	1	20	3.9471	1	20	0	0	0	0.354954	0.353173	0.35734	0.354954	0.353843	0.35615	0.354954	0.353173	0.35734	0.354954	0.353843	0.35615	1	1	4.93357	
3.99138	1	20	3.95107	1	20	3.95108	1	20	0	0	0	0.35996	0.358467	0.362383	0.359962	0.358347	0.360763	0.35996	0.358467	0.362383	0.359962	0.358347	0.360763	1	1	4.93721	
3.99598	1	20	3.95372	1	20	3.95374	1	20	0	0	0	0.364936	0.363493	0.36731	0.364936	0.362423	0.366893	0.364936	0.363493	0.36731	0.364936	0.362423	0.366893	1	1	4.93972	
3.99991	1	22	3.95636	1	22	3.95637	1	22	0	0	0	0.369959	0.36853	0.372257	0.369959	0.368117	0.371167	0.369959	0.36853	0.372257	0.369959	0.368117	0.371167	1	1	4.94222	
4.00594	1	21	3.9609	1	21	3.96092	1	21	0	0	0	0.374922	0.373217	0.377313	0.374924	0.373003	0.376333	0.374922	0.373217	0.377313	0.374924	0.373003	0.376333	1	1	4.94634	
4.00827	1	21	3.96111	1	21	3.96111	1	21	0	0	0	0.379929	0.378367	0.382327	0.37993	0.378537	0.382137	0.379929	0.378367	0.382327	0.37993	0.378537	0.382137	1	1	4.94638	
4.01707	1	20	3.96741	1	20	3.96743	1	20	0	0	0	0.384977	0.38334	0.387293	0.384978	0.383663	0.38654	0.384977	0.38334	0.387293	0.384978	0.383663	0.38654	1	1	4.95226	
4.01886	1	22	3.96857	1	22	3.96858	1	22	0	0	0	0.389953	0.388323	0.392323	0.389953	0.388067	0.39292	0.389953	0.388323	0.392323	0.389953	0.388067	0.39292	1	1	4.95304	
4.02569	1	20	3.97269	1	20	3.9727	1	20	0	0	0	0.39501	0.39345	0.39733	0.39501	0.392387	0.39644	0.39501	0.39345	0.39733	0.39501	0.392387	0.39644	1	1	4.95685	
4.03109	1	20	3.97644	1	20	3.97644	1	20	0	0	0	0.400027	0.398437	0.40228	0.400027	0.39611	0.402363	0.400027	0.398437	0.40228	0.400027	0.39611	0.402363	1	1	4.96018	
4.03576	1	20	3.97907	1	19	3.97907	1	19	0	0	0	0.405089	0.4035	0.407143	0.40509	0.402747	0.40685	0.405089	0.4035	0.407143	0.40509	0.402747	0.40685	1	1	4.9626	
4.04132	1	20	3.98196	1	20	3.98196	1	20	0	0	0	0.410107	0.408143	0.412367	0.410108	0.408313	0.411677	0.410107	0.408143	0.412367	0.410108	0.408313	0.411677	1	1	4.96547	
4.04775	1	21	3.98628	1	21	3.98629	1	21	0	0	0	0.415085	0.41318	0.417193	0.415083	0.412223	0.416363	0.415085	0.41318	0.417193	0.415083	0.412223	0.416363	1	1	4.96955	
4.05076	1	21	3.98733	1	21	3.98733	1	21	0	0	0	0.420099	0.418263	0.422237	0.4201	0.417713	0.42204	0.420099	0.418263	0.422237	0.4201	0.417713	0.42204	1	1	4.97005	
4.05955	1	20	3.99349	1	20	3.99349	1	20	0	0	0	0.425086	0.423197	0.427313	0.425087	0.42308	0.426243	0.425086	0.423197	0.427313	0.425087	0.42308	0.426243	1	1	4.97599	
4.06378	1	20	3.99539	1	20	3.99539	1	20	0	0	0	0.4301	0.428197	0.43227	0.430099	0.428587	0.43175	0.4301	0.428197	0.43227	0.430099	0.428587	0.43175	1	1	4.97728	
4.07032	1	21	3.99923	1	21	3.99922	1	21	0	0	0	0.435068	0.433283	0.437193	0.435067	0.433127	0.438593	0.435068	0.433283	0.437193	0.435067	0.433127	0.438593	1	1	4.98124	
4.07656	1	20	4.00278	1	20	4.00277	1	20	0	0	0	0.440064	0.438063	0.442123	0.440064	0.437037	0.44255	0.440064	0.438063	0.442123	0.440064	0.437037	0.44255	1	1	4.98451	
4.08198	1	21	4.00515	1	21	4.00517	1	21	0	0	0	0.445103	0.443103	0.44721	0.445101	0.443727	0.44709	0.445103	0.443103	0.44721	0.445101	0.443727	0.44709	1	1	4.98652	
4.08872	1	21	4.00963	1	21	4.00964	1	21	0	0	0	0.45006	0.44807	0.452117	0.450058	0.448273	0.452817	0.45006	0.44807	0.452117	0.450058	0.448273	0.452817	1	1	4.99034	
4.09463	1	22	4.01221	1	22	4.0122	1	22	0	0	0	0.45518	0.453163	0.45733	0.455179	0.452163	0.45744	0.45518	0.453163	0.45733	0.455179	0.452163	0.45744	1	1	4.99278	
4.10362	1	21	4.01794	1	21	4.01795	1	21	0	0	0	0.460153	0.458033	0.462353	0.460153	0.458517	0.461927	0.460153	0.458033	0.462353	0.460153	0.458517	0.461927	1	1	4.99824	
4.11106	1	21	4.02199	1	21	4.02198	1	21	0	0	0	0.465124	0.463133	0.467567	0.465121	0.462927	0.467817	0.465124	0.463133	0.467567	0.465121	0.462927	0.467817	1	1	5.00188	
4.11805	1	20	4.02532	1	20	4.02534	1	20	0	0	0	0.47014	0.46793	0.472587	0.470139	0.467983	0.471453	0.47014	0.46793	0.472587	0.470139	0.467983	0.471453	1	1	5.00492	
4.1233	1	21	4.02793	1	21	4.02793	1	21	0	0	0	0.475105	0.472893	0.477557	0.475104	0.47292	0.477617	0.475105	0.472893	0.477557	0.475104	0.47292	0.477617	1	1	5.00736	
4.13246	1	22	4.03301	1	20	4.03302	1	20	0	0	0	0.480154	0.478047	0.48266	0.480153	0.47816	0.48196	0.480154	0.478047	0.48266	0.480153	0.47816	0.48196	1	1	5.01186	
4.14105	1	21	4.03769	1	21	4.03767	1	21	0	0	0	0.485161	0.483107	0.48742	0.485159	0.483507	0.487987	0.485161	0.483107	0.48742	0.485159	0.483507	0.487987	1	1	5.01609	
4.14828	1	21	4.04065	1	21	4.04066	1	21	0	0	0	0.490162	0.488077	0.492193	0.490161	0.487637	0.49206	0.490162	0.488077	0.492193	0.490161	0.487637	0.49206	1	1	5.01902	
4.15714	1	21	4.04571	1	21	4.04572	1	21	0	0	0	0.49515	0.49298	0.497327	0.495148	0.492357	0.497043	0.49515	0.49298	0.497327	0.495148	0.492357	0.497043	1	1	5.02356	
4.16168	1	22	4.04694	1	22	4.04694	1	22	0	0	0	0.500193	0.498007	0.50225	0.500191	0.496927	0.501333	0.500193	0.498007	0.50225	0.500191	0.496927	0.501333	1	1	5.02476	
4.17289	1	20	4.05309	1	20	4.0531	1	20	0	0	0	0.505152	0.50293	0.507137	0.505151	0.50361	0.507047	0.505152	0.50293	0.507137	0.505151	0.50361	0.507047	1	1	5.03015	
4.1809	1	21	4.05668	1	21	4.05667	1	21	0	0	0	0.510164	0.50804	0.512417	0.510161	0.50779	0.51143	0.510164	0.50804	0.512417	0.510161	0.50779	0.51143	1	1	5.03356	
4.19246	1	21	4.06224	1	21	4.06225	1	21	0	0	0	0.515199	0.513037	0.517437	0.515194	0.51355	0.51683	0.515199	0.513037	0.517437	0.515194	0.51355	0.51683	1	1	5.03833	
4.20314	1	21	4.06769	1	21	4.06769	1	21	0	0	0	0.520178	0.51798	0.522423	0.520177	0.517797	0.522867	0.520178	0.51798	0.522423	0.520177	0.517797	0.522867	1	1	5.04379	
4.20915	1	22	4.06995	1	21	4.06995	1	21	0	0	0	0.525159	0.522977	0.527247	0.525157	0.523417	0.526543	0.525159	0.522977	0.527247	0.525157	0.523417	0.526543	1	1	5.04558	
4.21812	1	21	4.07361	1	21	4.07361	1	21	0	0	0	0.530138	0.52793	0.53204	0.530137	0.527533	0.534377	0.530138	0.52793	0.53204	0.530137	0.527533	0.534377	1	1	5.04896	
4.23176	1	21	4.08036	1	20	4.08037	1	20	0	0	0	0.53509	0.53287	0.53698	0.53509	0.533447	0.53707	0.53509	0.53287	0.53698	0.53509	0.533447	0.53707	1	1	5.05533	
4.23932	1	21	4.0828	1	21	4.08281	1	21	0	0	0	0.540062	0.537847	0.54189	0.540059	0.538343	0.542367	0.540062	0.537847	0.54189	0.540059	0.538343	0.542367	1	1	5.05752	
4.25161	1	21	4.08842	1	21	4.08844	1	21	0	0	0	0.545019	0.542683	0.546767	0.545018	0.543007	0.54762	0.545019	0.542683	0.546767	0.545018	0.543007	0.54762	1	1	5.06252	
4.2607	1	21	4.09213	1	21	4.09214	1	21	0	0	0	0.550052	0.54768	0.55173	0.55005	0.548053	0.55342	0.550052	0.54768	0.55173	0.55005	0.548053	0.55342	1	1	5.06582	
4.27464	1	23	4.09825	1	23	4.09827	1	23	0	0	0	0.555067	0.552717	0.55697	0.555064	0.552537	0.557447	0.555067	0.552717	0.55697	0.555064	0.552537	0.557447	1	1	5.07164	
4.28695	1	21	4.10291	1	21	4.10292	1	21	0	0	0	0.560037	0.557853	0.562013	0.560034	0.55784	0.56284	0.560037	0.557853	0.562013	0.560034	0.55784	0.56284	1	1	5.07575	
4.29474	1	23	4.1043	1	22	4.10431	1	22	0	0	0	0.565038	0.562847	0.567047	0.565035	0.562313	0.567267	0.565038	0.562847	0.567047	0.565035	0.562313	0.567267	1	1	5.07675	
4.31176	1	22	4.11287	1	22	4.11288	1	22	0	0	0	0.570019	0.567987	0.571877	0.570018	0.567913	0.57171	0.570019	0.567987	0.571877	0.570018	0.567913	0.57171	1	1	5.08484	
4.32493	1	23	4.11769	1	23	4.1177	1	23	0	0	0	0.57499	0.572857	0.57707	0.574988	0.572873	0.57799	0.57499	0.572857	0.57707	0.574988	0.572873	0.57799	1	1	5.0893	
4.3372	1	23	4.12167	1	23	4.12167	1	23	0	0	0	0.579978	0.57772	0.582213	0.579975	0.57793	0.583113	0.579978	0.57772	0.582213	0.579975	0.57793	0.583113	1	1	5.09262	
4.34916	1	22	4.12529	1	21	4.12529	1	21	0	0	0	0.584984	0.582687	0.587163	0.584981	0.582873	0.589247	0.584984	0.582687	0.587163	0.584981	0.582873	0.589247	1	1	5.09583	
4.36599	1	21	4.13069	1	21	4.13069	1	21	0	0	0	0.589958	0.587593	0.592113	0.589953	0.588437	0.592017	0.589958	0.587593	0.592113	0.589953	0.588437	0.592017	1	1	5.10122	
4.38177	1	22	4.13645	1	21	4.13645	1	21	0	0	0	0.594978	0.59255	0.597227	0.594977	0.59311	0.597443	0.594978	0.59255	0.597227	0.594977	0.59311	0.597443	1	1	5.10629	
4.39722	1	22	4.14163	1	22	4.14164	1	22	0	0	0	0.599903	0.597743	0.602013	0.599902	0.597357	0.60206	0.599903	0.597743	0.602013	0.599902	0.597357	0.60206	1	1	5.11119	
4.41292	1	22	4.1456	1	22	4.14562	1	22	0	0	0	0.604821	0.602697	0.606853	0.604819	0.602843	0.606427	0.604821	0.602697	0.606853	0.604819	0.602843	0.606427	1	1	5.1145	
4.43219	1	24	4.15275	1	24	4.15277	1	24	0	0	0	0.609812	0.607587	0.61168	0.609809	0.60845	0.61211	0.609812	0.607587	0.61168	0.609809	0.60845	0.61211	1	1	5.12109	
4.44719	1	22	4.15656	1	22	4.15657	1	22	0	0	0	0.61487	0.612577	0.616683	0.614866	0.612857	0.617223	0.61487	0.612577	0.616683	0.614866	0.612857	0.617223	1	1	5.12432	
4.46496	1	22	4.16105	1	22	4.16106	1	22	0	0	0	0.619831	0.617607	0.62157	0.619832	0.617577	0.621167	0.619831	0.617607	0.62157	0.619832	0.617577	0.621167	1	1	5.12819	
4.49093	1	26	4.17042	1	22	4.17043	1	22	0	0	0	0.624903	0.62281	0.626517	0.624904	0.623433	0.627787	0.624903	0.62281	0.626517	0.624904	0.623433	0.627787	1	1	5.13716	
4.511	1	23	4.17516	1	22	4.17516	1	22	0	0	0	0.629923	0.627927	0.631537	0.629921	0.62728	0.631953	0.629923	0.627927	0.631537	0.629921	0.62728	0.631953	1	1	5.14149	
4.52732	1	27	4.17775	1	27	4.17776	1	27	0	0	0	0.634912	0.633017	0.63661	0.634909	0.632313	0.637867	0.634912	0.633017	0.63661	0.634909	0.632313	0.637867	1	1	5.14368	
4.55752	1	26	4.18687	1	26	4.18688	1	26	0	0	0	0.639955	0.638057	0.641693	0.639954	0.63767	0.64314	0.639955	0.638057	0.641693	0.639954	0.63767	0.64314	1	1	5.15188	
4.57678	1	26	4.19057	1	22	4.1906	1	22	0	0	0	0.64492	0.64296	0.64644	0.644915	0.642803	0.647267	0.64492	0.64296	0.64644	0.644915	0.642803	0.647267	1	1	5.15551	
4.60306	1	23	4.19689	1	22	4.1969	1	22	0	0	0	0.649931	0.64791	0.651557	0.649929	0.647753	0.652297	0.649931	0.64791	0.651557	0.649929	0.647753	0.652297	1	1	5.16094	
4.62617	1	24	4.20113	1	22	4.20115	1	22	0	0	0	0.654976	0.653037	0.656613	0.654974	0.652957	0.658277	0.654976	0.653037	0.656613	0.654974	0.652957	0.658277	1	1	5.16516	
4.66227	1	27	4.21082	1	22	4.21083	1	22	0	0	0	0.659958	0.657967	0.66145	0.659957	0.65538	0.662927	0.659958	0.657967	0.66145	0.659957	0.65538	0.662927	1	1	5.1738	
4.68858	1	26	4.21475	1	26	4.21475	1	26	0	0	0	0.664927	0.66291	0.666333	0.664926	0.662767	0.66649	0.664927	0.66291	0.666333	0.664926	0.662767	0.66649	1	1	5.17731	
4.71605	1	28	4.21819	1	22	4.21822	1	22	0	0	0	0.669951	0.667847	0.671333	0.669951	0.66674	0.672377	0.669951	0.667847	0.671333	0.669951	0.66674	0.672377	1	1	5.18012	
4.75188	1	27	4.22709	1	23	4.2271	1	23	0	0	0	0.674925	0.672927	0.676537	0.674925	0.671983	0.677603	0.674925	0.672927	0.676537	0.674925	0.671983	0.677603	1	1	5.18835	
4.79315	1	30	4.23297	1	27	4.23299	1	27	0	0	0	0.679923	0.677943	0.681507	0.67992	0.677177	0.68217	0.679923	0.677943	0.681507	0.67992	0.677177	0.68217	1	1	5.19364	
4.83441	1	29	4.24077	1	27	4.24081	1	27	0	0	0	0.684924	0.6829	0.686337	0.684923	0.68308	0.688577	0.684924	0.6829	0.686337	0.684923	0.68308	0.688577	1	1	5.20083	
4.87321	1	27	4.24356	1	23	4.24356	1	23	0	0	0	0.689882	0.688137	0.691387	0.689882	0.687923	0.69233	0.689882	0.688137	0.691387	0.689882	0.687923	0.69233	1	1	5.20266	
4.92611	1	33	4.25316	1	23	4.25319	1	23	0	0	0	0.694896	0.693357	0.69655	0.694894	0.693063	0.69786	0.694896	0.693357	0.69655	0.694894	0.693063	0.69786	1	1	5.21176	
4.97782	1	34	4.25887	1	23	4.25889	1	23	0	0	0	0.699911	0.698447	0.701707	0.699909	0.696873	0.702583	0.699911	0.698447	0.701707	0.699909	0.696873	0.702583	1	1	5.2173	
5.03418	1	33	4.26544	1	27	4.26546	1	27	0	0	0	0.704931	0.703377	0.706697	0.70493	0.702213	0.707917	0.704931	0.703377	0.706697	0.70493	0.702213	0.707917	1	1	5.22328	
5.1008	1	37	4.2721	1	31	4.27211	1	31	0	0	0	0.709932	0.708137	0.71179	0.709931	0.706463	0.71369	0.709932	0.708137	0.71179	0.709931	0.706463	0.71369	1	1	5.2285	
5.16127	1	33	4.2767	1	23	4.2767	1	23	0	0	0	0.714931	0.713177	0.71684	0.714929	0.71025	0.71816	0.714931	0.713177	0.71684	0.714929	0.71025	0.71816	1	1	5.23283	
5.24184	1	40	4.2853	1	24	4.28532	1	24	0	0	0	0.71995	0.7183	0.721943	0.719947	0.717557	0.72292	0.71995	0.7183	0.721943	0.719947	0.717557	0.72292	1	1	5.24017	
5.34212	1	39	4.29403	1	25	4.29405	1	25	0	0	0	0.724993	0.723197	0.726993	0.724993	0.72208	0.72732	0.724993	0.723197	0.726993	0.724993	0.72208	0.72732	1	1	5.24834	
5.43938	1	39	4.29956	1	28	4.29957	1	28	0	0	0	0.729989	0.72811	0.732023	0.729989	0.72659	0.731973	0.729989	0.72811	0.732023	0.729989	0.72659	0.731973	1	1	5.25381	
5.56616	1	52	4.30827	1	25	4.30831	1	25	0	0	0	0.734981	0.733117	0.73708	0.734984	0.731563	0.738957	0.734981	0.733117	0.73708	0.734984	0.731563	0.738957	1	1	5.26102	
5.70529	1	52	4.31791	1	25	4.31791	1	25	0	0	0	0.740023	0.738133	0.74218	0.740023	0.735803	0.74281	0.740023	0.738133	0.74218	0.740023	0.735803	0.74281	1	1	5.27003	
5.90693	1	54	4.32443	1	24	4.32446	1	24	0	0	0	0.744991	0.743123	0.747037	0.74499	0.742	0.7476	0.744991	0.743123	0.747037	0.74499	0.742	0.7476	1	1	5.27572	
6.11281	1	71	4.33067	1	27	4.3307	1	27	0	0	0	0.750027	0.748183	0.75198	0.750026	0.74754	0.754067	0.750027	0.748183	0.75198	0.750026	0.74754	0.754067	1	1	5.2812	
6.41734	1	71	4.3408	1	28	4.34082	1	28	0	0	0	0.75496	0.752987	0.756843	0.754956	0.752007	0.75853	0.75496	0.752987	0.756843	0.754956	0.752007	0.75853	1	1	5.29057	
6.87422	1	84	4.34637	1	26	4.3464	1	26	0	0	0	0.759955	0.758063	0.761883	0.75995	0.757327	0.762133	0.759955	0.758063	0.761883	0.75995	0.757327	0.762133	1	1	5.29482	
7.87069	1	137	4.35743	1	30	4.35745	1	30	0	0	0	0.764988	0.76422	0.765842	0.764984	0.763402	0.766684	0.764988	0.76422	0.765842	0.764984	0.763402	0.766684	1	1	5.3053	
10.2141	1	246	4.36494	1	32	4.36496	1	32	0	0	0	0.769992	0.76891	0.77095	0.769992	0.768098	0.77199	0.769992	0.76891	0.77095	0.769992	0.768098	0.77199	1	1	5.31174	
176.019	1	3343	4.37495	1	31	4.37492	1	31	0	0	0	0.77494	0.774234	0.775737	0.774803	0.77332	0.776691	0.77494	0.774234	0.775737	0.774803	0.77332	0.776691	1	1	5.3207	
983.973	1	12053	4.38172	1	30	4.38137	1	30	0	0	0	0.779916	0.779079	0.780761	0.778749	0.777504	0.781567	0.779916	0.779079	0.780761	0.778749	0.777504	0.781567	1	1	5.32682	
