3.83373	1	8	3.83373	1	8	3.83374	1	8	0	0	0	0.00503313	0.00484667	0.00526333	0.00503292	0.00481667	0.00526667	0.00503313	0.00484667	0.00526333	0.00503292	0.00481667	0.00526667	1	1	4.83348	
3.86149	1	8	3.86149	1	8	3.86149	1	8	0	0	0	0.0100071	0.00978667	0.01026	0.0100067	0.00960333	0.0104967	0.0100071	0.00978667	0.01026	0.0100067	0.00960333	0.0104967	1	1	4.8612	
3.85735	1	10	3.85726	1	10	3.85726	1	10	0	0	0	0.0149985	0.01468	0.0154533	0.0149983	0.01448	0.01552	0.0149985	0.01468	0.0154533	0.0149983	0.01448	0.01552	1	1	4.85692	
3.84606	1	11	3.84592	1	11	3.84587	1	11	0	0	0	0.019986	0.0196467	0.0205267	0.0199856	0.0193067	0.0203133	0.019986	0.0196467	0.0205267	0.0199856	0.0193067	0.0203133	1	1	4.84541	
3.85466	1	12	3.85452	1	12	3.85455	1	12	0	0	0	0.0249837	0.0245867	0.0255	0.0249837	0.0241167	0.0254433	0.0249837	0.0245867	0.0255	0.0249837	0.0241167	0.0254433	1	1	4.85365	
3.85353	1	12	3.85331	1	12	3.8533	1	12	0	0	0	0.0300242	0.0296033	0.03046	0.0300242	0.0294967	0.03056	0.0300242	0.0296033	0.03046	0.0300242	0.0294967	0.03056	1	1	4.85237	
3.85622	1	14	3.85587	1	14	3.85586	1	14	0	0	0	0.0350258	0.0346	0.0353167	0.0350256	0.0346267	0.0356467	0.0350258	0.0346	0.0353167	0.0350256	0.0346267	0.0356467	1	1	4.85476	
3.85403	1	13	3.85366	1	13	3.85364	1	13	0	0	0	0.0400277	0.0394067	0.04053	0.0400277	0.0393333	0.04104	0.0400277	0.0394067	0.04053	0.0400277	0.0393333	0.04104	1	1	4.85241	
3.85383	1	14	3.85331	1	14	3.85329	1	14	0	0	0	0.0450169	0.04435	0.0456767	0.0450167	0.0444833	0.0458567	0.0450169	0.04435	0.0456767	0.0450167	0.0444833	0.0458567	1	1	4.8518	
3.84983	1	12	3.84928	1	12	3.8493	1	12	0	0	0	0.0499998	0.0493933	0.0506733	0.0499998	0.0492567	0.0507167	0.0499998	0.0493933	0.0506733	0.0499998	0.0492567	0.0507167	1	1	4.84748	
3.85508	1	14	3.85425	1	14	3.85423	1	14	0	0	0	0.0550015	0.0543467	0.0556	0.0550015	0.05409	0.0555567	0.0550015	0.0543467	0.0556	0.0550015	0.05409	0.0555567	1	1	4.85227	
3.85358	1	14	3.8526	1	14	3.8526	1	14	0	0	0	0.0599671	0.05932	0.0604033	0.0599669	0.0592067	0.0610933	0.0599671	0.05932	0.0604033	0.0599669	0.0592067	0.0610933	1	1	4.85048	
3.85119	1	13	3.85003	1	13	3.85002	1	13	0	0	0	0.0650215	0.0643533	0.06553	0.0650213	0.06419	0.06562	0.0650215	0.0643533	0.06553	0.0650213	0.06419	0.06562	1	1	4.84777	
3.86162	1	14	3.86023	1	14	3.86025	1	14	0	0	0	0.0699788	0.0690033	0.07044	0.0699792	0.06891	0.0704967	0.0699788	0.0690033	0.07044	0.0699792	0.06891	0.0704967	1	1	4.85781	
3.8581	1	13	3.85657	1	13	3.85658	1	13	0	0	0	0.0749758	0.07389	0.0755633	0.0749762	0.0736267	0.0760467	0.0749758	0.07389	0.0755633	0.0749762	0.0736267	0.0760467	1	1	4.85401	
3.85773	1	13	3.85594	1	13	3.85598	1	13	0	0	0	0.0799906	0.0788467	0.0806333	0.0799908	0.0792933	0.08064	0.0799906	0.0788467	0.0806333	0.0799908	0.0792933	0.08064	1	1	4.85308	
3.86257	1	14	3.86074	1	14	3.86074	1	14	0	0	0	0.0850135	0.0838667	0.08573	0.0850129	0.08429	0.0859767	0.0850135	0.0838667	0.08573	0.0850129	0.08429	0.0859767	1	1	4.85781	
3.86167	1	14	3.8596	1	14	3.85963	1	14	0	0	0	0.0900252	0.0889933	0.09087	0.0900258	0.08898	0.09103	0.0900252	0.0889933	0.09087	0.0900258	0.08898	0.09103	1	1	4.85654	
3.86384	1	13	3.86157	1	13	3.86156	1	13	0	0	0	0.09501	0.0940767	0.0960067	0.0950102	0.0940833	0.09647	0.09501	0.0940767	0.0960067	0.0950102	0.0940833	0.09647	1	1	4.85831	
3.86297	1	15	3.86028	1	15	3.86027	1	15	0	0	0	0.100001	0.0991267	0.101043	0.100001	0.0991467	0.10103	0.100001	0.0991267	0.101043	0.100001	0.0991467	0.10103	1	1	4.85674	
3.86766	1	14	3.86478	1	14	3.86476	1	14	0	0	0	0.105056	0.104223	0.10609	0.105056	0.10405	0.106157	0.105056	0.104223	0.10609	0.105056	0.10405	0.106157	1	1	4.86093	
3.86689	1	14	3.86347	1	14	3.86348	1	14	0	0	0	0.110075	0.109163	0.111127	0.110075	0.109097	0.111327	0.110075	0.109163	0.111127	0.110075	0.109097	0.111327	1	1	4.85948	
3.86853	1	14	3.86486	1	14	3.86485	1	14	0	0	0	0.115058	0.11411	0.115987	0.115057	0.114217	0.115987	0.115058	0.11411	0.115987	0.115057	0.114217	0.115987	1	1	4.86077	
3.86923	1	14	3.86528	1	14	3.86528	1	14	0	0	0	0.120091	0.11904	0.120967	0.12009	0.119027	0.12166	0.120091	0.11904	0.120967	0.12009	0.119027	0.12166	1	1	4.86098	
3.87275	1	14	3.86826	1	14	3.86828	1	14	0	0	0	0.125086	0.124113	0.12595	0.125087	0.123753	0.125877	0.125086	0.124113	0.12595	0.125087	0.123753	0.125877	1	1	4.86406	
3.86821	1	14	3.86365	1	14	3.86364	1	14	0	0	0	0.130036	0.129193	0.130967	0.130036	0.128957	0.130883	0.130036	0.129193	0.130967	0.130036	0.128957	0.130883	1	1	4.85912	
3.87295	1	14	3.86776	1	14	3.86777	1	14	0	0	0	0.135046	0.134153	0.13592	0.135047	0.133903	0.136983	0.135046	0.134153	0.13592	0.135047	0.133903	0.136983	1	1	4.86298	
3.87653	1	15	3.87097	1	15	3.87097	1	15	0	0	0	0.140089	0.13911	0.141013	0.140089	0.13936	0.141583	0.140089	0.13911	0.141013	0.140089	0.13936	0.141583	1	1	4.86574	
3.87717	1	14	3.87133	1	14	3.87134	1	14	0	0	0	0.1451	0.144033	0.146127	0.1451	0.143643	0.14589	0.1451	0.144033	0.146127	0.1451	0.143643	0.14589	1	1	4.86598	
3.88072	1	17	3.87419	1	17	3.8742	1	17	0	0	0	0.150073	0.149	0.151137	0.150072	0.148423	0.15175	0.150073	0.149	0.151137	0.150072	0.148423	0.15175	1	1	4.86859	
3.87835	1	14	3.87148	1	14	3.87151	1	14	0	0	0	0.155095	0.153887	0.156357	0.155095	0.153783	0.15681	0.155095	0.153887	0.156357	0.155095	0.153783	0.15681	1	1	4.86586	
3.88202	1	14	3.87473	1	14	3.87475	1	14	0	0	0	0.160132	0.15898	0.161417	0.160131	0.15905	0.161683	0.160132	0.15898	0.161417	0.160131	0.15905	0.161683	1	1	4.86886	
3.88323	1	14	3.87547	1	14	3.87547	1	14	0	0	0	0.165184	0.164157	0.166407	0.165183	0.164303	0.166213	0.165184	0.164157	0.166407	0.165183	0.164303	0.166213	1	1	4.86927	
3.88311	1	17	3.87494	1	17	3.87494	1	17	0	0	0	0.17018	0.169217	0.171373	0.170181	0.168317	0.171817	0.17018	0.169217	0.171373	0.170181	0.168317	0.171817	1	1	4.86845	
3.89068	1	14	3.88179	1	14	3.8818	1	14	0	0	0	0.175217	0.174063	0.17638	0.175217	0.174427	0.17622	0.175217	0.174063	0.17638	0.175217	0.174427	0.17622	1	1	4.87531	
3.89316	1	15	3.88361	1	15	3.88358	1	15	0	0	0	0.180281	0.178947	0.181643	0.180281	0.179117	0.18164	0.180281	0.178947	0.181643	0.180281	0.179117	0.18164	1	1	4.8767	
3.88951	1	17	3.87945	1	17	3.87945	1	17	0	0	0	0.185281	0.183897	0.18673	0.185281	0.18381	0.186337	0.185281	0.183897	0.18673	0.185281	0.18381	0.186337	1	1	4.87257	
3.89328	1	15	3.88253	1	15	3.88254	1	15	0	0	0	0.190259	0.188923	0.191553	0.190258	0.189043	0.19103	0.190259	0.188923	0.191553	0.190258	0.189043	0.19103	1	1	4.87535	
3.89806	1	18	3.88676	1	18	3.88674	1	18	0	0	0	0.195212	0.193857	0.196627	0.195211	0.19322	0.197483	0.195212	0.193857	0.196627	0.195211	0.19322	0.197483	1	1	4.87929	
3.89921	1	15	3.8873	1	15	3.88729	1	15	0	0	0	0.200214	0.198957	0.201677	0.200213	0.19873	0.201903	0.200214	0.198957	0.201677	0.200213	0.19873	0.201903	1	1	4.87949	
3.90015	1	16	3.88772	1	16	3.88771	1	16	0	0	0	0.205177	0.203887	0.206603	0.205177	0.20384	0.206973	0.205177	0.203887	0.206603	0.205177	0.20384	0.206973	1	1	4.87967	
3.90299	1	19	3.88969	1	19	3.88968	1	19	0	0	0	0.210146	0.208837	0.211633	0.210147	0.209023	0.211057	0.210146	0.208837	0.211633	0.210147	0.209023	0.211057	1	1	4.88147	
3.90599	1	19	3.89177	1	19	3.89178	1	19	0	0	0	0.215114	0.21374	0.216803	0.215114	0.214143	0.216183	0.215114	0.21374	0.216803	0.215114	0.214143	0.216183	1	1	4.88332	
3.90691	1	21	3.89225	1	21	3.89225	1	21	0	0	0	0.220136	0.218777	0.221903	0.220135	0.219123	0.221987	0.220136	0.218777	0.221903	0.220135	0.219123	0.221987	1	1	4.88367	
3.9102	1	18	3.89481	1	18	3.89482	1	18	0	0	0	0.225164	0.223753	0.22687	0.225164	0.223433	0.227343	0.225164	0.223753	0.22687	0.225164	0.223433	0.227343	1	1	4.88586	
3.9118	1	18	3.89532	1	18	3.89532	1	18	0	0	0	0.230132	0.228897	0.231807	0.230131	0.228817	0.231563	0.230132	0.228897	0.231807	0.230131	0.228817	0.231563	1	1	4.88602	
3.91639	1	20	3.89923	1	20	3.89923	1	20	0	0	0	0.235071	0.23388	0.236817	0.23507	0.233673	0.23704	0.235071	0.23388	0.236817	0.23507	0.233673	0.23704	1	1	4.88989	
3.91784	1	19	3.89983	1	19	3.89982	1	19	0	0	0	0.24003	0.238713	0.241923	0.24003	0.238913	0.24107	0.24003	0.238713	0.241923	0.24003	0.238913	0.24107	1	1	4.89006	
3.91923	1	19	3.90027	1	19	3.90025	1	19	0	0	0	0.24505	0.243763	0.246913	0.245049	0.243673	0.24656	0.24505	0.243763	0.246913	0.245049	0.243673	0.24656	1	1	4.89056	
3.92229	1	20	3.90247	1	19	3.90246	1	19	0	0	0	0.249962	0.248783	0.251893	0.249962	0.248043	0.250943	0.249962	0.248783	0.251893	0.249962	0.248043	0.250943	1	1	4.89242	
3.92611	1	15	3.90494	1	15	3.90495	1	15	0	0	0	0.254964	0.253697	0.25695	0.254965	0.253467	0.256927	0.254964	0.253697	0.25695	0.254965	0.253467	0.256927	1	1	4.89437	
3.93105	1	20	3.90919	1	20	3.9092	1	20	0	0	0	0.259973	0.258533	0.26183	0.259974	0.25873	0.260993	0.259973	0.258533	0.26183	0.259974	0.25873	0.260993	1	1	4.89865	
3.93393	1	19	3.91134	1	19	3.91132	1	19	0	0	0	0.265002	0.263803	0.266847	0.265002	0.262913	0.266827	0.265002	0.263803	0.266847	0.265002	0.262913	0.266827	1	1	4.90029	
3.93229	1	21	3.90913	1	21	3.90914	1	21	0	0	0	0.270024	0.268843	0.271843	0.270025	0.2691	0.271223	0.270024	0.268843	0.271843	0.270025	0.2691	0.271223	1	1	4.89785	
3.94029	1	18	3.91533	1	18	3.91532	1	18	0	0	0	0.275018	0.273793	0.276993	0.275017	0.27352	0.27623	0.275018	0.273793	0.276993	0.275017	0.27352	0.27623	1	1	4.90371	
3.94065	1	21	3.91463	1	21	3.91463	1	21	0	0	0	0.28004	0.27887	0.282073	0.28004	0.278733	0.28176	0.28004	0.27887	0.282073	0.28004	0.278733	0.28176	1	1	4.90284	
3.94513	1	19	3.91746	1	19	3.91749	1	19	0	0	0	0.285015	0.283613	0.287233	0.285016	0.283913	0.285927	0.285015	0.283613	0.287233	0.285016	0.283913	0.285927	1	1	4.90561	
3.95007	1	18	3.92156	1	18	3.92156	1	18	0	0	0	0.290035	0.288733	0.29204	0.290035	0.288123	0.291553	0.290035	0.288733	0.29204	0.290035	0.288123	0.291553	1	1	4.90908	
3.95232	1	21	3.92265	1	21	3.92265	1	21	0	0	0	0.295025	0.29379	0.29713	0.295026	0.29387	0.296673	0.295025	0.29379	0.29713	0.295026	0.29387	0.296673	1	1	4.90984	
3.9569	1	19	3.92617	1	19	3.92619	1	19	0	0	0	0.300039	0.298713	0.302297	0.30004	0.298557	0.301417	0.300039	0.298713	0.302297	0.30004	0.298557	0.301417	1	1	4.91352	
3.95896	1	18	3.9263	1	18	3.92631	1	18	0	0	0	0.305055	0.303653	0.30702	0.305055	0.303767	0.305917	0.305055	0.303653	0.30702	0.305055	0.303767	0.305917	1	1	4.91304	
3.96522	1	19	3.93116	1	19	3.93118	1	19	0	0	0	0.310057	0.30852	0.311997	0.310056	0.307887	0.312123	0.310057	0.30852	0.311997	0.310056	0.307887	0.312123	1	1	4.9175	
3.97014	1	20	3.93505	1	20	3.93506	1	20	0	0	0	0.315019	0.31352	0.316983	0.315019	0.31378	0.317847	0.315019	0.31352	0.316983	0.315019	0.31378	0.317847	1	1	4.92118	
3.96974	1	20	3.93305	1	20	3.93305	1	20	0	0	0	0.319978	0.318463	0.32199	0.319979	0.31761	0.3221	0.319978	0.318463	0.32199	0.319979	0.31761	0.3221	1	1	4.91898	
3.9748	1	20	3.93694	1	20	3.93695	1	20	0	0	0	0.324963	0.323313	0.327123	0.324964	0.323637	0.32725	0.324963	0.323313	0.327123	0.324964	0.323637	0.32725	1	1	4.9223	
3.97965	1	18	3.93993	1	18	3.93995	1	18	0	0	0	0.329995	0.328247	0.33219	0.329996	0.328073	0.33151	0.329995	0.328247	0.33219	0.329996	0.328073	0.33151	1	1	4.92506	
3.98424	1	21	3.94244	1	21	3.94246	1	21	0	0	0	0.33498	0.33312	0.3371	0.334982	0.333383	0.336173	0.33498	0.33312	0.3371	0.334982	0.333383	0.336173	1	1	4.92766	
3.98959	1	20	3.94657	1	20	3.94656	1	20	0	0	0	0.339973	0.33812	0.342147	0.339974	0.337693	0.342373	0.339973	0.33812	0.342147	0.339974	0.337693	0.342373	1	1	4.93125	
3.99309	1	21	3.948	1	21	3.94801	1	21	0	0	0	0.344971	0.343307	0.34728	0.344971	0.343137	0.346813	0.344971	0.343307	0.34728	0.344971	0.343137	0.346813	1	1	4.93227	
3.99685	1	20	3.9501	1	20	3.95011	1	20	0	0	0	0.350014	0.348253	0.352393	0.350016	0.34862	0.351757	0.350014	0.348253	0.352393	0.350016	0.34862	0.351757	1	1	4.93421	
4.00362	1	20	3.95482	1	20	3.95481	1	20	0	0	0	0.354954	0.353173	0.35734	0.354955	0.353107	0.35615	0.354954	0.353173	0.35734	0.354955	0.353107	0.35615	1	1	4.93881	
4.00669	1	19	3.9563	1	19	3.9563	1	19	0	0	0	0.35996	0.358467	0.362383	0.359959	0.356687	0.361717	0.35996	0.358467	0.362383	0.359959	0.356687	0.361717	1	1	4.93961	
4.01065	1	19	3.95769	1	19	3.95768	1	19	0	0	0	0.364936	0.363493	0.36731	0.364936	0.363173	0.366883	0.364936	0.363493	0.36731	0.364936	0.363173	0.366883	1	1	4.94073	
4.01722	1	20	3.96289	1	20	3.96289	1	20	0	0	0	0.369959	0.36853	0.372257	0.369959	0.368357	0.37169	0.369959	0.36853	0.372257	0.369959	0.368357	0.37169	1	1	4.9458	
4.02388	1	21	3.9672	1	21	3.96721	1	21	0	0	0	0.374922	0.373217	0.377313	0.374923	0.37346	0.377387	0.374922	0.373217	0.377313	0.374923	0.37346	0.377387	1	1	4.94992	
4.02579	1	21	3.96726	1	21	3.96729	1	21	0	0	0	0.379929	0.378367	0.382327	0.37993	0.37784	0.382363	0.379929	0.378367	0.382327	0.37993	0.37784	0.382363	1	1	4.94937	
4.03268	1	21	3.9714	1	21	3.9714	1	21	0	0	0	0.384977	0.38334	0.387293	0.384978	0.383543	0.38696	0.384977	0.38334	0.387293	0.384978	0.383543	0.38696	1	1	4.95321	
4.03837	1	21	3.9749	1	21	3.9749	1	21	0	0	0	0.389953	0.388323	0.392323	0.389953	0.38826	0.39116	0.389953	0.388323	0.392323	0.389953	0.38826	0.39116	1	1	4.95622	
4.04368	1	20	3.97726	1	20	3.97726	1	20	0	0	0	0.39501	0.39345	0.39733	0.39501	0.393463	0.3975	0.39501	0.39345	0.39733	0.39501	0.393463	0.3975	1	1	4.9583	
4.05116	1	21	3.9816	1	21	3.9816	1	21	0	0	0	0.400027	0.398437	0.40228	0.400028	0.3988	0.401727	0.400027	0.398437	0.40228	0.400028	0.3988	0.401727	1	1	4.96241	
4.05379	1	22	3.98227	1	22	3.98229	1	22	0	0	0	0.405089	0.4035	0.407143	0.405089	0.4036	0.406537	0.405089	0.4035	0.407143	0.405089	0.4036	0.406537	1	1	4.96268	
4.0592	1	21	3.98583	1	20	3.98584	1	20	0	0	0	0.410107	0.408143	0.412367	0.410108	0.40867	0.41165	0.410107	0.408143	0.412367	0.410108	0.40867	0.41165	1	1	4.96581	
4.06701	1	20	3.99029	1	20	3.9903	1	20	0	0	0	0.415085	0.41318	0.417193	0.415084	0.413367	0.41691	0.415085	0.41318	0.417193	0.415084	0.413367	0.41691	1	1	4.96973	
4.07274	1	21	3.99275	1	21	3.99278	1	21	0	0	0	0.420099	0.418263	0.422237	0.4201	0.417977	0.42171	0.420099	0.418263	0.422237	0.4201	0.417977	0.42171	1	1	4.9721	
4.08162	1	21	3.99883	1	21	3.99883	1	21	0	0	0	0.425086	0.423197	0.427313	0.425086	0.423497	0.427103	0.425086	0.423197	0.427313	0.425086	0.423497	0.427103	1	1	4.97789	
4.08886	1	20	4.00181	1	20	4.00182	1	20	0	0	0	0.4301	0.428197	0.43227	0.4301	0.428203	0.4339	0.4301	0.428197	0.43227	0.4301	0.428203	0.4339	1	1	4.98022	
4.09143	1	22	4.00182	1	22	4.00184	1	22	0	0	0	0.435068	0.433283	0.437193	0.435068	0.43378	0.43769	0.435068	0.433283	0.437193	0.435068	0.43378	0.43769	1	1	4.98011	
4.09883	1	21	4.00561	1	21	4.0056	1	21	0	0	0	0.440064	0.438063	0.442123	0.440063	0.438267	0.442303	0.440064	0.438063	0.442123	0.440063	0.438267	0.442303	1	1	4.98319	
4.10394	1	21	4.00864	1	21	4.00866	1	21	0	0	0	0.445103	0.443103	0.44721	0.445101	0.443837	0.446627	0.445103	0.443103	0.44721	0.445101	0.443837	0.446627	1	1	4.98611	
4.11366	1	20	4.01359	1	20	4.01359	1	20	0	0	0	0.45006	0.44807	0.452117	0.450058	0.448473	0.45195	0.45006	0.44807	0.452117	0.450058	0.448473	0.45195	1	1	4.99025	
4.12262	1	21	4.01775	1	21	4.01776	1	21	0	0	0	0.45518	0.453163	0.45733	0.455176	0.453387	0.456913	0.45518	0.453163	0.45733	0.455176	0.453387	0.456913	1	1	4.99421	
4.12663	1	21	4.01962	1	21	4.01963	1	21	0	0	0	0.460153	0.458033	0.462353	0.460152	0.45833	0.46177	0.460153	0.458033	0.462353	0.460152	0.45833	0.46177	1	1	4.99565	
4.1357	1	20	4.02386	1	20	4.02386	1	20	0	0	0	0.465124	0.463133	0.467567	0.465123	0.463347	0.467103	0.465124	0.463133	0.467567	0.465123	0.463347	0.467103	1	1	4.9994	
4.14409	1	21	4.02733	1	21	4.02732	1	21	0	0	0	0.47014	0.46793	0.472587	0.470137	0.46748	0.471507	0.47014	0.46793	0.472587	0.470137	0.46748	0.471507	1	1	5.00277	
4.15168	1	22	4.0311	1	22	4.03109	1	22	0	0	0	0.475105	0.472893	0.477557	0.475101	0.473583	0.477163	0.475105	0.472893	0.477557	0.475101	0.473583	0.477163	1	1	5.00583	
4.15917	1	20	4.03327	1	20	4.03329	1	20	0	0	0	0.480154	0.478047	0.48266	0.480152	0.478843	0.481883	0.480154	0.478047	0.48266	0.480152	0.478843	0.481883	1	1	5.00754	
4.16846	1	22	4.03845	1	22	4.03845	1	22	0	0	0	0.485161	0.483107	0.48742	0.485159	0.483287	0.486133	0.485161	0.483107	0.48742	0.485159	0.483287	0.486133	1	1	5.01242	
4.17665	1	22	4.04147	1	22	4.04148	1	22	0	0	0	0.490162	0.488077	0.492193	0.49016	0.48789	0.491617	0.490162	0.488077	0.492193	0.49016	0.48789	0.491617	1	1	5.01513	
4.18585	1	21	4.04486	1	21	4.04487	1	21	0	0	0	0.49515	0.49298	0.497327	0.495148	0.493597	0.497113	0.49515	0.49298	0.497327	0.495148	0.493597	0.497113	1	1	5.01802	
4.19507	1	21	4.04958	1	21	4.0496	1	21	0	0	0	0.500193	0.498007	0.50225	0.500193	0.498747	0.503873	0.500193	0.498007	0.50225	0.500193	0.498747	0.503873	1	1	5.0221	
4.20393	1	22	4.05225	1	22	4.05227	1	22	0	0	0	0.505152	0.50293	0.507137	0.505149	0.50343	0.506203	0.505152	0.50293	0.507137	0.505149	0.50343	0.506203	1	1	5.02455	
4.21456	1	21	4.05729	1	21	4.05731	1	21	0	0	0	0.510164	0.50804	0.512417	0.510162	0.508153	0.51177	0.510164	0.50804	0.512417	0.510162	0.508153	0.51177	1	1	5.02857	
4.22609	1	20	4.06205	1	20	4.06205	1	20	0	0	0	0.515199	0.513037	0.517437	0.515196	0.51242	0.5172	0.515199	0.513037	0.517437	0.515196	0.51242	0.5172	1	1	5.03318	
4.23666	1	22	4.0664	1	22	4.06642	1	22	0	0	0	0.520178	0.51798	0.522423	0.520177	0.51865	0.522167	0.520178	0.51798	0.522423	0.520177	0.51865	0.522167	1	1	5.03734	
4.24702	1	22	4.06983	1	22	4.06985	1	22	0	0	0	0.525159	0.522977	0.527247	0.525156	0.52374	0.527077	0.525159	0.522977	0.527247	0.525156	0.52374	0.527077	1	1	5.04016	
4.25876	1	21	4.07515	1	21	4.07516	1	21	0	0	0	0.530138	0.52793	0.53204	0.530135	0.52845	0.532963	0.530138	0.52793	0.53204	0.530135	0.52845	0.532963	1	1	5.04473	
4.27158	1	27	4.08035	1	27	4.08035	1	27	0	0	0	0.53509	0.53287	0.53698	0.535089	0.533627	0.53781	0.53509	0.53287	0.53698	0.535089	0.533627	0.53781	1	1	5.04949	
4.28264	1	22	4.08315	1	22	4.08316	1	22	0	0	0	0.540062	0.537847	0.54189	0.540059	0.537767	0.541603	0.540062	0.537847	0.54189	0.540059	0.537767	0.541603	1	1	5.05203	
4.292	1	21	4.08469	1	21	4.0847	1	21	0	0	0	0.545019	0.542683	0.546767	0.545016	0.543427	0.54747	0.545019	0.542683	0.546767	0.545016	0.543427	0.54747	1	1	5.05315	
4.30672	1	21	4.0906	1	21	4.09062	1	21	0	0	0	0.550052	0.54768	0.55173	0.550048	0.54787	0.551503	0.550052	0.54768	0.55173	0.550048	0.54787	0.551503	1	1	5.05809	
4.32128	1	24	4.09585	1	22	4.09584	1	22	0	0	0	0.555067	0.552717	0.55697	0.555064	0.55281	0.55762	0.555067	0.552717	0.55697	0.555064	0.55281	0.55762	1	1	5.06267	
4.34066	1	21	4.1041	1	21	4.10412	1	21	0	0	0	0.560037	0.557853	0.562013	0.560033	0.557897	0.562843	0.560037	0.557853	0.562013	0.560033	0.557897	0.562843	1	1	5.07057	
4.3522	1	24	4.10646	1	22	4.10649	1	22	0	0	0	0.565038	0.562847	0.567047	0.565036	0.562233	0.567043	0.565038	0.562847	0.567047	0.565036	0.562233	0.567043	1	1	5.07235	
4.36704	1	21	4.1099	1	21	4.1099	1	21	0	0	0	0.570019	0.567987	0.571877	0.570017	0.568323	0.573027	0.570019	0.567987	0.571877	0.570017	0.568323	0.573027	1	1	5.07519	
4.37981	1	22	4.11497	1	21	4.11498	1	21	0	0	0	0.57499	0.572857	0.57707	0.574986	0.57242	0.577197	0.57499	0.572857	0.57707	0.574986	0.57242	0.577197	1	1	5.07998	
4.39803	1	21	4.11817	1	21	4.11818	1	21	0	0	0	0.579978	0.57772	0.582213	0.579975	0.57773	0.581617	0.579978	0.57772	0.582213	0.579975	0.57773	0.581617	1	1	5.08264	
4.40971	1	22	4.12088	1	22	4.12089	1	22	0	0	0	0.584984	0.582687	0.587163	0.58498	0.582627	0.58777	0.584984	0.582687	0.587163	0.58498	0.582627	0.58777	1	1	5.08521	
4.43045	1	22	4.12855	1	22	4.12857	1	22	0	0	0	0.589958	0.587593	0.592113	0.589955	0.587393	0.591983	0.589958	0.587593	0.592113	0.589955	0.587393	0.591983	1	1	5.09184	
4.44975	1	23	4.13239	1	22	4.1324	1	22	0	0	0	0.594978	0.59255	0.597227	0.594976	0.592657	0.598103	0.594978	0.59255	0.597227	0.594976	0.592657	0.598103	1	1	5.09503	
4.47232	1	25	4.1383	1	23	4.13831	1	23	0	0	0	0.599903	0.597743	0.602013	0.5999	0.597793	0.60146	0.599903	0.597743	0.602013	0.5999	0.597793	0.60146	1	1	5.1009	
4.49167	1	22	4.14529	1	21	4.14531	1	21	0	0	0	0.604821	0.602697	0.606853	0.604819	0.600843	0.60737	0.604821	0.602697	0.606853	0.604819	0.600843	0.60737	1	1	5.10722	
4.51418	1	26	4.14887	1	22	4.14888	1	22	0	0	0	0.609812	0.607587	0.61168	0.60981	0.608067	0.611893	0.609812	0.607587	0.61168	0.60981	0.608067	0.611893	1	1	5.10961	
4.53786	1	25	4.1542	1	24	4.15422	1	24	0	0	0	0.61487	0.612577	0.616683	0.614869	0.61111	0.617653	0.61487	0.612577	0.616683	0.614869	0.61111	0.617653	1	1	5.11415	
4.55605	1	26	4.15674	1	25	4.15675	1	25	0	0	0	0.619831	0.617607	0.62157	0.619828	0.61765	0.622033	0.619831	0.617607	0.62157	0.619828	0.61765	0.622033	1	1	5.11641	
4.5849	1	30	4.16572	1	22	4.16573	1	22	0	0	0	0.624903	0.62281	0.626517	0.624899	0.622633	0.62681	0.624903	0.62281	0.626517	0.624899	0.622633	0.62681	1	1	5.12455	
4.61201	1	23	4.16969	1	22	4.16971	1	22	0	0	0	0.629923	0.627927	0.631537	0.629921	0.62731	0.631893	0.629923	0.627927	0.631537	0.629921	0.62731	0.631893	1	1	5.12802	
4.63766	1	25	4.17511	1	23	4.17511	1	23	0	0	0	0.634912	0.633017	0.63661	0.634908	0.632833	0.63755	0.634912	0.633017	0.63661	0.634908	0.632833	0.63755	1	1	5.13309	
4.66501	1	23	4.17844	1	23	4.17847	1	23	0	0	0	0.639955	0.638057	0.641693	0.639953	0.636283	0.642203	0.639955	0.638057	0.641693	0.639953	0.636283	0.642203	1	1	5.13546	
4.70699	1	29	4.18818	1	23	4.18818	1	23	0	0	0	0.64492	0.64296	0.64644	0.644916	0.642897	0.647727	0.64492	0.64296	0.64644	0.644916	0.642897	0.647727	1	1	5.14468	
4.73429	1	27	4.19219	1	23	4.19221	1	23	0	0	0	0.649931	0.64791	0.651557	0.64993	0.647163	0.6513	0.649931	0.64791	0.651557	0.64993	0.647163	0.6513	1	1	5.14755	
4.77861	1	34	4.20071	1	23	4.20071	1	23	0	0	0	0.654976	0.653037	0.656613	0.654975	0.65179	0.657113	0.654976	0.653037	0.656613	0.654975	0.65179	0.657113	1	1	5.15528	
4.81275	1	27	4.20534	1	22	4.20535	1	22	0	0	0	0.659958	0.657967	0.66145	0.659956	0.658357	0.662147	0.659958	0.657967	0.66145	0.659956	0.658357	0.662147	1	1	5.15925	
4.86155	1	32	4.2112	1	23	4.21122	1	23	0	0	0	0.664927	0.66291	0.666333	0.664928	0.662523	0.666403	0.664927	0.66291	0.666333	0.664928	0.662523	0.666403	1	1	5.16457	
4.90409	1	33	4.21523	1	23	4.21525	1	23	0	0	0	0.669951	0.667847	0.671333	0.669948	0.666793	0.67216	0.669951	0.667847	0.671333	0.669948	0.666793	0.67216	1	1	5.16768	
4.95667	1	35	4.22295	1	23	4.22296	1	23	0	0	0	0.674925	0.672927	0.676537	0.674923	0.671953	0.677293	0.674925	0.672927	0.676537	0.674923	0.671953	0.677293	1	1	5.17438	
5.0064	1	33	4.22742	1	22	4.22744	1	22	0	0	0	0.679923	0.677943	0.681507	0.679924	0.678143	0.682537	0.679923	0.677943	0.681507	0.679924	0.678143	0.682537	1	1	5.17843	
5.06499	1	33	4.23316	1	23	4.23317	1	23	0	0	0	0.684924	0.6829	0.686337	0.684925	0.681893	0.687397	0.684924	0.6829	0.686337	0.684925	0.681893	0.687397	1	1	5.18352	
5.14998	1	35	4.24345	1	23	4.24347	1	23	0	0	0	0.689882	0.688137	0.691387	0.689882	0.687993	0.692523	0.689882	0.688137	0.691387	0.689882	0.687993	0.692523	1	1	5.19285	
5.22627	1	43	4.24928	1	23	4.24931	1	23	0	0	0	0.694896	0.693357	0.69655	0.69489	0.691857	0.696677	0.694896	0.693357	0.69655	0.69489	0.691857	0.696677	1	1	5.19731	
5.31444	1	40	4.25699	1	25	4.25701	1	25	0	0	0	0.699911	0.698447	0.701707	0.699907	0.697227	0.701963	0.699911	0.698447	0.701707	0.699907	0.697227	0.701963	1	1	5.2042	
5.40423	1	54	4.26193	1	23	4.26194	1	23	0	0	0	0.704931	0.703377	0.706697	0.704931	0.702773	0.706437	0.704931	0.703377	0.706697	0.704931	0.702773	0.706437	1	1	5.20822	
5.54207	1	46	4.27127	1	28	4.27127	1	28	0	0	0	0.709932	0.708137	0.71179	0.709928	0.707473	0.711837	0.709932	0.708137	0.71179	0.709928	0.707473	0.711837	1	1	5.21617	
5.65683	1	63	4.27503	1	26	4.27502	1	26	0	0	0	0.714931	0.713177	0.71684	0.714926	0.712507	0.718427	0.714931	0.713177	0.71684	0.714926	0.712507	0.718427	1	1	5.21949	
5.82352	1	70	4.28237	1	28	4.28239	1	28	0	0	0	0.71995	0.7183	0.721943	0.71995	0.7176	0.721583	0.71995	0.7183	0.721943	0.71995	0.7176	0.721583	1	1	5.22568	
5.9985	1	65	4.28917	1	27	4.2892	1	27	0	0	0	0.724993	0.723197	0.726993	0.724989	0.72211	0.727043	0.724993	0.723197	0.726993	0.724989	0.72211	0.727043	1	1	5.2318	
6.37465	1	81	4.29987	1	30	4.29988	1	30	0	0	0	0.729989	0.72811	0.732023	0.729991	0.726997	0.73292	0.729989	0.72811	0.732023	0.729991	0.726997	0.73292	1	1	5.24097	
6.75234	1	111	4.30596	1	27	4.30597	1	27	0	0	0	0.734981	0.733117	0.73708	0.734986	0.73205	0.737183	0.734981	0.733117	0.73708	0.734986	0.73205	0.737183	1	1	5.24666	
7.3519	1	125	4.31441	1	29	4.31443	1	29	0	0	0	0.740023	0.738133	0.74218	0.740027	0.737867	0.742153	0.740023	0.738133	0.74218	0.740027	0.737867	0.742153	1	1	5.25355	
8.75994	1	195	4.32492	1	29	4.32493	1	29	0	0	0	0.744991	0.743123	0.747037	0.744986	0.743187	0.74745	0.744991	0.743123	0.747037	0.744986	0.743187	0.74745	1	1	5.26236	
18.9757	1	531	4.33073	1	31	4.33072	1	31	0	0	0	0.749921	0.749096	0.750594	0.749895	0.74774	0.751286	0.749921	0.749096	0.750594	0.749895	0.74774	0.751286	1	1	5.26805	
583.726	1	7146	4.33779	1	30	4.33777	1	30	0	0	0	0.754928	0.754144	0.755636	0.754297	0.75262	0.75549	0.754928	0.754144	0.755636	0.754297	0.75262	0.75549	1	1	5.27371	
