4.50101	4	6	4.50101	4	6	4.50099	4	6	0	0	0	0.00503313	0.00484667	0.00526333	0.00503292	0.00484667	0.00526	0.00503313	0.00484667	0.00526333	0.00503292	0.00484667	0.00526	1	1	5.50101	
4.50331	4	6	4.50331	4	6	4.5033	4	6	0	0	0	0.0100071	0.00978667	0.01026	0.0100067	0.00978667	0.0102567	0.0100071	0.00978667	0.01026	0.0100067	0.00978667	0.0102567	1	1	5.50331	
4.50433	4	6	4.50433	4	6	4.50432	4	6	0	0	0	0.0149985	0.01468	0.0154533	0.0149981	0.01468	0.01545	0.0149985	0.01468	0.0154533	0.0149981	0.01468	0.01545	1	1	5.50433	
4.50306	4	6	4.50306	4	6	4.50309	4	6	0	0	0	0.019986	0.0196467	0.0205267	0.0199858	0.0196467	0.0205233	0.019986	0.0196467	0.0205267	0.0199858	0.0196467	0.0205233	1	1	5.50306	
4.50158	4	6	4.50158	4	6	4.50158	4	6	0	0	0	0.0249837	0.0245867	0.0255	0.0249837	0.0245867	0.0254967	0.0249837	0.0245867	0.0255	0.0249837	0.0245867	0.0254967	1	1	5.50158	
4.50057	4	6	4.50057	4	6	4.50059	4	6	0	0	0	0.0300242	0.0296033	0.03046	0.0300242	0.0296033	0.0304567	0.0300242	0.0296033	0.03046	0.0300242	0.0296033	0.0304567	1	1	5.50057	
4.50071	4	6	4.50071	4	6	4.50073	4	6	0	0	0	0.0350258	0.0346	0.0353167	0.0350254	0.0346	0.0353167	0.0350258	0.0346	0.0353167	0.0350254	0.0346	0.0353167	1	1	5.50071	
4.50171	4	6	4.50171	4	6	4.50173	4	6	0	0	0	0.0400277	0.0394067	0.04053	0.0400275	0.0394067	0.0405333	0.0400277	0.0394067	0.04053	0.0400275	0.0394067	0.0405333	1	1	5.50171	
4.50141	4	6	4.50141	4	6	4.50143	4	6	0	0	0	0.0450169	0.04435	0.0456767	0.0450169	0.04435	0.04568	0.0450169	0.04435	0.0456767	0.0450169	0.04435	0.04568	1	1	5.50141	
4.50129	4	6	4.50129	4	6	4.50131	4	6	0	0	0	0.0499998	0.0493933	0.0506733	0.0499998	0.0493967	0.0506767	0.0499998	0.0493933	0.0506733	0.0499998	0.0493967	0.0506767	1	1	5.50129	
4.50102	4	6	4.50102	4	6	4.50103	4	6	0	0	0	0.0550015	0.0543467	0.0556	0.0550015	0.05435	0.0556033	0.0550015	0.0543467	0.0556	0.0550015	0.05435	0.0556033	1	1	5.50102	
4.50041	4	6	4.50041	4	6	4.50042	4	6	0	0	0	0.0599671	0.05932	0.0604033	0.0599671	0.0593233	0.0604033	0.0599671	0.05932	0.0604033	0.0599671	0.0593233	0.0604033	1	1	5.50041	
4.50028	4	6	4.50028	4	6	4.5003	4	6	0	0	0	0.0650215	0.0643533	0.06553	0.0650213	0.0643567	0.0655367	0.0650215	0.0643533	0.06553	0.0650213	0.0643567	0.0655367	1	1	5.50028	
4.50065	4	6	4.50065	4	6	4.50066	4	6	0	0	0	0.0699788	0.0690033	0.07044	0.0699788	0.0690067	0.07044	0.0699788	0.0690033	0.07044	0.0699788	0.0690067	0.07044	1	1	5.50065	
4.50091	4	6	4.5009	4	6	4.50092	4	6	0	0	0	0.0749758	0.07389	0.0755633	0.074976	0.0738933	0.07557	0.0749758	0.07389	0.0755633	0.074976	0.0738933	0.07557	1	1	5.5009	
4.49991	4	6	4.4999	4	6	4.49991	4	6	0	0	0	0.0799906	0.0788467	0.0806333	0.079991	0.07885	0.0806333	0.0799906	0.0788467	0.0806333	0.079991	0.07885	0.0806333	1	1	5.4999	
4.49965	4	6	4.49964	4	6	4.49966	4	6	0	0	0	0.0850135	0.0838667	0.08573	0.085014	0.08387	0.08573	0.0850135	0.0838667	0.08573	0.085014	0.08387	0.08573	1	1	5.49964	
4.49991	4	6	4.49989	4	6	4.4999	4	6	0	0	0	0.0900252	0.0889933	0.09087	0.0900256	0.0889967	0.09087	0.0900252	0.0889933	0.09087	0.0900256	0.0889967	0.09087	1	1	5.49989	
4.50011	4	6	4.50008	4	6	4.5001	4	6	0	0	0	0.09501	0.0940767	0.0960067	0.0950104	0.0940833	0.0960067	0.09501	0.0940767	0.0960067	0.0950104	0.0940833	0.0960067	1	1	5.50008	
4.50023	4	6	4.5002	4	6	4.50021	4	6	0	0	0	0.100001	0.0991267	0.101043	0.100002	0.0991333	0.10105	0.100001	0.0991267	0.101043	0.100002	0.0991333	0.10105	1	1	5.5002	
4.49984	4	6	4.4998	4	6	4.49981	4	6	0	0	0	0.105056	0.104223	0.10609	0.105057	0.10423	0.106097	0.105056	0.104223	0.10609	0.105057	0.10423	0.106097	1	1	5.4998	
4.50006	4	6	4.50002	4	6	4.50003	4	6	0	0	0	0.110075	0.109163	0.111127	0.110076	0.10917	0.111133	0.110075	0.109163	0.111127	0.110076	0.10917	0.111133	1	1	5.50002	
4.49977	4	6	4.49972	4	6	4.49973	4	6	0	0	0	0.115058	0.11411	0.115987	0.115058	0.114117	0.115987	0.115058	0.11411	0.115987	0.115058	0.114117	0.115987	1	1	5.49972	
4.49987	4	6	4.49981	4	6	4.49982	4	6	0	0	0	0.120091	0.11904	0.120967	0.120091	0.119047	0.120973	0.120091	0.11904	0.120967	0.120091	0.119047	0.120973	1	1	5.49981	
4.4998	4	6	4.49973	4	6	4.49973	4	6	0	0	0	0.125086	0.124113	0.12595	0.125086	0.12412	0.12595	0.125086	0.124113	0.12595	0.125086	0.12412	0.12595	1	1	5.49973	
4.49981	4	6	4.49971	4	6	4.49972	4	6	0	0	0	0.130036	0.129193	0.130967	0.130036	0.129197	0.130973	0.130036	0.129193	0.130967	0.130036	0.129197	0.130973	1	1	5.49971	
4.49973	4	6	4.49963	4	6	4.49963	4	6	0	0	0	0.135046	0.134153	0.13592	0.135046	0.13416	0.135927	0.135046	0.134153	0.13592	0.135046	0.13416	0.135927	1	1	5.49963	
4.49933	4	6	4.49921	4	6	4.49922	4	6	0	0	0	0.140089	0.13911	0.141013	0.140089	0.139117	0.141013	0.140089	0.13911	0.141013	0.140089	0.139117	0.141013	1	1	5.49921	
4.49956	4	6	4.49942	4	6	4.49942	4	6	0	0	0	0.1451	0.144033	0.146127	0.1451	0.14404	0.146127	0.1451	0.144033	0.146127	0.1451	0.14404	0.146127	1	1	5.49942	
4.49955	4	6	4.49941	4	6	4.49941	4	6	0	0	0	0.150073	0.149	0.151137	0.150073	0.149007	0.151133	0.150073	0.149	0.151137	0.150073	0.149007	0.151133	1	1	5.49941	
4.49913	4	6	4.49898	4	6	4.49898	4	6	0	0	0	0.155095	0.153887	0.156357	0.155095	0.15388	0.156353	0.155095	0.153887	0.156357	0.155095	0.15388	0.156353	1	1	5.49898	
4.49934	4	6	4.49917	4	6	4.49917	4	6	0	0	0	0.160132	0.15898	0.161417	0.160131	0.158973	0.161413	0.160132	0.15898	0.161417	0.160131	0.158973	0.161413	1	1	5.49917	
4.49947	4	6	4.49929	4	6	4.49929	4	6	0	0	0	0.165184	0.164157	0.166407	0.165183	0.16415	0.166403	0.165184	0.164157	0.166407	0.165183	0.16415	0.166403	1	1	5.49929	
4.49949	4	6	4.49929	4	6	4.49929	4	6	0	0	0	0.17018	0.169217	0.171373	0.17018	0.16921	0.17137	0.17018	0.169217	0.171373	0.17018	0.16921	0.17137	1	1	5.49929	
4.49924	4	6	4.49901	4	6	4.49901	4	6	0	0	0	0.175217	0.174063	0.17638	0.175217	0.174057	0.176377	0.175217	0.174063	0.17638	0.175217	0.174057	0.176377	1	1	5.49901	
4.49897	4	6	4.4987	4	6	4.4987	4	6	0	0	0	0.180281	0.178947	0.181643	0.18028	0.17894	0.18164	0.180281	0.178947	0.181643	0.18028	0.17894	0.18164	1	1	5.4987	
4.49901	4	6	4.49872	4	6	4.49872	4	6	0	0	0	0.185281	0.183897	0.18673	0.18528	0.18389	0.186727	0.185281	0.183897	0.18673	0.18528	0.18389	0.186727	1	1	5.49872	
4.49918	4	6	4.49887	4	6	4.49887	4	6	0	0	0	0.190259	0.188923	0.191553	0.190258	0.188917	0.19155	0.190259	0.188923	0.191553	0.190258	0.188917	0.19155	1	1	5.49887	
4.49914	4	6	4.4988	4	6	4.49881	4	6	0	0	0	0.195212	0.193857	0.196627	0.195212	0.19386	0.196623	0.195212	0.193857	0.196627	0.195212	0.19386	0.196623	1	1	5.4988	
4.49897	4	6	4.49857	4	6	4.49857	4	6	0	0	0	0.200214	0.198957	0.201677	0.200213	0.19896	0.201673	0.200214	0.198957	0.201677	0.200213	0.19896	0.201673	1	1	5.49857	
4.49938	4	6	4.49894	4	6	4.49894	4	6	0	0	0	0.205177	0.203887	0.206603	0.205177	0.203883	0.2066	0.205177	0.203887	0.206603	0.205177	0.203883	0.2066	1	1	5.49894	
4.49973	4	6	4.49924	4	6	4.49925	4	6	0	0	0	0.210146	0.208837	0.211633	0.210146	0.208837	0.21163	0.210146	0.208837	0.211633	0.210146	0.208837	0.21163	1	1	5.49924	
4.49969	4	6	4.49917	4	6	4.49918	4	6	0	0	0	0.215114	0.21374	0.216803	0.215114	0.21374	0.2168	0.215114	0.21374	0.216803	0.215114	0.21374	0.2168	1	1	5.49917	
4.49999	4	6	4.49942	4	6	4.49943	4	6	0	0	0	0.220136	0.218777	0.221903	0.220135	0.218777	0.2219	0.220136	0.218777	0.221903	0.220135	0.218777	0.2219	1	1	5.49942	
4.5002	4	6	4.49958	4	6	4.49958	4	6	0	0	0	0.225164	0.223753	0.22687	0.225164	0.223753	0.226867	0.225164	0.223753	0.22687	0.225164	0.223753	0.226867	1	1	5.49958	
4.50052	4	6	4.49984	4	6	4.49984	4	6	0	0	0	0.230132	0.228897	0.231807	0.230131	0.228897	0.231803	0.230132	0.228897	0.231807	0.230131	0.228897	0.231803	1	1	5.49984	
4.50063	4	6	4.49989	4	6	4.49989	4	6	0	0	0	0.235071	0.23388	0.236817	0.23507	0.233873	0.236813	0.235071	0.23388	0.236817	0.23507	0.233873	0.236813	1	1	5.49989	
4.50086	4	6	4.50005	4	6	4.50005	4	6	0	0	0	0.24003	0.238713	0.241923	0.24003	0.238707	0.24192	0.24003	0.238713	0.241923	0.24003	0.238707	0.24192	1	1	5.50005	
4.50097	4	6	4.50008	4	6	4.50008	4	6	0	0	0	0.24505	0.243763	0.246913	0.24505	0.243757	0.24691	0.24505	0.243763	0.246913	0.24505	0.243757	0.24691	1	1	5.50008	
4.50098	4	6	4.50002	4	6	4.50003	4	6	0	0	0	0.249962	0.248783	0.251893	0.249962	0.248777	0.25189	0.249962	0.248783	0.251893	0.249962	0.248777	0.25189	1	1	5.50002	
4.50121	4	6	4.50019	4	6	4.50019	4	6	0	0	0	0.254964	0.253697	0.25695	0.254964	0.25369	0.256947	0.254964	0.253697	0.25695	0.254964	0.25369	0.256947	1	1	5.50019	
4.50131	4	6	4.5002	4	6	4.5002	4	6	0	0	0	0.259973	0.258533	0.26183	0.259974	0.258527	0.261827	0.259973	0.258533	0.26183	0.259974	0.258527	0.261827	1	1	5.5002	
4.50137	4	6	4.50016	4	6	4.50016	4	6	0	0	0	0.265002	0.263803	0.266847	0.265003	0.263797	0.266843	0.265002	0.263803	0.266847	0.265003	0.263797	0.266843	1	1	5.50016	
4.50154	4	6	4.50022	4	6	4.50023	4	6	0	0	0	0.270024	0.268843	0.271843	0.270025	0.268843	0.27184	0.270024	0.268843	0.271843	0.270025	0.268843	0.27184	1	1	5.50022	
4.50175	4	6	4.50033	4	6	4.50033	4	6	0	0	0	0.275018	0.273793	0.276993	0.275018	0.273793	0.27699	0.275018	0.273793	0.276993	0.275018	0.273793	0.27699	1	1	5.50033	
4.50182	4	6	4.5003	4	6	4.50031	4	6	0	0	0	0.28004	0.27887	0.282073	0.280041	0.27887	0.28207	0.28004	0.27887	0.282073	0.280041	0.27887	0.28207	1	1	5.5003	
4.50211	4	6	4.50045	4	6	4.50045	4	6	0	0	0	0.285015	0.283613	0.287233	0.285016	0.283613	0.28723	0.285015	0.283613	0.287233	0.285016	0.283613	0.28723	1	1	5.50045	
4.50215	4	6	4.50038	4	6	4.50039	4	6	0	0	0	0.290035	0.288733	0.29204	0.290035	0.288733	0.292037	0.290035	0.288733	0.29204	0.290035	0.288733	0.292037	1	1	5.50038	
4.50222	4	6	4.50036	4	6	4.50036	4	6	0	0	0	0.295025	0.29379	0.29713	0.295025	0.29379	0.297127	0.295025	0.29379	0.29713	0.295025	0.29379	0.297127	1	1	5.50036	
4.50247	4	6	4.50048	4	6	4.50049	4	6	0	0	0	0.300039	0.298713	0.302297	0.30004	0.298717	0.302293	0.300039	0.298713	0.302297	0.30004	0.298717	0.302293	1	1	5.50048	
4.50275	4	6	4.50062	4	6	4.50062	4	6	0	0	0	0.305055	0.303653	0.30702	0.305055	0.303657	0.307017	0.305055	0.303653	0.30702	0.305055	0.303657	0.307017	1	1	5.50062	
4.50294	4	6	4.50068	4	6	4.50068	4	6	0	0	0	0.310057	0.30852	0.311997	0.310057	0.30852	0.311993	0.310057	0.30852	0.311997	0.310057	0.30852	0.311993	1	1	5.50068	
4.50309	4	6	4.50067	4	6	4.50068	4	6	0	0	0	0.315019	0.31352	0.316983	0.315019	0.31352	0.316983	0.315019	0.31352	0.316983	0.315019	0.31352	0.316983	1	1	5.50067	
4.50313	4	6	4.50053	4	6	4.50053	4	6	0	0	0	0.319978	0.318463	0.32199	0.319978	0.318463	0.32199	0.319978	0.318463	0.32199	0.319978	0.318463	0.32199	1	1	5.50053	
4.50334	4	6	4.50057	4	6	4.50057	4	6	0	0	0	0.324963	0.323313	0.327123	0.324964	0.323313	0.327123	0.324963	0.323313	0.327123	0.324964	0.323313	0.327123	1	1	5.50057	
4.50343	4	6	4.50045	4	6	4.50045	4	6	0	0	0	0.329995	0.328247	0.33219	0.329996	0.328247	0.33219	0.329995	0.328247	0.33219	0.329996	0.328247	0.33219	1	1	5.50045	
4.50367	4	6	4.50048	4	6	4.50049	4	6	0	0	0	0.33498	0.33312	0.3371	0.334981	0.33312	0.3371	0.33498	0.33312	0.3371	0.334981	0.33312	0.3371	1	1	5.50048	
4.50393	4	7	4.50054	4	6	4.50054	4	6	0	0	0	0.339973	0.33812	0.342147	0.339974	0.33812	0.342147	0.339973	0.33812	0.342147	0.339974	0.33812	0.342147	1	1	5.50054	
4.5039	4	7	4.50031	4	6	4.50031	4	6	0	0	0	0.344971	0.343307	0.34728	0.344972	0.343307	0.34728	0.344971	0.343307	0.34728	0.344972	0.343307	0.34728	1	1	5.50031	
4.50407	4	7	4.50023	4	6	4.50024	4	6	0	0	0	0.350014	0.348253	0.352393	0.350015	0.348253	0.352393	0.350014	0.348253	0.352393	0.350015	0.348253	0.352393	1	1	5.50023	
4.50432	4	7	4.50026	4	6	4.50027	4	6	0	0	0	0.354954	0.353173	0.35734	0.354955	0.353173	0.35734	0.354954	0.353173	0.35734	0.354955	0.353173	0.35734	1	1	5.50026	
4.50449	4	7	4.50018	4	6	4.50019	4	6	0	0	0	0.35996	0.358467	0.362383	0.35996	0.358467	0.36238	0.35996	0.358467	0.362383	0.35996	0.358467	0.36238	1	1	5.50018	
4.50476	4	7	4.50017	4	6	4.50018	4	6	0	0	0	0.364936	0.363493	0.36731	0.364936	0.363493	0.367307	0.364936	0.363493	0.36731	0.364936	0.363493	0.367307	1	1	5.50017	
4.50513	4	7	4.50024	4	6	4.50024	4	6	0	0	0	0.369959	0.36853	0.372257	0.369959	0.368533	0.372253	0.369959	0.36853	0.372257	0.369959	0.368533	0.372253	1	1	5.50024	
4.50554	4	7	4.50035	4	6	4.50035	4	6	0	0	0	0.374922	0.373217	0.377313	0.374922	0.37322	0.37731	0.374922	0.373217	0.377313	0.374922	0.37322	0.37731	1	1	5.50035	
4.50598	4	7	4.50047	4	6	4.50048	4	6	0	0	0	0.379929	0.378367	0.382327	0.37993	0.378363	0.382323	0.379929	0.378367	0.382327	0.37993	0.378363	0.382323	1	1	5.50047	
4.50628	4	7	4.50045	4	6	4.50045	4	6	0	0	0	0.384977	0.38334	0.387293	0.384977	0.383337	0.38729	0.384977	0.38334	0.387293	0.384977	0.383337	0.38729	1	1	5.50045	
4.50663	4	7	4.50049	4	6	4.50049	4	6	0	0	0	0.389953	0.388323	0.392323	0.389954	0.38832	0.39232	0.389953	0.388323	0.392323	0.389954	0.38832	0.39232	1	1	5.50049	
4.50695	4	8	4.50045	4	6	4.50046	4	6	0	0	0	0.39501	0.39345	0.39733	0.395011	0.39345	0.397327	0.39501	0.39345	0.39733	0.395011	0.39345	0.397327	1	1	5.50045	
4.50731	4	8	4.50042	4	6	4.50042	4	6	0	0	0	0.400027	0.398437	0.40228	0.400027	0.398437	0.402277	0.400027	0.398437	0.40228	0.400027	0.398437	0.402277	1	1	5.50042	
4.50767	4	8	4.50045	4	6	4.50045	4	6	0	0	0	0.405089	0.4035	0.407143	0.405089	0.4035	0.40714	0.405089	0.4035	0.407143	0.405089	0.4035	0.40714	1	1	5.50045	
4.50815	4	8	4.50047	4	6	4.50047	4	6	0	0	0	0.410107	0.408143	0.412367	0.410108	0.408143	0.412363	0.410107	0.408143	0.412367	0.410108	0.408143	0.412363	1	1	5.50047	
4.50853	4	8	4.5005	4	6	4.5005	4	6	0	0	0	0.415085	0.41318	0.417193	0.415085	0.41318	0.41719	0.415085	0.41318	0.417193	0.415085	0.41318	0.41719	1	1	5.5005	
4.50887	4	8	4.50043	4	6	4.50044	4	6	0	0	0	0.420099	0.418263	0.422237	0.420099	0.418267	0.422233	0.420099	0.418263	0.422237	0.420099	0.418267	0.422233	1	1	5.50043	
4.50933	4	8	4.50041	4	6	4.50041	4	6	0	0	0	0.425086	0.423197	0.427313	0.425086	0.4232	0.42731	0.425086	0.423197	0.427313	0.425086	0.4232	0.42731	1	1	5.50041	
4.50965	4	8	4.5003	4	6	4.5003	4	6	0	0	0	0.4301	0.428197	0.43227	0.430099	0.4282	0.432267	0.4301	0.428197	0.43227	0.430099	0.4282	0.432267	1	1	5.5003	
4.51008	4	8	4.50026	4	6	4.50026	4	6	0	0	0	0.435068	0.433283	0.437193	0.435067	0.433287	0.43719	0.435068	0.433283	0.437193	0.435067	0.433287	0.43719	1	1	5.50026	
4.5107	4	8	4.50034	4	6	4.50034	4	6	0	0	0	0.440064	0.438063	0.442123	0.440063	0.438067	0.44212	0.440064	0.438063	0.442123	0.440063	0.438067	0.44212	1	1	5.50034	
4.51126	4	8	4.50032	4	6	4.50032	4	6	0	0	0	0.445103	0.443103	0.44721	0.445101	0.443107	0.447207	0.445103	0.443103	0.44721	0.445101	0.443107	0.447207	1	1	5.50032	
4.51185	4	8	4.50037	4	6	4.50038	4	6	0	0	0	0.45006	0.44807	0.452117	0.450058	0.44807	0.452113	0.45006	0.44807	0.452117	0.450058	0.44807	0.452113	1	1	5.50037	
4.51244	4	8	4.50039	4	6	4.50039	4	6	0	0	0	0.45518	0.453163	0.45733	0.455178	0.453163	0.457327	0.45518	0.453163	0.45733	0.455178	0.453163	0.457327	1	1	5.50039	
4.51296	4	8	4.50034	4	6	4.50034	4	6	0	0	0	0.460153	0.458033	0.462353	0.460151	0.458033	0.46235	0.460153	0.458033	0.462353	0.460151	0.458033	0.46235	1	1	5.50034	
4.51361	4	8	4.50037	4	6	4.50038	4	6	0	0	0	0.465124	0.463133	0.467567	0.465122	0.463133	0.467563	0.465124	0.463133	0.467567	0.465122	0.463133	0.467563	1	1	5.50037	
4.51429	4	8	4.50043	4	6	4.50043	4	6	0	0	0	0.47014	0.46793	0.472587	0.470139	0.46793	0.472583	0.47014	0.46793	0.472587	0.470139	0.46793	0.472583	1	1	5.50043	
4.51498	4	8	4.50046	4	6	4.50046	4	6	0	0	0	0.475105	0.472893	0.477557	0.475103	0.472893	0.477553	0.475105	0.472893	0.477557	0.475103	0.472893	0.477553	1	1	5.50046	
4.51572	4	8	4.50051	4	6	4.50051	4	6	0	0	0	0.480154	0.478047	0.48266	0.480151	0.478047	0.482657	0.480154	0.478047	0.48266	0.480151	0.478047	0.482657	1	1	5.50051	
4.5165	4	8	4.50053	4	6	4.50053	4	6	0	0	0	0.485161	0.483107	0.48742	0.485159	0.483107	0.487417	0.485161	0.483107	0.48742	0.485159	0.483107	0.487417	1	1	5.50053	
4.51728	4	8	4.50044	4	6	4.50044	4	6	0	0	0	0.490162	0.488077	0.492193	0.49016	0.488077	0.49219	0.490162	0.488077	0.492193	0.49016	0.488077	0.49219	1	1	5.50044	
4.51807	4	9	4.50041	4	6	4.50042	4	6	0	0	0	0.49515	0.49298	0.497327	0.495148	0.49298	0.497323	0.49515	0.49298	0.497327	0.495148	0.49298	0.497323	1	1	5.50041	
4.51893	4	9	4.5004	4	6	4.5004	4	6	0	0	0	0.500193	0.498007	0.50225	0.500191	0.498007	0.502247	0.500193	0.498007	0.50225	0.500191	0.498007	0.502247	1	1	5.5004	
4.51971	4	9	4.50038	4	6	4.50038	4	6	0	0	0	0.505152	0.50293	0.507137	0.50515	0.50293	0.507133	0.505152	0.50293	0.507137	0.50515	0.50293	0.507133	1	1	5.50038	
4.52061	4	9	4.50039	4	6	4.50039	4	6	0	0	0	0.510164	0.50804	0.512417	0.510162	0.50804	0.512413	0.510164	0.50804	0.512417	0.510162	0.50804	0.512413	1	1	5.50039	
4.52165	4	9	4.50045	4	6	4.50045	4	6	0	0	0	0.515199	0.513037	0.517437	0.515197	0.513037	0.517433	0.515199	0.513037	0.517437	0.515197	0.513037	0.517433	1	1	5.50045	
4.52273	4	9	4.50056	4	6	4.50056	4	6	0	0	0	0.520178	0.51798	0.522423	0.520176	0.51798	0.52242	0.520178	0.51798	0.522423	0.520176	0.51798	0.52242	1	1	5.50056	
4.52381	4	10	4.50068	4	6	4.50069	4	6	0	0	0	0.525159	0.522977	0.527247	0.525156	0.522977	0.527243	0.525159	0.522977	0.527247	0.525156	0.522977	0.527243	1	1	5.50068	
4.52494	4	10	4.5007	4	6	4.5007	4	6	0	0	0	0.530138	0.52793	0.53204	0.530136	0.52793	0.532037	0.530138	0.52793	0.53204	0.530136	0.52793	0.532037	1	1	5.5007	
4.52608	4	10	4.50069	4	6	4.5007	4	6	0	0	0	0.53509	0.53287	0.53698	0.535088	0.53287	0.536977	0.53509	0.53287	0.53698	0.535088	0.53287	0.536977	1	1	5.50069	
4.52726	4	10	4.50068	4	6	4.50069	4	6	0	0	0	0.540062	0.537847	0.54189	0.540059	0.537847	0.541887	0.540062	0.537847	0.54189	0.540059	0.537847	0.541887	1	1	5.50068	
4.52858	4	9	4.50081	4	6	4.50081	4	6	0	0	0	0.545019	0.542683	0.546767	0.545017	0.542683	0.546763	0.545019	0.542683	0.546767	0.545017	0.542683	0.546763	1	1	5.50081	
4.53002	4	9	4.50084	4	6	4.50084	4	6	0	0	0	0.550052	0.54768	0.55173	0.550049	0.54768	0.551727	0.550052	0.54768	0.55173	0.550049	0.54768	0.551727	1	1	5.50084	
4.5314	4	9	4.50092	4	6	4.50092	4	6	0	0	0	0.555067	0.552717	0.55697	0.555063	0.552717	0.556967	0.555067	0.552717	0.55697	0.555063	0.552717	0.556967	1	1	5.50092	
4.5328	4	9	4.50094	4	6	4.50094	4	6	0	0	0	0.560037	0.557853	0.562013	0.560034	0.557853	0.56201	0.560037	0.557853	0.562013	0.560034	0.557853	0.56201	1	1	5.50094	
4.53435	4	9	4.50102	4	6	4.50102	4	6	0	0	0	0.565038	0.562847	0.567047	0.565035	0.562847	0.567043	0.565038	0.562847	0.567047	0.565035	0.562847	0.567043	1	1	5.50102	
4.53581	4	10	4.5009	4	6	4.5009	4	6	0	0	0	0.570019	0.567987	0.571877	0.570016	0.567987	0.571873	0.570019	0.567987	0.571877	0.570016	0.567987	0.571873	1	1	5.5009	
4.5376	4	10	4.50105	4	6	4.50105	4	6	0	0	0	0.57499	0.572857	0.57707	0.574986	0.572857	0.577067	0.57499	0.572857	0.57707	0.574986	0.572857	0.577067	1	1	5.50105	
4.53938	4	11	4.50113	4	6	4.50113	4	6	0	0	0	0.579978	0.57772	0.582213	0.579974	0.57772	0.58221	0.579978	0.57772	0.582213	0.579974	0.57772	0.58221	1	1	5.50113	
4.5412	4	11	4.50111	4	6	4.50111	4	6	0	0	0	0.584984	0.582687	0.587163	0.58498	0.582687	0.58716	0.584984	0.582687	0.587163	0.58498	0.582687	0.58716	1	1	5.50111	
4.54301	4	11	4.50098	4	6	4.50098	4	6	0	0	0	0.589958	0.587593	0.592113	0.589954	0.587593	0.59211	0.589958	0.587593	0.592113	0.589954	0.587593	0.59211	1	1	5.50098	
4.54495	4	12	4.50103	4	6	4.50103	4	6	0	0	0	0.594978	0.59255	0.597227	0.594974	0.59255	0.597223	0.594978	0.59255	0.597227	0.594974	0.59255	0.597223	1	1	5.50103	
4.54715	4	12	4.50099	4	6	4.50099	4	6	0	0	0	0.599903	0.597743	0.602013	0.599899	0.597743	0.60201	0.599903	0.597743	0.602013	0.599899	0.597743	0.60201	1	1	5.50099	
4.54943	4	12	4.50105	4	6	4.50105	4	6	0	0	0	0.604821	0.602697	0.606853	0.604818	0.602697	0.60685	0.604821	0.602697	0.606853	0.604818	0.602697	0.60685	1	1	5.50105	
4.55158	4	13	4.501	4	6	4.50101	4	6	0	0	0	0.609812	0.607587	0.61168	0.609809	0.607587	0.611677	0.609812	0.607587	0.61168	0.609809	0.607587	0.611677	1	1	5.501	
4.554	4	13	4.50098	4	6	4.50098	4	6	0	0	0	0.61487	0.612577	0.616683	0.614866	0.612577	0.61668	0.61487	0.612577	0.616683	0.614866	0.612577	0.61668	1	1	5.50098	
4.55643	4	12	4.50099	4	6	4.50099	4	6	0	0	0	0.619831	0.617607	0.62157	0.619828	0.617607	0.621567	0.619831	0.617607	0.62157	0.619828	0.617607	0.621567	1	1	5.50099	
4.55895	4	12	4.50091	4	6	4.50091	4	6	0	0	0	0.624903	0.62281	0.626517	0.6249	0.62281	0.62651	0.624903	0.62281	0.626517	0.6249	0.62281	0.62651	1	1	5.50091	
4.56149	4	12	4.5009	4	6	4.5009	4	6	0	0	0	0.629923	0.627927	0.631537	0.62992	0.627927	0.63153	0.629923	0.627927	0.631537	0.62992	0.627927	0.63153	1	1	5.5009	
4.5642	4	12	4.50092	4	6	4.50092	4	6	0	0	0	0.634912	0.633017	0.63661	0.634909	0.633017	0.636607	0.634912	0.633017	0.63661	0.634909	0.633017	0.636607	1	1	5.50092	
4.56746	4	12	4.50095	4	6	4.50096	4	6	0	0	0	0.639955	0.638057	0.641693	0.639952	0.638053	0.64169	0.639955	0.638057	0.641693	0.639952	0.638053	0.64169	1	1	5.50095	
4.57101	4	12	4.50088	4	6	4.50089	4	6	0	0	0	0.64492	0.64296	0.64644	0.644917	0.642957	0.646437	0.64492	0.64296	0.64644	0.644917	0.642957	0.646437	1	1	5.50088	
4.57474	4	12	4.50086	4	6	4.50087	4	6	0	0	0	0.649931	0.64791	0.651557	0.649929	0.647907	0.651557	0.649931	0.64791	0.651557	0.649929	0.647907	0.651557	1	1	5.50086	
4.57878	4	13	4.50086	4	6	4.50087	4	6	0	0	0	0.654976	0.653037	0.656613	0.654973	0.653033	0.656613	0.654976	0.653037	0.656613	0.654973	0.653033	0.656613	1	1	5.50086	
4.58305	4	13	4.50087	4	6	4.50087	4	6	0	0	0	0.659958	0.657967	0.66145	0.659956	0.657963	0.66145	0.659958	0.657967	0.66145	0.659956	0.657963	0.66145	1	1	5.50087	
4.58706	4	13	4.50084	4	6	4.50084	4	6	0	0	0	0.664927	0.66291	0.666333	0.664924	0.662907	0.666333	0.664927	0.66291	0.666333	0.664924	0.662907	0.666333	1	1	5.50084	
4.59174	4	13	4.50086	4	6	4.50086	4	6	0	0	0	0.669951	0.667847	0.671333	0.669949	0.667843	0.671333	0.669951	0.667847	0.671333	0.669949	0.667843	0.671333	1	1	5.50086	
4.59728	4	13	4.50101	4	6	4.50101	4	6	0	0	0	0.674925	0.672927	0.676537	0.674922	0.672923	0.676537	0.674925	0.672927	0.676537	0.674922	0.672923	0.676537	1	1	5.50101	
4.60239	4	13	4.50099	4	6	4.50099	4	6	0	0	0	0.679923	0.677943	0.681507	0.67992	0.67794	0.681503	0.679923	0.677943	0.681507	0.67992	0.67794	0.681503	1	1	5.50099	
4.60782	4	13	4.50094	4	6	4.50094	4	6	0	0	0	0.684924	0.6829	0.686337	0.684921	0.682897	0.686337	0.684924	0.6829	0.686337	0.684921	0.682897	0.686337	1	1	5.50094	
4.61374	4	13	4.50098	4	6	4.50098	4	6	0	0	0	0.689882	0.688137	0.691387	0.689879	0.688133	0.691387	0.689882	0.688137	0.691387	0.689879	0.688133	0.691387	1	1	5.50098	
4.62042	4	15	4.50101	4	6	4.50101	4	6	0	0	0	0.694896	0.693357	0.69655	0.694893	0.693353	0.69655	0.694896	0.693357	0.69655	0.694893	0.693353	0.69655	1	1	5.50101	
4.6277	4	15	4.501	4	6	4.501	4	6	0	0	0	0.699911	0.698447	0.701707	0.699909	0.698447	0.701707	0.699911	0.698447	0.701707	0.699909	0.698447	0.701707	1	1	5.501	
4.6353	4	15	4.50097	4	6	4.50097	4	6	0	0	0	0.704931	0.703377	0.706697	0.704929	0.703377	0.706697	0.704931	0.703377	0.706697	0.704929	0.703377	0.706697	1	1	5.50097	
4.64393	4	15	4.50101	4	6	4.50101	4	6	0	0	0	0.709932	0.708137	0.71179	0.70993	0.708137	0.71179	0.709932	0.708137	0.71179	0.70993	0.708137	0.71179	1	1	5.50101	
4.65361	4	15	4.501	4	6	4.501	4	6	0	0	0	0.714931	0.713177	0.71684	0.714929	0.713177	0.71684	0.714931	0.713177	0.71684	0.714929	0.713177	0.71684	1	1	5.501	
4.6645	4	16	4.50099	4	6	4.501	4	6	0	0	0	0.71995	0.7183	0.721943	0.719949	0.7183	0.721943	0.71995	0.7183	0.721943	0.719949	0.7183	0.721943	1	1	5.50099	
4.6757	4	16	4.50093	4	6	4.50094	4	6	0	0	0	0.724993	0.723197	0.726993	0.724991	0.723197	0.726993	0.724993	0.723197	0.726993	0.724991	0.723197	0.726993	1	1	5.50093	
4.68954	4	18	4.50092	4	6	4.50092	4	6	0	0	0	0.729989	0.72811	0.732023	0.729987	0.72811	0.732023	0.729989	0.72811	0.732023	0.729987	0.72811	0.732023	1	1	5.50092	
4.70362	4	19	4.50088	4	6	4.50088	4	6	0	0	0	0.734981	0.733117	0.73708	0.734979	0.733117	0.73708	0.734981	0.733117	0.73708	0.734979	0.733117	0.73708	1	1	5.50088	
4.7214	4	21	4.50089	4	6	4.50089	4	6	0	0	0	0.740023	0.738133	0.74218	0.740022	0.738133	0.74218	0.740023	0.738133	0.74218	0.740022	0.738133	0.74218	1	1	5.50089	
4.74083	4	20	4.5009	4	6	4.5009	4	6	0	0	0	0.744991	0.743123	0.747037	0.74499	0.743123	0.747037	0.744991	0.743123	0.747037	0.74499	0.743123	0.747037	1	1	5.5009	
4.76407	4	22	4.50079	4	6	4.50079	4	6	0	0	0	0.750027	0.748183	0.75198	0.750025	0.74818	0.75198	0.750027	0.748183	0.75198	0.750025	0.74818	0.75198	1	1	5.50079	
4.78911	4	23	4.50078	4	6	4.50078	4	6	0	0	0	0.75496	0.752987	0.756843	0.754958	0.752987	0.756843	0.75496	0.752987	0.756843	0.754958	0.752987	0.756843	1	1	5.50078	
4.81996	4	22	4.5008	4	6	4.5008	4	6	0	0	0	0.759955	0.758063	0.761883	0.759953	0.75806	0.761883	0.759955	0.758063	0.761883	0.759953	0.75806	0.761883	1	1	5.5008	
4.85601	4	25	4.50077	4	6	4.50077	4	6	0	0	0	0.764954	0.763273	0.766787	0.764953	0.763273	0.766787	0.764954	0.763273	0.766787	0.764953	0.763273	0.766787	1	1	5.50077	
4.90238	4	34	4.50079	4	6	4.50079	4	6	0	0	0	0.76996	0.76815	0.77165	0.769958	0.768147	0.77165	0.76996	0.76815	0.77165	0.769958	0.768147	0.77165	1	1	5.50079	
4.96204	4	37	4.5007	4	6	4.50071	4	6	0	0	0	0.774975	0.773037	0.77671	0.774974	0.773033	0.77671	0.774975	0.773037	0.77671	0.774974	0.773033	0.77671	1	1	5.5007	
5.05059	4	40	4.50067	4	6	4.50067	4	6	0	0	0	0.779928	0.778267	0.781573	0.779927	0.778263	0.781573	0.779928	0.778267	0.781573	0.779927	0.778263	0.781573	1	1	5.50067	
5.17775	4	51	4.5007	4	6	4.5007	4	6	0	0	0	0.784889	0.78316	0.786483	0.784888	0.783157	0.786483	0.784889	0.78316	0.786483	0.784888	0.783157	0.786483	1	1	5.5007	
5.38367	4	57	4.50073	4	6	4.50073	4	6	0	0	0	0.78992	0.788153	0.79163	0.789919	0.78815	0.79163	0.78992	0.788153	0.79163	0.789919	0.78815	0.79163	1	1	5.50073	
5.82665	4	66	4.50068	4	6	4.50068	4	6	0	0	0	0.794933	0.793113	0.79685	0.794934	0.79311	0.79685	0.794933	0.793113	0.79685	0.794934	0.79311	0.79685	1	1	5.50068	
6.99409	4	113	4.50046	4	6	4.50046	4	6	0	0	0	0.799871	0.798635	0.801113	0.799874	0.798635	0.80111	0.799871	0.798635	0.801113	0.799874	0.798635	0.80111	1	1	5.50046	
104.743	4	2157	4.50023	4	6	4.50018	4	6	0	0	0	0.804906	0.803891	0.80593	0.80479	0.803889	0.805841	0.804906	0.803891	0.80593	0.80479	0.803889	0.805841	1	1	5.50023	
867.549	4	11767	4.50026	4	6	4.49998	4	6	0	0	0	0.809893	0.808821	0.810947	0.808814	0.801449	0.810867	0.809893	0.808821	0.810947	0.808814	0.801449	0.810867	1	1	5.50026	
