3.81609	1	8	3.81609	1	8	3.81609	1	8	0	0	0	0.00503313	0.00484667	0.00526333	0.00503292	0	0.02034	0.00503313	0.00484667	0.00526333	0.00503292	0	0.02034	1	1	4.81589	
3.80847	1	12	3.80847	1	12	3.80847	1	12	0	0	0	0.0100071	0.00978667	0.01026	0.0100069	0	0.0406567	0.0100071	0.00978667	0.01026	0.0100069	0	0.0406567	1	1	4.80772	
3.81841	1	13	3.81841	1	13	3.81841	1	13	0	0	0	0.0149985	0.01468	0.0154533	0.0149981	0	0.0602167	0.0149985	0.01468	0.0154533	0.0149981	0	0.0602167	1	1	4.81715	
3.82345	1	13	3.82345	1	13	3.82345	1	13	0	0	0	0.019986	0.0196467	0.0205267	0.0199858	0	0.0805067	0.019986	0.0196467	0.0205267	0.0199858	0	0.0805067	1	1	4.82171	
3.82989	1	13	3.82989	1	13	3.8299	1	13	0	0	0	0.0249837	0.0245867	0.0255	0.0249837	0	0.1007	0.0249837	0.0245867	0.0255	0.0249837	0	0.1007	1	1	4.828	
3.82183	1	12	3.82183	1	12	3.82178	1	12	0	0	0	0.0300242	0.0296033	0.03046	0.030024	0	0.12085	0.0300242	0.0296033	0.03046	0.030024	0	0.12085	1	1	4.81943	
3.83064	1	13	3.83064	1	13	3.8306	1	13	0	0	0	0.0350258	0.0346	0.0353167	0.0350252	0	0.14059	0.0350258	0.0346	0.0353167	0.0350252	0	0.14059	1	1	4.82782	
3.83241	1	14	3.83241	1	14	3.8324	1	14	0	0	0	0.0400277	0.0394067	0.04053	0.0400273	0	0.160503	0.0400277	0.0394067	0.04053	0.0400273	0	0.160503	1	1	4.8291	
3.83781	1	14	3.83781	1	14	3.83778	1	14	0	0	0	0.0450169	0.04435	0.0456767	0.0450167	0	0.18061	0.0450169	0.04435	0.0456767	0.0450167	0	0.18061	1	1	4.83406	
3.84822	1	14	3.84822	1	14	3.84822	1	14	0	0	0	0.0499998	0.0493933	0.0506733	0.0499994	0	0.201593	0.0499998	0.0493933	0.0506733	0.0499994	0	0.201593	1	1	4.84405	
3.85397	1	14	3.85397	1	14	3.85397	1	14	0	0	0	0.0550015	0.0543467	0.0556	0.055001	0	0.22187	0.0550015	0.0543467	0.0556	0.055001	0	0.22187	1	1	4.84914	
3.85945	1	15	3.85945	1	15	3.85947	1	15	0	0	0	0.0599671	0.05932	0.0604033	0.0599673	0	0.241723	0.0599671	0.05932	0.0604033	0.0599673	0	0.241723	1	1	4.85427	
3.86673	1	17	3.86673	1	17	3.86675	1	17	0	0	0	0.0650215	0.0643533	0.06553	0.065021	0	0.262287	0.0650215	0.0643533	0.06553	0.065021	0	0.262287	1	1	4.86123	
3.87357	1	18	3.87357	1	18	3.87361	1	18	0	0	0	0.0699788	0.0690033	0.07044	0.0699783	0	0.28182	0.0699788	0.0690033	0.07044	0.0699783	0	0.28182	1	1	4.86751	
3.88428	1	15	3.88428	1	15	3.88428	1	15	0	0	0	0.0749758	0.07389	0.0755633	0.0749756	0	0.302113	0.0749758	0.07389	0.0755633	0.0749756	0	0.302113	1	1	4.87763	
3.89467	1	21	3.89467	1	21	3.89471	1	21	0	0	0	0.0799906	0.0788467	0.0806333	0.0799904	0	0.321807	0.0799906	0.0788467	0.0806333	0.0799904	0	0.321807	1	1	4.88777	
3.90406	1	18	3.90406	1	18	3.90406	1	18	0	0	0	0.0850135	0.0838667	0.08573	0.0850135	0	0.341753	0.0850135	0.0838667	0.08573	0.0850135	0	0.341753	1	1	4.89648	
3.90629	1	20	3.90629	1	20	3.90628	1	20	0	0	0	0.0900252	0.0889933	0.09087	0.090025	0	0.36183	0.0900252	0.0889933	0.09087	0.090025	0	0.36183	1	1	4.89858	
3.92127	1	19	3.92127	1	19	3.92128	1	19	0	0	0	0.09501	0.0940767	0.0960067	0.0950104	0	0.38137	0.09501	0.0940767	0.0960067	0.0950104	0	0.38137	1	1	4.91253	
3.93208	1	19	3.93208	1	19	3.93208	1	19	0	0	0	0.100001	0.0991267	0.101043	0.100001	0	0.40157	0.100001	0.0991267	0.101043	0.100001	0	0.40157	1	1	4.92297	
3.94647	1	20	3.94647	1	20	3.94648	1	20	0	0	0	0.105056	0.104223	0.10609	0.105056	0	0.421723	0.105056	0.104223	0.10609	0.105056	0	0.421723	1	1	4.9368	
3.95836	1	21	3.95836	1	21	3.95836	1	21	0	0	0	0.110075	0.109163	0.111127	0.110075	0	0.4419	0.110075	0.109163	0.111127	0.110075	0	0.4419	1	1	4.94847	
3.96891	1	19	3.96891	1	19	3.96891	1	19	0	0	0	0.115058	0.11411	0.115987	0.115058	0	0.462143	0.115058	0.11411	0.115987	0.115058	0	0.462143	1	1	4.95839	
3.98772	1	20	3.98772	1	20	3.98772	1	20	0	0	0	0.120091	0.11904	0.120967	0.120091	0	0.482547	0.120091	0.11904	0.120967	0.120091	0	0.482547	1	1	4.97682	
4.00931	1	19	4.00931	1	19	4.00931	1	19	0	0	0	0.125086	0.124113	0.12595	0.125086	0	0.502093	0.125086	0.124113	0.12595	0.125086	0	0.502093	1	1	4.99781	
4.0205	1	20	4.0205	1	20	4.0205	1	20	0	0	0	0.130036	0.129193	0.130967	0.130036	0	0.521277	0.130036	0.129193	0.130967	0.130036	0	0.521277	1	1	5.0081	
4.03107	1	20	4.03107	1	20	4.03107	1	20	0	0	0	0.135046	0.134153	0.13592	0.135046	0	0.541637	0.135046	0.134153	0.13592	0.135046	0	0.541637	1	1	5.01829	
4.04911	1	20	4.04911	1	20	4.04912	1	20	0	0	0	0.140089	0.13911	0.141013	0.140089	0	0.562097	0.140089	0.13911	0.141013	0.140089	0	0.562097	1	1	5.03562	
4.07333	1	27	4.07333	1	27	4.07334	1	27	0	0	0	0.1451	0.144033	0.146127	0.1451	0	0.58218	0.1451	0.144033	0.146127	0.1451	0	0.58218	1	1	5.05933	
4.08698	1	25	4.08698	1	25	4.08697	1	25	0	0	0	0.150073	0.149	0.151137	0.150072	0	0.60193	0.150073	0.149	0.151137	0.150072	0	0.60193	1	1	5.07279	
4.10105	1	25	4.10105	1	25	4.10108	1	25	0	0	0	0.155095	0.153887	0.156357	0.155094	0	0.62258	0.155095	0.153887	0.156357	0.155094	0	0.62258	1	1	5.0859	
4.12485	1	22	4.12485	1	22	4.12487	1	22	0	0	0	0.160132	0.15898	0.161417	0.160131	0	0.643027	0.160132	0.15898	0.161417	0.160131	0	0.643027	1	1	5.10919	
4.1439	1	21	4.1439	1	21	4.14391	1	21	0	0	0	0.165184	0.164157	0.166407	0.165183	0	0.66371	0.165184	0.164157	0.166407	0.165183	0	0.66371	1	1	5.12739	
4.17258	1	21	4.17258	1	21	4.17259	1	21	0	0	0	0.17018	0.169217	0.171373	0.17018	0	0.684067	0.17018	0.169217	0.171373	0.17018	0	0.684067	1	1	5.15563	
4.19214	1	22	4.19214	1	22	4.19215	1	22	0	0	0	0.175217	0.174063	0.17638	0.175216	0	0.704047	0.175217	0.174063	0.17638	0.175216	0	0.704047	1	1	5.17423	
4.21886	1	23	4.21886	1	23	4.21883	1	23	0	0	0	0.180281	0.178947	0.181643	0.18028	0	0.724467	0.180281	0.178947	0.181643	0.18028	0	0.724467	1	1	5.2005	
4.2418	1	26	4.2418	1	26	4.24181	1	26	0	0	0	0.185281	0.183897	0.18673	0.185281	0	0.74426	0.185281	0.183897	0.18673	0.185281	0	0.74426	1	1	5.22311	
4.26165	1	28	4.26165	1	28	4.26165	1	28	0	0	0	0.190259	0.188923	0.191553	0.190257	0	0.7641	0.190259	0.188923	0.191553	0.190257	0	0.7641	1	1	5.24212	
4.28635	1	26	4.28635	1	26	4.28634	1	26	0	0	0	0.195212	0.193857	0.196627	0.195213	0	0.784883	0.195212	0.193857	0.196627	0.195213	0	0.784883	1	1	5.26579	
4.31903	1	27	4.31903	1	27	4.31905	1	27	0	0	0	0.200214	0.198957	0.201677	0.200214	0	0.804163	0.200214	0.198957	0.201677	0.200214	0	0.804163	1	1	5.29773	
4.34843	1	30	4.34843	1	30	4.34845	1	30	0	0	0	0.205177	0.203887	0.206603	0.205176	0	0.824543	0.205177	0.203887	0.206603	0.205176	0	0.824543	1	1	5.32681	
4.37574	1	24	4.37574	1	24	4.37574	1	24	0	0	0	0.210146	0.208837	0.211633	0.210145	0	0.844993	0.210146	0.208837	0.211633	0.210145	0	0.844993	1	1	5.35346	
4.41134	1	28	4.41134	1	28	4.41136	1	28	0	0	0	0.215114	0.21374	0.216803	0.215114	0	0.86461	0.215114	0.21374	0.216803	0.215114	0	0.86461	1	1	5.38841	
4.44223	1	28	4.44222	1	28	4.44221	1	28	0	0	0	0.220136	0.218777	0.221903	0.220135	0	0.884867	0.220136	0.218777	0.221903	0.220135	0	0.884867	1	1	5.41899	
4.47964	1	27	4.47963	1	27	4.47963	1	27	0	0	0	0.225164	0.223753	0.22687	0.225165	0	0.90485	0.225164	0.223753	0.22687	0.225165	0	0.90485	1	1	5.45508	
4.50521	1	28	4.50521	1	28	4.50516	1	28	0	0	0	0.230132	0.228897	0.231807	0.230129	0	0.924727	0.230132	0.228897	0.231807	0.230129	0	0.924727	1	1	5.47989	
4.55365	1	35	4.55365	1	35	4.55359	1	35	0	0	0	0.235071	0.23388	0.236817	0.235075	0	0.944307	0.235071	0.23388	0.236817	0.235075	0	0.944307	1	1	5.5277	
4.58602	1	29	4.58602	1	29	4.586	1	29	0	0	0	0.24003	0.238713	0.241923	0.240034	0	0.96353	0.24003	0.238713	0.241923	0.240034	0	0.96353	1	1	5.5591	
4.62795	1	36	4.62795	1	36	4.628	1	36	0	0	0	0.24505	0.243763	0.246913	0.245058	0	0.98406	0.24505	0.243763	0.246913	0.245058	0	0.98406	1	1	5.60043	
4.66809	1	34	4.66808	1	34	4.66797	1	34	0	0	0	0.249962	0.248783	0.251893	0.249709	0	1	0.249962	0.248783	0.251893	0.249709	0	1	1	1	5.6395	
4.71175	1	29	4.71174	1	29	4.71273	1	29	0	0	0	0.254964	0.253697	0.25695	0.25	0	1	0.254964	0.253697	0.25695	0.25	0	1	1	1	5.68261	
4.75844	1	29	4.75843	1	29	4.75925	1	29	0	0	0	0.259973	0.258533	0.26183	0.25	0	1	0.259973	0.258533	0.26183	0.25	0	1	1	1	5.72823	
4.80734	1	34	4.80734	1	34	4.80795	1	34	0	0	0	0.265002	0.263803	0.266847	0.25	0	1	0.265002	0.263803	0.266847	0.25	0	1	1	1	5.776	
4.85704	1	34	4.85702	1	34	4.85536	1	34	0	0	0	0.270024	0.268843	0.271843	0.25	0	1	0.270024	0.268843	0.271843	0.25	0	1	1	1	5.8254	
4.90851	1	34	4.90849	1	34	4.90701	1	34	0	0	0	0.275018	0.273793	0.276993	0.25	0	1	0.275018	0.273793	0.276993	0.25	0	1	1	1	5.87522	
4.95416	1	35	4.95414	1	35	4.95395	1	35	0	0	0	0.28004	0.27887	0.282073	0.25	0	1	0.28004	0.27887	0.282073	0.25	0	1	1	1	5.92057	
5.01352	1	42	5.01348	1	42	5.01313	1	42	0	0	0	0.285015	0.283613	0.287233	0.25	0	1	0.285015	0.283613	0.287233	0.25	0	1	1	1	5.97871	
5.07058	1	36	5.07054	1	36	5.06895	1	36	0	0	0	0.290035	0.288733	0.29204	0.25	0	1	0.290035	0.288733	0.29204	0.25	0	1	1	1	6.03513	
5.1365	1	34	5.13645	1	34	5.13404	1	35	0	0	0	0.295025	0.29379	0.29713	0.25	0	1	0.295025	0.29379	0.29713	0.25	0	1	1	1	6.10021	
5.20051	1	39	5.20046	1	39	5.20061	1	39	0	0	0	0.300039	0.298713	0.302297	0.25	0	1	0.300039	0.298713	0.302297	0.25	0	1	1	1	6.16241	
5.27106	1	37	5.27101	1	37	5.27094	1	38	0	0	0	0.305055	0.303653	0.30702	0.25	0	1	0.305055	0.303653	0.30702	0.25	0	1	1	1	6.23192	
5.33255	1	38	5.33245	1	38	5.33454	1	38	0	0	0	0.310057	0.30852	0.311997	0.25	0	1	0.310057	0.30852	0.311997	0.25	0	1	1	1	6.29224	
5.41334	1	36	5.41326	1	36	5.4116	1	36	0	0	0	0.315019	0.31352	0.316983	0.25	0	1	0.315019	0.31352	0.316983	0.25	0	1	1	1	6.37254	
5.49603	1	36	5.49593	1	36	5.49552	1	37	0	0	0	0.319978	0.318463	0.32199	0.25	0	1	0.319978	0.318463	0.32199	0.25	0	1	1	1	6.45415	
5.57528	1	42	5.57518	1	42	5.57788	1	42	0	0	0	0.324963	0.323313	0.327123	0.25	0	1	0.324963	0.323313	0.327123	0.25	0	1	1	1	6.53247	
5.6672	1	37	5.66707	1	37	5.66802	1	44	0	0	0	0.329995	0.328247	0.33219	0.25	0	1	0.329995	0.328247	0.33219	0.25	0	1	1	1	6.62307	
5.75452	1	44	5.75435	1	44	5.75563	1	44	0	0	0	0.33498	0.33312	0.3371	0.25	0	1	0.33498	0.33312	0.3371	0.25	0	1	1	1	6.70864	
5.85953	1	44	5.85932	1	44	5.85284	1	44	0	0	0	0.339973	0.33812	0.342147	0.25	0	1	0.339973	0.33812	0.342147	0.25	0	1	1	1	6.81265	
5.95188	1	46	5.95162	1	46	5.95729	1	46	0	0	0	0.344971	0.343307	0.34728	0.25	0	1	0.344971	0.343307	0.34728	0.25	0	1	1	1	6.90352	
6.07435	1	43	6.07402	1	43	6.06296	1	43	0	0	0	0.350014	0.348253	0.352393	0.25	0	1	0.350014	0.348253	0.352393	0.25	0	1	1	1	7.02496	
6.17734	1	44	6.17701	1	44	6.17975	1	45	0	0	0	0.354954	0.353173	0.35734	0.25	0	1	0.354954	0.353173	0.35734	0.25	0	1	1	1	7.12593	
6.30583	1	44	6.30535	1	44	6.29864	1	45	0	0	0	0.35996	0.358467	0.362383	0.25	0	1	0.35996	0.358467	0.362383	0.25	0	1	1	1	7.25303	
6.43368	1	45	6.43313	1	45	6.43239	1	45	0	0	0	0.364936	0.363493	0.36731	0.25	0	1	0.364936	0.363493	0.36731	0.25	0	1	1	1	7.37925	
6.57553	1	44	6.5749	1	44	6.56449	1	53	0	0	0	0.369959	0.36853	0.372257	0.25	0	1	0.369959	0.36853	0.372257	0.25	0	1	1	1	7.52004	
6.71278	1	54	6.71199	1	54	6.70762	1	54	0	0	0	0.374922	0.373217	0.377313	0.25	0	1	0.374922	0.373217	0.377313	0.25	0	1	1	1	7.65612	
6.8899	1	52	6.88891	1	52	6.87182	1	52	0	0	0	0.379929	0.378367	0.382327	0.25	0	1	0.379929	0.378367	0.382327	0.25	0	1	1	1	7.83197	
7.05072	1	50	7.0495	1	50	7.05279	1	50	0	0	0	0.384977	0.38334	0.387293	0.25	0	1	0.384977	0.38334	0.387293	0.25	0	1	1	1	7.99	
7.22868	1	51	7.22721	1	51	7.22494	1	51	0	0	0	0.389953	0.388323	0.392323	0.25	0	1	0.389953	0.388323	0.392323	0.25	0	1	1	1	8.16568	
7.43713	1	53	7.43545	1	53	7.42634	1	53	0	0	0	0.39501	0.39345	0.39733	0.25	0	1	0.39501	0.39345	0.39733	0.25	0	1	1	1	8.37236	
7.6466	1	54	7.6445	1	54	7.6278	1	54	0	0	0	0.400027	0.398437	0.40228	0.25	0	1	0.400027	0.398437	0.40228	0.25	0	1	1	1	8.58003	
7.89586	1	54	7.89327	1	54	7.86154	1	54	0	0	0	0.405089	0.4035	0.407143	0.25	0	1	0.405089	0.4035	0.407143	0.25	0	1	1	1	8.82691	
8.1211	1	52	8.11773	1	52	8.11708	1	53	0	0	0	0.410107	0.408143	0.412367	0.25	0	1	0.410107	0.408143	0.412367	0.25	0	1	1	1	9.04836	
8.39663	1	53	8.39256	1	52	8.37556	1	60	0	0	0	0.415085	0.41318	0.417193	0.25	0	1	0.415085	0.41318	0.417193	0.25	0	1	1	1	9.32124	
8.69546	1	59	8.69069	1	59	8.6821	1	61	0	0	0	0.420099	0.418263	0.422237	0.25	0	1	0.420099	0.418263	0.422237	0.25	0	1	1	1	9.61719	
9.04025	1	60	9.03402	1	60	9.01985	1	60	0	0	0	0.425086	0.423197	0.427313	0.25	0	1	0.425086	0.423197	0.427313	0.25	0	1	1	1	9.95786	
9.41952	1	55	9.41153	1	55	9.37982	1	61	0	0	0	0.4301	0.428197	0.43227	0.25	0	1	0.4301	0.428197	0.43227	0.25	0	1	1	1	10.3325	
9.82775	1	62	9.81773	1	62	9.77762	1	62	0	0	0	0.435068	0.433283	0.437193	0.25	0	1	0.435068	0.433283	0.437193	0.25	0	1	1	1	10.7365	
10.2534	1	61	10.2406	1	61	10.2245	1	61	0	0	0	0.440064	0.438063	0.442123	0.25	0	1	0.440064	0.438063	0.442123	0.25	0	1	1	1	11.1578	
10.7898	1	61	10.7735	1	61	10.7487	1	62	0	0	0	0.445103	0.443103	0.44721	0.25	0	1	0.445103	0.443103	0.44721	0.25	0	1	1	1	11.6866	
11.3672	1	61	11.346	1	61	11.3086	1	68	0	0	0	0.45006	0.44807	0.452117	0.25	0	1	0.45006	0.44807	0.452117	0.25	0	1	1	1	12.2537	
12.0614	1	67	12.0326	1	67	11.9799	1	73	0	0	0	0.45518	0.453163	0.45733	0.25	0	1	0.45518	0.453163	0.45733	0.25	0	1	1	1	12.9381	
12.8858	1	69	12.8455	1	69	12.7663	1	69	0	0	0	0.460153	0.458033	0.462353	0.25	0	1	0.460153	0.458033	0.462353	0.25	0	1	1	1	13.7439	
13.7751	1	67	13.7155	1	67	13.6589	1	73	0	0	0	0.465124	0.463133	0.467567	0.25	0	1	0.465124	0.463133	0.467567	0.25	0	1	1	1	14.6081	
14.9119	1	154	14.795	1	76	14.7567	1	76	0	0	0	0.47014	0.46793	0.472587	0.25	0	1	0.47014	0.46793	0.472587	0.25	0	1	1	1	15.6765	
16.3227	1	86	16.1379	1	74	16.1056	1	74	0	0	0	0.475105	0.472893	0.477557	0.25	0	1	0.475105	0.472893	0.477557	0.25	0	1	1	1	17.0085	
18.6358	1	224	18.0466	1	84	17.9425	1	84	0	0	0	0.480154	0.478047	0.48266	0.25	0	1	0.480154	0.478047	0.48266	0.25	0	1	1	1	18.8842	
23.405	1	596	20.4736	1	100	20.3109	1	100	0	0	0	0.485161	0.483107	0.48742	0.25	0	1	0.485161	0.483107	0.48742	0.25	0	1	1	1	21.2508	
50.011	1	1105	24.0995	1	111	23.8801	1	125	0	0	0	0.490162	0.488077	0.492193	0.25	0	1	0.490162	0.488077	0.492193	0.25	0	1	1	1	24.7249	
3378.99	1	67356	25.3615	1	129	25.3937	1	153	0	0	0	0.49515	0.49298	0.497327	0.25	0	1	0.49515	0.49298	0.497327	0.25	0	1	1	1	25.7992	
