3.44269	1	8	3.44269	1	8	3.44267	1	8	0	0	0	0.00503313	0.00484667	0.00526333	0.00503292	0.00477	0.00526333	0.00503313	0.00484667	0.00526333	0.00503292	0.00477	0.00526333	1	1	4.44257	
3.43026	1	8	3.43026	1	8	3.43026	1	8	0	0	0	0.0100071	0.00978667	0.01026	0.0100067	0.00976333	0.01022	0.0100071	0.00978667	0.01026	0.0100067	0.00976333	0.01022	1	1	4.43003	
3.43853	1	8	3.43853	1	8	3.43852	1	8	0	0	0	0.0149985	0.01468	0.0154533	0.0149981	0.0145	0.0155433	0.0149985	0.01468	0.0154533	0.0149981	0.0145	0.0155433	1	1	4.43828	
3.42628	1	12	3.42628	1	12	3.42626	1	12	0	0	0	0.019986	0.0196467	0.0205267	0.0199858	0.0195333	0.0206	0.019986	0.0196467	0.0205267	0.0199858	0.0195333	0.0206	1	1	4.42612	
3.42262	1	12	3.42262	1	12	3.42262	1	12	0	0	0	0.0249837	0.0245867	0.0255	0.0249837	0.02443	0.0254367	0.0249837	0.0245867	0.0255	0.0249837	0.02443	0.0254367	1	1	4.42231	
3.42802	1	12	3.42802	1	12	3.42802	1	12	0	0	0	0.0300242	0.0296033	0.03046	0.0300242	0.0295367	0.03045	0.0300242	0.0296033	0.03046	0.0300242	0.0295367	0.03045	1	1	4.42759	
3.43221	1	12	3.43221	1	12	3.43222	1	12	0	0	0	0.0350258	0.0346	0.0353167	0.0350256	0.0339667	0.03555	0.0350258	0.0346	0.0353167	0.0350256	0.0339667	0.03555	1	1	4.43172	
3.43107	1	12	3.43107	1	12	3.43104	1	12	0	0	0	0.0400277	0.0394067	0.04053	0.0400275	0.0392733	0.0404067	0.0400277	0.0394067	0.04053	0.0400275	0.0392733	0.0404067	1	1	4.43046	
3.42707	1	12	3.42707	1	12	3.42704	1	12	0	0	0	0.0450169	0.04435	0.0456767	0.0450169	0.0446033	0.0457133	0.0450169	0.04435	0.0456767	0.0450169	0.0446033	0.0457133	1	1	4.42649	
3.42687	1	13	3.42687	1	13	3.42685	1	13	0	0	0	0.0499998	0.0493933	0.0506733	0.0499996	0.0493033	0.0504067	0.0499998	0.0493933	0.0506733	0.0499996	0.0493033	0.0504067	1	1	4.42621	
3.43066	1	13	3.43066	1	13	3.43065	1	13	0	0	0	0.0550015	0.0543467	0.0556	0.0550008	0.0542733	0.0558833	0.0550015	0.0543467	0.0556	0.0550008	0.0542733	0.0558833	1	1	4.42984	
3.42244	1	13	3.42244	1	13	3.42244	1	13	0	0	0	0.0599671	0.05932	0.0604033	0.0599667	0.0592633	0.0608033	0.0599671	0.05932	0.0604033	0.0599667	0.0592633	0.0608033	1	1	4.4215	
3.42943	1	12	3.42943	1	12	3.42945	1	12	0	0	0	0.0650215	0.0643533	0.06553	0.0650213	0.0642667	0.0657867	0.0650215	0.0643533	0.06553	0.0650213	0.0642667	0.0657867	1	1	4.42853	
3.42608	1	13	3.42608	1	13	3.4261	1	13	0	0	0	0.0699788	0.0690033	0.07044	0.0699785	0.06901	0.0708333	0.0699788	0.0690033	0.07044	0.0699785	0.06901	0.0708333	1	1	4.42512	
3.42779	1	14	3.42778	1	14	3.42778	1	14	0	0	0	0.0749758	0.07389	0.0755633	0.0749756	0.0738967	0.0759467	0.0749758	0.07389	0.0755633	0.0749756	0.0738967	0.0759467	1	1	4.42683	
3.43362	1	14	3.43362	1	14	3.43361	1	14	0	0	0	0.0799906	0.0788467	0.0806333	0.0799908	0.07907	0.0804367	0.0799906	0.0788467	0.0806333	0.0799908	0.07907	0.0804367	1	1	4.43251	
3.43121	1	13	3.43121	1	13	3.43121	1	13	0	0	0	0.0850135	0.0838667	0.08573	0.0850135	0.08422	0.08575	0.0850135	0.0838667	0.08573	0.0850135	0.08422	0.08575	1	1	4.43003	
3.43055	1	13	3.43055	1	13	3.43057	1	13	0	0	0	0.0900252	0.0889933	0.09087	0.0900246	0.0889433	0.0910333	0.0900252	0.0889933	0.09087	0.0900246	0.0889433	0.0910333	1	1	4.42933	
3.43511	1	13	3.43509	1	13	3.43511	1	13	0	0	0	0.09501	0.0940767	0.0960067	0.09501	0.09391	0.09565	0.09501	0.0940767	0.0960067	0.09501	0.09391	0.09565	1	1	4.43371	
3.43093	1	14	3.43092	1	14	3.43092	1	14	0	0	0	0.100001	0.0991267	0.101043	0.100001	0.09864	0.101073	0.100001	0.0991267	0.101043	0.100001	0.09864	0.101073	1	1	4.42952	
3.43552	1	14	3.43551	1	14	3.43555	1	14	0	0	0	0.105056	0.104223	0.10609	0.105057	0.104383	0.10579	0.105056	0.104223	0.10609	0.105057	0.104383	0.10579	1	1	4.43413	
3.43328	1	13	3.43327	1	13	3.4333	1	13	0	0	0	0.110075	0.109163	0.111127	0.110075	0.108977	0.110777	0.110075	0.109163	0.111127	0.110075	0.108977	0.110777	1	1	4.43171	
3.43563	1	14	3.43562	1	14	3.43561	1	14	0	0	0	0.115058	0.11411	0.115987	0.115057	0.114547	0.115937	0.115058	0.11411	0.115987	0.115057	0.114547	0.115937	1	1	4.43388	
3.43493	1	13	3.4349	1	13	3.4349	1	13	0	0	0	0.120091	0.11904	0.120967	0.120091	0.119447	0.120737	0.120091	0.11904	0.120967	0.120091	0.119447	0.120737	1	1	4.43317	
3.43744	1	14	3.43742	1	14	3.43742	1	14	0	0	0	0.125086	0.124113	0.12595	0.125086	0.123553	0.126257	0.125086	0.124113	0.12595	0.125086	0.123553	0.126257	1	1	4.43563	
3.44031	1	14	3.44029	1	14	3.44028	1	14	0	0	0	0.130036	0.129193	0.130967	0.130036	0.128823	0.1316	0.130036	0.129193	0.130967	0.130036	0.128823	0.1316	1	1	4.43847	
3.4399	1	14	3.43987	1	14	3.43988	1	14	0	0	0	0.135046	0.134153	0.13592	0.135047	0.13368	0.135887	0.135046	0.134153	0.13592	0.135047	0.13368	0.135887	1	1	4.43795	
3.442	1	14	3.44197	1	14	3.44197	1	14	0	0	0	0.140089	0.13911	0.141013	0.140089	0.13858	0.140937	0.140089	0.13911	0.141013	0.140089	0.13858	0.140937	1	1	4.43994	
3.44507	1	14	3.44502	1	14	3.44503	1	14	0	0	0	0.1451	0.144033	0.146127	0.1451	0.143907	0.14607	0.1451	0.144033	0.146127	0.1451	0.143907	0.14607	1	1	4.44294	
3.44537	1	14	3.44532	1	14	3.44533	1	14	0	0	0	0.150073	0.149	0.151137	0.150073	0.148943	0.15102	0.150073	0.149	0.151137	0.150073	0.148943	0.15102	1	1	4.44326	
3.44943	1	14	3.44936	1	14	3.44937	1	14	0	0	0	0.155095	0.153887	0.156357	0.155096	0.154273	0.156363	0.155095	0.153887	0.156357	0.155096	0.154273	0.156363	1	1	4.44706	
3.44981	1	15	3.44976	1	15	3.44979	1	15	0	0	0	0.160132	0.15898	0.161417	0.16013	0.159163	0.161623	0.160132	0.15898	0.161417	0.16013	0.159163	0.161623	1	1	4.44738	
3.45058	1	14	3.45053	1	14	3.45056	1	14	0	0	0	0.165184	0.164157	0.166407	0.165183	0.163723	0.16639	0.165184	0.164157	0.166407	0.165183	0.163723	0.16639	1	1	4.44823	
3.45254	1	14	3.45248	1	14	3.45248	1	14	0	0	0	0.17018	0.169217	0.171373	0.17018	0.168517	0.1711	0.17018	0.169217	0.171373	0.17018	0.168517	0.1711	1	1	4.45006	
3.45349	1	17	3.45344	1	17	3.45343	1	17	0	0	0	0.175217	0.174063	0.17638	0.175216	0.17341	0.175923	0.175217	0.174063	0.17638	0.175216	0.17341	0.175923	1	1	4.45096	
3.45534	1	15	3.45528	1	15	3.45529	1	15	0	0	0	0.180281	0.178947	0.181643	0.18028	0.179187	0.181073	0.180281	0.178947	0.181643	0.18028	0.179187	0.181073	1	1	4.45264	
3.4559	1	14	3.45584	1	14	3.45585	1	14	0	0	0	0.185281	0.183897	0.18673	0.18528	0.184033	0.186257	0.185281	0.183897	0.18673	0.18528	0.184033	0.186257	1	1	4.45322	
3.45712	1	14	3.45702	1	14	3.45702	1	14	0	0	0	0.190259	0.188923	0.191553	0.190258	0.188867	0.19141	0.190259	0.188923	0.191553	0.190258	0.188867	0.19141	1	1	4.45428	
3.46179	1	14	3.4617	1	14	3.46171	1	14	0	0	0	0.195212	0.193857	0.196627	0.195211	0.19437	0.196293	0.195212	0.193857	0.196627	0.195211	0.19437	0.196293	1	1	4.45881	
3.46361	1	14	3.4635	1	14	3.46349	1	14	0	0	0	0.200214	0.198957	0.201677	0.200214	0.198663	0.202257	0.200214	0.198957	0.201677	0.200214	0.198663	0.202257	1	1	4.46052	
3.4657	1	17	3.46559	1	17	3.46558	1	17	0	0	0	0.205177	0.203887	0.206603	0.205178	0.204123	0.206407	0.205177	0.203887	0.206603	0.205178	0.204123	0.206407	1	1	4.46258	
3.46691	1	14	3.46679	1	14	3.46679	1	14	0	0	0	0.210146	0.208837	0.211633	0.210146	0.20856	0.211453	0.210146	0.208837	0.211633	0.210146	0.20856	0.211453	1	1	4.46364	
3.47113	1	14	3.471	1	14	3.47101	1	14	0	0	0	0.215114	0.21374	0.216803	0.215114	0.21379	0.216423	0.215114	0.21374	0.216803	0.215114	0.21379	0.216423	1	1	4.46782	
3.47442	1	15	3.47429	1	15	3.47428	1	15	0	0	0	0.220136	0.218777	0.221903	0.220136	0.21884	0.22148	0.220136	0.218777	0.221903	0.220136	0.21884	0.22148	1	1	4.47104	
3.47273	1	16	3.47257	1	16	3.47257	1	16	0	0	0	0.225164	0.223753	0.22687	0.225164	0.22336	0.226567	0.225164	0.223753	0.22687	0.225164	0.22336	0.226567	1	1	4.46907	
3.47453	1	15	3.47438	1	15	3.47437	1	15	0	0	0	0.230132	0.228897	0.231807	0.230131	0.229393	0.231343	0.230132	0.228897	0.231807	0.230131	0.229393	0.231343	1	1	4.47091	
3.47801	1	14	3.47785	1	14	3.47786	1	14	0	0	0	0.235071	0.23388	0.236817	0.23507	0.23378	0.23716	0.235071	0.23388	0.236817	0.23507	0.23378	0.23716	1	1	4.47434	
3.47986	1	15	3.47968	1	15	3.4797	1	15	0	0	0	0.24003	0.238713	0.241923	0.24003	0.238783	0.241287	0.24003	0.238713	0.241923	0.24003	0.238783	0.241287	1	1	4.4759	
3.48164	1	14	3.48143	1	14	3.48143	1	14	0	0	0	0.24505	0.243763	0.246913	0.24505	0.24349	0.24627	0.24505	0.243763	0.246913	0.24505	0.24349	0.24627	1	1	4.47771	
3.48404	1	19	3.48385	1	19	3.48385	1	19	0	0	0	0.249962	0.248783	0.251893	0.249962	0.24861	0.251293	0.249962	0.248783	0.251893	0.249962	0.24861	0.251293	1	1	4.48004	
3.48761	1	18	3.48741	1	18	3.48739	1	18	0	0	0	0.254964	0.253697	0.25695	0.254964	0.253813	0.256057	0.254964	0.253697	0.25695	0.254964	0.253813	0.256057	1	1	4.48352	
3.48996	1	14	3.48972	1	14	3.48973	1	14	0	0	0	0.259973	0.258533	0.26183	0.259974	0.258303	0.261577	0.259973	0.258533	0.26183	0.259974	0.258303	0.261577	1	1	4.48568	
3.49458	1	20	3.49431	1	20	3.49433	1	20	0	0	0	0.265002	0.263803	0.266847	0.265002	0.263567	0.26736	0.265002	0.263803	0.266847	0.265002	0.263567	0.26736	1	1	4.49025	
3.49733	1	16	3.49705	1	16	3.49707	1	16	0	0	0	0.270024	0.268843	0.271843	0.270025	0.267803	0.271687	0.270024	0.268843	0.271843	0.270025	0.267803	0.271687	1	1	4.49295	
3.50045	1	19	3.5002	1	19	3.5002	1	19	0	0	0	0.275018	0.273793	0.276993	0.275018	0.273443	0.276	0.275018	0.273793	0.276993	0.275018	0.273443	0.276	1	1	4.496	
3.50098	1	18	3.50068	1	18	3.5007	1	18	0	0	0	0.28004	0.27887	0.282073	0.28004	0.27869	0.281673	0.28004	0.27887	0.282073	0.28004	0.27869	0.281673	1	1	4.49632	
3.50372	1	20	3.50337	1	20	3.50338	1	20	0	0	0	0.285015	0.283613	0.287233	0.285016	0.283643	0.2865	0.285015	0.283613	0.287233	0.285016	0.283643	0.2865	1	1	4.499	
3.5067	1	15	3.50634	1	15	3.50636	1	15	0	0	0	0.290035	0.288733	0.29204	0.290035	0.28809	0.29274	0.290035	0.288733	0.29204	0.290035	0.28809	0.29274	1	1	4.50193	
3.51061	1	17	3.51024	1	17	3.51024	1	17	0	0	0	0.295025	0.29379	0.29713	0.295026	0.293187	0.296683	0.295025	0.29379	0.29713	0.295026	0.293187	0.296683	1	1	4.50576	
3.51526	1	18	3.51483	1	18	3.51483	1	18	0	0	0	0.300039	0.298713	0.302297	0.300039	0.298987	0.30144	0.300039	0.298713	0.302297	0.300039	0.298987	0.30144	1	1	4.5101	
3.51659	1	20	3.51616	1	20	3.51617	1	20	0	0	0	0.305055	0.303653	0.30702	0.305055	0.30309	0.30794	0.305055	0.303653	0.30702	0.305055	0.30309	0.30794	1	1	4.51133	
3.52013	1	17	3.51966	1	17	3.51968	1	17	0	0	0	0.310057	0.30852	0.311997	0.310057	0.308787	0.311177	0.310057	0.30852	0.311997	0.310057	0.308787	0.311177	1	1	4.51462	
3.52327	1	19	3.52277	1	19	3.52277	1	19	0	0	0	0.315019	0.31352	0.316983	0.315019	0.312953	0.316487	0.315019	0.31352	0.316983	0.315019	0.312953	0.316487	1	1	4.51778	
3.52544	1	19	3.52493	1	19	3.52493	1	19	0	0	0	0.319978	0.318463	0.32199	0.319978	0.31872	0.321103	0.319978	0.318463	0.32199	0.319978	0.31872	0.321103	1	1	4.51999	
3.53006	1	17	3.52954	1	17	3.52955	1	17	0	0	0	0.324963	0.323313	0.327123	0.324963	0.32322	0.327867	0.324963	0.323313	0.327123	0.324963	0.32322	0.327867	1	1	4.52444	
3.53421	1	20	3.53358	1	20	3.53359	1	20	0	0	0	0.329995	0.328247	0.33219	0.329996	0.327947	0.332503	0.329995	0.328247	0.33219	0.329996	0.327947	0.332503	1	1	4.52839	
3.53736	1	20	3.53675	1	20	3.53677	1	20	0	0	0	0.33498	0.33312	0.3371	0.334981	0.33286	0.33657	0.33498	0.33312	0.3371	0.334981	0.33286	0.33657	1	1	4.53146	
3.53824	1	20	3.5376	1	20	3.53762	1	20	0	0	0	0.339973	0.33812	0.342147	0.339974	0.33869	0.34128	0.339973	0.33812	0.342147	0.339974	0.33869	0.34128	1	1	4.53223	
3.54286	1	20	3.54215	1	20	3.54215	1	20	0	0	0	0.344971	0.343307	0.34728	0.344972	0.343497	0.346177	0.344971	0.343307	0.34728	0.344972	0.343497	0.346177	1	1	4.53675	
3.54729	1	18	3.54658	1	18	3.54659	1	18	0	0	0	0.350014	0.348253	0.352393	0.350016	0.34818	0.35127	0.350014	0.348253	0.352393	0.350016	0.34818	0.35127	1	1	4.54091	
3.55143	1	19	3.55064	1	19	3.55064	1	19	0	0	0	0.354954	0.353173	0.35734	0.354955	0.353103	0.356633	0.354954	0.353173	0.35734	0.354955	0.353103	0.356633	1	1	4.54482	
3.55378	1	19	3.55301	1	19	3.55301	1	19	0	0	0	0.35996	0.358467	0.362383	0.35996	0.358743	0.362297	0.35996	0.358467	0.362383	0.35996	0.358743	0.362297	1	1	4.54725	
3.55717	1	18	3.55629	1	18	3.55628	1	18	0	0	0	0.364936	0.363493	0.36731	0.364937	0.363263	0.367587	0.364936	0.363493	0.36731	0.364937	0.363263	0.367587	1	1	4.55028	
3.56001	1	20	3.55909	1	20	3.5591	1	20	0	0	0	0.369959	0.36853	0.372257	0.36996	0.36756	0.37172	0.369959	0.36853	0.372257	0.36996	0.36756	0.37172	1	1	4.55316	
3.56534	1	21	3.56436	1	21	3.56436	1	21	0	0	0	0.374922	0.373217	0.377313	0.374923	0.37371	0.37643	0.374922	0.373217	0.377313	0.374923	0.37371	0.37643	1	1	4.55824	
3.56954	1	19	3.56856	1	19	3.56858	1	19	0	0	0	0.379929	0.378367	0.382327	0.37993	0.378183	0.38148	0.379929	0.378367	0.382327	0.37993	0.378183	0.38148	1	1	4.56229	
3.57436	1	20	3.57329	1	20	3.57329	1	20	0	0	0	0.384977	0.38334	0.387293	0.384978	0.382667	0.38623	0.384977	0.38334	0.387293	0.384978	0.382667	0.38623	1	1	4.56696	
3.57887	1	20	3.57773	1	20	3.57774	1	20	0	0	0	0.389953	0.388323	0.392323	0.389954	0.387997	0.39226	0.389953	0.388323	0.392323	0.389954	0.387997	0.39226	1	1	4.57126	
3.57982	1	20	3.57862	1	20	3.57863	1	20	0	0	0	0.39501	0.39345	0.39733	0.395011	0.393093	0.396943	0.39501	0.39345	0.39733	0.395011	0.393093	0.396943	1	1	4.57213	
3.58486	1	21	3.58359	1	21	3.58362	1	21	0	0	0	0.400027	0.398437	0.40228	0.400028	0.398447	0.40218	0.400027	0.398437	0.40228	0.400028	0.398447	0.40218	1	1	4.57706	
3.58948	1	20	3.58813	1	20	3.58814	1	20	0	0	0	0.405089	0.4035	0.407143	0.40509	0.403473	0.406783	0.405089	0.4035	0.407143	0.40509	0.403473	0.406783	1	1	4.58138	
3.59352	1	19	3.59205	1	19	3.59205	1	19	0	0	0	0.410107	0.408143	0.412367	0.410108	0.40867	0.41229	0.410107	0.408143	0.412367	0.410108	0.40867	0.41229	1	1	4.58534	
3.59801	1	21	3.59643	1	21	3.59643	1	21	0	0	0	0.415085	0.41318	0.417193	0.415085	0.413837	0.4176	0.415085	0.41318	0.417193	0.415085	0.413837	0.4176	1	1	4.58941	
3.60318	1	20	3.60156	1	20	3.60155	1	20	0	0	0	0.420099	0.418263	0.422237	0.4201	0.417757	0.421547	0.420099	0.418263	0.422237	0.4201	0.417757	0.421547	1	1	4.59456	
3.60899	1	20	3.60738	1	20	3.60737	1	20	0	0	0	0.425086	0.423197	0.427313	0.425086	0.42296	0.428213	0.425086	0.423197	0.427313	0.425086	0.42296	0.428213	1	1	4.60021	
3.61224	1	20	3.6105	1	20	3.61051	1	20	0	0	0	0.4301	0.428197	0.43227	0.430099	0.427727	0.432253	0.4301	0.428197	0.43227	0.430099	0.427727	0.432253	1	1	4.60317	
3.61856	1	21	3.61675	1	21	3.61675	1	21	0	0	0	0.435068	0.433283	0.437193	0.435067	0.432843	0.43715	0.435068	0.433283	0.437193	0.435067	0.432843	0.43715	1	1	4.60935	
3.62085	1	19	3.61887	1	19	3.61889	1	19	0	0	0	0.440064	0.438063	0.442123	0.440063	0.438143	0.442003	0.440064	0.438063	0.442123	0.440063	0.438143	0.442003	1	1	4.61165	
3.62705	1	23	3.62503	1	23	3.62504	1	23	0	0	0	0.445103	0.443103	0.44721	0.445101	0.443367	0.44619	0.445103	0.443103	0.44721	0.445101	0.443367	0.44619	1	1	4.61754	
3.63062	1	19	3.62841	1	19	3.6284	1	19	0	0	0	0.45006	0.44807	0.452117	0.450059	0.447757	0.451517	0.45006	0.44807	0.452117	0.450059	0.447757	0.451517	1	1	4.62083	
3.63654	1	21	3.63425	1	21	3.63427	1	21	0	0	0	0.45518	0.453163	0.45733	0.455179	0.452847	0.45903	0.45518	0.453163	0.45733	0.455179	0.452847	0.45903	1	1	4.62636	
3.64009	1	21	3.63776	1	21	3.63777	1	21	0	0	0	0.460153	0.458033	0.462353	0.460153	0.457883	0.461827	0.460153	0.458033	0.462353	0.460153	0.457883	0.461827	1	1	4.6299	
3.64644	1	26	3.6439	1	26	3.64391	1	26	0	0	0	0.465124	0.463133	0.467567	0.465122	0.463987	0.466697	0.465124	0.463133	0.467567	0.465122	0.463987	0.466697	1	1	4.63604	
3.65213	1	21	3.6495	1	21	3.6495	1	21	0	0	0	0.47014	0.46793	0.472587	0.470138	0.468077	0.472463	0.47014	0.46793	0.472587	0.470138	0.468077	0.472463	1	1	4.64158	
3.65433	1	22	3.65167	1	22	3.65168	1	22	0	0	0	0.475105	0.472893	0.477557	0.475104	0.47382	0.476	0.475105	0.472893	0.477557	0.475104	0.47382	0.476	1	1	4.6434	
3.66237	1	25	3.65948	1	25	3.6595	1	25	0	0	0	0.480154	0.478047	0.48266	0.480154	0.478507	0.482827	0.480154	0.478047	0.48266	0.480154	0.478507	0.482827	1	1	4.65127	
3.66687	1	19	3.66385	1	19	3.66387	1	19	0	0	0	0.485161	0.483107	0.48742	0.48516	0.483257	0.488897	0.485161	0.483107	0.48742	0.48516	0.483257	0.488897	1	1	4.65549	
3.67275	1	21	3.66956	1	21	3.66956	1	21	0	0	0	0.490162	0.488077	0.492193	0.49016	0.488147	0.49196	0.490162	0.488077	0.492193	0.49016	0.488147	0.49196	1	1	4.66097	
3.67853	1	22	3.67522	1	22	3.67521	1	22	0	0	0	0.49515	0.49298	0.497327	0.495148	0.493447	0.497843	0.49515	0.49298	0.497327	0.495148	0.493447	0.497843	1	1	4.66666	
3.683	1	20	3.67949	1	20	3.67949	1	20	0	0	0	0.500193	0.498007	0.50225	0.500194	0.49819	0.502907	0.500193	0.498007	0.50225	0.500194	0.49819	0.502907	1	1	4.67081	
3.68852	1	20	3.68482	1	20	3.68483	1	20	0	0	0	0.505152	0.50293	0.507137	0.505151	0.502787	0.507487	0.505152	0.50293	0.507137	0.505151	0.502787	0.507487	1	1	4.67605	
3.69469	1	22	3.69082	1	22	3.69082	1	22	0	0	0	0.510164	0.50804	0.512417	0.510162	0.508777	0.512267	0.510164	0.50804	0.512417	0.510162	0.508777	0.512267	1	1	4.68203	
3.69882	1	21	3.69478	1	21	3.69478	1	21	0	0	0	0.515199	0.513037	0.517437	0.515198	0.51289	0.517337	0.515199	0.513037	0.517437	0.515198	0.51289	0.517337	1	1	4.68581	
3.70606	1	21	3.7018	1	21	3.70183	1	21	0	0	0	0.520178	0.51798	0.522423	0.520177	0.517643	0.52182	0.520178	0.51798	0.522423	0.520177	0.517643	0.52182	1	1	4.69263	
3.71178	1	21	3.70717	1	21	3.70719	1	21	0	0	0	0.525159	0.522977	0.527247	0.525158	0.52337	0.527077	0.525159	0.522977	0.527247	0.525158	0.52337	0.527077	1	1	4.69792	
3.71598	1	22	3.71121	1	22	3.71123	1	22	0	0	0	0.530138	0.52793	0.53204	0.530136	0.526697	0.531733	0.530138	0.52793	0.53204	0.530136	0.526697	0.531733	1	1	4.70191	
3.7212	1	22	3.71632	1	22	3.71631	1	22	0	0	0	0.53509	0.53287	0.53698	0.535086	0.533227	0.537787	0.53509	0.53287	0.53698	0.535086	0.533227	0.537787	1	1	4.70666	
3.72815	1	21	3.72298	1	21	3.72301	1	21	0	0	0	0.540062	0.537847	0.54189	0.540059	0.538157	0.542037	0.540062	0.537847	0.54189	0.540059	0.538157	0.542037	1	1	4.71343	
3.73417	1	28	3.72864	1	28	3.72864	1	28	0	0	0	0.545019	0.542683	0.546767	0.545018	0.542977	0.54654	0.545019	0.542683	0.546767	0.545018	0.542977	0.54654	1	1	4.71896	
3.73863	1	20	3.73292	1	20	3.73293	1	20	0	0	0	0.550052	0.54768	0.55173	0.550049	0.548093	0.55237	0.550052	0.54768	0.55173	0.550049	0.548093	0.55237	1	1	4.72312	
3.74658	1	21	3.74078	1	21	3.74076	1	21	0	0	0	0.555067	0.552717	0.55697	0.555063	0.55228	0.55799	0.555067	0.552717	0.55697	0.555063	0.55228	0.55799	1	1	4.73073	
3.75191	1	22	3.74562	1	22	3.74561	1	22	0	0	0	0.560037	0.557853	0.562013	0.560034	0.557627	0.562157	0.560037	0.557853	0.562013	0.560034	0.557627	0.562157	1	1	4.73533	
3.76104	1	22	3.75465	1	22	3.75465	1	22	0	0	0	0.565038	0.562847	0.567047	0.565035	0.56278	0.56754	0.565038	0.562847	0.567047	0.565035	0.56278	0.56754	1	1	4.74435	
3.76344	1	22	3.75653	1	22	3.75653	1	22	0	0	0	0.570019	0.567987	0.571877	0.570017	0.567763	0.571653	0.570019	0.567987	0.571877	0.570017	0.567763	0.571653	1	1	4.74607	
3.77013	1	21	3.76277	1	21	3.7628	1	21	0	0	0	0.57499	0.572857	0.57707	0.574987	0.57176	0.577043	0.57499	0.572857	0.57707	0.574987	0.57176	0.577043	1	1	4.75226	
3.77795	1	21	3.77033	1	21	3.77035	1	21	0	0	0	0.579978	0.57772	0.582213	0.579975	0.578077	0.581333	0.579978	0.57772	0.582213	0.579975	0.578077	0.581333	1	1	4.75966	
3.78631	1	21	3.77832	1	21	3.77833	1	21	0	0	0	0.584984	0.582687	0.587163	0.584982	0.58204	0.586993	0.584984	0.582687	0.587163	0.584982	0.58204	0.586993	1	1	4.7677	
3.79147	1	25	3.78317	1	25	3.78319	1	25	0	0	0	0.589958	0.587593	0.592113	0.589955	0.587787	0.592143	0.589958	0.587593	0.592113	0.589955	0.587787	0.592143	1	1	4.77241	
3.79956	1	22	3.79096	1	22	3.79098	1	22	0	0	0	0.594978	0.59255	0.597227	0.594977	0.592503	0.597303	0.594978	0.59255	0.597227	0.594977	0.592503	0.597303	1	1	4.78004	
3.80754	1	21	3.79835	1	21	3.79836	1	21	0	0	0	0.599903	0.597743	0.602013	0.599901	0.59815	0.601873	0.599903	0.597743	0.602013	0.599901	0.59815	0.601873	1	1	4.7872	
3.81349	1	21	3.80396	1	21	3.80397	1	21	0	0	0	0.604821	0.602697	0.606853	0.604818	0.602387	0.60661	0.604821	0.602697	0.606853	0.604818	0.602387	0.60661	1	1	4.79265	
3.82147	1	23	3.81135	1	23	3.81136	1	23	0	0	0	0.609812	0.607587	0.61168	0.609808	0.607123	0.612747	0.609812	0.607587	0.61168	0.609808	0.607123	0.612747	1	1	4.79988	
3.82943	1	23	3.81903	1	23	3.81903	1	23	0	0	0	0.61487	0.612577	0.616683	0.614866	0.61223	0.617013	0.61487	0.612577	0.616683	0.614866	0.61223	0.617013	1	1	4.80752	
3.83552	1	22	3.8245	1	22	3.82452	1	22	0	0	0	0.619831	0.617607	0.62157	0.619829	0.617287	0.6217	0.619831	0.617607	0.62157	0.619829	0.617287	0.6217	1	1	4.81292	
3.84029	1	22	3.82876	1	22	3.82877	1	22	0	0	0	0.624903	0.62281	0.626517	0.624902	0.622313	0.627273	0.624903	0.62281	0.626517	0.624902	0.622313	0.627273	1	1	4.81694	
3.85078	1	22	3.83857	1	22	3.83858	1	22	0	0	0	0.629923	0.627927	0.631537	0.629921	0.626667	0.632523	0.629923	0.627927	0.631537	0.629921	0.626667	0.632523	1	1	4.82678	
3.85757	1	23	3.84452	1	23	3.84453	1	23	0	0	0	0.634912	0.633017	0.63661	0.63491	0.633403	0.636227	0.634912	0.633017	0.63661	0.63491	0.633403	0.636227	1	1	4.83242	
3.86299	1	22	3.84954	1	22	3.84955	1	22	0	0	0	0.639955	0.638057	0.641693	0.639953	0.6372	0.64378	0.639955	0.638057	0.641693	0.639953	0.6372	0.64378	1	1	4.83741	
3.87088	1	23	3.85688	1	23	3.85691	1	23	0	0	0	0.64492	0.64296	0.64644	0.644918	0.642277	0.647653	0.64492	0.64296	0.64644	0.644918	0.642277	0.647653	1	1	4.84455	
3.87872	1	22	3.86422	1	22	3.86424	1	22	0	0	0	0.649931	0.64791	0.651557	0.649929	0.645677	0.652907	0.649931	0.64791	0.651557	0.649929	0.645677	0.652907	1	1	4.8518	
3.88524	1	22	3.86975	1	22	3.86975	1	22	0	0	0	0.654976	0.653037	0.656613	0.654973	0.653217	0.658223	0.654976	0.653037	0.656613	0.654973	0.653217	0.658223	1	1	4.85732	
3.89351	1	24	3.87738	1	24	3.8774	1	24	0	0	0	0.659958	0.657967	0.66145	0.659956	0.657203	0.66243	0.659958	0.657967	0.66145	0.659956	0.657203	0.66243	1	1	4.86486	
3.90372	1	22	3.88686	1	22	3.88688	1	22	0	0	0	0.664927	0.66291	0.666333	0.664924	0.662567	0.66791	0.664927	0.66291	0.666333	0.664924	0.662567	0.66791	1	1	4.87403	
3.91166	1	28	3.89364	1	28	3.89366	1	28	0	0	0	0.669951	0.667847	0.671333	0.669948	0.667913	0.67223	0.669951	0.667847	0.671333	0.669948	0.667913	0.67223	1	1	4.88057	
3.91951	1	23	3.90098	1	23	3.90099	1	23	0	0	0	0.674925	0.672927	0.676537	0.674922	0.67221	0.67675	0.674925	0.672927	0.676537	0.674922	0.67221	0.67675	1	1	4.88771	
3.92833	1	28	3.90859	1	28	3.90861	1	28	0	0	0	0.679923	0.677943	0.681507	0.67992	0.676743	0.682237	0.679923	0.677943	0.681507	0.67992	0.676743	0.682237	1	1	4.89534	
3.93473	1	24	3.91414	1	24	3.91417	1	24	0	0	0	0.684924	0.6829	0.686337	0.684922	0.68256	0.686177	0.684924	0.6829	0.686337	0.684922	0.68256	0.686177	1	1	4.90087	
3.94402	1	24	3.92233	1	24	3.92234	1	24	0	0	0	0.689882	0.688137	0.691387	0.68988	0.687773	0.693417	0.689882	0.688137	0.691387	0.68988	0.687773	0.693417	1	1	4.90887	
3.9516	1	21	3.92926	1	21	3.92927	1	21	0	0	0	0.694896	0.693357	0.69655	0.694894	0.692433	0.69674	0.694896	0.693357	0.69655	0.694894	0.692433	0.69674	1	1	4.91554	
3.96205	1	22	3.93806	1	22	3.93809	1	22	0	0	0	0.699911	0.698447	0.701707	0.699908	0.69717	0.70146	0.699911	0.698447	0.701707	0.699908	0.69717	0.70146	1	1	4.92428	
3.97347	1	23	3.94852	1	23	3.94854	1	23	0	0	0	0.704931	0.703377	0.706697	0.704928	0.70287	0.706603	0.704931	0.703377	0.706697	0.704928	0.70287	0.706603	1	1	4.93438	
3.97804	1	27	3.95181	1	27	3.95183	1	27	0	0	0	0.709932	0.708137	0.71179	0.70993	0.70645	0.712347	0.709932	0.708137	0.71179	0.70993	0.70645	0.712347	1	1	4.93766	
3.98902	1	24	3.96136	1	24	3.96139	1	24	0	0	0	0.714931	0.713177	0.71684	0.71493	0.710907	0.716973	0.714931	0.713177	0.71684	0.71493	0.710907	0.716973	1	1	4.94711	
4.00051	1	25	3.97172	1	25	3.97172	1	25	0	0	0	0.71995	0.7183	0.721943	0.719949	0.718087	0.722133	0.71995	0.7183	0.721943	0.719949	0.718087	0.722133	1	1	4.9573	
4.01043	1	22	3.97995	1	22	3.97997	1	22	0	0	0	0.724993	0.723197	0.726993	0.72499	0.723453	0.727607	0.724993	0.723197	0.726993	0.72499	0.723453	0.727607	1	1	4.96529	
4.01999	1	25	3.9873	1	25	3.98731	1	25	0	0	0	0.729989	0.72811	0.732023	0.729989	0.727477	0.73292	0.729989	0.72811	0.732023	0.729989	0.727477	0.73292	1	1	4.97262	
4.02714	1	24	3.99297	1	24	3.99297	1	24	0	0	0	0.734981	0.733117	0.73708	0.73498	0.731647	0.74002	0.734981	0.733117	0.73708	0.73498	0.731647	0.74002	1	1	4.9781	
4.0405	1	22	4.00491	1	22	4.00493	1	22	0	0	0	0.740023	0.738133	0.74218	0.740022	0.736867	0.742193	0.740023	0.738133	0.74218	0.740022	0.736867	0.742193	1	1	4.98985	
4.05131	1	24	4.01377	1	24	4.01378	1	24	0	0	0	0.744991	0.743123	0.747037	0.744989	0.74238	0.74966	0.744991	0.743123	0.747037	0.744989	0.74238	0.74966	1	1	4.99853	
4.05992	1	24	4.0201	1	24	4.02012	1	24	0	0	0	0.750027	0.748183	0.75198	0.750026	0.747377	0.754703	0.750027	0.748183	0.75198	0.750026	0.747377	0.754703	1	1	5.00476	
4.06998	1	27	4.02801	1	27	4.02803	1	27	0	0	0	0.75496	0.752987	0.756843	0.75496	0.752327	0.75882	0.75496	0.752987	0.756843	0.75496	0.752327	0.75882	1	1	5.01235	
4.08363	1	27	4.03944	1	27	4.03944	1	27	0	0	0	0.759955	0.758063	0.761883	0.759953	0.758217	0.761537	0.759955	0.758063	0.761883	0.759953	0.758217	0.761537	1	1	5.02368	
4.09185	1	27	4.04537	1	26	4.04539	1	26	0	0	0	0.764954	0.763273	0.766787	0.764952	0.761217	0.767957	0.764954	0.763273	0.766787	0.764952	0.761217	0.767957	1	1	5.02954	
4.10495	1	29	4.05588	1	29	4.05589	1	29	0	0	0	0.76996	0.76815	0.77165	0.769957	0.766143	0.772283	0.76996	0.76815	0.77165	0.769957	0.766143	0.772283	1	1	5.03983	
4.12086	1	31	4.06773	1	31	4.06775	1	31	0	0	0	0.774975	0.773037	0.77671	0.774975	0.77253	0.778057	0.774975	0.773037	0.77671	0.774975	0.77253	0.778057	1	1	5.0515	
4.12761	1	24	4.07205	1	24	4.07205	1	24	0	0	0	0.779928	0.778267	0.781573	0.779926	0.777387	0.782917	0.779928	0.778267	0.781573	0.779926	0.777387	0.782917	1	1	5.05549	
4.13762	1	24	4.08021	1	24	4.08021	1	24	0	0	0	0.784889	0.78316	0.786483	0.784888	0.78205	0.787197	0.784889	0.78316	0.786483	0.784888	0.78205	0.787197	1	1	5.06366	
4.15287	1	26	4.09089	1	26	4.09089	1	26	0	0	0	0.78992	0.788153	0.79163	0.78992	0.78772	0.791273	0.78992	0.788153	0.79163	0.78992	0.78772	0.791273	1	1	5.07423	
4.16561	1	25	4.09941	1	24	4.09942	1	24	0	0	0	0.794933	0.793113	0.79685	0.794934	0.792883	0.79727	0.794933	0.793113	0.79685	0.794934	0.792883	0.79727	1	1	5.08244	
4.17979	1	24	4.11055	1	24	4.11058	1	24	0	0	0	0.799949	0.798187	0.801953	0.799949	0.79546	0.80198	0.799949	0.798187	0.801953	0.799949	0.79546	0.80198	1	1	5.09335	
4.18974	1	28	4.11633	1	28	4.11635	1	28	0	0	0	0.804948	0.803067	0.80698	0.804948	0.80281	0.807433	0.804948	0.803067	0.80698	0.804948	0.80281	0.807433	1	1	5.09897	
4.2084	1	27	4.12937	1	27	4.12938	1	27	0	0	0	0.80994	0.80802	0.811817	0.809938	0.8075	0.813227	0.80994	0.80802	0.811817	0.809938	0.8075	0.813227	1	1	5.11193	
4.2182	1	25	4.13542	1	25	4.13544	1	25	0	0	0	0.814959	0.81325	0.81644	0.814957	0.812853	0.81725	0.814959	0.81325	0.81644	0.814957	0.812853	0.81725	1	1	5.1177	
4.23634	1	26	4.14737	1	26	4.14737	1	26	0	0	0	0.81996	0.81835	0.82127	0.81996	0.818133	0.82143	0.81996	0.81835	0.82127	0.81996	0.818133	0.82143	1	1	5.12963	
4.25087	1	24	4.15608	1	24	4.15612	1	24	0	0	0	0.825002	0.823473	0.826163	0.825002	0.822467	0.82818	0.825002	0.823473	0.826163	0.825002	0.822467	0.82818	1	1	5.13794	
4.2655	1	27	4.16457	1	27	4.16456	1	27	0	0	0	0.829987	0.82835	0.831263	0.829986	0.827413	0.83365	0.829987	0.82835	0.831263	0.829986	0.827413	0.83365	1	1	5.1463	
4.2828	1	27	4.17599	1	27	4.17602	1	27	0	0	0	0.835007	0.833347	0.836293	0.835009	0.831483	0.837923	0.835007	0.833347	0.836293	0.835009	0.831483	0.837923	1	1	5.1574	
4.29976	1	25	4.1845	1	25	4.18454	1	25	0	0	0	0.84	0.838343	0.84134	0.839997	0.83827	0.843157	0.84	0.838343	0.84134	0.839997	0.83827	0.843157	1	1	5.16587	
4.32055	1	28	4.1964	1	28	4.19639	1	28	0	0	0	0.844985	0.843337	0.846163	0.844981	0.842063	0.848507	0.844985	0.843337	0.846163	0.844981	0.842063	0.848507	1	1	5.17733	
4.33682	1	27	4.20526	1	27	4.20526	1	27	0	0	0	0.849982	0.84841	0.851453	0.84998	0.84545	0.8525	0.849982	0.84841	0.851453	0.84998	0.84545	0.8525	1	1	5.18622	
4.35668	1	25	4.21465	1	25	4.21466	1	25	0	0	0	0.85502	0.85363	0.856407	0.85502	0.84967	0.858647	0.85502	0.85363	0.856407	0.85502	0.84967	0.858647	1	1	5.19534	
4.3818	1	29	4.22683	1	29	4.22684	1	29	0	0	0	0.860068	0.858627	0.861577	0.860068	0.858017	0.86306	0.860068	0.858627	0.861577	0.860068	0.858017	0.86306	1	1	5.20733	
4.40312	1	29	4.23524	1	28	4.23526	1	28	0	0	0	0.865001	0.863553	0.866453	0.865003	0.862023	0.8683	0.865001	0.863553	0.866453	0.865003	0.862023	0.8683	1	1	5.21574	
4.42581	1	27	4.24503	1	27	4.24505	1	27	0	0	0	0.869953	0.86868	0.871253	0.869954	0.86742	0.873443	0.869953	0.86868	0.871253	0.869954	0.86742	0.873443	1	1	5.22492	
4.45266	1	27	4.25627	1	27	4.25629	1	27	0	0	0	0.874931	0.873617	0.875907	0.874929	0.872703	0.876893	0.874931	0.873617	0.875907	0.874929	0.872703	0.876893	1	1	5.23624	
4.48664	1	25	4.26841	1	24	4.26842	1	24	0	0	0	0.879909	0.87865	0.881057	0.879914	0.87724	0.88205	0.879909	0.87865	0.881057	0.879914	0.87724	0.88205	1	1	5.248	
4.51283	1	26	4.27954	1	26	4.27956	1	26	0	0	0	0.884859	0.883567	0.886037	0.884857	0.882673	0.8873	0.884859	0.883567	0.886037	0.884857	0.882673	0.8873	1	1	5.25905	
4.5514	1	26	4.29061	1	26	4.29063	1	26	0	0	0	0.889908	0.88883	0.890943	0.889907	0.886913	0.892503	0.889908	0.88883	0.890943	0.889907	0.886913	0.892503	1	1	5.26977	
4.58755	1	31	4.3003	1	31	4.30031	1	31	0	0	0	0.894956	0.8941	0.896027	0.894957	0.893507	0.896597	0.894956	0.8941	0.896027	0.894957	0.893507	0.896597	1	1	5.27923	
4.63007	1	28	4.30998	1	28	4.30999	1	28	0	0	0	0.899986	0.899097	0.901433	0.89999	0.897047	0.90282	0.899986	0.899097	0.901433	0.89999	0.897047	0.90282	1	1	5.28867	
4.67628	1	28	4.32097	1	28	4.32102	1	28	0	0	0	0.904927	0.90416	0.906277	0.904927	0.900683	0.90783	0.904927	0.90416	0.906277	0.904927	0.900683	0.90783	1	1	5.29939	
4.74107	1	26	4.33423	1	26	4.33426	1	26	0	0	0	0.9099	0.90917	0.91104	0.909907	0.907407	0.91198	0.9099	0.90917	0.91104	0.909907	0.907407	0.91198	1	1	5.31229	
4.81113	1	29	4.34636	1	29	4.3464	1	29	0	0	0	0.9149	0.9142	0.91601	0.914907	0.911303	0.917663	0.9149	0.9142	0.91601	0.914907	0.911303	0.917663	1	1	5.32455	
4.89386	1	27	4.35814	1	27	4.35816	1	27	0	0	0	0.919954	0.919297	0.921063	0.919947	0.917313	0.923467	0.919954	0.919297	0.921063	0.919947	0.917313	0.923467	1	1	5.33563	
4.99723	1	28	4.36658	1	28	4.36661	1	28	0	0	0	0.924994	0.924277	0.92607	0.924987	0.9225	0.928697	0.924994	0.924277	0.92607	0.924987	0.9225	0.928697	1	1	5.34378	
5.15872	1	34	4.38159	1	34	4.38162	1	34	0	0	0	0.930026	0.929227	0.931047	0.930029	0.92781	0.931753	0.930026	0.929227	0.931047	0.930029	0.92781	0.931753	1	1	5.35885	
5.42706	1	46	4.3925	1	29	4.39253	1	29	0	0	0	0.935013	0.934263	0.936077	0.935013	0.93157	0.938877	0.935013	0.934263	0.936077	0.935013	0.93157	0.938877	1	1	5.36937	
5.90341	1	48	4.40809	1	31	4.40809	1	31	0	0	0	0.940029	0.939147	0.941117	0.940042	0.936553	0.944623	0.940029	0.939147	0.941117	0.940042	0.936553	0.944623	1	1	5.38428	
6.97301	1	79	4.41909	1	32	4.41915	1	32	0	0	0	0.945005	0.944133	0.946007	0.945007	0.941377	0.94794	0.945005	0.944133	0.946007	0.945007	0.941377	0.94794	1	1	5.3953	
247.908	1	2830	4.43703	1	44	4.43666	1	44	0	0	0	0.95005	0.94929	0.950517	0.949734	0.947623	0.951904	0.95005	0.94929	0.950517	0.949734	0.947623	0.951904	1	1	5.41285	
