3.88497	1	8	3.88427	1	8	3.88427	1	8	0	0	0	0.00503313	0.00484667	0.00526333	0.00503292	0.00484667	0.00526	0.00503313	0.00484667	0.00526333	0.00503292	0.00484667	0.00526	1	1	4.88427	
3.87505	1	12	3.87357	1	12	3.87357	1	12	0	0	0	0.0100071	0.00978667	0.01026	0.0100069	0.00978667	0.0102567	0.0100071	0.00978667	0.01026	0.0100069	0.00978667	0.0102567	1	1	4.87357	
3.86489	1	12	3.86269	1	12	3.86269	1	12	0	0	0	0.0149985	0.01468	0.0154533	0.0149983	0.01468	0.01545	0.0149985	0.01468	0.0154533	0.0149983	0.01468	0.01545	1	1	4.86269	
3.86989	1	12	3.86702	1	12	3.86702	1	12	0	0	0	0.019986	0.0196467	0.0205267	0.019986	0.0196467	0.0205233	0.019986	0.0196467	0.0205267	0.019986	0.0196467	0.0205233	1	1	4.86701	
3.87674	1	12	3.87281	1	12	3.8728	1	12	0	0	0	0.0249837	0.0245867	0.0255	0.024984	0.0245867	0.0254967	0.0249837	0.0245867	0.0255	0.024984	0.0245867	0.0254967	1	1	4.8728	
3.87673	1	12	3.87182	1	12	3.87181	1	12	0	0	0	0.0300242	0.0296033	0.03046	0.0300244	0.0296033	0.0304567	0.0300242	0.0296033	0.03046	0.0300244	0.0296033	0.0304567	1	1	4.87181	
3.87638	1	12	3.87017	1	12	3.87015	1	12	0	0	0	0.0350258	0.0346	0.0353167	0.0350256	0.0346	0.0353167	0.0350258	0.0346	0.0353167	0.0350256	0.0346	0.0353167	1	1	4.87015	
3.87617	1	13	3.86874	1	12	3.86872	1	12	0	0	0	0.0400277	0.0394067	0.04053	0.0400275	0.0394067	0.0405333	0.0400277	0.0394067	0.04053	0.0400275	0.0394067	0.0405333	1	1	4.86873	
3.87509	1	13	3.86653	1	12	3.86653	1	12	0	0	0	0.0450169	0.04435	0.0456767	0.0450169	0.04435	0.04568	0.0450169	0.04435	0.0456767	0.0450169	0.04435	0.04568	1	1	4.86651	
3.87862	1	13	3.86864	1	12	3.86864	1	12	0	0	0	0.0499998	0.0493933	0.0506733	0.0499998	0.0493967	0.0506767	0.0499998	0.0493933	0.0506733	0.0499998	0.0493967	0.0506767	1	1	4.8686	
3.88104	1	13	3.86967	1	12	3.86968	1	12	0	0	0	0.0550015	0.0543467	0.0556	0.0550015	0.05435	0.0556033	0.0550015	0.0543467	0.0556	0.0550015	0.05435	0.0556033	1	1	4.86962	
3.8836	1	13	3.87087	1	12	3.87089	1	12	0	0	0	0.0599671	0.05932	0.0604033	0.0599673	0.0593233	0.0604033	0.0599671	0.05932	0.0604033	0.0599673	0.0593233	0.0604033	1	1	4.87081	
3.88529	1	13	3.87107	1	12	3.87109	1	12	0	0	0	0.0650215	0.0643533	0.06553	0.0650213	0.0643567	0.0655333	0.0650215	0.0643533	0.06553	0.0650213	0.0643567	0.0655333	1	1	4.87099	
3.88693	1	13	3.87121	1	12	3.87123	1	12	0	0	0	0.0699788	0.0690033	0.07044	0.0699785	0.0690067	0.07044	0.0699788	0.0690033	0.07044	0.0699785	0.0690067	0.07044	1	1	4.87109	
3.88959	1	13	3.87211	1	12	3.87213	1	12	0	0	0	0.0749758	0.07389	0.0755633	0.0749756	0.0738933	0.0755667	0.0749758	0.07389	0.0755633	0.0749756	0.0738933	0.0755667	1	1	4.87198	
3.89226	1	13	3.87313	1	12	3.87315	1	12	0	0	0	0.0799906	0.0788467	0.0806333	0.0799904	0.07885	0.0806333	0.0799906	0.0788467	0.0806333	0.0799904	0.07885	0.0806333	1	1	4.87299	
3.89471	1	13	3.87392	1	12	3.87394	1	12	0	0	0	0.0850135	0.0838667	0.08573	0.0850133	0.08387	0.08573	0.0850135	0.0838667	0.08573	0.0850133	0.08387	0.08573	1	1	4.87373	
3.89741	1	13	3.87491	1	12	3.87493	1	12	0	0	0	0.0900252	0.0889933	0.09087	0.090025	0.0889967	0.09087	0.0900252	0.0889933	0.09087	0.090025	0.0889967	0.09087	1	1	4.87468	
3.901	1	14	3.87663	1	12	3.87665	1	12	0	0	0	0.09501	0.0940767	0.0960067	0.09501	0.0940833	0.0960067	0.09501	0.0940767	0.0960067	0.09501	0.0940833	0.0960067	1	1	4.87634	
3.90482	1	14	3.87858	1	12	3.8786	1	12	0	0	0	0.100001	0.0991267	0.101043	0.100001	0.0991333	0.101047	0.100001	0.0991267	0.101043	0.100001	0.0991333	0.101047	1	1	4.87822	
3.90866	1	16	3.88033	1	16	3.88035	1	16	0	0	0	0.105056	0.104223	0.10609	0.105056	0.10423	0.106093	0.105056	0.104223	0.10609	0.105056	0.10423	0.106093	1	1	4.8799	
3.91138	1	16	3.8809	1	16	3.88091	1	16	0	0	0	0.110075	0.109163	0.111127	0.110075	0.10917	0.11113	0.110075	0.109163	0.111127	0.110075	0.10917	0.11113	1	1	4.88039	
3.91516	1	16	3.88258	1	16	3.88259	1	16	0	0	0	0.115058	0.11411	0.115987	0.115058	0.114117	0.115987	0.115058	0.11411	0.115987	0.115058	0.114117	0.115987	1	1	4.88198	
3.91929	1	16	3.88437	1	16	3.88438	1	16	0	0	0	0.120091	0.11904	0.120967	0.120091	0.119047	0.12097	0.120091	0.11904	0.120967	0.120091	0.119047	0.12097	1	1	4.88372	
3.92384	1	16	3.88648	1	16	3.8865	1	16	0	0	0	0.125086	0.124113	0.12595	0.125086	0.12412	0.12595	0.125086	0.124113	0.12595	0.125086	0.12412	0.12595	1	1	4.88575	
3.92737	1	16	3.88757	1	16	3.88759	1	16	0	0	0	0.130036	0.129193	0.130967	0.130035	0.1292	0.13097	0.130036	0.129193	0.130967	0.130035	0.1292	0.13097	1	1	4.88678	
3.9318	1	16	3.88948	1	16	3.8895	1	16	0	0	0	0.135046	0.134153	0.13592	0.135046	0.13416	0.135923	0.135046	0.134153	0.13592	0.135046	0.13416	0.135923	1	1	4.88858	
3.9374	1	16	3.89235	1	16	3.89237	1	16	0	0	0	0.140089	0.13911	0.141013	0.140089	0.139117	0.141013	0.140089	0.13911	0.141013	0.140089	0.139117	0.141013	1	1	4.8914	
3.94174	1	16	3.89402	1	16	3.89404	1	16	0	0	0	0.1451	0.144033	0.146127	0.1451	0.14404	0.146127	0.1451	0.144033	0.146127	0.1451	0.14404	0.146127	1	1	4.89297	
3.94658	1	16	3.89611	1	16	3.89612	1	16	0	0	0	0.150073	0.149	0.151137	0.150072	0.149007	0.151133	0.150073	0.149	0.151137	0.150072	0.149007	0.151133	1	1	4.89495	
3.95148	1	16	3.8981	1	16	3.89811	1	16	0	0	0	0.155095	0.153887	0.156357	0.155095	0.153883	0.156353	0.155095	0.153887	0.156357	0.155095	0.153883	0.156353	1	1	4.89682	
3.95564	1	16	3.89924	1	16	3.89925	1	16	0	0	0	0.160132	0.15898	0.161417	0.160131	0.158977	0.161413	0.160132	0.15898	0.161417	0.160131	0.158977	0.161413	1	1	4.89787	
3.96069	1	16	3.90112	1	16	3.90113	1	16	0	0	0	0.165184	0.164157	0.166407	0.165183	0.164153	0.166403	0.165184	0.164157	0.166407	0.165183	0.164153	0.166403	1	1	4.8996	
3.96637	1	16	3.90333	1	16	3.90334	1	16	0	0	0	0.17018	0.169217	0.171373	0.17018	0.169213	0.17137	0.17018	0.169217	0.171373	0.17018	0.169213	0.17137	1	1	4.90169	
3.97205	1	16	3.90524	1	16	3.90524	1	16	0	0	0	0.175217	0.174063	0.17638	0.175217	0.17406	0.176377	0.175217	0.174063	0.17638	0.175217	0.17406	0.176377	1	1	4.90348	
3.97775	1	17	3.90728	1	16	3.90728	1	16	0	0	0	0.180281	0.178947	0.181643	0.18028	0.178943	0.18164	0.180281	0.178947	0.181643	0.18028	0.178943	0.18164	1	1	4.90536	
3.98277	1	17	3.90849	1	16	3.9085	1	16	0	0	0	0.185281	0.183897	0.18673	0.18528	0.183893	0.186727	0.185281	0.183897	0.18673	0.18528	0.183893	0.186727	1	1	4.90643	
3.98861	1	17	3.91056	1	16	3.91056	1	16	0	0	0	0.190259	0.188923	0.191553	0.190258	0.18892	0.19155	0.190259	0.188923	0.191553	0.190258	0.18892	0.19155	1	1	4.90836	
3.99494	1	16	3.91296	1	16	3.91297	1	16	0	0	0	0.195212	0.193857	0.196627	0.195212	0.19386	0.196623	0.195212	0.193857	0.196627	0.195212	0.19386	0.196623	1	1	4.9106	
4.00169	1	16	3.91555	1	16	3.91556	1	16	0	0	0	0.200214	0.198957	0.201677	0.200213	0.19896	0.201673	0.200214	0.198957	0.201677	0.200213	0.19896	0.201673	1	1	4.91306	
4.00776	1	17	3.91747	1	16	3.91747	1	16	0	0	0	0.205177	0.203887	0.206603	0.205177	0.203887	0.2066	0.205177	0.203887	0.206603	0.205177	0.203887	0.2066	1	1	4.9148	
4.01513	1	17	3.92048	1	16	3.92049	1	16	0	0	0	0.210146	0.208837	0.211633	0.210146	0.20884	0.21163	0.210146	0.208837	0.211633	0.210146	0.20884	0.21163	1	1	4.91756	
4.02266	1	24	3.92326	1	24	3.92327	1	24	0	0	0	0.215114	0.21374	0.216803	0.215114	0.213743	0.2168	0.215114	0.21374	0.216803	0.215114	0.213743	0.2168	1	1	4.92014	
4.02957	1	24	3.92571	1	24	3.92571	1	24	0	0	0	0.220136	0.218777	0.221903	0.220135	0.21878	0.2219	0.220136	0.218777	0.221903	0.220135	0.21878	0.2219	1	1	4.92227	
4.0373	1	24	3.9286	1	24	3.9286	1	24	0	0	0	0.225164	0.223753	0.22687	0.225164	0.223757	0.226867	0.225164	0.223753	0.22687	0.225164	0.223757	0.226867	1	1	4.92492	
4.04459	1	24	3.93094	1	24	3.93094	1	24	0	0	0	0.230132	0.228897	0.231807	0.230131	0.2289	0.231803	0.230132	0.228897	0.231807	0.230131	0.2289	0.231803	1	1	4.92697	
4.05235	1	18	3.9334	1	16	3.9334	1	16	0	0	0	0.235071	0.23388	0.236817	0.23507	0.23388	0.236813	0.235071	0.23388	0.236817	0.23507	0.23388	0.236813	1	1	4.92916	
4.06017	1	18	3.93627	1	16	3.93629	1	16	0	0	0	0.24003	0.238713	0.241923	0.24003	0.238713	0.24192	0.24003	0.238713	0.241923	0.24003	0.238713	0.24192	1	1	4.93174	
4.06796	1	18	3.9384	1	16	3.93841	1	16	0	0	0	0.24505	0.243763	0.246913	0.24505	0.243763	0.24691	0.24505	0.243763	0.246913	0.24505	0.243763	0.24691	1	1	4.93363	
4.0762	1	20	3.94079	1	20	3.94081	1	20	0	0	0	0.249962	0.248783	0.251893	0.249962	0.248783	0.25189	0.249962	0.248783	0.251893	0.249962	0.248783	0.25189	1	1	4.93573	
4.08525	1	19	3.94375	1	16	3.94377	1	16	0	0	0	0.254964	0.253697	0.25695	0.254964	0.253697	0.256947	0.254964	0.253697	0.25695	0.254964	0.253697	0.256947	1	1	4.93833	
4.094	1	19	3.94629	1	16	3.94631	1	16	0	0	0	0.259973	0.258533	0.26183	0.259974	0.258533	0.261827	0.259973	0.258533	0.26183	0.259974	0.258533	0.261827	1	1	4.9405	
4.10369	1	19	3.94921	1	16	3.94924	1	16	0	0	0	0.265002	0.263803	0.266847	0.265003	0.263803	0.266843	0.265002	0.263803	0.266847	0.265003	0.263803	0.266843	1	1	4.943	
4.11222	1	19	3.95139	1	16	3.95142	1	16	0	0	0	0.270024	0.268843	0.271843	0.270025	0.268843	0.27184	0.270024	0.268843	0.271843	0.270025	0.268843	0.27184	1	1	4.94481	
4.12197	1	19	3.95416	1	18	3.95419	1	18	0	0	0	0.275018	0.273793	0.276993	0.275018	0.273793	0.27699	0.275018	0.273793	0.276993	0.275018	0.273793	0.27699	1	1	4.94714	
4.13305	1	20	3.95738	1	18	3.9574	1	18	0	0	0	0.28004	0.27887	0.282073	0.28004	0.27887	0.28207	0.28004	0.27887	0.282073	0.28004	0.27887	0.28207	1	1	4.94976	
4.14371	1	25	3.95997	1	24	3.95999	1	24	0	0	0	0.285015	0.283613	0.287233	0.285015	0.283613	0.28723	0.285015	0.283613	0.287233	0.285015	0.283613	0.28723	1	1	4.95194	
4.15545	1	20	3.96344	1	20	3.96346	1	20	0	0	0	0.290035	0.288733	0.29204	0.290035	0.288733	0.292037	0.290035	0.288733	0.29204	0.290035	0.288733	0.292037	1	1	4.95488	
4.16689	1	22	3.9662	1	20	3.96622	1	20	0	0	0	0.295025	0.29379	0.29713	0.295026	0.293793	0.297127	0.295025	0.29379	0.29713	0.295026	0.293793	0.297127	1	1	4.9571	
4.17948	1	25	3.96981	1	24	3.96983	1	24	0	0	0	0.300039	0.298713	0.302297	0.30004	0.298713	0.302293	0.300039	0.298713	0.302297	0.30004	0.298713	0.302293	1	1	4.96012	
4.19117	1	25	3.97234	1	24	3.97236	1	24	0	0	0	0.305055	0.303653	0.30702	0.305056	0.303653	0.307017	0.305055	0.303653	0.30702	0.305056	0.303653	0.307017	1	1	4.96201	
4.20462	1	26	3.97647	1	24	3.97649	1	24	0	0	0	0.310057	0.30852	0.311997	0.310057	0.308523	0.311993	0.310057	0.30852	0.311997	0.310057	0.308523	0.311993	1	1	4.9655	
4.21818	1	25	3.97991	1	24	3.97994	1	24	0	0	0	0.315019	0.31352	0.316983	0.31502	0.313523	0.316983	0.315019	0.31352	0.316983	0.31502	0.313523	0.316983	1	1	4.96827	
4.23241	1	25	3.98373	1	24	3.98375	1	24	0	0	0	0.319978	0.318463	0.32199	0.319979	0.318467	0.32199	0.319978	0.318463	0.32199	0.319979	0.318467	0.32199	1	1	4.97138	
4.24707	1	27	3.98712	1	25	3.98714	1	25	0	0	0	0.324963	0.323313	0.327123	0.324964	0.323317	0.327123	0.324963	0.323313	0.327123	0.324964	0.323317	0.327123	1	1	4.97399	
4.26297	1	26	3.99128	1	24	3.99131	1	24	0	0	0	0.329995	0.328247	0.33219	0.329996	0.32825	0.33219	0.329995	0.328247	0.33219	0.329996	0.32825	0.33219	1	1	4.9772	
4.27836	1	25	3.99439	1	24	3.99442	1	24	0	0	0	0.33498	0.33312	0.3371	0.334982	0.333127	0.3371	0.33498	0.33312	0.3371	0.334982	0.333127	0.3371	1	1	4.97954	
4.29523	1	25	3.99773	1	24	3.99775	1	24	0	0	0	0.339973	0.33812	0.342147	0.339974	0.338127	0.342147	0.339973	0.33812	0.342147	0.339974	0.338127	0.342147	1	1	4.98194	
4.31343	1	27	4.00194	1	24	4.00196	1	24	0	0	0	0.344971	0.343307	0.34728	0.344972	0.343313	0.34728	0.344971	0.343307	0.34728	0.344972	0.343313	0.34728	1	1	4.98509	
4.33296	1	27	4.0065	1	24	4.00651	1	24	0	0	0	0.350014	0.348253	0.352393	0.350015	0.34826	0.352393	0.350014	0.348253	0.352393	0.350015	0.34826	0.352393	1	1	4.98835	
4.35236	1	26	4.01063	1	24	4.01066	1	24	0	0	0	0.354954	0.353173	0.35734	0.354955	0.35318	0.35734	0.354954	0.353173	0.35734	0.354955	0.35318	0.35734	1	1	4.99115	
4.37312	1	29	4.01546	1	28	4.01548	1	28	0	0	0	0.35996	0.358467	0.362383	0.35996	0.358473	0.36238	0.35996	0.358467	0.362383	0.35996	0.358473	0.36238	1	1	4.99469	
4.39404	1	29	4.01917	1	28	4.01919	1	28	0	0	0	0.364936	0.363493	0.36731	0.364936	0.3635	0.367307	0.364936	0.363493	0.36731	0.364936	0.3635	0.367307	1	1	4.99714	
4.41688	1	28	4.02343	1	25	4.02345	1	25	0	0	0	0.369959	0.36853	0.372257	0.369959	0.36853	0.372253	0.369959	0.36853	0.372257	0.369959	0.36853	0.372253	1	1	4.99991	
4.43873	1	32	4.02684	1	32	4.02685	1	32	0	0	0	0.374922	0.373217	0.377313	0.374922	0.373217	0.37731	0.374922	0.373217	0.377313	0.374922	0.373217	0.37731	1	1	5.00184	
4.4646	1	35	4.03186	1	32	4.03188	1	32	0	0	0	0.379929	0.378367	0.382327	0.37993	0.37837	0.382323	0.379929	0.378367	0.382327	0.37993	0.37837	0.382323	1	1	5.00524	
4.49263	1	35	4.03749	1	32	4.03751	1	32	0	0	0	0.384977	0.38334	0.387293	0.384977	0.383343	0.38729	0.384977	0.38334	0.387293	0.384977	0.383343	0.38729	1	1	5.0088	
4.52153	1	37	4.04319	1	32	4.04321	1	32	0	0	0	0.389953	0.388323	0.392323	0.389953	0.388327	0.392317	0.389953	0.388323	0.392323	0.389953	0.388327	0.392317	1	1	5.01243	
4.55365	1	42	4.04867	1	32	4.04868	1	32	0	0	0	0.39501	0.39345	0.39733	0.39501	0.393457	0.397323	0.39501	0.39345	0.39733	0.39501	0.393457	0.397323	1	1	5.01593	
4.5879	1	46	4.05429	1	41	4.05431	1	41	0	0	0	0.400027	0.398437	0.40228	0.400027	0.398443	0.402273	0.400027	0.398437	0.40228	0.400027	0.398443	0.402273	1	1	5.01925	
4.62222	1	44	4.05923	1	32	4.05924	1	32	0	0	0	0.405089	0.4035	0.407143	0.405089	0.403507	0.407137	0.405089	0.4035	0.407143	0.405089	0.403507	0.407137	1	1	5.02164	
4.66064	1	48	4.06346	1	32	4.06346	1	32	0	0	0	0.410107	0.408143	0.412367	0.410108	0.40815	0.41236	0.410107	0.408143	0.412367	0.410108	0.40815	0.41236	1	1	5.02336	
4.70288	1	50	4.06949	1	34	4.06951	1	34	0	0	0	0.415085	0.41318	0.417193	0.415084	0.413187	0.417187	0.415085	0.41318	0.417193	0.415084	0.413187	0.417187	1	1	5.0267	
4.74991	1	50	4.07569	1	40	4.07571	1	40	0	0	0	0.420099	0.418263	0.422237	0.420099	0.418263	0.42223	0.420099	0.418263	0.422237	0.420099	0.418263	0.42223	1	1	5.03034	
4.80329	1	56	4.08342	1	35	4.08346	1	35	0	0	0	0.425086	0.423197	0.427313	0.425087	0.4232	0.427307	0.425086	0.423197	0.427313	0.425087	0.4232	0.427307	1	1	5.03375	
4.86106	1	51	4.09206	1	36	4.09212	1	36	0	0	0	0.4301	0.428197	0.43227	0.4301	0.428203	0.432263	0.4301	0.428197	0.43227	0.4301	0.428203	0.432263	1	1	5.03801	
4.92524	1	58	4.09958	1	40	4.09963	1	40	0	0	0	0.435068	0.433283	0.437193	0.435067	0.43329	0.437187	0.435068	0.433283	0.437193	0.435067	0.43329	0.437187	1	1	5.04101	
4.99234	1	58	4.10713	1	40	4.10718	1	40	0	0	0	0.440064	0.438063	0.442123	0.440064	0.438073	0.442117	0.440064	0.438063	0.442123	0.440064	0.438073	0.442117	1	1	5.04416	
5.07168	1	60	4.11467	1	37	4.11473	1	37	0	0	0	0.445103	0.443103	0.44721	0.445103	0.443113	0.447203	0.445103	0.443103	0.44721	0.445103	0.443113	0.447203	1	1	5.04722	
5.16032	1	60	4.11994	1	36	4.11999	1	36	0	0	0	0.45006	0.44807	0.452117	0.45006	0.448073	0.45211	0.45006	0.44807	0.452117	0.45006	0.448073	0.45211	1	1	5.04844	
5.267	1	65	4.12715	1	44	4.1272	1	44	0	0	0	0.45518	0.453163	0.45733	0.455179	0.453167	0.45732	0.45518	0.453163	0.45733	0.455179	0.453167	0.45732	1	1	5.0507	
5.39978	1	70	4.13872	1	40	4.13878	1	40	0	0	0	0.460153	0.458033	0.462353	0.460153	0.458033	0.462343	0.460153	0.458033	0.462353	0.460153	0.458033	0.462343	1	1	5.05485	
5.53891	1	66	4.14499	1	36	4.14508	1	36	0	0	0	0.465124	0.463133	0.467567	0.465124	0.463133	0.467557	0.465124	0.463133	0.467567	0.465124	0.463133	0.467557	1	1	5.05693	
5.72754	1	70	4.15549	1	40	4.15554	1	40	0	0	0	0.47014	0.46793	0.472587	0.470141	0.467933	0.472577	0.47014	0.46793	0.472587	0.470141	0.467933	0.472577	1	1	5.06048	
5.9941	1	96	4.16913	1	43	4.16919	1	43	0	0	0	0.475105	0.472893	0.477557	0.475105	0.472897	0.477547	0.475105	0.472893	0.477557	0.475105	0.472897	0.477547	1	1	5.06341	
6.31388	1	90	4.17305	1	44	4.17311	1	44	0	0	0	0.480154	0.478047	0.48266	0.480155	0.478047	0.482647	0.480154	0.478047	0.48266	0.480155	0.478047	0.482647	1	1	5.06383	
6.78651	1	103	4.1853	1	40	4.18536	1	40	0	0	0	0.485161	0.483107	0.48742	0.485164	0.483107	0.48741	0.485161	0.483107	0.48742	0.485164	0.483107	0.48741	1	1	5.06596	
7.50256	1	126	4.19372	1	44	4.19372	1	44	0	0	0	0.489963	0.488673	0.49163	0.489964	0.48867	0.491617	0.489963	0.488673	0.49163	0.489964	0.48867	0.491617	1	1	5.06912	
9.32613	1	247	4.20929	1	47	4.2093	1	47	0	0	0	0.494946	0.49369	0.496787	0.494947	0.493692	0.496783	0.494946	0.49369	0.496787	0.494947	0.493692	0.496783	1	1	5.07254	
19.3406	1	548	4.21805	1	51	4.21808	1	51	0	0	0	0.499922	0.49924	0.501253	0.49993	0.499243	0.50124	0.499922	0.49924	0.501253	0.49993	0.499243	0.50124	1	1	5.07455	
664.648	1	15934	4.23362	1	53	4.23436	1	53	0	0	0	0.504898	0.50411	0.506261	0.504394	0.497049	0.506131	0.504898	0.50411	0.506261	0.504394	0.497049	0.506131	1	1	5.07505	
