4.25738	2	8	4.25738	2	8	4.25737	2	8	0	0	0	0.00503313	0.00484667	0.00526333	0.00503292	0.00484667	0.00526	0.00503313	0.00484667	0.00526333	0.00503292	0.00484667	0.00526	1	1	5.25672	
4.25322	2	9	4.25322	2	9	4.25321	2	9	0	0	0	0.0100071	0.00978667	0.01026	0.0100067	0.00978667	0.0102567	0.0100071	0.00978667	0.01026	0.0100067	0.00978667	0.0102567	1	1	5.2517	
4.25397	2	9	4.25397	2	9	4.25397	2	9	0	0	0	0.0149985	0.01468	0.0154533	0.0149981	0.01468	0.01545	0.0149985	0.01468	0.0154533	0.0149981	0.01468	0.01545	1	1	5.2518	
4.25835	2	9	4.25835	2	9	4.25836	2	9	0	0	0	0.019986	0.0196467	0.0205267	0.0199858	0.0196467	0.0205233	0.019986	0.0196467	0.0205267	0.0199858	0.0196467	0.0205233	1	1	5.25549	
4.25836	2	9	4.25836	2	9	4.25836	2	9	0	0	0	0.0249837	0.0245867	0.0255	0.0249837	0.0245867	0.0254967	0.0249837	0.0245867	0.0255	0.0249837	0.0245867	0.0254967	1	1	5.25495	
4.25901	2	9	4.25901	2	9	4.25902	2	9	0	0	0	0.0300242	0.0296033	0.03046	0.0300242	0.0296033	0.0304567	0.0300242	0.0296033	0.03046	0.0300242	0.0296033	0.0304567	1	1	5.25499	
4.26027	2	9	4.26027	2	9	4.26027	2	9	0	0	0	0.0350258	0.0346	0.0353167	0.0350254	0.0346	0.0353167	0.0350258	0.0346	0.0353167	0.0350254	0.0346	0.0353167	1	1	5.25548	
4.26399	2	9	4.26399	2	9	4.264	2	9	0	0	0	0.0400277	0.0394067	0.04053	0.0400275	0.0394067	0.0405333	0.0400277	0.0394067	0.04053	0.0400275	0.0394067	0.0405333	1	1	5.25834	
4.26509	2	9	4.26509	2	9	4.2651	2	9	0	0	0	0.0450169	0.04435	0.0456767	0.0450167	0.04435	0.04568	0.0450169	0.04435	0.0456767	0.0450167	0.04435	0.04568	1	1	5.25852	
4.2666	2	9	4.2666	2	9	4.2666	2	9	0	0	0	0.0499998	0.0493933	0.0506733	0.0499996	0.0493967	0.0506767	0.0499998	0.0493933	0.0506733	0.0499996	0.0493967	0.0506767	1	1	5.25928	
4.26702	2	9	4.26702	2	9	4.26703	2	9	0	0	0	0.0550015	0.0543467	0.0556	0.0550015	0.05435	0.0556033	0.0550015	0.0543467	0.0556	0.0550015	0.05435	0.0556033	1	1	5.25904	
4.2686	2	9	4.2686	2	9	4.26861	2	9	0	0	0	0.0599671	0.05932	0.0604033	0.0599671	0.0593233	0.0604033	0.0599671	0.05932	0.0604033	0.0599671	0.0593233	0.0604033	1	1	5.25984	
4.27164	2	9	4.27164	2	9	4.27165	2	9	0	0	0	0.0650215	0.0643533	0.06553	0.0650213	0.0643567	0.0655333	0.0650215	0.0643533	0.06553	0.0650213	0.0643567	0.0655333	1	1	5.26212	
4.27534	2	10	4.27534	2	10	4.27534	2	10	0	0	0	0.0699788	0.0690033	0.07044	0.0699788	0.0690067	0.07044	0.0699788	0.0690033	0.07044	0.0699788	0.0690067	0.07044	1	1	5.26493	
4.27803	2	10	4.27803	2	10	4.27803	2	10	0	0	0	0.0749758	0.07389	0.0755633	0.074976	0.0738933	0.0755667	0.0749758	0.07389	0.0755633	0.074976	0.0738933	0.0755667	1	1	5.26675	
4.28017	2	10	4.28017	2	10	4.28019	2	10	0	0	0	0.0799906	0.0788467	0.0806333	0.079991	0.07885	0.0806333	0.0799906	0.0788467	0.0806333	0.079991	0.07885	0.0806333	1	1	5.26812	
4.28322	2	10	4.28322	2	10	4.28324	2	10	0	0	0	0.0850135	0.0838667	0.08573	0.085014	0.08387	0.08573	0.0850135	0.0838667	0.08573	0.085014	0.08387	0.08573	1	1	5.27034	
4.2862	2	10	4.2862	2	10	4.28622	2	10	0	0	0	0.0900252	0.0889933	0.09087	0.0900256	0.0889967	0.09087	0.0900252	0.0889933	0.09087	0.0900256	0.0889967	0.09087	1	1	5.27244	
4.28951	2	10	4.28951	2	10	4.28952	2	10	0	0	0	0.09501	0.0940767	0.0960067	0.0950104	0.0940833	0.0960033	0.09501	0.0940767	0.0960067	0.0950104	0.0940833	0.0960033	1	1	5.27481	
4.29288	2	10	4.29288	2	10	4.29289	2	10	0	0	0	0.100001	0.0991267	0.101043	0.100002	0.0991333	0.101047	0.100001	0.0991267	0.101043	0.100002	0.0991333	0.101047	1	1	5.27718	
4.29619	2	11	4.29619	2	11	4.2962	2	11	0	0	0	0.105056	0.104223	0.10609	0.105057	0.10423	0.106093	0.105056	0.104223	0.10609	0.105057	0.10423	0.106093	1	1	5.27939	
4.30107	2	11	4.30107	2	11	4.30107	2	11	0	0	0	0.110075	0.109163	0.111127	0.110076	0.10917	0.11113	0.110075	0.109163	0.111127	0.110076	0.10917	0.11113	1	1	5.28323	
4.30417	2	11	4.30417	2	11	4.30417	2	11	0	0	0	0.115058	0.11411	0.115987	0.115058	0.114117	0.115983	0.115058	0.11411	0.115987	0.115058	0.114117	0.115983	1	1	5.28535	
4.30814	2	11	4.30814	2	11	4.30813	2	11	0	0	0	0.120091	0.11904	0.120967	0.120091	0.119047	0.12097	0.120091	0.11904	0.120967	0.120091	0.119047	0.12097	1	1	5.28833	
4.31269	2	11	4.31269	2	11	4.3127	2	11	0	0	0	0.125086	0.124113	0.12595	0.125086	0.12412	0.125947	0.125086	0.124113	0.12595	0.125086	0.12412	0.125947	1	1	5.29178	
4.31657	2	11	4.31657	2	11	4.31657	2	11	0	0	0	0.130036	0.129193	0.130967	0.130036	0.129197	0.13097	0.130036	0.129193	0.130967	0.130036	0.129197	0.13097	1	1	5.29452	
4.32082	2	11	4.32082	2	11	4.32082	2	11	0	0	0	0.135046	0.134153	0.13592	0.135047	0.13416	0.135923	0.135046	0.134153	0.13592	0.135047	0.13416	0.135923	1	1	5.29771	
4.32563	2	11	4.32563	2	11	4.32563	2	11	0	0	0	0.140089	0.13911	0.141013	0.140089	0.139117	0.14101	0.140089	0.13911	0.141013	0.140089	0.139117	0.14101	1	1	5.30135	
4.33078	2	11	4.33078	2	11	4.33078	2	11	0	0	0	0.1451	0.144033	0.146127	0.1451	0.14404	0.146123	0.1451	0.144033	0.146127	0.1451	0.14404	0.146123	1	1	5.30525	
4.33556	2	11	4.33556	2	11	4.33557	2	11	0	0	0	0.150073	0.149	0.151137	0.150073	0.149007	0.151127	0.150073	0.149	0.151137	0.150073	0.149007	0.151127	1	1	5.30886	
4.34085	2	11	4.34085	2	11	4.34086	2	11	0	0	0	0.155095	0.153887	0.156357	0.155095	0.153883	0.156347	0.155095	0.153887	0.156357	0.155095	0.153883	0.156347	1	1	5.31283	
4.34644	2	11	4.34644	2	11	4.34645	2	11	0	0	0	0.160132	0.15898	0.161417	0.160131	0.158977	0.161407	0.160132	0.15898	0.161417	0.160131	0.158977	0.161407	1	1	5.31704	
4.35189	2	11	4.35189	2	11	4.3519	2	11	0	0	0	0.165184	0.164157	0.166407	0.165183	0.164153	0.166397	0.165184	0.164157	0.166407	0.165183	0.164153	0.166397	1	1	5.32118	
4.35776	2	11	4.35776	2	11	4.35777	2	11	0	0	0	0.17018	0.169217	0.171373	0.17018	0.169213	0.171363	0.17018	0.169217	0.171373	0.17018	0.169213	0.171363	1	1	5.32555	
4.36379	2	12	4.36379	2	12	4.3638	2	12	0	0	0	0.175217	0.174063	0.17638	0.175217	0.17406	0.17637	0.175217	0.174063	0.17638	0.175217	0.17406	0.17637	1	1	5.33015	
4.37024	2	12	4.37024	2	12	4.37024	2	12	0	0	0	0.180281	0.178947	0.181643	0.18028	0.178943	0.181633	0.180281	0.178947	0.181643	0.18028	0.178943	0.181633	1	1	5.33502	
4.37713	2	12	4.37713	2	12	4.37714	2	12	0	0	0	0.185281	0.183897	0.18673	0.18528	0.183893	0.18672	0.185281	0.183897	0.18673	0.18528	0.183893	0.18672	1	1	5.34025	
4.38353	2	12	4.38353	2	12	4.38354	2	12	0	0	0	0.190259	0.188923	0.191553	0.190258	0.18892	0.191543	0.190259	0.188923	0.191553	0.190258	0.18892	0.191543	1	1	5.34494	
4.38967	2	12	4.38967	2	12	4.38969	2	12	0	0	0	0.195212	0.193857	0.196627	0.195212	0.19386	0.196617	0.195212	0.193857	0.196627	0.195212	0.19386	0.196617	1	1	5.34946	
4.39563	2	12	4.39563	2	12	4.39565	2	12	0	0	0	0.200214	0.198957	0.201677	0.200213	0.19896	0.201667	0.200214	0.198957	0.201677	0.200213	0.19896	0.201667	1	1	5.35367	
4.40253	2	12	4.40253	2	12	4.40255	2	12	0	0	0	0.205177	0.203887	0.206603	0.205177	0.203887	0.206593	0.205177	0.203887	0.206603	0.205177	0.203887	0.206593	1	1	5.35878	
4.40948	2	12	4.40948	2	12	4.4095	2	12	0	0	0	0.210146	0.208837	0.211633	0.210146	0.20884	0.211623	0.210146	0.208837	0.211633	0.210146	0.20884	0.211623	1	1	5.36385	
4.41635	2	12	4.41635	2	12	4.41636	2	12	0	0	0	0.215114	0.21374	0.216803	0.215114	0.213743	0.216793	0.215114	0.21374	0.216803	0.215114	0.213743	0.216793	1	1	5.36875	
4.4235	2	12	4.4235	2	12	4.42352	2	12	0	0	0	0.220136	0.218777	0.221903	0.220135	0.21878	0.221893	0.220136	0.218777	0.221903	0.220135	0.21878	0.221893	1	1	5.37381	
4.43099	2	12	4.43099	2	12	4.43101	2	12	0	0	0	0.225164	0.223753	0.22687	0.225164	0.223757	0.22686	0.225164	0.223753	0.22687	0.225164	0.223757	0.22686	1	1	5.3792	
4.43806	2	13	4.43806	2	13	4.43808	2	13	0	0	0	0.230132	0.228897	0.231807	0.230131	0.2289	0.231797	0.230132	0.228897	0.231807	0.230131	0.2289	0.231797	1	1	5.38407	
4.44468	2	13	4.44468	2	13	4.4447	2	13	0	0	0	0.235071	0.23388	0.236817	0.23507	0.233877	0.236807	0.235071	0.23388	0.236817	0.23507	0.233877	0.236807	1	1	5.38865	
4.45232	2	13	4.45232	2	13	4.45234	2	13	0	0	0	0.24003	0.238713	0.241923	0.24003	0.23871	0.241913	0.24003	0.238713	0.241923	0.24003	0.23871	0.241913	1	1	5.39402	
4.46006	2	13	4.46006	2	13	4.46008	2	13	0	0	0	0.24505	0.243763	0.246913	0.245049	0.24376	0.246903	0.24505	0.243763	0.246913	0.245049	0.24376	0.246903	1	1	5.39932	
4.46743	2	13	4.46743	2	13	4.46744	2	13	0	0	0	0.249962	0.248783	0.251893	0.249961	0.24878	0.251883	0.249962	0.248783	0.251893	0.249961	0.24878	0.251883	1	1	5.4043	
4.47548	2	13	4.47548	2	13	4.47549	2	13	0	0	0	0.254964	0.253697	0.25695	0.254963	0.253693	0.25694	0.254964	0.253697	0.25695	0.254963	0.253693	0.25694	1	1	5.40963	
4.48314	2	13	4.48314	2	13	4.48315	2	13	0	0	0	0.259973	0.258533	0.26183	0.259973	0.25853	0.26182	0.259973	0.258533	0.26183	0.259973	0.25853	0.26182	1	1	5.41485	
4.49088	2	13	4.49088	2	13	4.4909	2	13	0	0	0	0.265002	0.263803	0.266847	0.265002	0.2638	0.266837	0.265002	0.263803	0.266847	0.265002	0.2638	0.266837	1	1	5.41992	
4.49911	2	13	4.49911	2	13	4.49912	2	13	0	0	0	0.270024	0.268843	0.271843	0.270024	0.268843	0.271833	0.270024	0.268843	0.271843	0.270024	0.268843	0.271833	1	1	5.42519	
4.50694	2	13	4.50694	2	13	4.50696	2	13	0	0	0	0.275018	0.273793	0.276993	0.275017	0.273793	0.276983	0.275018	0.273793	0.276993	0.275017	0.273793	0.276983	1	1	5.43021	
4.51622	2	13	4.51622	2	13	4.51624	2	13	0	0	0	0.28004	0.27887	0.282073	0.28004	0.27887	0.282063	0.28004	0.27887	0.282073	0.28004	0.27887	0.282063	1	1	5.43592	
4.52517	2	14	4.52517	2	14	4.52518	2	14	0	0	0	0.285015	0.283613	0.287233	0.285015	0.283613	0.287223	0.285015	0.283613	0.287233	0.285015	0.283613	0.287223	1	1	5.44139	
4.53357	2	14	4.53357	2	14	4.53358	2	14	0	0	0	0.290035	0.288733	0.29204	0.290034	0.288733	0.29203	0.290035	0.288733	0.29204	0.290034	0.288733	0.29203	1	1	5.44632	
4.54291	2	14	4.54291	2	14	4.54293	2	14	0	0	0	0.295025	0.29379	0.29713	0.295024	0.29379	0.29712	0.295025	0.29379	0.29713	0.295024	0.29379	0.29712	1	1	5.45216	
4.5524	2	14	4.5524	2	14	4.55241	2	14	0	0	0	0.300039	0.298713	0.302297	0.300039	0.298717	0.302287	0.300039	0.298713	0.302297	0.300039	0.298717	0.302287	1	1	5.45779	
4.56181	2	14	4.56181	2	14	4.56181	2	14	0	0	0	0.305055	0.303653	0.30702	0.305055	0.303657	0.30701	0.305055	0.303653	0.30702	0.305055	0.303657	0.30701	1	1	5.46317	
4.5708	2	15	4.5708	2	15	4.57081	2	15	0	0	0	0.310057	0.30852	0.311997	0.310056	0.30852	0.311987	0.310057	0.30852	0.311997	0.310056	0.30852	0.311987	1	1	5.46808	
4.5808	2	15	4.5808	2	15	4.58081	2	15	0	0	0	0.315019	0.31352	0.316983	0.315019	0.31352	0.316977	0.315019	0.31352	0.316983	0.315019	0.31352	0.316977	1	1	5.47342	
4.59113	2	15	4.59113	2	15	4.59114	2	15	0	0	0	0.319978	0.318463	0.32199	0.319978	0.318463	0.321983	0.319978	0.318463	0.32199	0.319978	0.318463	0.321983	1	1	5.47892	
4.60154	2	15	4.60154	2	15	4.60154	2	15	0	0	0	0.324963	0.323313	0.327123	0.324963	0.323313	0.327117	0.324963	0.323313	0.327123	0.324963	0.323313	0.327117	1	1	5.48426	
4.61211	2	15	4.61211	2	15	4.61211	2	15	0	0	0	0.329995	0.328247	0.33219	0.329995	0.328247	0.332183	0.329995	0.328247	0.33219	0.329995	0.328247	0.332183	1	1	5.48968	
4.62317	2	15	4.62317	2	15	4.62317	2	15	0	0	0	0.33498	0.33312	0.3371	0.334981	0.333123	0.337093	0.33498	0.33312	0.3371	0.334981	0.333123	0.337093	1	1	5.49518	
4.63454	2	15	4.63454	2	15	4.63454	2	15	0	0	0	0.339973	0.33812	0.342147	0.339973	0.338123	0.34214	0.339973	0.33812	0.342147	0.339973	0.338123	0.34214	1	1	5.50048	
4.64623	2	15	4.64623	2	15	4.64623	2	15	0	0	0	0.344971	0.343307	0.34728	0.344971	0.34331	0.347273	0.344971	0.343307	0.34728	0.344971	0.34331	0.347273	1	1	5.50589	
4.65789	2	16	4.65789	2	16	4.65789	2	16	0	0	0	0.350014	0.348253	0.352393	0.350014	0.348257	0.352387	0.350014	0.348253	0.352393	0.350014	0.348257	0.352387	1	1	5.51088	
4.67066	2	17	4.67066	2	17	4.67065	2	17	0	0	0	0.354954	0.353173	0.35734	0.354954	0.353177	0.357333	0.354954	0.353173	0.35734	0.354954	0.353177	0.357333	1	1	5.51634	
4.68422	2	17	4.68422	2	17	4.68421	2	17	0	0	0	0.35996	0.358467	0.362383	0.35996	0.35847	0.362373	0.35996	0.358467	0.362383	0.35996	0.35847	0.362373	1	1	5.52207	
4.69743	2	17	4.69743	2	17	4.69742	2	17	0	0	0	0.364936	0.363493	0.36731	0.364936	0.363497	0.3673	0.364936	0.363493	0.36731	0.364936	0.363497	0.3673	1	1	5.5273	
4.71206	2	17	4.71206	2	17	4.71205	2	17	0	0	0	0.369959	0.36853	0.372257	0.369959	0.368533	0.372247	0.369959	0.36853	0.372257	0.369959	0.368533	0.372247	1	1	5.53273	
4.72733	2	17	4.72733	2	17	4.72732	2	17	0	0	0	0.374922	0.373217	0.377313	0.374922	0.37322	0.377303	0.374922	0.373217	0.377313	0.374922	0.37322	0.377303	1	1	5.53829	
4.74307	2	17	4.74307	2	17	4.74306	2	17	0	0	0	0.379929	0.378367	0.382327	0.379929	0.378367	0.382317	0.379929	0.378367	0.382327	0.379929	0.378367	0.382317	1	1	5.5435	
4.75927	2	18	4.75927	2	18	4.75926	2	18	0	0	0	0.384977	0.38334	0.387293	0.384977	0.38334	0.387283	0.384977	0.38334	0.387293	0.384977	0.38334	0.387283	1	1	5.54865	
4.77725	2	18	4.77725	2	18	4.77724	2	18	0	0	0	0.389953	0.388323	0.392323	0.389953	0.388323	0.392313	0.389953	0.388323	0.392323	0.389953	0.388323	0.392313	1	1	5.55421	
4.79686	2	19	4.79686	2	19	4.79685	2	19	0	0	0	0.39501	0.39345	0.39733	0.39501	0.393453	0.39732	0.39501	0.39345	0.39733	0.39501	0.393453	0.39732	1	1	5.55959	
4.81659	2	20	4.81659	2	20	4.81658	2	20	0	0	0	0.400027	0.398437	0.40228	0.400027	0.39844	0.40227	0.400027	0.398437	0.40228	0.400027	0.39844	0.40227	1	1	5.56469	
4.83825	2	22	4.83825	2	22	4.83824	2	22	0	0	0	0.405089	0.4035	0.407143	0.405089	0.403503	0.407133	0.405089	0.4035	0.407143	0.405089	0.403503	0.407133	1	1	5.5699	
4.8621	2	24	4.8621	2	24	4.86209	2	24	0	0	0	0.410107	0.408143	0.412367	0.410107	0.408147	0.412357	0.410107	0.408143	0.412367	0.410107	0.408147	0.412357	1	1	5.5753	
4.88884	2	25	4.88884	2	25	4.88883	2	25	0	0	0	0.415085	0.41318	0.417193	0.415084	0.413183	0.417183	0.415085	0.41318	0.417193	0.415084	0.413183	0.417183	1	1	5.58052	
4.91705	2	25	4.91705	2	25	4.91704	2	25	0	0	0	0.420099	0.418263	0.422237	0.420099	0.418267	0.422227	0.420099	0.418263	0.422237	0.420099	0.418267	0.422227	1	1	5.58586	
4.94777	2	25	4.94777	2	25	4.94776	2	25	0	0	0	0.425086	0.423197	0.427313	0.425086	0.4232	0.427303	0.425086	0.423197	0.427313	0.425086	0.4232	0.427303	1	1	5.59124	
4.98207	2	26	4.98207	2	26	4.98205	2	26	0	0	0	0.4301	0.428197	0.43227	0.430099	0.4282	0.43226	0.4301	0.428197	0.43227	0.430099	0.4282	0.43226	1	1	5.59629	
5.02152	2	27	5.02152	2	27	5.0215	2	27	0	0	0	0.435068	0.433283	0.437193	0.435066	0.433287	0.437183	0.435068	0.433283	0.437193	0.435066	0.433287	0.437183	1	1	5.60151	
5.06932	2	29	5.06932	2	29	5.0693	2	29	0	0	0	0.440064	0.438063	0.442123	0.440062	0.438067	0.442113	0.440064	0.438063	0.442123	0.440062	0.438067	0.442113	1	1	5.60686	
5.12204	2	30	5.12204	2	30	5.12202	2	30	0	0	0	0.445103	0.443103	0.44721	0.445101	0.443107	0.4472	0.445103	0.443103	0.44721	0.445101	0.443107	0.4472	1	1	5.61189	
5.1836	2	32	5.1836	2	32	5.18359	2	32	0	0	0	0.45006	0.44807	0.452117	0.450058	0.44807	0.45211	0.45006	0.44807	0.452117	0.450058	0.44807	0.45211	1	1	5.6172	
5.25844	2	33	5.25844	2	33	5.25844	2	33	0	0	0	0.45518	0.453163	0.45733	0.455178	0.453163	0.457327	0.45518	0.453163	0.45733	0.455178	0.453163	0.457327	1	1	5.62252	
5.35647	2	37	5.35647	2	37	5.35647	2	37	0	0	0	0.460153	0.458033	0.462353	0.460152	0.458033	0.46235	0.460153	0.458033	0.462353	0.460152	0.458033	0.46235	1	1	5.62759	
5.47035	2	39	5.47035	2	39	5.47038	2	39	0	0	0	0.465124	0.463133	0.467567	0.465123	0.463133	0.467567	0.465124	0.463133	0.467567	0.465123	0.463133	0.467567	1	1	5.63287	
5.6222	2	42	5.6222	2	42	5.62236	2	42	0	0	0	0.47014	0.46793	0.472587	0.470142	0.46793	0.472593	0.47014	0.46793	0.472587	0.470142	0.46793	0.472593	1	1	5.63788	
5.83387	2	49	5.83387	2	49	5.8341	2	49	0	0	0	0.475105	0.472893	0.477557	0.475105	0.472893	0.47755	0.475105	0.472893	0.477557	0.475105	0.472893	0.47755	1	1	5.64285	
6.14565	2	52	6.14565	2	52	6.14604	2	52	0	0	0	0.480154	0.478047	0.48266	0.480153	0.478047	0.482647	0.480154	0.478047	0.48266	0.480153	0.478047	0.482647	1	1	5.64782	
6.67899	2	64	6.67899	2	64	6.67949	2	64	0	0	0	0.485161	0.483107	0.48742	0.48516	0.483107	0.487403	0.485161	0.483107	0.48742	0.48516	0.483107	0.487403	1	1	5.65288	
7.67696	2	90	7.67696	2	90	7.67722	2	90	0	0	0	0.489963	0.488673	0.49163	0.489966	0.488675	0.491623	0.489963	0.488673	0.49163	0.489966	0.488675	0.491623	1	1	5.65694	
10.8192	2	143	10.8192	2	143	10.8198	2	143	0	0	0	0.494971	0.494256	0.49636	0.494967	0.494246	0.496328	0.494971	0.494256	0.49636	0.494967	0.494246	0.496328	1	1	5.66171	
182.542	2	1639	182.542	2	1639	182.701	2	1639	0	0	0	0.499922	0.49924	0.501253	0.499794	0.499246	0.500529	0.499922	0.49924	0.501253	0.499794	0.499246	0.500529	1	1	5.66686	
1685.86	2	10999	1685.86	2	10999	1701.58	2	11061	0	0	0	0.504898	0.50411	0.506261	0.503524	0.4995	0.505217	0.504898	0.50411	0.506261	0.503524	0.4995	0.505217	1	1	5.67159	
