4.25738	2	8	4.25672	2	8	4.25671	2	8	0	0	0	0.00503313	0.00484667	0.00526333	0.00503292	0.00484667	0.00526	0.00503313	0.00484667	0.00526333	0.00503292	0.00484667	0.00526	1	1	5.25672	
4.25349	2	10	4.25195	2	10	4.25194	2	10	0	0	0	0.0100071	0.00978667	0.01026	0.0100067	0.00978667	0.0102567	0.0100071	0.00978667	0.01026	0.0100067	0.00978667	0.0102567	1	1	5.25195	
4.25426	2	10	4.25205	2	10	4.25205	2	10	0	0	0	0.0149985	0.01468	0.0154533	0.0149981	0.01468	0.01545	0.0149985	0.01468	0.0154533	0.0149981	0.01468	0.01545	1	1	5.25205	
4.25878	2	10	4.25583	2	10	4.25585	2	10	0	0	0	0.019986	0.0196467	0.0205267	0.0199858	0.0196467	0.0205233	0.019986	0.0196467	0.0205267	0.0199858	0.0196467	0.0205233	1	1	5.2558	
4.2588	2	10	4.25525	2	10	4.25525	2	10	0	0	0	0.0249837	0.0245867	0.0255	0.0249837	0.0245867	0.0254967	0.0249837	0.0245867	0.0255	0.0249837	0.0245867	0.0254967	1	1	5.2552	
4.25979	2	10	4.25547	2	10	4.25549	2	10	0	0	0	0.0300242	0.0296033	0.03046	0.0300242	0.0296033	0.0304567	0.0300242	0.0296033	0.03046	0.0300242	0.0296033	0.0304567	1	1	5.25541	
4.26112	2	10	4.25598	2	10	4.25598	2	10	0	0	0	0.0350258	0.0346	0.0353167	0.0350254	0.0346	0.0353167	0.0350258	0.0346	0.0353167	0.0350254	0.0346	0.0353167	1	1	5.25591	
4.26499	2	10	4.25886	2	10	4.25887	2	10	0	0	0	0.0400277	0.0394067	0.04053	0.0400275	0.0394067	0.0405333	0.0400277	0.0394067	0.04053	0.0400275	0.0394067	0.0405333	1	1	5.25878	
4.2664	2	10	4.25921	2	10	4.25922	2	10	0	0	0	0.0450169	0.04435	0.0456767	0.0450167	0.04435	0.04568	0.0450169	0.04435	0.0456767	0.0450167	0.04435	0.04568	1	1	5.25908	
4.26825	2	10	4.26017	2	10	4.26018	2	10	0	0	0	0.0499998	0.0493933	0.0506733	0.0499996	0.0493967	0.0506767	0.0499998	0.0493933	0.0506733	0.0499996	0.0493967	0.0506767	1	1	5.25996	
4.26908	2	10	4.26016	2	10	4.26017	2	10	0	0	0	0.0550015	0.0543467	0.0556	0.0550015	0.05435	0.0556033	0.0550015	0.0543467	0.0556	0.0550015	0.05435	0.0556033	1	1	5.25992	
4.27105	2	11	4.26121	2	11	4.26122	2	11	0	0	0	0.0599671	0.05932	0.0604033	0.0599671	0.0593233	0.0604033	0.0599671	0.05932	0.0604033	0.0599671	0.0593233	0.0604033	1	1	5.26096	
4.27474	2	11	4.26383	2	11	4.26384	2	11	0	0	0	0.0650215	0.0643533	0.06553	0.0650213	0.0643567	0.0655333	0.0650215	0.0643533	0.06553	0.0650213	0.0643567	0.0655333	1	1	5.26357	
4.27902	2	11	4.26697	2	11	4.26698	2	11	0	0	0	0.0699788	0.0690033	0.07044	0.0699788	0.0690067	0.07044	0.0699788	0.0690033	0.07044	0.0699788	0.0690067	0.07044	1	1	5.26664	
4.2824	2	11	4.26919	2	11	4.2692	2	11	0	0	0	0.0749758	0.07389	0.0755633	0.074976	0.0738933	0.0755667	0.0749758	0.07389	0.0755633	0.074976	0.0738933	0.0755667	1	1	5.2688	
4.28508	2	11	4.27079	2	11	4.27081	2	11	0	0	0	0.0799906	0.0788467	0.0806333	0.079991	0.07885	0.0806333	0.0799906	0.0788467	0.0806333	0.079991	0.07885	0.0806333	1	1	5.27033	
4.28905	2	11	4.27357	2	11	4.27359	2	11	0	0	0	0.0850135	0.0838667	0.08573	0.085014	0.08387	0.08573	0.0850135	0.0838667	0.08573	0.085014	0.08387	0.08573	1	1	5.27306	
4.29301	2	12	4.27617	2	11	4.27618	2	11	0	0	0	0.0900252	0.0889933	0.09087	0.0900256	0.0889967	0.09087	0.0900252	0.0889933	0.09087	0.0900256	0.0889967	0.09087	1	1	5.27556	
4.29763	2	12	4.27938	2	11	4.2794	2	11	0	0	0	0.09501	0.0940767	0.0960067	0.0950104	0.0940833	0.0960033	0.09501	0.0940767	0.0960067	0.0950104	0.0940833	0.0960033	1	1	5.27871	
4.30187	2	12	4.28216	2	12	4.28217	2	12	0	0	0	0.100001	0.0991267	0.101043	0.100002	0.0991333	0.101047	0.100001	0.0991267	0.101043	0.100002	0.0991333	0.101047	1	1	5.28143	
4.30638	2	12	4.28505	2	12	4.28506	2	12	0	0	0	0.105056	0.104223	0.10609	0.105057	0.10423	0.106093	0.105056	0.104223	0.10609	0.105057	0.10423	0.106093	1	1	5.2842	
4.31243	2	12	4.28948	2	12	4.28948	2	12	0	0	0	0.110075	0.109163	0.111127	0.110076	0.10917	0.11113	0.110075	0.109163	0.111127	0.110076	0.10917	0.11113	1	1	5.28852	
4.31683	2	12	4.29235	2	12	4.29236	2	12	0	0	0	0.115058	0.11411	0.115987	0.115058	0.114117	0.115983	0.115058	0.11411	0.115987	0.115058	0.114117	0.115983	1	1	5.2913	
4.32235	2	12	4.29613	2	12	4.29613	2	12	0	0	0	0.120091	0.11904	0.120967	0.120091	0.119047	0.12097	0.120091	0.11904	0.120967	0.120091	0.119047	0.12097	1	1	5.29493	
4.32848	2	12	4.30028	2	12	4.30028	2	12	0	0	0	0.125086	0.124113	0.12595	0.125086	0.12412	0.125947	0.125086	0.124113	0.12595	0.125086	0.12412	0.125947	1	1	5.29895	
4.33413	2	13	4.3039	2	12	4.3039	2	12	0	0	0	0.130036	0.129193	0.130967	0.130036	0.129197	0.13097	0.130036	0.129193	0.130967	0.130036	0.129197	0.13097	1	1	5.30243	
4.34034	2	13	4.30816	2	12	4.30816	2	12	0	0	0	0.135046	0.134153	0.13592	0.135047	0.13416	0.135923	0.135046	0.134153	0.13592	0.135047	0.13416	0.135923	1	1	5.30656	
4.34722	2	13	4.31295	2	12	4.31296	2	12	0	0	0	0.140089	0.13911	0.141013	0.140089	0.139117	0.14101	0.140089	0.13911	0.141013	0.140089	0.139117	0.14101	1	1	5.31121	
4.35442	2	14	4.31784	2	12	4.31785	2	12	0	0	0	0.1451	0.144033	0.146127	0.1451	0.14404	0.146123	0.1451	0.144033	0.146127	0.1451	0.14404	0.146123	1	1	5.31598	
4.36161	2	14	4.32275	2	12	4.32276	2	12	0	0	0	0.150073	0.149	0.151137	0.150073	0.149007	0.151127	0.150073	0.149	0.151137	0.150073	0.149007	0.151127	1	1	5.32069	
4.36957	2	14	4.32813	2	12	4.32814	2	12	0	0	0	0.155095	0.153887	0.156357	0.155095	0.153883	0.156347	0.155095	0.153887	0.156357	0.155095	0.153883	0.156347	1	1	5.32583	
4.37773	2	14	4.3336	2	12	4.33361	2	12	0	0	0	0.160132	0.15898	0.161417	0.160131	0.158977	0.161407	0.160132	0.15898	0.161417	0.160131	0.158977	0.161407	1	1	5.33111	
4.38621	2	15	4.33921	2	12	4.33922	2	12	0	0	0	0.165184	0.164157	0.166407	0.165183	0.164153	0.166397	0.165184	0.164157	0.166407	0.165183	0.164153	0.166397	1	1	5.33648	
4.39508	2	15	4.34503	2	13	4.34503	2	13	0	0	0	0.17018	0.169217	0.171373	0.17018	0.169213	0.171363	0.17018	0.169217	0.171373	0.17018	0.169213	0.171363	1	1	5.34206	
4.40457	2	16	4.35154	2	13	4.35154	2	13	0	0	0	0.175217	0.174063	0.17638	0.175217	0.17406	0.17637	0.175217	0.174063	0.17638	0.175217	0.17406	0.17637	1	1	5.34828	
4.4147	2	17	4.35822	2	16	4.35823	2	16	0	0	0	0.180281	0.178947	0.181643	0.180281	0.178943	0.181633	0.180281	0.178947	0.181643	0.180281	0.178943	0.181633	1	1	5.35466	
4.42544	2	19	4.36519	2	16	4.3652	2	16	0	0	0	0.185281	0.183897	0.18673	0.185281	0.183893	0.18672	0.185281	0.183897	0.18673	0.185281	0.183893	0.18672	1	1	5.36129	
4.43595	2	19	4.37214	2	16	4.37215	2	16	0	0	0	0.190259	0.188923	0.191553	0.190258	0.18892	0.191543	0.190259	0.188923	0.191553	0.190258	0.18892	0.191543	1	1	5.36792	
4.44618	2	19	4.37865	2	16	4.37866	2	16	0	0	0	0.195212	0.193857	0.196627	0.195212	0.19386	0.196617	0.195212	0.193857	0.196627	0.195212	0.19386	0.196617	1	1	5.37412	
4.45672	2	19	4.38517	2	16	4.38519	2	16	0	0	0	0.200214	0.198957	0.201677	0.200213	0.19896	0.201667	0.200214	0.198957	0.201677	0.200213	0.19896	0.201667	1	1	5.3803	
4.4689	2	19	4.39289	2	16	4.39291	2	16	0	0	0	0.205177	0.203887	0.206603	0.205177	0.203887	0.206593	0.205177	0.203887	0.206603	0.205177	0.203887	0.206593	1	1	5.3876	
4.48133	2	19	4.40063	2	13	4.40065	2	13	0	0	0	0.210146	0.208837	0.211633	0.210146	0.20884	0.211623	0.210146	0.208837	0.211633	0.210146	0.20884	0.211623	1	1	5.39492	
4.49415	2	19	4.4085	2	13	4.40851	2	13	0	0	0	0.215114	0.21374	0.216803	0.215114	0.213743	0.216793	0.215114	0.21374	0.216803	0.215114	0.213743	0.216793	1	1	5.40227	
4.50784	2	19	4.41686	2	13	4.41687	2	13	0	0	0	0.220136	0.218777	0.221903	0.220135	0.21878	0.221893	0.220136	0.218777	0.221903	0.220135	0.21878	0.221893	1	1	5.41015	
4.52231	2	20	4.42576	2	13	4.42577	2	13	0	0	0	0.225164	0.223753	0.22687	0.225164	0.223757	0.22686	0.225164	0.223753	0.22687	0.225164	0.223757	0.22686	1	1	5.41851	
4.53599	2	19	4.43386	2	13	4.43388	2	13	0	0	0	0.230132	0.228897	0.231807	0.230131	0.2289	0.231797	0.230132	0.228897	0.231807	0.230131	0.2289	0.231797	1	1	5.42601	
4.55006	2	20	4.44241	2	16	4.44243	2	16	0	0	0	0.235071	0.23388	0.236817	0.235071	0.233877	0.236807	0.235071	0.23388	0.236817	0.235071	0.233877	0.236807	1	1	5.43392	
4.5652	2	21	4.45141	2	16	4.45142	2	16	0	0	0	0.24003	0.238713	0.241923	0.24003	0.23871	0.241913	0.24003	0.238713	0.241923	0.24003	0.23871	0.241913	1	1	5.44229	
4.58211	2	21	4.46137	2	16	4.46139	2	16	0	0	0	0.24505	0.243763	0.246913	0.245049	0.24376	0.246903	0.24505	0.243763	0.246913	0.245049	0.24376	0.246903	1	1	5.45155	
4.59884	2	23	4.47116	2	18	4.47118	2	18	0	0	0	0.249962	0.248783	0.251893	0.249962	0.24878	0.251883	0.249962	0.248783	0.251893	0.249962	0.24878	0.251883	1	1	5.46055	
4.61657	2	23	4.48103	2	18	4.48104	2	18	0	0	0	0.254964	0.253697	0.25695	0.254964	0.253693	0.25694	0.254964	0.253697	0.25695	0.254964	0.253693	0.25694	1	1	5.46959	
4.63544	2	23	4.49193	2	20	4.49194	2	20	0	0	0	0.259973	0.258533	0.26183	0.259973	0.25853	0.26182	0.259973	0.258533	0.26183	0.259973	0.25853	0.26182	1	1	5.47964	
4.65504	2	23	4.50315	2	20	4.50316	2	20	0	0	0	0.265002	0.263803	0.266847	0.265002	0.2638	0.266837	0.265002	0.263803	0.266847	0.265002	0.2638	0.266837	1	1	5.48977	
4.67607	2	24	4.51485	2	20	4.51486	2	20	0	0	0	0.270024	0.268843	0.271843	0.270024	0.268843	0.271833	0.270024	0.268843	0.271843	0.270024	0.268843	0.271833	1	1	5.50041	
4.69657	2	24	4.52636	2	20	4.52638	2	20	0	0	0	0.275018	0.273793	0.276993	0.275017	0.273793	0.276983	0.275018	0.273793	0.276993	0.275017	0.273793	0.276983	1	1	5.51078	
4.72142	2	26	4.53981	2	20	4.53983	2	20	0	0	0	0.28004	0.27887	0.282073	0.28004	0.27887	0.282063	0.28004	0.27887	0.282073	0.28004	0.27887	0.282063	1	1	5.52286	
4.74714	2	32	4.55387	2	20	4.55389	2	20	0	0	0	0.285015	0.283613	0.287233	0.285015	0.283613	0.287223	0.285015	0.283613	0.287233	0.285015	0.283613	0.287223	1	1	5.53538	
4.77162	2	34	4.56625	2	20	4.56627	2	20	0	0	0	0.290035	0.288733	0.29204	0.290034	0.288733	0.29203	0.290035	0.288733	0.29204	0.290034	0.288733	0.29203	1	1	5.54643	
4.79874	2	34	4.58064	2	20	4.58065	2	20	0	0	0	0.295025	0.29379	0.29713	0.295025	0.29379	0.29712	0.295025	0.29379	0.29713	0.295025	0.29379	0.29712	1	1	5.55919	
4.82875	2	35	4.59564	2	20	4.59566	2	20	0	0	0	0.300039	0.298713	0.302297	0.300039	0.298717	0.302287	0.300039	0.298713	0.302297	0.300039	0.298717	0.302287	1	1	5.57264	
4.86087	2	36	4.61166	2	20	4.61167	2	20	0	0	0	0.305055	0.303653	0.30702	0.305055	0.303657	0.30701	0.305055	0.303653	0.30702	0.305055	0.303657	0.30701	1	1	5.58698	
4.89255	2	40	4.62702	2	20	4.62702	2	20	0	0	0	0.310057	0.30852	0.311997	0.310056	0.30852	0.311987	0.310057	0.30852	0.311997	0.310056	0.30852	0.311987	1	1	5.60042	
4.92984	2	48	4.64549	2	21	4.6455	2	21	0	0	0	0.315019	0.31352	0.316983	0.315019	0.31352	0.316977	0.315019	0.31352	0.316983	0.315019	0.31352	0.316977	1	1	5.61642	
4.97016	2	48	4.66467	2	24	4.66468	2	24	0	0	0	0.319978	0.318463	0.32199	0.319978	0.318463	0.321983	0.319978	0.318463	0.32199	0.319978	0.318463	0.321983	1	1	5.63308	
5.01187	2	48	4.68393	2	24	4.68394	2	24	0	0	0	0.324963	0.323313	0.327123	0.324964	0.323313	0.327117	0.324963	0.323313	0.327123	0.324964	0.323313	0.327117	1	1	5.65026	
5.05764	2	49	4.70508	2	24	4.70508	2	24	0	0	0	0.329995	0.328247	0.33219	0.329995	0.328247	0.332183	0.329995	0.328247	0.33219	0.329995	0.328247	0.332183	1	1	5.6687	
5.10708	2	54	4.72642	2	24	4.72643	2	24	0	0	0	0.33498	0.33312	0.3371	0.334981	0.333123	0.337093	0.33498	0.33312	0.3371	0.334981	0.333123	0.337093	1	1	5.68636	
5.16167	2	55	4.75032	2	24	4.75032	2	24	0	0	0	0.339973	0.33812	0.342147	0.339972	0.338123	0.342137	0.339973	0.33812	0.342147	0.339972	0.338123	0.342137	1	1	5.7068	
5.2235	2	54	4.77663	2	24	4.77663	2	24	0	0	0	0.344971	0.343307	0.34728	0.34497	0.34331	0.34727	0.344971	0.343307	0.34728	0.34497	0.34331	0.34727	1	1	5.72904	
5.29237	2	54	4.8039	2	28	4.80389	2	28	0	0	0	0.350014	0.348253	0.352393	0.350013	0.348257	0.352383	0.350014	0.348253	0.352393	0.350013	0.348257	0.352383	1	1	5.75254	
5.36856	2	54	4.83218	2	28	4.83218	2	28	0	0	0	0.354954	0.353173	0.35734	0.354953	0.353177	0.35733	0.354954	0.353173	0.35734	0.354953	0.353177	0.35733	1	1	5.77654	
5.45808	2	66	4.86595	2	28	4.86594	2	28	0	0	0	0.35996	0.358467	0.362383	0.359959	0.35847	0.36237	0.35996	0.358467	0.362383	0.359959	0.35847	0.36237	1	1	5.80467	
5.55879	2	67	4.90067	2	29	4.90066	2	29	0	0	0	0.364936	0.363493	0.36731	0.364935	0.363497	0.367297	0.364936	0.363493	0.36731	0.364935	0.363497	0.367297	1	1	5.8337	
5.67858	2	70	4.93685	2	29	4.93685	2	29	0	0	0	0.369959	0.36853	0.372257	0.369957	0.368533	0.372243	0.369959	0.36853	0.372257	0.369957	0.368533	0.372243	1	1	5.86343	
5.81747	2	84	4.97385	2	29	4.97386	2	29	0	0	0	0.374922	0.373217	0.377313	0.374921	0.373217	0.377303	0.374922	0.373217	0.377313	0.374921	0.373217	0.377303	1	1	5.89371	
5.99653	2	88	5.02115	2	28	5.02117	2	28	0	0	0	0.379929	0.378367	0.382327	0.37993	0.378367	0.382317	0.379929	0.378367	0.382327	0.37993	0.378367	0.382317	1	1	5.93267	
6.228	2	118	5.07063	2	29	5.07065	2	29	0	0	0	0.384977	0.38334	0.387293	0.384977	0.38334	0.387283	0.384977	0.38334	0.387293	0.384977	0.38334	0.387283	1	1	5.97208	
6.52744	2	136	5.12483	2	29	5.12486	2	29	0	0	0	0.389953	0.388323	0.392323	0.389956	0.388323	0.39231	0.389953	0.388323	0.392323	0.389956	0.388323	0.39231	1	1	6.01406	
6.96678	2	143	5.18272	2	39	5.18275	2	39	0	0	0	0.39501	0.39345	0.39733	0.395012	0.393453	0.39732	0.39501	0.39345	0.39733	0.395012	0.393453	0.39732	1	1	6.05795	
7.71508	2	170	5.24435	2	36	5.24443	2	36	0	0	0	0.400027	0.398437	0.40228	0.400028	0.39844	0.40227	0.400027	0.398437	0.40228	0.400028	0.39844	0.40227	1	1	6.10481	
9.48143	2	210	5.31197	2	40	5.31212	2	40	0	0	0	0.405089	0.4035	0.407143	0.405088	0.4035	0.40713	0.405089	0.4035	0.407143	0.405088	0.4035	0.40713	1	1	6.15367	
16.2849	2	512	5.38542	2	35	5.38549	2	35	0	0	0	0.409843	0.409109	0.410836	0.409845	0.40911	0.41083	0.409843	0.409109	0.410836	0.409845	0.40911	0.41083	1	1	6.20512	
1496.88	2	21507	5.43908	2	35	5.4387	2	35	0	0	0	0.414848	0.413984	0.41569	0.413903	0.406517	0.415683	0.414848	0.413984	0.41569	0.413903	0.406517	0.415683	1	1	6.24441	
