3.86643	1	8	3.86643	1	8	3.86635	1	8	0	0	0	0.00503313	0.00484667	0.00526333	0.00503292	0.00474	0.00532667	0.00503313	0.00484667	0.00526333	0.00503292	0.00474	0.00532667	1	1	4.86626	
3.88027	1	11	3.88025	1	11	3.88025	1	11	0	0	0	0.0100071	0.00978667	0.01026	0.0100067	0.00972667	0.0102167	0.0100071	0.00978667	0.01026	0.0100067	0.00972667	0.0102167	1	1	4.88	
3.88921	1	11	3.88918	1	11	3.8892	1	11	0	0	0	0.0149985	0.01468	0.0154533	0.0149981	0.01455	0.0153767	0.0149985	0.01468	0.0154533	0.0149981	0.01455	0.0153767	1	1	4.88867	
3.87916	1	11	3.87908	1	11	3.87907	1	11	0	0	0	0.019986	0.0196467	0.0205267	0.019986	0.01963	0.0203633	0.019986	0.0196467	0.0205267	0.019986	0.01963	0.0203633	1	1	4.87837	
3.87452	1	8	3.87441	1	8	3.87441	1	8	0	0	0	0.0249837	0.0245867	0.0255	0.0249837	0.0244133	0.02561	0.0249837	0.0245867	0.0255	0.0249837	0.0244133	0.02561	1	1	4.87364	
3.87501	1	14	3.87488	1	14	3.87487	1	14	0	0	0	0.0300242	0.0296033	0.03046	0.0300242	0.02937	0.0305367	0.0300242	0.0296033	0.03046	0.0300242	0.02937	0.0305367	1	1	4.87411	
3.87678	1	12	3.87648	1	12	3.87646	1	12	0	0	0	0.0350258	0.0346	0.0353167	0.0350256	0.0343267	0.0355167	0.0350258	0.0346	0.0353167	0.0350256	0.0343267	0.0355167	1	1	4.8755	
3.88468	1	14	3.88429	1	14	3.88431	1	14	0	0	0	0.0400277	0.0394067	0.04053	0.0400271	0.0395133	0.0409633	0.0400277	0.0394067	0.04053	0.0400271	0.0395133	0.0409633	1	1	4.88305	
3.87753	1	13	3.87707	1	13	3.87708	1	13	0	0	0	0.0450169	0.04435	0.0456767	0.0450167	0.0445267	0.0454933	0.0450169	0.04435	0.0456767	0.0450167	0.0445267	0.0454933	1	1	4.87577	
3.88439	1	13	3.88382	1	13	3.88381	1	13	0	0	0	0.0499998	0.0493933	0.0506733	0.0499996	0.0495767	0.0504233	0.0499998	0.0493933	0.0506733	0.0499996	0.0495767	0.0504233	1	1	4.88238	
3.88553	1	14	3.88484	1	14	3.88483	1	14	0	0	0	0.0550015	0.0543467	0.0556	0.0550013	0.0546233	0.0554667	0.0550015	0.0543467	0.0556	0.0550013	0.0546233	0.0554667	1	1	4.88316	
3.88492	1	13	3.8841	1	13	3.88413	1	13	0	0	0	0.0599671	0.05932	0.0604033	0.0599669	0.0592767	0.0606833	0.0599671	0.05932	0.0604033	0.0599669	0.0592767	0.0606833	1	1	4.88229	
3.88641	1	14	3.88539	1	14	3.8854	1	14	0	0	0	0.0650215	0.0643533	0.06553	0.0650215	0.0646333	0.0655167	0.0650215	0.0643533	0.06553	0.0650215	0.0646333	0.0655167	1	1	4.88333	
3.88511	1	14	3.88407	1	14	3.88409	1	14	0	0	0	0.0699788	0.0690033	0.07044	0.0699785	0.0694067	0.07074	0.0699788	0.0690033	0.07044	0.0699785	0.0694067	0.07074	1	1	4.882	
3.88295	1	14	3.88165	1	14	3.88169	1	14	0	0	0	0.0749758	0.07389	0.0755633	0.0749754	0.07421	0.07572	0.0749758	0.07389	0.0755633	0.0749754	0.07421	0.07572	1	1	4.87926	
3.8889	1	14	3.88735	1	14	3.88733	1	14	0	0	0	0.0799906	0.0788467	0.0806333	0.0799906	0.0788733	0.08076	0.0799906	0.0788467	0.0806333	0.0799906	0.0788733	0.08076	1	1	4.88475	
3.8905	1	14	3.88895	1	14	3.88897	1	14	0	0	0	0.0850135	0.0838667	0.08573	0.0850137	0.08426	0.0862667	0.0850135	0.0838667	0.08573	0.0850137	0.08426	0.0862667	1	1	4.88617	
3.88836	1	14	3.88652	1	14	3.88653	1	14	0	0	0	0.0900252	0.0889933	0.09087	0.0900258	0.08898	0.0912333	0.0900252	0.0889933	0.09087	0.0900258	0.08898	0.0912333	1	1	4.88373	
3.88994	1	14	3.88794	1	14	3.88795	1	14	0	0	0	0.09501	0.0940767	0.0960067	0.0950115	0.0943033	0.0958967	0.09501	0.0940767	0.0960067	0.0950115	0.0943033	0.0958967	1	1	4.88501	
3.89348	1	14	3.89113	1	14	3.89113	1	14	0	0	0	0.100001	0.0991267	0.101043	0.100002	0.0992467	0.101063	0.100001	0.0991267	0.101043	0.100002	0.0992467	0.101063	1	1	4.888	
3.89328	1	14	3.89077	1	14	3.89076	1	14	0	0	0	0.105056	0.104223	0.10609	0.105056	0.104017	0.105933	0.105056	0.104223	0.10609	0.105056	0.104017	0.105933	1	1	4.8873	
3.89357	1	14	3.8907	1	14	3.89072	1	14	0	0	0	0.110075	0.109163	0.111127	0.110075	0.10926	0.111613	0.110075	0.109163	0.111127	0.110075	0.10926	0.111613	1	1	4.8871	
3.89098	1	14	3.88789	1	14	3.8879	1	14	0	0	0	0.115058	0.11411	0.115987	0.115058	0.113773	0.11648	0.115058	0.11411	0.115987	0.115058	0.113773	0.11648	1	1	4.88433	
3.8928	1	14	3.88944	1	14	3.88944	1	14	0	0	0	0.120091	0.11904	0.120967	0.120091	0.118713	0.12087	0.120091	0.11904	0.120967	0.120091	0.118713	0.12087	1	1	4.88555	
3.89655	1	14	3.89298	1	14	3.89298	1	14	0	0	0	0.125086	0.124113	0.12595	0.125086	0.123963	0.126457	0.125086	0.124113	0.12595	0.125086	0.123963	0.126457	1	1	4.88901	
3.89744	1	14	3.89338	1	14	3.89337	1	14	0	0	0	0.130036	0.129193	0.130967	0.130036	0.129183	0.130877	0.130036	0.129193	0.130967	0.130036	0.129183	0.130877	1	1	4.8892	
3.89821	1	14	3.89397	1	14	3.89398	1	14	0	0	0	0.135046	0.134153	0.13592	0.135046	0.133553	0.136007	0.135046	0.134153	0.13592	0.135046	0.133553	0.136007	1	1	4.88939	
3.89738	1	14	3.8928	1	14	3.89283	1	14	0	0	0	0.140089	0.13911	0.141013	0.140089	0.138287	0.141867	0.140089	0.13911	0.141013	0.140089	0.138287	0.141867	1	1	4.88834	
3.90382	1	14	3.89868	1	14	3.89867	1	14	0	0	0	0.1451	0.144033	0.146127	0.1451	0.144033	0.146043	0.1451	0.144033	0.146127	0.1451	0.144033	0.146043	1	1	4.8939	
3.90396	1	14	3.89842	1	14	3.89842	1	14	0	0	0	0.150073	0.149	0.151137	0.150072	0.148823	0.150867	0.150073	0.149	0.151137	0.150072	0.148823	0.150867	1	1	4.89346	
3.90452	1	17	3.89852	1	17	3.89852	1	17	0	0	0	0.155095	0.153887	0.156357	0.155095	0.154227	0.156083	0.155095	0.153887	0.156357	0.155095	0.154227	0.156083	1	1	4.89344	
3.90841	1	14	3.9023	1	14	3.90229	1	14	0	0	0	0.160132	0.15898	0.161417	0.16013	0.159423	0.160683	0.160132	0.15898	0.161417	0.16013	0.159423	0.160683	1	1	4.89708	
3.90638	1	14	3.89955	1	14	3.89955	1	14	0	0	0	0.165184	0.164157	0.166407	0.165183	0.163627	0.166173	0.165184	0.164157	0.166407	0.165183	0.163627	0.166173	1	1	4.89397	
3.90799	1	18	3.90075	1	18	3.90074	1	18	0	0	0	0.17018	0.169217	0.171373	0.17018	0.1695	0.17129	0.17018	0.169217	0.171373	0.17018	0.1695	0.17129	1	1	4.89501	
3.91399	1	19	3.90627	1	19	3.90627	1	19	0	0	0	0.175217	0.174063	0.17638	0.175217	0.17389	0.17682	0.175217	0.174063	0.17638	0.175217	0.17389	0.17682	1	1	4.90028	
3.91587	1	15	3.90791	1	14	3.90791	1	14	0	0	0	0.180281	0.178947	0.181643	0.18028	0.178643	0.18113	0.180281	0.178947	0.181643	0.18028	0.178643	0.18113	1	1	4.90175	
3.91842	1	14	3.90981	1	14	3.90981	1	14	0	0	0	0.185281	0.183897	0.18673	0.18528	0.184167	0.186553	0.185281	0.183897	0.18673	0.18528	0.184167	0.186553	1	1	4.90362	
3.92095	1	18	3.9117	1	18	3.91171	1	18	0	0	0	0.190259	0.188923	0.191553	0.190258	0.18901	0.191313	0.190259	0.188923	0.191553	0.190258	0.18901	0.191313	1	1	4.90528	
3.92244	1	14	3.91264	1	14	3.91264	1	14	0	0	0	0.195212	0.193857	0.196627	0.195211	0.193933	0.196963	0.195212	0.193857	0.196627	0.195211	0.193933	0.196963	1	1	4.90595	
3.92263	1	15	3.91255	1	15	3.91257	1	15	0	0	0	0.200214	0.198957	0.201677	0.200212	0.198297	0.202513	0.200214	0.198957	0.201677	0.200212	0.198297	0.202513	1	1	4.9057	
3.92898	1	16	3.91827	1	16	3.91826	1	16	0	0	0	0.205177	0.203887	0.206603	0.205176	0.204147	0.20651	0.205177	0.203887	0.206603	0.205176	0.204147	0.20651	1	1	4.91118	
3.9288	1	19	3.91723	1	19	3.91723	1	19	0	0	0	0.210146	0.208837	0.211633	0.210146	0.208403	0.211507	0.210146	0.208837	0.211633	0.210146	0.208403	0.211507	1	1	4.90989	
3.93208	1	15	3.91992	1	15	3.91992	1	15	0	0	0	0.215114	0.21374	0.216803	0.215113	0.21364	0.21642	0.215114	0.21374	0.216803	0.215113	0.21364	0.21642	1	1	4.91233	
3.93523	1	15	3.92237	1	15	3.92236	1	15	0	0	0	0.220136	0.218777	0.221903	0.220136	0.218893	0.22119	0.220136	0.218777	0.221903	0.220136	0.218893	0.22119	1	1	4.91463	
3.93776	1	19	3.92416	1	19	3.92417	1	19	0	0	0	0.225164	0.223753	0.22687	0.225164	0.223993	0.22634	0.225164	0.223753	0.22687	0.225164	0.223993	0.22634	1	1	4.91592	
3.93977	1	22	3.92549	1	22	3.92549	1	22	0	0	0	0.230132	0.228897	0.231807	0.230131	0.228683	0.231247	0.230132	0.228897	0.231807	0.230131	0.228683	0.231247	1	1	4.91723	
3.9412	1	14	3.92629	1	14	3.9263	1	14	0	0	0	0.235071	0.23388	0.236817	0.23507	0.233823	0.236757	0.235071	0.23388	0.236817	0.23507	0.233823	0.236757	1	1	4.91766	
3.94278	1	18	3.92748	1	18	3.92747	1	18	0	0	0	0.24003	0.238713	0.241923	0.24003	0.238553	0.241457	0.24003	0.238713	0.241923	0.24003	0.238553	0.241457	1	1	4.91881	
3.94749	1	21	3.93131	1	21	3.93132	1	21	0	0	0	0.24505	0.243763	0.246913	0.24505	0.24417	0.246273	0.24505	0.243763	0.246913	0.24505	0.24417	0.246273	1	1	4.92248	
3.94928	1	18	3.93208	1	18	3.93209	1	18	0	0	0	0.249962	0.248783	0.251893	0.249963	0.24895	0.250967	0.249962	0.248783	0.251893	0.249963	0.24895	0.250967	1	1	4.92293	
3.94958	1	18	3.93167	1	18	3.93167	1	18	0	0	0	0.254964	0.253697	0.25695	0.254964	0.253577	0.25627	0.254964	0.253697	0.25695	0.254964	0.253577	0.25627	1	1	4.92234	
3.95482	1	19	3.93613	1	19	3.93613	1	19	0	0	0	0.259973	0.258533	0.26183	0.259974	0.258783	0.261347	0.259973	0.258533	0.26183	0.259974	0.258783	0.261347	1	1	4.92653	
3.95771	1	19	3.93813	1	19	3.93815	1	19	0	0	0	0.265002	0.263803	0.266847	0.265002	0.263683	0.26588	0.265002	0.263803	0.266847	0.265002	0.263683	0.26588	1	1	4.92817	
3.96321	1	20	3.94214	1	20	3.94215	1	20	0	0	0	0.270024	0.268843	0.271843	0.270025	0.268217	0.271307	0.270024	0.268843	0.271843	0.270025	0.268217	0.271307	1	1	4.93223	
3.96493	1	19	3.94344	1	19	3.94344	1	19	0	0	0	0.275018	0.273793	0.276993	0.275018	0.272757	0.276747	0.275018	0.273793	0.276993	0.275018	0.272757	0.276747	1	1	4.93307	
3.96895	1	19	3.94633	1	19	3.94633	1	19	0	0	0	0.28004	0.27887	0.282073	0.28004	0.27887	0.281773	0.28004	0.27887	0.282073	0.28004	0.27887	0.281773	1	1	4.93563	
3.97126	1	19	3.94785	1	19	3.94785	1	19	0	0	0	0.285015	0.283613	0.287233	0.285015	0.28307	0.287317	0.285015	0.283613	0.287233	0.285015	0.28307	0.287317	1	1	4.93714	
3.97518	1	19	3.95069	1	19	3.9507	1	19	0	0	0	0.290035	0.288733	0.29204	0.290035	0.288827	0.291767	0.290035	0.288733	0.29204	0.290035	0.288827	0.291767	1	1	4.93979	
3.9769	1	18	3.95151	1	18	3.95152	1	18	0	0	0	0.295025	0.29379	0.29713	0.295024	0.29351	0.29694	0.295025	0.29379	0.29713	0.295024	0.29351	0.29694	1	1	4.94029	
3.98355	1	20	3.95662	1	20	3.95664	1	20	0	0	0	0.300039	0.298713	0.302297	0.300039	0.29901	0.30147	0.300039	0.298713	0.302297	0.300039	0.29901	0.30147	1	1	4.94512	
3.98615	1	20	3.95814	1	20	3.95814	1	20	0	0	0	0.305055	0.303653	0.30702	0.305056	0.303593	0.306663	0.305055	0.303653	0.30702	0.305056	0.303593	0.306663	1	1	4.94615	
3.98913	1	21	3.95974	1	21	3.95976	1	21	0	0	0	0.310057	0.30852	0.311997	0.310057	0.308457	0.311487	0.310057	0.30852	0.311997	0.310057	0.308457	0.311487	1	1	4.94783	
3.99131	1	17	3.96101	1	17	3.96101	1	17	0	0	0	0.315019	0.31352	0.316983	0.31502	0.313563	0.316887	0.315019	0.31352	0.316983	0.31502	0.313563	0.316887	1	1	4.94878	
3.99659	1	20	3.96503	1	20	3.96502	1	20	0	0	0	0.319978	0.318463	0.32199	0.319977	0.318063	0.321193	0.319978	0.318463	0.32199	0.319977	0.318063	0.321193	1	1	4.95261	
4.00003	1	19	3.96706	1	19	3.96707	1	19	0	0	0	0.324963	0.323313	0.327123	0.324964	0.323403	0.326333	0.324963	0.323313	0.327123	0.324964	0.323403	0.326333	1	1	4.95451	
4.00518	1	20	3.97072	1	20	3.97072	1	20	0	0	0	0.329995	0.328247	0.33219	0.329996	0.3282	0.33194	0.329995	0.328247	0.33219	0.329996	0.3282	0.33194	1	1	4.9576	
4.00752	1	18	3.97125	1	18	3.97127	1	18	0	0	0	0.33498	0.33312	0.3371	0.334981	0.333613	0.336283	0.33498	0.33312	0.3371	0.334981	0.333613	0.336283	1	1	4.95787	
4.01408	1	20	3.9771	1	20	3.97711	1	20	0	0	0	0.339973	0.33812	0.342147	0.339974	0.33811	0.342083	0.339973	0.33812	0.342147	0.339974	0.33811	0.342083	1	1	4.96355	
4.01776	1	19	3.97869	1	19	3.97871	1	19	0	0	0	0.344971	0.343307	0.34728	0.344972	0.34304	0.346573	0.344971	0.343307	0.34728	0.344972	0.34304	0.346573	1	1	4.96492	
4.02412	1	20	3.98404	1	20	3.98403	1	20	0	0	0	0.350014	0.348253	0.352393	0.350014	0.3484	0.352357	0.350014	0.348253	0.352393	0.350014	0.3484	0.352357	1	1	4.96995	
4.02506	1	21	3.98338	1	21	3.98339	1	21	0	0	0	0.354954	0.353173	0.35734	0.354955	0.35305	0.356383	0.354954	0.353173	0.35734	0.354955	0.35305	0.356383	1	1	4.96896	
4.03084	1	19	3.98739	1	19	3.98741	1	19	0	0	0	0.35996	0.358467	0.362383	0.359961	0.358163	0.363033	0.35996	0.358467	0.362383	0.359961	0.358163	0.363033	1	1	4.97279	
4.03709	1	20	3.99141	1	20	3.99141	1	20	0	0	0	0.364936	0.363493	0.36731	0.364937	0.362787	0.366133	0.364936	0.363493	0.36731	0.364937	0.362787	0.366133	1	1	4.97652	
4.04016	1	20	3.99332	1	20	3.99334	1	20	0	0	0	0.369959	0.36853	0.372257	0.36996	0.368423	0.37251	0.369959	0.36853	0.372257	0.36996	0.368423	0.37251	1	1	4.97809	
4.04487	1	20	3.99587	1	20	3.99586	1	20	0	0	0	0.374922	0.373217	0.377313	0.374922	0.372827	0.376017	0.374922	0.373217	0.377313	0.374922	0.372827	0.376017	1	1	4.98018	
4.05055	1	20	3.99942	1	20	3.99944	1	20	0	0	0	0.379929	0.378367	0.382327	0.37993	0.37731	0.38212	0.379929	0.378367	0.382327	0.37993	0.37731	0.38212	1	1	4.98354	
4.05407	1	21	4.0013	1	21	4.00132	1	21	0	0	0	0.384977	0.38334	0.387293	0.384977	0.383373	0.386877	0.384977	0.38334	0.387293	0.384977	0.383373	0.386877	1	1	4.98506	
4.05962	1	21	4.00453	1	21	4.00453	1	21	0	0	0	0.389953	0.388323	0.392323	0.389952	0.38789	0.39143	0.389953	0.388323	0.392323	0.389952	0.38789	0.39143	1	1	4.98815	
4.06794	1	20	4.01028	1	20	4.01029	1	20	0	0	0	0.39501	0.39345	0.39733	0.39501	0.39254	0.396947	0.39501	0.39345	0.39733	0.39501	0.39254	0.396947	1	1	4.99331	
4.07104	1	20	4.01188	1	20	4.01189	1	20	0	0	0	0.400027	0.398437	0.40228	0.400027	0.39827	0.401627	0.400027	0.398437	0.40228	0.400027	0.39827	0.401627	1	1	4.99479	
4.07695	1	19	4.01544	1	19	4.01546	1	19	0	0	0	0.405089	0.4035	0.407143	0.405089	0.404057	0.406227	0.405089	0.4035	0.407143	0.405089	0.404057	0.406227	1	1	4.99814	
4.08022	1	21	4.01633	1	21	4.01633	1	21	0	0	0	0.410107	0.408143	0.412367	0.410108	0.40828	0.41184	0.410107	0.408143	0.412367	0.410108	0.40828	0.41184	1	1	4.99882	
4.08681	1	21	4.02054	1	21	4.02055	1	21	0	0	0	0.415085	0.41318	0.417193	0.415084	0.412687	0.41707	0.415085	0.41318	0.417193	0.415084	0.412687	0.41707	1	1	5.00286	
4.09384	1	21	4.0247	1	21	4.02471	1	21	0	0	0	0.420099	0.418263	0.422237	0.4201	0.418693	0.422277	0.420099	0.418263	0.422237	0.4201	0.418693	0.422277	1	1	5.00652	
4.09818	1	21	4.02672	1	21	4.02673	1	21	0	0	0	0.425086	0.423197	0.427313	0.425085	0.422717	0.42695	0.425086	0.423197	0.427313	0.425085	0.422717	0.42695	1	1	5.00817	
4.1102	1	21	4.03564	1	21	4.03565	1	21	0	0	0	0.4301	0.428197	0.43227	0.430099	0.427587	0.433193	0.4301	0.428197	0.43227	0.430099	0.427587	0.433193	1	1	5.01642	
4.11384	1	20	4.03655	1	20	4.03655	1	20	0	0	0	0.435068	0.433283	0.437193	0.435065	0.432667	0.436757	0.435068	0.433283	0.437193	0.435065	0.432667	0.436757	1	1	5.01705	
4.11966	1	22	4.03999	1	21	4.04	1	21	0	0	0	0.440064	0.438063	0.442123	0.440061	0.4384	0.441887	0.440064	0.438063	0.442123	0.440061	0.4384	0.441887	1	1	5.0204	
4.12627	1	20	4.04284	1	20	4.04284	1	20	0	0	0	0.445103	0.443103	0.44721	0.445101	0.442527	0.446653	0.445103	0.443103	0.44721	0.445101	0.442527	0.446653	1	1	5.02291	
4.13303	1	22	4.04685	1	22	4.04686	1	22	0	0	0	0.45006	0.44807	0.452117	0.450058	0.447377	0.451703	0.45006	0.44807	0.452117	0.450058	0.447377	0.451703	1	1	5.02672	
4.13945	1	21	4.04963	1	21	4.04964	1	21	0	0	0	0.45518	0.453163	0.45733	0.455178	0.45334	0.45785	0.45518	0.453163	0.45733	0.455178	0.45334	0.45785	1	1	5.02915	
4.14765	1	20	4.05496	1	20	4.05498	1	20	0	0	0	0.460153	0.458033	0.462353	0.460153	0.45761	0.46207	0.460153	0.458033	0.462353	0.460153	0.45761	0.46207	1	1	5.03389	
4.15306	1	20	4.05692	1	20	4.05691	1	20	0	0	0	0.465124	0.463133	0.467567	0.465121	0.461487	0.466823	0.465124	0.463133	0.467567	0.465121	0.461487	0.466823	1	1	5.03549	
4.16146	1	21	4.06174	1	21	4.06174	1	21	0	0	0	0.47014	0.46793	0.472587	0.470139	0.468077	0.471997	0.47014	0.46793	0.472587	0.470139	0.468077	0.471997	1	1	5.04011	
4.16893	1	21	4.06462	1	21	4.06462	1	21	0	0	0	0.475105	0.472893	0.477557	0.475104	0.472917	0.476937	0.475105	0.472893	0.477557	0.475104	0.472917	0.476937	1	1	5.04242	
4.17628	1	20	4.06881	1	20	4.06881	1	20	0	0	0	0.480154	0.478047	0.48266	0.480152	0.477393	0.48205	0.480154	0.478047	0.48266	0.480152	0.477393	0.48205	1	1	5.04663	
4.1873	1	21	4.0745	1	21	4.07451	1	21	0	0	0	0.485161	0.483107	0.48742	0.48516	0.483577	0.487413	0.485161	0.483107	0.48742	0.48516	0.483577	0.487413	1	1	5.05164	
4.19484	1	21	4.07849	1	21	4.0785	1	21	0	0	0	0.490162	0.488077	0.492193	0.490159	0.487503	0.492037	0.490162	0.488077	0.492193	0.490159	0.487503	0.492037	1	1	5.05508	
4.20461	1	21	4.08343	1	21	4.08342	1	21	0	0	0	0.49515	0.49298	0.497327	0.495149	0.49316	0.498787	0.49515	0.49298	0.497327	0.495149	0.49316	0.498787	1	1	5.05952	
4.21106	1	21	4.08545	1	21	4.08547	1	21	0	0	0	0.500193	0.498007	0.50225	0.500191	0.49843	0.501463	0.500193	0.498007	0.50225	0.500191	0.49843	0.501463	1	1	5.06157	
4.22087	1	21	4.09023	1	21	4.09025	1	21	0	0	0	0.505152	0.50293	0.507137	0.50515	0.50292	0.50829	0.505152	0.50293	0.507137	0.50515	0.50292	0.50829	1	1	5.06586	
4.22965	1	22	4.09452	1	22	4.09455	1	22	0	0	0	0.510164	0.50804	0.512417	0.510163	0.50766	0.512127	0.510164	0.50804	0.512417	0.510163	0.50766	0.512127	1	1	5.06973	
4.23865	1	22	4.09742	1	21	4.09742	1	21	0	0	0	0.515199	0.513037	0.517437	0.515196	0.513163	0.517797	0.515199	0.513037	0.517437	0.515196	0.513163	0.517797	1	1	5.0721	
4.24745	1	23	4.10196	1	23	4.10197	1	23	0	0	0	0.520178	0.51798	0.522423	0.520178	0.51854	0.52193	0.520178	0.51798	0.522423	0.520178	0.51854	0.52193	1	1	5.07647	
4.25845	1	21	4.10647	1	21	4.10648	1	21	0	0	0	0.525159	0.522977	0.527247	0.525155	0.521823	0.527623	0.525159	0.522977	0.527247	0.525155	0.521823	0.527623	1	1	5.08043	
4.27188	1	21	4.1124	1	21	4.11241	1	21	0	0	0	0.530138	0.52793	0.53204	0.530136	0.527097	0.532087	0.530138	0.52793	0.53204	0.530136	0.527097	0.532087	1	1	5.08588	
4.28199	1	27	4.11732	1	27	4.11732	1	27	0	0	0	0.53509	0.53287	0.53698	0.535088	0.53314	0.536493	0.53509	0.53287	0.53698	0.535088	0.53314	0.536493	1	1	5.09053	
4.28992	1	22	4.11957	1	22	4.11957	1	22	0	0	0	0.540062	0.537847	0.54189	0.540059	0.53808	0.542367	0.540062	0.537847	0.54189	0.540059	0.53808	0.542367	1	1	5.0922	
4.30307	1	21	4.12466	1	21	4.12466	1	21	0	0	0	0.545019	0.542683	0.546767	0.545017	0.543683	0.54829	0.545019	0.542683	0.546767	0.545017	0.543683	0.54829	1	1	5.09681	
4.31845	1	23	4.1338	1	22	4.1338	1	22	0	0	0	0.550052	0.54768	0.55173	0.550046	0.546743	0.552567	0.550052	0.54768	0.55173	0.550046	0.546743	0.552567	1	1	5.10544	
4.32661	1	25	4.13404	1	23	4.13405	1	23	0	0	0	0.555067	0.552717	0.55697	0.555065	0.55319	0.556997	0.555067	0.552717	0.55697	0.555065	0.55319	0.556997	1	1	5.10531	
4.33857	1	22	4.13846	1	22	4.13847	1	22	0	0	0	0.560037	0.557853	0.562013	0.560035	0.55835	0.563207	0.560037	0.557853	0.562013	0.560035	0.55835	0.563207	1	1	5.10952	
4.3529	1	21	4.14373	1	21	4.14376	1	21	0	0	0	0.565038	0.562847	0.567047	0.565036	0.562857	0.56684	0.565038	0.562847	0.567047	0.565036	0.562857	0.56684	1	1	5.11439	
4.36545	1	27	4.14749	1	26	4.14749	1	26	0	0	0	0.570019	0.567987	0.571877	0.570016	0.567957	0.571507	0.570019	0.567987	0.571877	0.570016	0.567957	0.571507	1	1	5.11744	
4.3791	1	25	4.15257	1	22	4.15258	1	22	0	0	0	0.57499	0.572857	0.57707	0.574987	0.572873	0.577273	0.57499	0.572857	0.57707	0.574987	0.572873	0.577273	1	1	5.12219	
4.39565	1	22	4.1601	1	21	4.16012	1	21	0	0	0	0.579978	0.57772	0.582213	0.579974	0.578313	0.582007	0.579978	0.57772	0.582213	0.579974	0.578313	0.582007	1	1	5.12939	
4.40989	1	21	4.16324	1	21	4.16325	1	21	0	0	0	0.584984	0.582687	0.587163	0.584982	0.582917	0.58683	0.584984	0.582687	0.587163	0.584982	0.582917	0.58683	1	1	5.13207	
4.42541	1	23	4.16834	1	23	4.16834	1	23	0	0	0	0.589958	0.587593	0.592113	0.589956	0.58713	0.591597	0.589958	0.587593	0.592113	0.589956	0.58713	0.591597	1	1	5.13661	
4.44605	1	22	4.17566	1	22	4.17566	1	22	0	0	0	0.594978	0.59255	0.597227	0.594976	0.59311	0.597167	0.594978	0.59255	0.597227	0.594976	0.59311	0.597167	1	1	5.14309	
4.45851	1	22	4.17736	1	22	4.17737	1	22	0	0	0	0.599903	0.597743	0.602013	0.599901	0.598403	0.601547	0.599903	0.597743	0.602013	0.599901	0.598403	0.601547	1	1	5.14411	
4.47395	1	22	4.18117	1	22	4.18117	1	22	0	0	0	0.604821	0.602697	0.606853	0.604818	0.602357	0.607973	0.604821	0.602697	0.606853	0.604818	0.602357	0.607973	1	1	5.14788	
4.49266	1	23	4.18629	1	23	4.18628	1	23	0	0	0	0.609812	0.607587	0.61168	0.60981	0.607737	0.611967	0.609812	0.607587	0.61168	0.60981	0.607737	0.611967	1	1	5.15255	
4.51188	1	24	4.19056	1	24	4.19056	1	24	0	0	0	0.61487	0.612577	0.616683	0.614868	0.61328	0.61681	0.61487	0.612577	0.616683	0.614868	0.61328	0.61681	1	1	5.15627	
4.53706	1	23	4.19942	1	22	4.19945	1	22	0	0	0	0.619831	0.617607	0.62157	0.619829	0.617143	0.62236	0.619831	0.617607	0.62157	0.619829	0.617143	0.62236	1	1	5.16428	
4.55938	1	24	4.206	1	23	4.20602	1	23	0	0	0	0.624903	0.62281	0.626517	0.624902	0.621197	0.627467	0.624903	0.62281	0.626517	0.624902	0.621197	0.627467	1	1	5.1703	
4.57664	1	23	4.20865	1	22	4.20867	1	22	0	0	0	0.629923	0.627927	0.631537	0.629921	0.627923	0.63196	0.629923	0.627927	0.631537	0.629921	0.627923	0.63196	1	1	5.17248	
4.60596	1	25	4.21545	1	23	4.21547	1	23	0	0	0	0.634912	0.633017	0.63661	0.634909	0.63331	0.637613	0.634912	0.633017	0.63661	0.634909	0.63331	0.637613	1	1	5.17848	
4.6253	1	27	4.22004	1	27	4.22003	1	27	0	0	0	0.639955	0.638057	0.641693	0.639952	0.638533	0.642447	0.639955	0.638057	0.641693	0.639952	0.638533	0.642447	1	1	5.18261	
4.65495	1	26	4.22655	1	22	4.22657	1	22	0	0	0	0.64492	0.64296	0.64644	0.644919	0.64322	0.647127	0.64492	0.64296	0.64644	0.644919	0.64322	0.647127	1	1	5.18882	
4.68238	1	24	4.23505	1	24	4.23507	1	24	0	0	0	0.649931	0.64791	0.651557	0.64993	0.64806	0.652597	0.649931	0.64791	0.651557	0.64993	0.64806	0.652597	1	1	5.19638	
4.71634	1	25	4.24037	1	22	4.24039	1	22	0	0	0	0.654976	0.653037	0.656613	0.654972	0.652877	0.65721	0.654976	0.653037	0.656613	0.654972	0.652877	0.65721	1	1	5.20127	
4.7402	1	25	4.24418	1	22	4.24419	1	22	0	0	0	0.659958	0.657967	0.66145	0.659956	0.65713	0.66266	0.659958	0.657967	0.66145	0.659956	0.65713	0.66266	1	1	5.20428	
4.78595	1	32	4.25441	1	24	4.25442	1	24	0	0	0	0.664927	0.66291	0.666333	0.664926	0.66299	0.668297	0.664927	0.66291	0.666333	0.664926	0.66299	0.668297	1	1	5.21379	
4.81676	1	25	4.25546	1	22	4.25549	1	22	0	0	0	0.669951	0.667847	0.671333	0.66995	0.66508	0.67239	0.669951	0.667847	0.671333	0.66995	0.66508	0.67239	1	1	5.21457	
4.86256	1	30	4.2645	1	23	4.26453	1	23	0	0	0	0.674925	0.672927	0.676537	0.674923	0.671713	0.678353	0.674925	0.672927	0.676537	0.674923	0.671713	0.678353	1	1	5.22245	
4.8974	1	39	4.26738	1	23	4.26737	1	23	0	0	0	0.679923	0.677943	0.681507	0.679919	0.676967	0.683997	0.679923	0.677943	0.681507	0.679919	0.676967	0.683997	1	1	5.22478	
4.94942	1	30	4.27488	1	24	4.27494	1	24	0	0	0	0.684924	0.6829	0.686337	0.684925	0.683383	0.686883	0.684924	0.6829	0.686337	0.684925	0.683383	0.686883	1	1	5.23164	
4.9972	1	34	4.28162	1	23	4.28165	1	23	0	0	0	0.689882	0.688137	0.691387	0.689881	0.687113	0.69228	0.689882	0.688137	0.691387	0.689881	0.687113	0.69228	1	1	5.23786	
5.06231	1	33	4.29091	1	22	4.29091	1	22	0	0	0	0.694896	0.693357	0.69655	0.694896	0.692703	0.697537	0.694896	0.693357	0.69655	0.694896	0.692703	0.697537	1	1	5.24591	
5.11318	1	36	4.29504	1	23	4.29507	1	23	0	0	0	0.699911	0.698447	0.701707	0.699911	0.698287	0.702	0.699911	0.698447	0.701707	0.699911	0.698287	0.702	1	1	5.24959	
5.17447	1	33	4.30243	1	22	4.30244	1	22	0	0	0	0.704931	0.703377	0.706697	0.704929	0.703057	0.70641	0.704931	0.703377	0.706697	0.704929	0.703057	0.70641	1	1	5.25646	
5.25506	1	34	4.31159	1	23	4.31161	1	23	0	0	0	0.709932	0.708137	0.71179	0.709928	0.70825	0.711853	0.709932	0.708137	0.71179	0.709928	0.70825	0.711853	1	1	5.26432	
5.33982	1	41	4.31499	1	25	4.315	1	25	0	0	0	0.714931	0.713177	0.71684	0.714928	0.71248	0.716593	0.714931	0.713177	0.71684	0.714928	0.71248	0.716593	1	1	5.26706	
5.44164	1	47	4.32288	1	26	4.32288	1	26	0	0	0	0.71995	0.7183	0.721943	0.719948	0.71748	0.72202	0.71995	0.7183	0.721943	0.719948	0.71748	0.72202	1	1	5.27449	
5.56535	1	49	4.3299	1	24	4.32992	1	24	0	0	0	0.724993	0.723197	0.726993	0.724993	0.721963	0.727533	0.724993	0.723197	0.726993	0.724993	0.721963	0.727533	1	1	5.2801	
5.70611	1	49	4.33886	1	26	4.33886	1	26	0	0	0	0.729989	0.72811	0.732023	0.72999	0.72837	0.73148	0.729989	0.72811	0.732023	0.72999	0.72837	0.73148	1	1	5.28895	
5.84515	1	47	4.34492	1	27	4.34492	1	27	0	0	0	0.734981	0.733117	0.73708	0.734977	0.73249	0.737387	0.734981	0.733117	0.73708	0.734977	0.73249	0.737387	1	1	5.2938	
6.07928	1	62	4.3497	1	24	4.34972	1	24	0	0	0	0.740023	0.738133	0.74218	0.740029	0.736627	0.74166	0.740023	0.738133	0.74218	0.740029	0.736627	0.74166	1	1	5.29786	
6.35374	1	94	4.36076	1	27	4.36077	1	27	0	0	0	0.744991	0.743123	0.747037	0.744994	0.74322	0.74738	0.744991	0.743123	0.747037	0.744994	0.74322	0.74738	1	1	5.30773	
6.73923	1	90	4.3672	1	29	4.36721	1	29	0	0	0	0.750027	0.748183	0.75198	0.750025	0.747537	0.753167	0.750027	0.748183	0.75198	0.750025	0.747537	0.753167	1	1	5.31353	
7.52401	1	172	4.37718	1	28	4.37722	1	28	0	0	0	0.75496	0.752987	0.756843	0.754958	0.752827	0.75805	0.75496	0.752987	0.756843	0.754958	0.752827	0.75805	1	1	5.32262	
9.29169	1	163	4.38686	1	30	4.38688	1	30	0	0	0	0.759918	0.758727	0.76131	0.759918	0.756768	0.762652	0.759918	0.758727	0.76131	0.759918	0.756768	0.762652	1	1	5.33089	
15.0563	1	333	4.39482	1	30	4.39482	1	30	0	0	0	0.764926	0.764246	0.765633	0.764916	0.763594	0.767213	0.764926	0.764246	0.765633	0.764916	0.763594	0.767213	1	1	5.33806	
612.316	1	8406	4.40302	1	31	4.40284	1	31	0	0	0	0.769952	0.769323	0.770734	0.769205	0.767037	0.771276	0.769952	0.769323	0.770734	0.769205	0.767037	0.771276	1	1	5.34516	
