3.83733	1	11	3.83443	1	11	3.83444	1	11	0	0	0	0.00503313	0.00484667	0.00526333	0.00503292	0.00481667	0.00526667	0.00503313	0.00484667	0.00526333	0.00503292	0.00481667	0.00526667	1	1	4.83414	
3.86888	1	12	3.86306	1	12	3.86306	1	12	0	0	0	0.0100071	0.00978667	0.01026	0.0100067	0.00960333	0.0104967	0.0100071	0.00978667	0.01026	0.0100067	0.00960333	0.0104967	1	1	4.8627	
3.86895	1	12	3.85936	1	12	3.85936	1	12	0	0	0	0.0149985	0.01468	0.0154533	0.0149985	0.01448	0.01552	0.0149985	0.01468	0.0154533	0.0149985	0.01448	0.01552	1	1	4.85897	
3.86331	1	12	3.85116	1	12	3.85116	1	12	0	0	0	0.019986	0.0196467	0.0205267	0.0199856	0.0193067	0.0203133	0.019986	0.0196467	0.0205267	0.0199856	0.0193067	0.0203133	1	1	4.85056	
3.87594	1	12	3.86033	1	12	3.86035	1	12	0	0	0	0.0249837	0.0245867	0.0255	0.0249837	0.0241167	0.0254433	0.0249837	0.0245867	0.0255	0.0249837	0.0241167	0.0254433	1	1	4.85952	
3.87933	1	13	3.86076	1	12	3.86075	1	12	0	0	0	0.0300242	0.0296033	0.03046	0.0300242	0.0294967	0.03056	0.0300242	0.0296033	0.03046	0.0300242	0.0294967	0.03056	1	1	4.85989	
3.88618	1	14	3.8637	1	14	3.86369	1	14	0	0	0	0.0350258	0.0346	0.0353167	0.0350256	0.0346267	0.0356467	0.0350258	0.0346	0.0353167	0.0350256	0.0346267	0.0356467	1	1	4.86272	
3.8881	1	14	3.86149	1	13	3.86149	1	13	0	0	0	0.0400277	0.0394067	0.04053	0.0400277	0.0393333	0.04104	0.0400277	0.0394067	0.04053	0.0400277	0.0393333	0.04104	1	1	4.8604	
3.89215	1	15	3.86238	1	15	3.86236	1	15	0	0	0	0.0450169	0.04435	0.0456767	0.0450167	0.0444833	0.0458567	0.0450169	0.04435	0.0456767	0.0450167	0.0444833	0.0458567	1	1	4.86099	
3.89411	1	16	3.86068	1	16	3.8607	1	16	0	0	0	0.0499998	0.0493933	0.0506733	0.0499998	0.0492567	0.0507167	0.0499998	0.0493933	0.0506733	0.0499998	0.0492567	0.0507167	1	1	4.85912	
3.90458	1	19	3.86648	1	19	3.86648	1	19	0	0	0	0.0550015	0.0543467	0.0556	0.0550015	0.05409	0.0555567	0.0550015	0.0543467	0.0556	0.0550015	0.05409	0.0555567	1	1	4.86469	
3.90756	1	14	3.86551	1	14	3.86552	1	14	0	0	0	0.0599671	0.05932	0.0604033	0.0599671	0.05921	0.0610933	0.0599671	0.05932	0.0604033	0.0599671	0.05921	0.0610933	1	1	4.86355	
3.90977	1	18	3.86268	1	18	3.86267	1	18	0	0	0	0.0650215	0.0643533	0.06553	0.0650215	0.06419	0.06562	0.0650215	0.0643533	0.06553	0.0650215	0.06419	0.06562	1	1	4.8606	
3.9259	1	16	3.87474	1	16	3.87475	1	16	0	0	0	0.0699788	0.0690033	0.07044	0.0699794	0.06891	0.0704967	0.0699788	0.0690033	0.07044	0.0699794	0.06891	0.0704967	1	1	4.87242	
3.92739	1	21	3.87211	1	21	3.87212	1	21	0	0	0	0.0749758	0.07389	0.0755633	0.0749762	0.0736267	0.0760467	0.0749758	0.07389	0.0755633	0.0749762	0.0736267	0.0760467	1	1	4.86957	
3.93147	1	17	3.87204	1	16	3.87208	1	16	0	0	0	0.0799906	0.0788467	0.0806333	0.0799908	0.0792933	0.08064	0.0799906	0.0788467	0.0806333	0.0799908	0.0792933	0.08064	1	1	4.86939	
3.94243	1	16	3.87759	1	16	3.8776	1	16	0	0	0	0.0850135	0.0838667	0.08573	0.0850129	0.08429	0.0859767	0.0850135	0.0838667	0.08573	0.0850129	0.08429	0.0859767	1	1	4.87479	
3.94745	1	17	3.87812	1	16	3.87815	1	16	0	0	0	0.0900252	0.0889933	0.09087	0.0900258	0.08898	0.09103	0.0900252	0.0889933	0.09087	0.0900258	0.08898	0.09103	1	1	4.87517	
3.95501	1	19	3.88098	1	19	3.88097	1	19	0	0	0	0.09501	0.0940767	0.0960067	0.09501	0.0940833	0.09647	0.09501	0.0940767	0.0960067	0.09501	0.0940833	0.09647	1	1	4.87782	
3.96069	1	19	3.88038	1	19	3.88038	1	19	0	0	0	0.100001	0.0991267	0.101043	0.100001	0.0991467	0.10103	0.100001	0.0991267	0.101043	0.100001	0.0991467	0.10103	1	1	4.87693	
3.97326	1	20	3.88724	1	20	3.88722	1	20	0	0	0	0.105056	0.104223	0.10609	0.105056	0.10405	0.106157	0.105056	0.104223	0.10609	0.105056	0.10405	0.106157	1	1	4.88365	
3.97973	1	19	3.88758	1	19	3.88758	1	19	0	0	0	0.110075	0.109163	0.111127	0.110076	0.109097	0.111327	0.110075	0.109163	0.111127	0.110076	0.109097	0.111327	1	1	4.88368	
3.98696	1	21	3.88892	1	20	3.88891	1	20	0	0	0	0.115058	0.11411	0.115987	0.115057	0.114217	0.115983	0.115058	0.11411	0.115987	0.115057	0.114217	0.115983	1	1	4.88483	
3.99384	1	20	3.89007	1	19	3.89008	1	19	0	0	0	0.120091	0.11904	0.120967	0.120091	0.119027	0.12166	0.120091	0.11904	0.120967	0.120091	0.119027	0.12166	1	1	4.88577	
4.00397	1	21	3.89228	1	20	3.8923	1	20	0	0	0	0.125086	0.124113	0.12595	0.125086	0.123753	0.125877	0.125086	0.124113	0.12595	0.125086	0.123753	0.125877	1	1	4.88782	
4.00616	1	20	3.88963	1	20	3.88962	1	20	0	0	0	0.130036	0.129193	0.130967	0.130036	0.128957	0.130883	0.130036	0.129193	0.130967	0.130036	0.128957	0.130883	1	1	4.88506	
4.02046	1	20	3.89527	1	20	3.89527	1	20	0	0	0	0.135046	0.134153	0.13592	0.135047	0.133903	0.136983	0.135046	0.134153	0.13592	0.135047	0.133903	0.136983	1	1	4.89037	
4.03122	1	21	3.89885	1	21	3.89885	1	21	0	0	0	0.140089	0.13911	0.141013	0.140089	0.13936	0.141587	0.140089	0.13911	0.141013	0.140089	0.13936	0.141587	1	1	4.89347	
4.04032	1	21	3.90164	1	19	3.90165	1	19	0	0	0	0.1451	0.144033	0.146127	0.1451	0.143643	0.14589	0.1451	0.144033	0.146127	0.1451	0.143643	0.14589	1	1	4.89612	
4.05232	1	20	3.90488	1	19	3.90489	1	19	0	0	0	0.150073	0.149	0.151137	0.150072	0.148423	0.15175	0.150073	0.149	0.151137	0.150072	0.148423	0.15175	1	1	4.89908	
4.05595	1	27	3.90168	1	27	3.9017	1	27	0	0	0	0.155095	0.153887	0.156357	0.155095	0.153783	0.15681	0.155095	0.153887	0.156357	0.155095	0.153783	0.15681	1	1	4.89563	
4.07085	1	21	3.90774	1	20	3.90777	1	20	0	0	0	0.160132	0.15898	0.161417	0.160131	0.159047	0.161683	0.160132	0.15898	0.161417	0.160131	0.159047	0.161683	1	1	4.9015	
4.08073	1	22	3.9095	1	20	3.9095	1	20	0	0	0	0.165184	0.164157	0.166407	0.165184	0.164303	0.166213	0.165184	0.164157	0.166407	0.165184	0.164303	0.166213	1	1	4.90277	
4.09185	1	21	3.91	1	20	3.91001	1	20	0	0	0	0.17018	0.169217	0.171373	0.170181	0.168317	0.171817	0.17018	0.169217	0.171373	0.170181	0.168317	0.171817	1	1	4.90301	
4.10825	1	24	3.91749	1	24	3.91751	1	24	0	0	0	0.175217	0.174063	0.17638	0.175218	0.174427	0.17622	0.175217	0.174063	0.17638	0.175218	0.174427	0.17622	1	1	4.91013	
4.12247	1	21	3.92088	1	21	3.92087	1	21	0	0	0	0.180281	0.178947	0.181643	0.180281	0.179117	0.18164	0.180281	0.178947	0.181643	0.180281	0.179117	0.18164	1	1	4.91302	
4.13018	1	21	3.91638	1	21	3.91638	1	21	0	0	0	0.185281	0.183897	0.18673	0.185281	0.18381	0.186337	0.185281	0.183897	0.18673	0.185281	0.18381	0.186337	1	1	4.9086	
4.14379	1	22	3.92108	1	21	3.92109	1	21	0	0	0	0.190259	0.188923	0.191553	0.190258	0.189043	0.19103	0.190259	0.188923	0.191553	0.190258	0.189043	0.19103	1	1	4.9131	
4.16218	1	23	3.92691	1	23	3.92689	1	23	0	0	0	0.195212	0.193857	0.196627	0.195211	0.19322	0.197483	0.195212	0.193857	0.196627	0.195211	0.19322	0.197483	1	1	4.91834	
4.17538	1	24	3.92888	1	24	3.92889	1	24	0	0	0	0.200214	0.198957	0.201677	0.200213	0.19873	0.201903	0.200214	0.198957	0.201677	0.200213	0.19873	0.201903	1	1	4.92005	
4.18592	1	22	3.9304	1	21	3.9304	1	21	0	0	0	0.205177	0.203887	0.206603	0.205177	0.20384	0.206973	0.205177	0.203887	0.206603	0.205177	0.20384	0.206973	1	1	4.92103	
4.20036	1	24	3.93179	1	24	3.93179	1	24	0	0	0	0.210146	0.208837	0.211633	0.210147	0.209023	0.211057	0.210146	0.208837	0.211633	0.210147	0.209023	0.211057	1	1	4.92208	
4.22066	1	28	3.93696	1	27	3.93697	1	27	0	0	0	0.215114	0.21374	0.216803	0.215114	0.214143	0.216183	0.215114	0.21374	0.216803	0.215114	0.214143	0.216183	1	1	4.9269	
4.23512	1	27	3.93814	1	27	3.93816	1	27	0	0	0	0.220136	0.218777	0.221903	0.220136	0.219123	0.221987	0.220136	0.218777	0.221903	0.220136	0.219123	0.221987	1	1	4.92794	
4.25046	1	39	3.94013	1	37	3.94014	1	37	0	0	0	0.225164	0.223753	0.22687	0.225164	0.223433	0.227343	0.225164	0.223753	0.22687	0.225164	0.223433	0.227343	1	1	4.92938	
4.26976	1	27	3.94217	1	27	3.94216	1	27	0	0	0	0.230132	0.228897	0.231807	0.230132	0.228817	0.231563	0.230132	0.228897	0.231807	0.230132	0.228817	0.231563	1	1	4.93089	
4.29199	1	28	3.94807	1	28	3.94807	1	28	0	0	0	0.235071	0.23388	0.236817	0.235069	0.233673	0.23704	0.235071	0.23388	0.236817	0.235069	0.233673	0.23704	1	1	4.93675	
4.31216	1	28	3.9506	1	28	3.9506	1	28	0	0	0	0.24003	0.238713	0.241923	0.24003	0.238913	0.24107	0.24003	0.238713	0.241923	0.24003	0.238913	0.24107	1	1	4.93876	
4.3289	1	29	3.95156	1	29	3.95156	1	29	0	0	0	0.24505	0.243763	0.246913	0.245049	0.243673	0.24656	0.24505	0.243763	0.246913	0.245049	0.243673	0.24656	1	1	4.93934	
4.35099	1	29	3.95637	1	28	3.95638	1	28	0	0	0	0.249962	0.248783	0.251893	0.249962	0.248043	0.250947	0.249962	0.248783	0.251893	0.249962	0.248043	0.250947	1	1	4.94347	
4.37553	1	31	3.95801	1	29	3.95802	1	29	0	0	0	0.254964	0.253697	0.25695	0.254965	0.25347	0.256927	0.254964	0.253697	0.25695	0.254965	0.25347	0.256927	1	1	4.9445	
4.39886	1	30	3.96401	1	26	3.96401	1	26	0	0	0	0.259973	0.258533	0.26183	0.259973	0.25873	0.260993	0.259973	0.258533	0.26183	0.259973	0.25873	0.260993	1	1	4.95033	
4.43105	1	31	3.96861	1	28	3.96859	1	28	0	0	0	0.265002	0.263803	0.266847	0.265002	0.262913	0.26683	0.265002	0.263803	0.266847	0.265002	0.262913	0.26683	1	1	4.95408	
4.44582	1	30	3.96623	1	29	3.96624	1	29	0	0	0	0.270024	0.268843	0.271843	0.270024	0.2691	0.271223	0.270024	0.268843	0.271843	0.270024	0.2691	0.271223	1	1	4.9514	
4.4795	1	31	3.97401	1	30	3.974	1	30	0	0	0	0.275018	0.273793	0.276993	0.275017	0.27352	0.276233	0.275018	0.273793	0.276993	0.275017	0.27352	0.276233	1	1	4.95859	
4.50536	1	29	3.97515	1	28	3.97515	1	28	0	0	0	0.28004	0.27887	0.282073	0.28004	0.278733	0.28176	0.28004	0.27887	0.282073	0.28004	0.278733	0.28176	1	1	4.95921	
4.53969	1	33	3.97932	1	27	3.97935	1	27	0	0	0	0.285015	0.283613	0.287233	0.285015	0.28391	0.285923	0.285015	0.283613	0.287233	0.285015	0.28391	0.285923	1	1	4.96299	
4.57587	1	36	3.98459	1	31	3.98459	1	31	0	0	0	0.290035	0.288733	0.29204	0.290035	0.288117	0.291557	0.290035	0.288733	0.29204	0.290035	0.288117	0.291557	1	1	4.96745	
4.60674	1	32	3.98604	1	29	3.98602	1	29	0	0	0	0.295025	0.29379	0.29713	0.295026	0.293863	0.296677	0.295025	0.29379	0.29713	0.295026	0.293863	0.296677	1	1	4.96871	
4.64773	1	37	3.99227	1	29	3.99229	1	29	0	0	0	0.300039	0.298713	0.302297	0.30004	0.298557	0.301417	0.300039	0.298713	0.302297	0.30004	0.298557	0.301417	1	1	4.97424	
4.68237	1	34	3.99415	1	28	3.99416	1	28	0	0	0	0.305055	0.303653	0.30702	0.305055	0.30377	0.30592	0.305055	0.303653	0.30702	0.305055	0.30377	0.30592	1	1	4.97559	
4.72889	1	36	3.99986	1	29	3.99988	1	29	0	0	0	0.310057	0.30852	0.311997	0.310057	0.307887	0.312123	0.310057	0.30852	0.311997	0.310057	0.307887	0.312123	1	1	4.98051	
4.7714	1	33	4.00416	1	28	4.00417	1	28	0	0	0	0.315019	0.31352	0.316983	0.315018	0.313783	0.31784	0.315019	0.31352	0.316983	0.315018	0.313783	0.31784	1	1	4.98388	
4.81456	1	33	4.00403	1	28	4.00403	1	28	0	0	0	0.319978	0.318463	0.32199	0.319979	0.31761	0.3221	0.319978	0.318463	0.32199	0.319979	0.31761	0.3221	1	1	4.98292	
4.86923	1	40	4.0111	1	39	4.0111	1	39	0	0	0	0.324963	0.323313	0.327123	0.324964	0.323633	0.327247	0.324963	0.323313	0.327123	0.324964	0.323633	0.327247	1	1	4.98938	
4.92513	1	47	4.0147	1	36	4.01472	1	36	0	0	0	0.329995	0.328247	0.33219	0.329996	0.328073	0.33151	0.329995	0.328247	0.33219	0.329996	0.328073	0.33151	1	1	4.99258	
4.98669	1	52	4.0179	1	30	4.01792	1	30	0	0	0	0.33498	0.33312	0.3371	0.334981	0.33338	0.336173	0.33498	0.33312	0.3371	0.334981	0.33338	0.336173	1	1	4.99558	
5.04503	1	37	4.02531	1	36	4.0253	1	36	0	0	0	0.339973	0.33812	0.342147	0.339973	0.33769	0.342373	0.339973	0.33812	0.342147	0.339973	0.33769	0.342373	1	1	5.00149	
5.12419	1	45	4.02745	1	42	4.02744	1	42	0	0	0	0.344971	0.343307	0.34728	0.34497	0.343137	0.34681	0.344971	0.343307	0.34728	0.34497	0.343137	0.34681	1	1	5.00325	
5.18669	1	47	4.03063	1	29	4.03063	1	29	0	0	0	0.350014	0.348253	0.352393	0.350015	0.34862	0.351757	0.350014	0.348253	0.352393	0.350015	0.34862	0.351757	1	1	5.00562	
5.26767	1	50	4.03688	1	35	4.03687	1	35	0	0	0	0.354954	0.353173	0.35734	0.354955	0.353107	0.35615	0.354954	0.353173	0.35734	0.354955	0.353107	0.35615	1	1	5.01129	
5.35027	1	58	4.04157	1	32	4.04156	1	32	0	0	0	0.35996	0.358467	0.362383	0.359958	0.356693	0.361717	0.35996	0.358467	0.362383	0.359958	0.356693	0.361717	1	1	5.01486	
5.45789	1	53	4.04669	1	37	4.04669	1	37	0	0	0	0.364936	0.363493	0.36731	0.364936	0.36317	0.366883	0.364936	0.363493	0.36731	0.364936	0.36317	0.366883	1	1	5.01902	
5.54991	1	52	4.05071	1	38	4.05072	1	38	0	0	0	0.369959	0.36853	0.372257	0.369957	0.36835	0.371683	0.369959	0.36853	0.372257	0.369957	0.36835	0.371683	1	1	5.02206	
5.68183	1	52	4.05839	1	36	4.0584	1	36	0	0	0	0.374922	0.373217	0.377313	0.374922	0.373453	0.37738	0.374922	0.373217	0.377313	0.374922	0.373453	0.37738	1	1	5.02895	
5.80602	1	80	4.06189	1	36	4.0619	1	36	0	0	0	0.379929	0.378367	0.382327	0.37993	0.37784	0.382367	0.379929	0.378367	0.382327	0.37993	0.37784	0.382367	1	1	5.03123	
5.95755	1	65	4.06808	1	36	4.06809	1	36	0	0	0	0.384977	0.38334	0.387293	0.384975	0.383547	0.386953	0.384977	0.38334	0.387293	0.384975	0.383547	0.386953	1	1	5.03632	
6.13061	1	75	4.0734	1	39	4.07342	1	39	0	0	0	0.389953	0.388323	0.392323	0.389952	0.388253	0.39116	0.389953	0.388323	0.392323	0.389952	0.388253	0.39116	1	1	5.04035	
6.31495	1	73	4.07639	1	36	4.07639	1	36	0	0	0	0.39501	0.39345	0.39733	0.395005	0.39346	0.397493	0.39501	0.39345	0.39733	0.395005	0.39346	0.397493	1	1	5.04256	
6.54273	1	68	4.08258	1	47	4.08259	1	47	0	0	0	0.400027	0.398437	0.40228	0.400027	0.398793	0.401727	0.400027	0.398437	0.40228	0.400027	0.398793	0.401727	1	1	5.04759	
6.80414	1	86	4.08936	1	37	4.08937	1	37	0	0	0	0.405089	0.4035	0.407143	0.40509	0.403593	0.406533	0.405089	0.4035	0.407143	0.40509	0.403593	0.406533	1	1	5.05347	
7.10204	1	109	4.09445	1	39	4.09445	1	39	0	0	0	0.410107	0.408143	0.412367	0.410107	0.40867	0.411653	0.410107	0.408143	0.412367	0.410107	0.40867	0.411653	1	1	5.05693	
7.47784	1	105	4.10059	1	37	4.10061	1	37	0	0	0	0.415085	0.41318	0.417193	0.415085	0.413373	0.41691	0.415085	0.41318	0.417193	0.415085	0.413373	0.41691	1	1	5.06189	
8.0374	1	124	4.10723	1	44	4.10728	1	44	0	0	0	0.420099	0.418263	0.422237	0.4201	0.417973	0.421707	0.420099	0.418263	0.422237	0.4201	0.417973	0.421707	1	1	5.06671	
8.6752	1	146	4.11634	1	44	4.11637	1	44	0	0	0	0.425086	0.423197	0.427313	0.425081	0.42349	0.427083	0.425086	0.423197	0.427313	0.425081	0.42349	0.427083	1	1	5.07464	
9.7024	1	172	4.12393	1	39	4.12396	1	39	0	0	0	0.4301	0.428197	0.43227	0.430097	0.428203	0.433893	0.4301	0.428197	0.43227	0.430097	0.428203	0.433893	1	1	5.08001	
11.2281	1	269	4.1256	1	43	4.12561	1	43	0	0	0	0.434903	0.433914	0.435976	0.434909	0.433958	0.43661	0.434903	0.433914	0.435976	0.434909	0.433958	0.43661	1	1	5.08136	
14.2124	1	307	4.1318	1	43	4.13179	1	43	0	0	0	0.439874	0.438767	0.441153	0.439877	0.438468	0.441592	0.439874	0.438767	0.441153	0.439877	0.438468	0.441592	1	1	5.0858	
41.9484	1	997	4.14172	1	62	4.14175	1	62	0	0	0	0.444861	0.444179	0.445634	0.444887	0.443749	0.446229	0.444861	0.444179	0.445634	0.444887	0.443749	0.446229	1	1	5.09409	
1667.08	1	23610	4.14553	1	44	4.14474	1	44	0	0	0	0.449855	0.449219	0.450646	0.448765	0.44773	0.450739	0.449855	0.449219	0.450646	0.448765	0.44773	0.450739	1	1	5.09635	
