3.82011	1	12	3.81754	1	12	3.81754	1	12	0	0	0	0.00503313	0.00484667	0.00526333	0.00503292	0	0.02034	0.00503313	0.00484667	0.00526333	0.00503292	0	0.02034	1	1	4.81738	
3.81434	1	12	3.80941	1	12	3.80941	1	12	0	0	0	0.0100071	0.00978667	0.01026	0.0100069	0	0.0406567	0.0100071	0.00978667	0.01026	0.0100069	0	0.0406567	1	1	4.80876	
3.82855	1	12	3.82101	1	12	3.82101	1	12	0	0	0	0.0149985	0.01468	0.0154533	0.0149981	0	0.0602167	0.0149985	0.01468	0.0154533	0.0149981	0	0.0602167	1	1	4.82009	
3.83825	1	12	3.82805	1	12	3.82805	1	12	0	0	0	0.019986	0.0196467	0.0205267	0.0199858	0	0.0805067	0.019986	0.0196467	0.0205267	0.0199858	0	0.0805067	1	1	4.82686	
3.84806	1	12	3.83484	1	12	3.83486	1	12	0	0	0	0.0249837	0.0245867	0.0255	0.0249837	0	0.1007	0.0249837	0.0245867	0.0255	0.0249837	0	0.1007	1	1	4.83347	
3.84191	1	12	3.82661	1	12	3.82656	1	12	0	0	0	0.0300242	0.0296033	0.03046	0.030024	0	0.12085	0.0300242	0.0296033	0.03046	0.030024	0	0.12085	1	1	4.82491	
3.85251	1	13	3.83433	1	13	3.83429	1	13	0	0	0	0.0350258	0.0346	0.0353167	0.0350252	0	0.14059	0.0350258	0.0346	0.0353167	0.0350252	0	0.14059	1	1	4.83229	
3.85601	1	12	3.83454	1	12	3.83453	1	12	0	0	0	0.0400277	0.0394067	0.04053	0.0400273	0	0.160503	0.0400277	0.0394067	0.04053	0.0400273	0	0.160503	1	1	4.83217	
3.86595	1	13	3.84098	1	13	3.84097	1	13	0	0	0	0.0450169	0.04435	0.0456767	0.0450169	0	0.18061	0.0450169	0.04435	0.0456767	0.0450169	0	0.18061	1	1	4.83826	
3.87958	1	13	3.85158	1	13	3.85158	1	13	0	0	0	0.0499998	0.0493933	0.0506733	0.0499994	0	0.201593	0.0499998	0.0493933	0.0506733	0.0499994	0	0.201593	1	1	4.84871	
3.88811	1	13	3.85681	1	13	3.85681	1	13	0	0	0	0.0550015	0.0543467	0.0556	0.055001	0	0.22187	0.0550015	0.0543467	0.0556	0.055001	0	0.22187	1	1	4.85348	
3.89775	1	13	3.86316	1	13	3.86318	1	13	0	0	0	0.0599671	0.05932	0.0604033	0.0599673	0	0.241723	0.0599671	0.05932	0.0604033	0.0599673	0	0.241723	1	1	4.85941	
3.90374	1	14	3.8651	1	13	3.86512	1	13	0	0	0	0.0650215	0.0643533	0.06553	0.0650208	0	0.262283	0.0650215	0.0643533	0.06553	0.0650208	0	0.262283	1	1	4.86119	
3.9132	1	18	3.87032	1	18	3.87036	1	18	0	0	0	0.0699788	0.0690033	0.07044	0.0699785	0	0.28182	0.0699788	0.0690033	0.07044	0.0699785	0	0.28182	1	1	4.86593	
3.92292	1	14	3.87724	1	14	3.87724	1	14	0	0	0	0.0749758	0.07389	0.0755633	0.0749756	0	0.302113	0.0749758	0.07389	0.0755633	0.0749756	0	0.302113	1	1	4.87243	
3.9369	1	16	3.88721	1	16	3.88724	1	16	0	0	0	0.0799906	0.0788467	0.0806333	0.0799904	0	0.321807	0.0799906	0.0788467	0.0806333	0.0799904	0	0.321807	1	1	4.88212	
3.95028	1	14	3.89541	1	14	3.89541	1	14	0	0	0	0.0850135	0.0838667	0.08573	0.0850135	0	0.341753	0.0850135	0.0838667	0.08573	0.0850135	0	0.341753	1	1	4.88985	
3.95452	1	18	3.89542	1	18	3.89541	1	18	0	0	0	0.0900252	0.0889933	0.09087	0.0900252	0	0.36183	0.0900252	0.0889933	0.09087	0.0900252	0	0.36183	1	1	4.88969	
3.97275	1	15	3.90927	1	15	3.90928	1	15	0	0	0	0.09501	0.0940767	0.0960067	0.0950104	0	0.38137	0.09501	0.0940767	0.0960067	0.0950104	0	0.38137	1	1	4.90276	
3.9843	1	19	3.91581	1	19	3.91579	1	19	0	0	0	0.100001	0.0991267	0.101043	0.100001	0	0.40157	0.100001	0.0991267	0.101043	0.100001	0	0.40157	1	1	4.90894	
3.99824	1	16	3.92441	1	15	3.92441	1	15	0	0	0	0.105056	0.104223	0.10609	0.105057	0	0.421723	0.105056	0.104223	0.10609	0.105057	0	0.421723	1	1	4.91734	
4.01207	1	15	3.93329	1	15	3.9333	1	15	0	0	0	0.110075	0.109163	0.111127	0.110076	0	0.4419	0.110075	0.109163	0.111127	0.110076	0	0.4419	1	1	4.92571	
4.02991	1	17	3.94509	1	17	3.9451	1	17	0	0	0	0.115058	0.11411	0.115987	0.115058	0	0.462143	0.115058	0.11411	0.115987	0.115058	0	0.462143	1	1	4.93728	
4.04719	1	20	3.95649	1	20	3.95647	1	20	0	0	0	0.120091	0.11904	0.120967	0.120091	0	0.482547	0.120091	0.11904	0.120967	0.120091	0	0.482547	1	1	4.94807	
4.06835	1	17	3.9715	1	17	3.97151	1	17	0	0	0	0.125086	0.124113	0.12595	0.125086	0	0.50209	0.125086	0.124113	0.12595	0.125086	0	0.50209	1	1	4.96269	
4.085	1	19	3.98192	1	19	3.98193	1	19	0	0	0	0.130036	0.129193	0.130967	0.130036	0	0.521277	0.130036	0.129193	0.130967	0.130036	0	0.521277	1	1	4.97254	
4.09578	1	18	3.98511	1	16	3.98512	1	16	0	0	0	0.135046	0.134153	0.13592	0.135046	0	0.541637	0.135046	0.134153	0.13592	0.135046	0	0.541637	1	1	4.97534	
4.11711	1	19	4.00059	1	19	4.0006	1	19	0	0	0	0.140089	0.13911	0.141013	0.140089	0	0.562097	0.140089	0.13911	0.141013	0.140089	0	0.562097	1	1	4.99029	
4.13881	1	20	4.01335	1	20	4.01335	1	20	0	0	0	0.1451	0.144033	0.146127	0.1451	0	0.58218	0.1451	0.144033	0.146127	0.1451	0	0.58218	1	1	5.00258	
4.15911	1	19	4.02503	1	19	4.02502	1	19	0	0	0	0.150073	0.149	0.151137	0.150072	0	0.601927	0.150073	0.149	0.151137	0.150072	0	0.601927	1	1	5.0137	
4.17665	1	20	4.03488	1	20	4.03487	1	20	0	0	0	0.155095	0.153887	0.156357	0.155094	0	0.62258	0.155095	0.153887	0.156357	0.155094	0	0.62258	1	1	5.02285	
4.20309	1	20	4.05159	1	20	4.05157	1	20	0	0	0	0.160132	0.15898	0.161417	0.160131	0	0.643027	0.160132	0.15898	0.161417	0.160131	0	0.643027	1	1	5.0393	
4.22264	1	22	4.06279	1	22	4.0628	1	22	0	0	0	0.165184	0.164157	0.166407	0.165183	0	0.66371	0.165184	0.164157	0.166407	0.165183	0	0.66371	1	1	5.04982	
4.25662	1	23	4.08491	1	20	4.08492	1	20	0	0	0	0.17018	0.169217	0.171373	0.17018	0	0.684067	0.17018	0.169217	0.171373	0.17018	0	0.684067	1	1	5.07124	
4.27545	1	20	4.09476	1	20	4.09475	1	20	0	0	0	0.175217	0.174063	0.17638	0.175216	0	0.70405	0.175217	0.174063	0.17638	0.175216	0	0.70405	1	1	5.08028	
4.30492	1	24	4.11242	1	20	4.1124	1	20	0	0	0	0.180281	0.178947	0.181643	0.18028	0	0.724467	0.180281	0.178947	0.181643	0.18028	0	0.724467	1	1	5.09757	
4.33479	1	24	4.12671	1	20	4.12672	1	20	0	0	0	0.185281	0.183897	0.18673	0.185281	0	0.74426	0.185281	0.183897	0.18673	0.185281	0	0.74426	1	1	5.1112	
4.35898	1	24	4.13892	1	21	4.13891	1	21	0	0	0	0.190259	0.188923	0.191553	0.190257	0	0.7641	0.190259	0.188923	0.191553	0.190257	0	0.7641	1	1	5.12279	
4.39508	1	33	4.16325	1	20	4.16326	1	20	0	0	0	0.195212	0.193857	0.196627	0.195213	0	0.784883	0.195212	0.193857	0.196627	0.195213	0	0.784883	1	1	5.14652	
4.43125	1	30	4.18236	1	22	4.18237	1	22	0	0	0	0.200214	0.198957	0.201677	0.200214	0	0.804167	0.200214	0.198957	0.201677	0.200214	0	0.804167	1	1	5.165	
4.46496	1	36	4.19887	1	20	4.19888	1	20	0	0	0	0.205177	0.203887	0.206603	0.205177	0	0.824543	0.205177	0.203887	0.206603	0.205177	0	0.824543	1	1	5.18059	
4.49894	1	28	4.21714	1	20	4.21713	1	20	0	0	0	0.210146	0.208837	0.211633	0.210145	0	0.84499	0.210146	0.208837	0.211633	0.210145	0	0.84499	1	1	5.19803	
4.5393	1	30	4.23792	1	20	4.23794	1	20	0	0	0	0.215114	0.21374	0.216803	0.215115	0	0.864613	0.215114	0.21374	0.216803	0.215115	0	0.864613	1	1	5.21844	
4.58017	1	36	4.25751	1	20	4.2575	1	20	0	0	0	0.220136	0.218777	0.221903	0.220135	0	0.884867	0.220136	0.218777	0.221903	0.220135	0	0.884867	1	1	5.23739	
4.63179	1	33	4.2825	1	20	4.2825	1	20	0	0	0	0.225164	0.223753	0.22687	0.225164	0	0.90485	0.225164	0.223753	0.22687	0.225164	0	0.90485	1	1	5.26089	
4.67633	1	36	4.30422	1	28	4.30419	1	28	0	0	0	0.230132	0.228897	0.231807	0.230129	0	0.92473	0.230132	0.228897	0.231807	0.230129	0	0.92473	1	1	5.28162	
4.72366	1	52	4.32653	1	20	4.32651	1	20	0	0	0	0.235071	0.23388	0.236817	0.235076	0	0.94431	0.235071	0.23388	0.236817	0.235076	0	0.94431	1	1	5.30345	
4.77763	1	44	4.3511	1	26	4.35107	1	26	0	0	0	0.24003	0.238713	0.241923	0.240034	0	0.96353	0.24003	0.238713	0.241923	0.240034	0	0.96353	1	1	5.32664	
4.83807	1	43	4.37513	1	26	4.37517	1	26	0	0	0	0.24505	0.243763	0.246913	0.245059	0	0.984057	0.24505	0.243763	0.246913	0.245059	0	0.984057	1	1	5.35	
4.90142	1	40	4.40109	1	22	4.40115	1	22	0	0	0	0.249962	0.248783	0.251893	0.249709	0	1	0.249962	0.248783	0.251893	0.249709	0	1	1	1	5.3741	
4.97375	1	47	4.42901	1	21	4.43004	1	21	0	0	0	0.254964	0.253697	0.25695	0.25	0	1	0.254964	0.253697	0.25695	0.25	0	1	1	1	5.40143	
5.04106	1	51	4.45199	1	22	4.45223	1	22	0	0	0	0.259973	0.258533	0.26183	0.25	0	1	0.259973	0.258533	0.26183	0.25	0	1	1	1	5.42304	
5.14022	1	56	4.48867	1	29	4.48841	1	29	0	0	0	0.265002	0.263803	0.266847	0.25	0	1	0.265002	0.263803	0.266847	0.25	0	1	1	1	5.45849	
5.23098	1	67	4.51748	1	25	4.51711	1	25	0	0	0	0.270024	0.268843	0.271843	0.25	0	1	0.270024	0.268843	0.271843	0.25	0	1	1	1	5.48609	
5.32472	1	77	4.54432	1	26	4.54371	1	29	0	0	0	0.275018	0.273793	0.276993	0.25	0	1	0.275018	0.273793	0.276993	0.25	0	1	1	1	5.51128	
5.44504	1	77	4.57845	1	36	4.57705	1	36	0	0	0	0.28004	0.27887	0.282073	0.25	0	1	0.28004	0.27887	0.282073	0.25	0	1	1	1	5.54443	
5.57451	1	75	4.60839	1	28	4.60748	1	28	0	0	0	0.285015	0.283613	0.287233	0.25	0	1	0.285015	0.283613	0.287233	0.25	0	1	1	1	5.57211	
5.73212	1	89	4.64731	1	28	4.64485	1	28	0	0	0	0.290035	0.288733	0.29204	0.25	0	1	0.290035	0.288733	0.29204	0.25	0	1	1	1	5.60917	
5.92145	1	195	4.68126	1	34	4.68066	1	34	0	0	0	0.295025	0.29379	0.29713	0.25	0	1	0.295025	0.29379	0.29713	0.25	0	1	1	1	5.6416	
6.1466	1	121	4.72361	1	28	4.72252	1	28	0	0	0	0.300039	0.298713	0.302297	0.25	0	1	0.300039	0.298713	0.302297	0.25	0	1	1	1	5.68141	
6.4301	1	179	4.75836	1	31	4.75898	1	31	0	0	0	0.305055	0.303653	0.30702	0.25	0	1	0.305055	0.303653	0.30702	0.25	0	1	1	1	5.714	
6.81104	1	140	4.79897	1	36	4.7971	1	36	0	0	0	0.310057	0.30852	0.311997	0.25	0	1	0.310057	0.30852	0.311997	0.25	0	1	1	1	5.75254	
7.37884	1	187	4.83868	1	29	4.8406	1	29	0	0	0	0.315019	0.31352	0.316983	0.25	0	1	0.315019	0.31352	0.316983	0.25	0	1	1	1	5.78932	
8.17237	1	312	4.88434	1	32	4.88323	1	34	0	0	0	0.32001	0.319016	0.321372	0.25	0	1	0.32001	0.319016	0.321372	0.25	0	1	1	1	5.83309	
9.4696	1	393	4.92861	1	36	4.92886	1	36	0	0	0	0.324992	0.324088	0.326565	0.25	0	1	0.324992	0.324088	0.326565	0.25	0	1	1	1	5.8738	
14.0495	1	753	4.97711	1	36	4.9767	1	42	0	0	0	0.329887	0.329177	0.331177	0.25	0	1	0.329887	0.329177	0.331177	0.25	0	1	1	1	5.91836	
482.834	1	12418	5.02037	1	51	5.02193	1	51	0	0	0	0.334855	0.334027	0.336164	0.25	0	1	0.334855	0.334027	0.336164	0.25	0	1	1	1	5.95735	
