4.50106	4	6	4.50101	4	6	4.50099	4	6	0	0	0	0.00503313	0.00484667	0.00526333	0.00503292	0.00484667	0.00526	0.00503313	0.00484667	0.00526333	0.00503292	0.00484667	0.00526	1	1	5.50101	
4.50341	4	6	4.50331	4	6	4.5033	4	6	0	0	0	0.0100071	0.00978667	0.01026	0.0100067	0.00978667	0.0102567	0.0100071	0.00978667	0.01026	0.0100067	0.00978667	0.0102567	1	1	5.50331	
4.50454	4	6	4.50433	4	6	4.50432	4	6	0	0	0	0.0149985	0.01468	0.0154533	0.0149981	0.01468	0.01545	0.0149985	0.01468	0.0154533	0.0149981	0.01468	0.01545	1	1	5.50433	
4.50358	4	6	4.50306	4	6	4.50309	4	6	0	0	0	0.019986	0.0196467	0.0205267	0.0199858	0.0196467	0.0205233	0.019986	0.0196467	0.0205267	0.0199858	0.0196467	0.0205233	1	1	5.50306	
4.50253	4	6	4.50158	4	6	4.50158	4	6	0	0	0	0.0249837	0.0245867	0.0255	0.0249837	0.0245867	0.0254967	0.0249837	0.0245867	0.0255	0.0249837	0.0245867	0.0254967	1	1	5.50158	
4.50212	4	6	4.50057	4	6	4.50059	4	6	0	0	0	0.0300242	0.0296033	0.03046	0.0300242	0.0296033	0.0304567	0.0300242	0.0296033	0.03046	0.0300242	0.0296033	0.0304567	1	1	5.50057	
4.50277	4	6	4.50071	4	6	4.50073	4	6	0	0	0	0.0350258	0.0346	0.0353167	0.0350254	0.0346	0.0353167	0.0350258	0.0346	0.0353167	0.0350254	0.0346	0.0353167	1	1	5.50071	
4.50445	4	6	4.50171	4	6	4.50173	4	6	0	0	0	0.0400277	0.0394067	0.04053	0.0400275	0.0394067	0.0405333	0.0400277	0.0394067	0.04053	0.0400275	0.0394067	0.0405333	1	1	5.50171	
4.50472	4	6	4.50141	4	6	4.50143	4	6	0	0	0	0.0450169	0.04435	0.0456767	0.0450169	0.04435	0.04568	0.0450169	0.04435	0.0456767	0.0450169	0.04435	0.04568	1	1	5.50141	
4.50524	4	6	4.50129	4	6	4.50131	4	6	0	0	0	0.0499998	0.0493933	0.0506733	0.0499998	0.0493967	0.0506767	0.0499998	0.0493933	0.0506733	0.0499998	0.0493967	0.0506767	1	1	5.50129	
4.50585	4	6	4.50102	4	6	4.50103	4	6	0	0	0	0.0550015	0.0543467	0.0556	0.0550015	0.05435	0.0556033	0.0550015	0.0543467	0.0556	0.0550015	0.05435	0.0556033	1	1	5.50102	
4.50633	4	6	4.50041	4	6	4.50042	4	6	0	0	0	0.0599671	0.05932	0.0604033	0.0599671	0.0593233	0.0604033	0.0599671	0.05932	0.0604033	0.0599671	0.0593233	0.0604033	1	1	5.50041	
4.50729	4	6	4.50028	4	6	4.5003	4	6	0	0	0	0.0650215	0.0643533	0.06553	0.0650213	0.0643567	0.0655367	0.0650215	0.0643533	0.06553	0.0650213	0.0643567	0.0655367	1	1	5.50028	
4.50874	4	7	4.50065	4	6	4.50066	4	6	0	0	0	0.0699788	0.0690033	0.07044	0.0699788	0.0690067	0.07044	0.0699788	0.0690033	0.07044	0.0699788	0.0690067	0.07044	1	1	5.50065	
4.51018	4	7	4.5009	4	6	4.50092	4	6	0	0	0	0.0749758	0.07389	0.0755633	0.074976	0.0738933	0.07557	0.0749758	0.07389	0.0755633	0.074976	0.0738933	0.07557	1	1	5.5009	
4.51049	4	7	4.4999	4	6	4.49991	4	6	0	0	0	0.0799906	0.0788467	0.0806333	0.079991	0.07885	0.0806333	0.0799906	0.0788467	0.0806333	0.079991	0.07885	0.0806333	1	1	5.4999	
4.51168	4	7	4.49964	4	6	4.49966	4	6	0	0	0	0.0850135	0.0838667	0.08573	0.085014	0.08387	0.08573	0.0850135	0.0838667	0.08573	0.085014	0.08387	0.08573	1	1	5.49964	
4.51344	4	7	4.49989	4	6	4.4999	4	6	0	0	0	0.0900252	0.0889933	0.09087	0.0900256	0.0889967	0.09087	0.0900252	0.0889933	0.09087	0.0900256	0.0889967	0.09087	1	1	5.49989	
4.5152	4	7	4.50008	4	6	4.5001	4	6	0	0	0	0.09501	0.0940767	0.0960067	0.0950104	0.0940833	0.0960067	0.09501	0.0940767	0.0960067	0.0950104	0.0940833	0.0960067	1	1	5.50008	
4.51687	4	7	4.5002	4	6	4.50021	4	6	0	0	0	0.100001	0.0991267	0.101043	0.100002	0.0991333	0.10105	0.100001	0.0991267	0.101043	0.100002	0.0991333	0.10105	1	1	5.5002	
4.5182	4	7	4.4998	4	6	4.49981	4	6	0	0	0	0.105056	0.104223	0.10609	0.105057	0.10423	0.106097	0.105056	0.104223	0.10609	0.105057	0.10423	0.106097	1	1	5.4998	
4.52045	4	8	4.50002	4	6	4.50003	4	6	0	0	0	0.110075	0.109163	0.111127	0.110076	0.10917	0.111133	0.110075	0.109163	0.111127	0.110076	0.10917	0.111133	1	1	5.50002	
4.52217	4	8	4.49972	4	6	4.49973	4	6	0	0	0	0.115058	0.11411	0.115987	0.115058	0.114117	0.115987	0.115058	0.11411	0.115987	0.115058	0.114117	0.115987	1	1	5.49972	
4.52428	4	8	4.49981	4	6	4.49982	4	6	0	0	0	0.120091	0.11904	0.120967	0.120091	0.119047	0.120973	0.120091	0.11904	0.120967	0.120091	0.119047	0.120973	1	1	5.49981	
4.52647	4	9	4.49973	4	6	4.49973	4	6	0	0	0	0.125086	0.124113	0.12595	0.125086	0.12412	0.12595	0.125086	0.124113	0.12595	0.125086	0.12412	0.12595	1	1	5.49973	
4.52877	4	9	4.49971	4	6	4.49972	4	6	0	0	0	0.130036	0.129193	0.130967	0.130036	0.129197	0.130973	0.130036	0.129193	0.130967	0.130036	0.129197	0.130973	1	1	5.49971	
4.53121	4	11	4.49963	4	6	4.49963	4	6	0	0	0	0.135046	0.134153	0.13592	0.135046	0.13416	0.135927	0.135046	0.134153	0.13592	0.135046	0.13416	0.135927	1	1	5.49963	
4.53336	4	11	4.49921	4	6	4.49922	4	6	0	0	0	0.140089	0.13911	0.141013	0.140089	0.139117	0.141013	0.140089	0.13911	0.141013	0.140089	0.139117	0.141013	1	1	5.49921	
4.53641	4	11	4.49942	4	6	4.49942	4	6	0	0	0	0.1451	0.144033	0.146127	0.1451	0.14404	0.146127	0.1451	0.144033	0.146127	0.1451	0.14404	0.146127	1	1	5.49942	
4.53937	4	11	4.49941	4	6	4.49941	4	6	0	0	0	0.150073	0.149	0.151137	0.150073	0.149007	0.151133	0.150073	0.149	0.151137	0.150073	0.149007	0.151133	1	1	5.49941	
4.54186	4	11	4.49898	4	6	4.49898	4	6	0	0	0	0.155095	0.153887	0.156357	0.155095	0.15388	0.156353	0.155095	0.153887	0.156357	0.155095	0.15388	0.156353	1	1	5.49898	
4.54514	4	11	4.49917	4	6	4.49917	4	6	0	0	0	0.160132	0.15898	0.161417	0.160131	0.158973	0.161413	0.160132	0.15898	0.161417	0.160131	0.158973	0.161413	1	1	5.49917	
4.54855	4	11	4.49929	4	6	4.49929	4	6	0	0	0	0.165184	0.164157	0.166407	0.165183	0.16415	0.166403	0.165184	0.164157	0.166407	0.165183	0.16415	0.166403	1	1	5.49929	
4.55205	4	11	4.49929	4	6	4.49929	4	6	0	0	0	0.17018	0.169217	0.171373	0.17018	0.16921	0.17137	0.17018	0.169217	0.171373	0.17018	0.16921	0.17137	1	1	5.49929	
4.55554	4	11	4.49901	4	6	4.49901	4	6	0	0	0	0.175217	0.174063	0.17638	0.175217	0.174057	0.176377	0.175217	0.174063	0.17638	0.175217	0.174057	0.176377	1	1	5.49901	
4.5591	4	11	4.4987	4	6	4.4987	4	6	0	0	0	0.180281	0.178947	0.181643	0.180281	0.17894	0.18164	0.180281	0.178947	0.181643	0.180281	0.17894	0.18164	1	1	5.4987	
4.56323	4	11	4.49872	4	6	4.49872	4	6	0	0	0	0.185281	0.183897	0.18673	0.185281	0.18389	0.186727	0.185281	0.183897	0.18673	0.185281	0.18389	0.186727	1	1	5.49872	
4.56771	4	11	4.49887	4	6	4.49887	4	6	0	0	0	0.190259	0.188923	0.191553	0.190258	0.188917	0.19155	0.190259	0.188923	0.191553	0.190258	0.188917	0.19155	1	1	5.49887	
4.57193	4	13	4.4988	4	6	4.49881	4	6	0	0	0	0.195212	0.193857	0.196627	0.195212	0.19386	0.196623	0.195212	0.193857	0.196627	0.195212	0.19386	0.196623	1	1	5.4988	
4.57611	4	13	4.49857	4	6	4.49857	4	6	0	0	0	0.200214	0.198957	0.201677	0.200213	0.19896	0.201673	0.200214	0.198957	0.201677	0.200213	0.19896	0.201673	1	1	5.49857	
4.58126	4	13	4.49894	4	6	4.49894	4	6	0	0	0	0.205177	0.203887	0.206603	0.205177	0.203883	0.2066	0.205177	0.203887	0.206603	0.205177	0.203883	0.2066	1	1	5.49894	
4.58648	4	13	4.49924	4	6	4.49925	4	6	0	0	0	0.210146	0.208837	0.211633	0.210146	0.208837	0.21163	0.210146	0.208837	0.211633	0.210146	0.208837	0.21163	1	1	5.49924	
4.59187	4	14	4.49917	4	6	4.49918	4	6	0	0	0	0.215114	0.21374	0.216803	0.215114	0.21374	0.2168	0.215114	0.21374	0.216803	0.215114	0.21374	0.2168	1	1	5.49917	
4.59777	4	14	4.49942	4	6	4.49943	4	6	0	0	0	0.220136	0.218777	0.221903	0.220135	0.218777	0.2219	0.220136	0.218777	0.221903	0.220135	0.218777	0.2219	1	1	5.49942	
4.6042	4	14	4.49958	4	6	4.49958	4	6	0	0	0	0.225164	0.223753	0.22687	0.225164	0.223753	0.226867	0.225164	0.223753	0.22687	0.225164	0.223753	0.226867	1	1	5.49958	
4.61052	4	14	4.49984	4	6	4.49984	4	6	0	0	0	0.230132	0.228897	0.231807	0.230131	0.228897	0.231803	0.230132	0.228897	0.231807	0.230131	0.228897	0.231803	1	1	5.49984	
4.61699	4	13	4.49989	4	6	4.49989	4	6	0	0	0	0.235071	0.23388	0.236817	0.235071	0.233873	0.236813	0.235071	0.23388	0.236817	0.235071	0.233873	0.236813	1	1	5.49989	
4.62384	4	13	4.50005	4	6	4.50005	4	6	0	0	0	0.24003	0.238713	0.241923	0.24003	0.238707	0.24192	0.24003	0.238713	0.241923	0.24003	0.238707	0.24192	1	1	5.50005	
4.631	4	13	4.50008	4	6	4.50008	4	6	0	0	0	0.24505	0.243763	0.246913	0.24505	0.243757	0.24691	0.24505	0.243763	0.246913	0.24505	0.243757	0.24691	1	1	5.50008	
4.63833	4	14	4.50002	4	6	4.50002	4	6	0	0	0	0.249962	0.248783	0.251893	0.249963	0.248777	0.25189	0.249962	0.248783	0.251893	0.249963	0.248777	0.25189	1	1	5.50002	
4.64663	4	14	4.50019	4	6	4.50019	4	6	0	0	0	0.254964	0.253697	0.25695	0.254964	0.25369	0.256947	0.254964	0.253697	0.25695	0.254964	0.25369	0.256947	1	1	5.50019	
4.65524	4	14	4.5002	4	6	4.5002	4	6	0	0	0	0.259973	0.258533	0.26183	0.259974	0.258527	0.261827	0.259973	0.258533	0.26183	0.259974	0.258527	0.261827	1	1	5.5002	
4.66437	4	14	4.50016	4	6	4.50016	4	6	0	0	0	0.265002	0.263803	0.266847	0.265003	0.263797	0.266843	0.265002	0.263803	0.266847	0.265003	0.263797	0.266843	1	1	5.50016	
4.67381	4	18	4.50022	4	6	4.50023	4	6	0	0	0	0.270024	0.268843	0.271843	0.270025	0.268843	0.27184	0.270024	0.268843	0.271843	0.270025	0.268843	0.27184	1	1	5.50022	
4.68353	4	15	4.50033	4	6	4.50033	4	6	0	0	0	0.275018	0.273793	0.276993	0.275018	0.273793	0.27699	0.275018	0.273793	0.276993	0.275018	0.273793	0.27699	1	1	5.50033	
4.69431	4	15	4.5003	4	6	4.50031	4	6	0	0	0	0.28004	0.27887	0.282073	0.280041	0.27887	0.28207	0.28004	0.27887	0.282073	0.280041	0.27887	0.28207	1	1	5.5003	
4.70618	4	16	4.50045	4	6	4.50045	4	6	0	0	0	0.285015	0.283613	0.287233	0.285016	0.283613	0.28723	0.285015	0.283613	0.287233	0.285016	0.283613	0.28723	1	1	5.50045	
4.71794	4	17	4.50038	4	6	4.50038	4	6	0	0	0	0.290035	0.288733	0.29204	0.290035	0.288733	0.292037	0.290035	0.288733	0.29204	0.290035	0.288733	0.292037	1	1	5.50038	
4.73058	4	17	4.50036	4	6	4.50036	4	6	0	0	0	0.295025	0.29379	0.29713	0.295026	0.29379	0.297127	0.295025	0.29379	0.29713	0.295026	0.29379	0.297127	1	1	5.50036	
4.74415	4	20	4.50048	4	6	4.50049	4	6	0	0	0	0.300039	0.298713	0.302297	0.30004	0.298717	0.302293	0.300039	0.298713	0.302297	0.30004	0.298717	0.302293	1	1	5.50048	
4.75847	4	17	4.50062	4	6	4.50062	4	6	0	0	0	0.305055	0.303653	0.30702	0.305056	0.303657	0.307017	0.305055	0.303653	0.30702	0.305056	0.303657	0.307017	1	1	5.50062	
4.77321	4	17	4.50068	4	6	4.50068	4	6	0	0	0	0.310057	0.30852	0.311997	0.310057	0.30852	0.311993	0.310057	0.30852	0.311997	0.310057	0.30852	0.311993	1	1	5.50068	
4.78908	4	17	4.50067	4	6	4.50067	4	6	0	0	0	0.315019	0.31352	0.316983	0.31502	0.31352	0.316983	0.315019	0.31352	0.316983	0.31502	0.31352	0.316983	1	1	5.50067	
4.80654	4	19	4.50053	4	6	4.50053	4	6	0	0	0	0.319978	0.318463	0.32199	0.319979	0.318463	0.32199	0.319978	0.318463	0.32199	0.319979	0.318463	0.32199	1	1	5.50053	
4.8249	4	18	4.50057	4	6	4.50057	4	6	0	0	0	0.324963	0.323313	0.327123	0.324965	0.323313	0.327123	0.324963	0.323313	0.327123	0.324965	0.323313	0.327123	1	1	5.50057	
4.84567	4	18	4.50045	4	6	4.50045	4	6	0	0	0	0.329995	0.328247	0.33219	0.329996	0.328247	0.33219	0.329995	0.328247	0.33219	0.329996	0.328247	0.33219	1	1	5.50045	
4.8662	4	20	4.50048	4	6	4.50048	4	6	0	0	0	0.33498	0.33312	0.3371	0.334982	0.33312	0.3371	0.33498	0.33312	0.3371	0.334982	0.33312	0.3371	1	1	5.50048	
4.88933	4	21	4.50054	4	6	4.50054	4	6	0	0	0	0.339973	0.33812	0.342147	0.339974	0.33812	0.342147	0.339973	0.33812	0.342147	0.339974	0.33812	0.342147	1	1	5.50054	
4.91388	4	26	4.50031	4	6	4.50031	4	6	0	0	0	0.344971	0.343307	0.34728	0.344972	0.343307	0.34728	0.344971	0.343307	0.34728	0.344972	0.343307	0.34728	1	1	5.50031	
4.941	4	27	4.50023	4	6	4.50023	4	6	0	0	0	0.350014	0.348253	0.352393	0.350015	0.348253	0.352393	0.350014	0.348253	0.352393	0.350015	0.348253	0.352393	1	1	5.50023	
4.9684	4	27	4.50026	4	6	4.50027	4	6	0	0	0	0.354954	0.353173	0.35734	0.354955	0.353173	0.35734	0.354954	0.353173	0.35734	0.354955	0.353173	0.35734	1	1	5.50026	
4.99898	4	25	4.50018	4	6	4.50018	4	6	0	0	0	0.35996	0.358467	0.362383	0.35996	0.358467	0.36238	0.35996	0.358467	0.362383	0.35996	0.358467	0.36238	1	1	5.50018	
5.03275	4	26	4.50017	4	6	4.50018	4	6	0	0	0	0.364936	0.363493	0.36731	0.364936	0.363493	0.367307	0.364936	0.363493	0.36731	0.364936	0.363493	0.367307	1	1	5.50017	
5.07186	4	27	4.50024	4	6	4.50024	4	6	0	0	0	0.369959	0.36853	0.372257	0.369959	0.368533	0.372253	0.369959	0.36853	0.372257	0.369959	0.368533	0.372253	1	1	5.50024	
5.11365	4	30	4.50035	4	6	4.50035	4	6	0	0	0	0.374922	0.373217	0.377313	0.374923	0.37322	0.37731	0.374922	0.373217	0.377313	0.374923	0.37322	0.37731	1	1	5.50035	
5.15855	4	32	4.50047	4	6	4.50047	4	6	0	0	0	0.379929	0.378367	0.382327	0.37993	0.378363	0.382323	0.379929	0.378367	0.382327	0.37993	0.378363	0.382323	1	1	5.50047	
5.20818	4	30	4.50045	4	6	4.50045	4	6	0	0	0	0.384977	0.38334	0.387293	0.384977	0.383337	0.38729	0.384977	0.38334	0.387293	0.384977	0.383337	0.38729	1	1	5.50045	
5.26486	4	31	4.50049	4	6	4.50049	4	6	0	0	0	0.389953	0.388323	0.392323	0.389954	0.38832	0.39232	0.389953	0.388323	0.392323	0.389954	0.38832	0.39232	1	1	5.50049	
5.32779	4	34	4.50045	4	6	4.50045	4	6	0	0	0	0.39501	0.39345	0.39733	0.395011	0.39345	0.397327	0.39501	0.39345	0.39733	0.395011	0.39345	0.397327	1	1	5.50045	
5.39327	4	35	4.50042	4	6	4.50042	4	6	0	0	0	0.400027	0.398437	0.40228	0.400028	0.398437	0.402277	0.400027	0.398437	0.40228	0.400028	0.398437	0.402277	1	1	5.50042	
5.4786	4	44	4.50045	4	6	4.50045	4	6	0	0	0	0.405089	0.4035	0.407143	0.40509	0.4035	0.40714	0.405089	0.4035	0.407143	0.40509	0.4035	0.40714	1	1	5.50045	
5.58008	4	43	4.50047	4	6	4.50047	4	6	0	0	0	0.410107	0.408143	0.412367	0.410109	0.408143	0.41236	0.410107	0.408143	0.412367	0.410109	0.408143	0.41236	1	1	5.50047	
5.67994	4	52	4.5005	4	6	4.5005	4	6	0	0	0	0.415085	0.41318	0.417193	0.415086	0.41318	0.417187	0.415085	0.41318	0.417193	0.415086	0.41318	0.417187	1	1	5.5005	
5.80787	4	52	4.50043	4	6	4.50043	4	6	0	0	0	0.420099	0.418263	0.422237	0.4201	0.418267	0.422233	0.420099	0.418263	0.422237	0.4201	0.418267	0.422233	1	1	5.50043	
5.9706	4	59	4.50041	4	6	4.50041	4	6	0	0	0	0.425086	0.423197	0.427313	0.425088	0.4232	0.42731	0.425086	0.423197	0.427313	0.425088	0.4232	0.42731	1	1	5.50041	
6.17239	4	63	4.5003	4	6	4.5003	4	6	0	0	0	0.4301	0.428197	0.43227	0.4301	0.4282	0.432263	0.4301	0.428197	0.43227	0.4301	0.4282	0.432263	1	1	5.5003	
6.39792	4	69	4.50026	4	6	4.50026	4	6	0	0	0	0.435068	0.433283	0.437193	0.435068	0.433287	0.437187	0.435068	0.433283	0.437193	0.435068	0.433287	0.437187	1	1	5.50026	
6.73647	4	76	4.50034	4	6	4.50034	4	6	0	0	0	0.440064	0.438063	0.442123	0.440063	0.438067	0.442117	0.440064	0.438063	0.442123	0.440063	0.438067	0.442117	1	1	5.50034	
7.2225	4	108	4.50032	4	6	4.50032	4	6	0	0	0	0.445103	0.443103	0.44721	0.445102	0.443103	0.447203	0.445103	0.443103	0.44721	0.445102	0.443103	0.447203	1	1	5.50032	
7.86121	4	106	4.50037	4	6	4.50037	4	6	0	0	0	0.45006	0.44807	0.452117	0.450059	0.448067	0.452107	0.45006	0.44807	0.452117	0.450059	0.448067	0.452107	1	1	5.50037	
9.38616	4	184	4.50039	4	6	4.50038	4	6	0	0	0	0.45518	0.453163	0.45733	0.455178	0.453163	0.457313	0.45518	0.453163	0.45733	0.455178	0.453163	0.457313	1	1	5.50039	
14.7624	4	331	4.49994	4	6	4.49992	4	6	0	0	0	0.459971	0.45886	0.461585	0.459962	0.45886	0.461577	0.459971	0.45886	0.461585	0.459962	0.45886	0.461577	1	1	5.49994	
601.836	4	8632	4.50011	4	6	4.49991	4	6	0	0	0	0.464879	0.464263	0.466077	0.464484	0.46101	0.466073	0.464879	0.464263	0.466077	0.464484	0.46101	0.466073	1	1	5.50011	
