6.54465	1	36	6.54461	1	36	5.73826	1	32	0	0	0	0.00499391	0.00471	0.00536	0.00499396	0.00471	0.00536	0.00895208	0.00824333	0.00963	0.00895208	0.00824333	0.00963	1.7926	1.79258	6.74541	
8.31094	1	111	8.08784	1	77	7.21934	1	77	0	0	0	0.164998	0.16387	0.166513	0.164998	0.163867	0.166507	0.297156	0.29383	0.300683	0.297159	0.29385	0.300687	1.80097	1.80098	8.03832	
8.45299	1	177	8.1687	1	75	7.29084	1	75	0	0	0	0.175015	0.17378	0.176443	0.175015	0.17377	0.176443	0.315161	0.309647	0.319467	0.315163	0.309673	0.31948	1.80077	1.80077	8.1019	
8.61922	1	149	8.25218	1	81	7.36591	1	77	0	0	0	0.185041	0.1837	0.186537	0.185043	0.1837	0.18654	0.333238	0.329753	0.336673	0.33324	0.329753	0.336683	1.80089	1.80088	8.1663	
8.80657	1	227	8.3374	1	84	7.45754	1	80	0	0	0	0.195077	0.19343	0.196657	0.195078	0.193433	0.19667	0.351373	0.34831	0.3549	0.351373	0.348323	0.354897	1.8012	1.8012	8.23265	
9.02818	1	214	8.41091	1	81	7.52381	1	81	0	0	0	0.20508	0.20363	0.206777	0.20508	0.20363	0.206773	0.369223	0.36587	0.372783	0.369222	0.365883	0.372797	1.80038	1.80038	8.28751	
9.29971	1	213	8.49315	1	78	7.60717	1	78	0	0	0	0.215034	0.213277	0.21678	0.215033	0.213277	0.216777	0.387101	0.38325	0.39125	0.387101	0.38324	0.391243	1.80019	1.80019	8.35048	
9.5964	1	266	8.56678	1	82	7.67254	1	78	0	0	0	0.225021	0.222313	0.226663	0.22502	0.22232	0.226663	0.405055	0.399957	0.409987	0.405054	0.399953	0.409993	1.80008	1.80008	8.40572	
10.0208	1	309	8.65153	1	84	7.75437	1	84	0	0	0	0.235028	0.23363	0.236853	0.235027	0.233623	0.23684	0.423043	0.4198	0.42848	0.423044	0.41981	0.428463	1.79997	1.79998	8.46685	
10.6349	1	524	8.72368	1	81	7.82218	1	78	0	0	0	0.245024	0.24343	0.246467	0.245025	0.24343	0.246467	0.441096	0.435677	0.446587	0.4411	0.435687	0.446577	1.80021	1.80022	8.51806	
11.4106	1	502	8.80299	1	98	7.90076	1	98	0	0	0	0.255016	0.252767	0.25653	0.255013	0.25276	0.25652	0.459117	0.455247	0.46585	0.459111	0.45524	0.465853	1.80035	1.80034	8.57762	
12.7727	1	765	8.88621	1	102	7.97804	1	102	0	0	0	0.265018	0.263463	0.267173	0.265018	0.26346	0.267183	0.477196	0.473417	0.482283	0.477198	0.473407	0.482273	1.80062	1.80062	8.63461	
14.7375	1	878	8.96453	1	116	8.05715	1	116	0	0	0	0.275027	0.27344	0.277102	0.27503	0.273438	0.277102	0.495171	0.49132	0.499713	0.495175	0.491312	0.499713	1.80045	1.80044	8.69272	
18.1584	1	1225	9.04002	1	110	8.12573	1	110	0	0	0	0.285007	0.283367	0.286237	0.28501	0.283367	0.286245	0.513108	0.509583	0.516865	0.513115	0.509593	0.51687	1.80034	1.80034	8.74325	
24.2004	1	1959	9.11537	1	113	8.20108	1	109	0	0	0	0.295015	0.294037	0.296626	0.29502	0.29404	0.296624	0.530879	0.528009	0.534603	0.530887	0.528004	0.534601	1.7995	1.7995	8.80102	
41.0144	1	4505	9.18891	1	140	8.27518	1	140	0	0	0	0.305022	0.303661	0.306393	0.305031	0.30366	0.30639	0.548863	0.545867	0.552126	0.548878	0.545866	0.552127	1.79942	1.79942	8.85148	
395.357	1	14561	9.26004	1	119	8.34739	1	119	0	0	0	0.315041	0.31287	0.316717	0.314956	0.309877	0.316698	0.567026	0.562987	0.572277	0.566876	0.558318	0.572248	1.79985	1.79985	8.89945	
