7.37274	1	36	7.3727	1	36	6.57931	1	32	0	0	0	0.00499391	0.00471	0.00536	0.00499401	0.00470333	0.00528333	0.00895208	0.00824333	0.00963	0.0089525	0.00825	0.00979	1.7926	1.79265	7.57375	
8.93129	1	80	8.73922	1	80	7.92978	1	76	0	0	0	0.164998	0.16387	0.166513	0.164998	0.163283	0.16688	0.297156	0.29383	0.300683	0.297157	0.29229	0.301613	1.80097	1.80097	8.69653	
9.09059	1	89	8.851	1	89	8.03697	1	85	0	0	0	0.175015	0.17378	0.176443	0.175016	0.17332	0.17631	0.315161	0.309647	0.319467	0.315163	0.310633	0.318897	1.80077	1.80077	8.78769	
9.26383	1	81	8.96683	1	81	8.15414	1	79	0	0	0	0.185041	0.1837	0.186537	0.185044	0.183427	0.1868	0.333238	0.329753	0.336673	0.333242	0.32853	0.338413	1.80089	1.80088	8.88128	
9.46137	1	102	9.09547	1	100	8.27912	1	100	0	0	0	0.195077	0.19343	0.196657	0.195078	0.19357	0.196867	0.351373	0.34831	0.3549	0.351373	0.347383	0.35725	1.8012	1.80119	8.98449	
9.66314	1	99	9.2127	1	99	8.39687	1	99	0	0	0	0.20508	0.20363	0.206777	0.205079	0.203063	0.207137	0.369223	0.36587	0.372783	0.36922	0.364583	0.376017	1.80038	1.80038	9.07776	
9.90042	1	104	9.3435	1	103	8.52663	1	99	0	0	0	0.215034	0.213277	0.21678	0.215033	0.213497	0.217167	0.387101	0.38325	0.39125	0.3871	0.383433	0.394233	1.80019	1.80019	9.18169	
10.1692	1	104	9.47566	1	103	8.65421	1	99	0	0	0	0.225021	0.222313	0.226663	0.225019	0.223223	0.227293	0.405055	0.399957	0.409987	0.405051	0.400917	0.413133	1.80008	1.80007	9.28369	
10.4684	1	100	9.61122	1	100	8.79506	1	96	0	0	0	0.235028	0.23363	0.236853	0.235026	0.233303	0.23706	0.423043	0.4198	0.42848	0.423042	0.417583	0.43094	1.79997	1.79998	9.38768	
10.8455	1	109	9.7626	1	99	8.94107	1	99	0	0	0	0.245024	0.24343	0.246467	0.245024	0.243023	0.24756	0.441096	0.435677	0.446587	0.441097	0.435817	0.450487	1.80021	1.80022	9.50451	
11.249	1	115	9.9062	1	115	9.07686	1	115	0	0	0	0.255016	0.252767	0.25653	0.255017	0.25284	0.25776	0.459117	0.455247	0.46585	0.45912	0.4537	0.467763	1.80035	1.80035	9.61247	
11.7616	1	122	10.0599	1	113	9.23172	1	111	0	0	0	0.265018	0.263463	0.267173	0.265017	0.262847	0.26774	0.477196	0.473417	0.482283	0.477195	0.473033	0.486047	1.80062	1.80062	9.72712	
12.4086	1	134	10.216	1	130	9.38536	1	130	0	0	0	0.275021	0.273083	0.27774	0.275021	0.273327	0.277627	0.495153	0.490253	0.501447	0.495155	0.490967	0.502953	1.80042	1.80043	9.84045	
13.1888	1	152	10.38	1	114	9.54945	1	114	0	0	0	0.284984	0.283113	0.286417	0.284984	0.283203	0.287493	0.512982	0.508687	0.517117	0.512984	0.508433	0.52116	1.80004	1.80004	9.95777	
14.2697	1	156	10.5531	1	117	9.72437	1	117	0	0	0	0.295023	0.292727	0.297447	0.295023	0.292897	0.29737	0.531037	0.526157	0.53707	0.531036	0.52665	0.53864	1.79998	1.79999	10.0802	
15.7647	1	180	10.7389	1	120	9.90951	1	120	0	0	0	0.305011	0.303417	0.306747	0.305009	0.302717	0.30761	0.548951	0.54423	0.55472	0.548951	0.544563	0.55789	1.79978	1.79979	10.2072	
17.9295	1	195	10.9219	1	125	10.0888	1	121	0	0	0	0.314986	0.31259	0.316787	0.314988	0.312733	0.31747	0.566954	0.561673	0.571847	0.566956	0.562207	0.574377	1.79993	1.79993	10.3289	
21.5629	1	236	11.1258	1	118	10.2866	1	118	0	0	0	0.325005	0.32234	0.327087	0.325003	0.322287	0.327753	0.58503	0.57918	0.589687	0.585026	0.578763	0.592633	1.80006	1.80006	10.4608	
27.9803	1	326	11.3346	1	166	10.5033	1	162	0	0	0	0.334995	0.333063	0.33667	0.335	0.332713	0.33775	0.602957	0.599197	0.607163	0.602961	0.59681	0.611963	1.79989	1.79988	10.5909	
43.5794	1	491	11.5671	1	144	10.738	1	140	0	0	0	0.345046	0.343268	0.34706	0.34506	0.343002	0.347403	0.621008	0.616565	0.626382	0.621034	0.61429	0.626445	1.79978	1.79979	10.7283	
126.56	1	1665	11.7991	1	161	10.9775	1	161	0	0	0	0.35506	0.35371	0.356922	0.355081	0.35364	0.357362	0.638917	0.63519	0.644488	0.638955	0.635087	0.642487	1.79946	1.79946	10.861	
8004.68	1	39913	11.9068	1	229	11.0682	1	229	0	0	0	0.365013	0.363859	0.366114	0.36096	0.359386	0.362606	0.656762	0.653089	0.659961	0.649441	0.646106	0.652527	1.79928	1.7992	10.9156	
