8.78896	2	21	8.78891	2	21	7.98826	2	18	0	0	0	0.00499391	0.00471	0.00536	0.00499401	0.00471	0.00536	0.00895208	0.00824333	0.00963	0.0089524	0.00824333	0.00963	1.7926	1.79263	8.99034	
9.92146	2	127	9.54886	2	55	8.71805	2	55	0	0	0	0.164998	0.16387	0.166513	0.164998	0.163863	0.166503	0.297156	0.29383	0.300683	0.297158	0.293863	0.300687	1.80097	1.80098	9.38873	
10.1231	2	117	9.62277	2	53	8.78892	2	53	0	0	0	0.175015	0.17378	0.176443	0.175017	0.173777	0.176443	0.315161	0.309647	0.319467	0.315164	0.30969	0.319487	1.80077	1.80076	9.42193	
10.3904	2	126	9.70741	2	62	8.86774	2	62	0	0	0	0.185041	0.1837	0.186537	0.185043	0.183707	0.186537	0.333238	0.329753	0.336673	0.333242	0.329787	0.336683	1.80089	1.80089	9.46089	
10.7404	2	166	9.80147	2	64	8.96125	2	64	0	0	0	0.195077	0.19343	0.196657	0.195077	0.193433	0.196667	0.351373	0.34831	0.3549	0.351372	0.348323	0.3549	1.8012	1.8012	9.50122	
11.2111	2	155	9.89987	2	84	9.05539	2	84	0	0	0	0.20508	0.20363	0.206777	0.20508	0.20363	0.206773	0.369223	0.36587	0.372783	0.369223	0.365867	0.372793	1.80038	1.80038	9.54089	
11.9231	2	212	10.0105	2	71	9.16257	2	71	0	0	0	0.215034	0.213277	0.21678	0.215033	0.21328	0.216783	0.387101	0.38325	0.39125	0.3871	0.383243	0.391247	1.80019	1.80019	9.58703	
12.9486	2	243	10.1257	2	73	9.27044	2	73	0	0	0	0.225021	0.222313	0.226663	0.225022	0.22232	0.226703	0.405055	0.399957	0.409987	0.405055	0.39996	0.409997	1.80008	1.80007	9.6302	
14.7765	2	350	10.2613	2	89	9.40218	2	89	0	0	0	0.235028	0.23363	0.236853	0.235028	0.233633	0.236847	0.423043	0.4198	0.42848	0.423045	0.4198	0.428473	1.79997	1.79998	9.67849	
19.5395	2	752	10.3976	2	91	9.53406	2	91	0	0	0	0.245024	0.24343	0.246467	0.245025	0.243417	0.246477	0.441096	0.435677	0.446587	0.441098	0.435697	0.4466	1.80021	1.80022	9.72757	
1005.07	2	42170	10.5553	2	85	9.68688	2	85	0	0	0	0.25498	0.253699	0.255867	0.254663	0.244799	0.255867	0.459021	0.455807	0.462324	0.458452	0.439814	0.46233	1.80022	1.80023	9.77782	
