8.31572	1	40	8.31571	1	40	7.53333	1	38	0	0	0	0.00499033	0.00471667	0.00534333	0.0049904	0.00459	0.00531333	0.0089878	0.00840667	0.00970333	0.008988	0.00812333	0.00962	1.80104	1.80106	8.51065	
8.33203	1	46	8.33189	1	46	7.5309	1	42	0	0	0	0.00998667	0.00936667	0.0104867	0.00998667	0.00950333	0.01048	0.0179423	0.01658	0.0193267	0.0179422	0.01699	0.01926	1.79662	1.79662	8.52714	
8.35014	1	50	8.34979	1	50	7.54029	1	50	0	0	0	0.0149928	0.0145567	0.0154833	0.0149926	0.0142867	0.0155133	0.026992	0.0261067	0.0279833	0.0269915	0.0253933	0.0283333	1.80033	1.80032	8.53746	
8.39317	1	53	8.39259	1	53	7.58648	1	51	0	0	0	0.0200148	0.0193933	0.0204933	0.0200151	0.0192767	0.0205467	0.0360539	0.0345267	0.0374667	0.0360544	0.03414	0.0380133	1.80136	1.80136	8.57512	
8.41975	1	72	8.41873	1	72	7.6247	1	72	0	0	0	0.0250124	0.0244033	0.0257733	0.0250127	0.02418	0.0256767	0.0450406	0.0430667	0.0476533	0.0450411	0.0429467	0.04697	1.80073	1.80073	8.59819	
8.43845	1	57	8.43689	1	57	7.63826	1	53	0	0	0	0.0299992	0.0292567	0.0307333	0.0299992	0.0291	0.03067	0.0539514	0.05259	0.0555367	0.0539508	0.05194	0.0560967	1.79843	1.7984	8.61445	
8.48683	1	72	8.48474	1	72	7.68425	1	72	0	0	0	0.0350134	0.0342567	0.0357733	0.0350136	0.03394	0.0358733	0.0629563	0.06123	0.0649167	0.0629562	0.06083	0.06498	1.79806	1.79805	8.65832	
8.52208	1	72	8.5194	1	72	7.72292	1	72	0	0	0	0.0400115	0.03908	0.0410533	0.0400115	0.03895	0.04078	0.0719575	0.0699133	0.0735333	0.0719579	0.0697233	0.0736367	1.79842	1.79843	8.68876	
8.54867	1	76	8.54498	1	76	7.74864	1	72	0	0	0	0.0450037	0.04406	0.0459233	0.0450038	0.0440767	0.0459133	0.080922	0.0782933	0.08343	0.0809218	0.0787033	0.0831833	1.79812	1.79811	8.71011	
8.57907	1	72	8.57458	1	72	7.7724	1	72	0	0	0	0.049987	0.0487667	0.0509033	0.0499869	0.0489367	0.0510967	0.0898885	0.0877267	0.0924967	0.0898884	0.0868667	0.0920867	1.79824	1.79824	8.73542	
8.61704	1	88	8.61142	1	88	7.81118	1	88	0	0	0	0.0549903	0.0539767	0.0560667	0.0549904	0.0539267	0.05629	0.0988774	0.0963133	0.101183	0.0988778	0.0959633	0.101787	1.79809	1.79809	8.76811	
8.65134	1	91	8.64458	1	91	7.84903	1	87	0	0	0	0.059997	0.0590567	0.0614033	0.059997	0.05903	0.0609333	0.107866	0.105413	0.11097	0.107867	0.104723	0.110307	1.79786	1.79787	8.79689	
8.68576	1	82	8.6772	1	82	7.87873	1	82	0	0	0	0.0650001	0.0638933	0.0659967	0.0650002	0.06396	0.0661167	0.116849	0.114133	0.120103	0.116849	0.11304	0.119623	1.79768	1.79767	8.82483	
8.72551	1	84	8.71493	1	84	7.91925	1	84	0	0	0	0.0699817	0.0684767	0.0712933	0.0699816	0.0688367	0.07106	0.125844	0.123457	0.128953	0.125843	0.121747	0.128357	1.79825	1.79824	8.85707	
8.7678	1	80	8.7557	1	80	7.9583	1	77	0	0	0	0.0749678	0.0740433	0.0760367	0.0749679	0.0738833	0.0759367	0.134827	0.131843	0.1385	0.134826	0.13187	0.13756	1.79847	1.79845	8.89282	
8.80851	1	79	8.79413	1	79	7.99191	1	77	0	0	0	0.0799746	0.0787233	0.08123	0.0799747	0.07904	0.0813867	0.143847	0.14111	0.146473	0.143847	0.141073	0.14672	1.79866	1.79866	8.92591	
8.8518	1	108	8.8346	1	108	8.03113	1	108	0	0	0	0.0849741	0.08368	0.08632	0.0849748	0.08369	0.0863833	0.152912	0.1504	0.15617	0.152913	0.1497	0.155597	1.79951	1.79951	8.96055	
8.89086	1	108	8.87065	1	108	8.06427	1	108	0	0	0	0.0899731	0.0884767	0.0915033	0.0899733	0.0886967	0.0915167	0.161939	0.15789	0.165037	0.161941	0.158277	0.165603	1.79986	1.79987	8.99059	
8.93992	1	84	8.91691	1	84	8.11076	1	83	0	0	0	0.0949854	0.09358	0.0966667	0.0949858	0.0937167	0.09649	0.171009	0.168347	0.174117	0.17101	0.167323	0.175293	1.80037	1.80038	9.03159	
8.9853	1	86	8.95811	1	86	8.157	1	86	0	0	0	0.0999934	0.09874	0.101247	0.099994	0.0982467	0.101277	0.180068	0.176433	0.18295	0.180069	0.176137	0.18454	1.80079	1.8008	9.06714	
9.0319	1	89	9.00102	1	88	8.20062	1	88	0	0	0	0.104986	0.103097	0.106463	0.104987	0.103323	0.106327	0.189075	0.185497	0.191993	0.189076	0.185393	0.193793	1.80095	1.80095	9.10372	
9.07659	1	101	9.04122	1	99	8.23488	1	95	0	0	0	0.110001	0.10871	0.111103	0.110001	0.108267	0.111257	0.198084	0.194827	0.201177	0.198084	0.194067	0.20276	1.80074	1.80075	9.13906	
9.12267	1	99	9.08245	1	99	8.2788	1	95	0	0	0	0.114973	0.11351	0.11627	0.114973	0.11307	0.116287	0.207023	0.2037	0.210023	0.207022	0.20287	0.211983	1.80063	1.80062	9.1753	
9.17664	1	112	9.13068	1	112	8.32572	1	108	0	0	0	0.119954	0.118333	0.121467	0.119954	0.118087	0.121183	0.216029	0.212933	0.21992	0.216029	0.21198	0.22109	1.80093	1.80092	9.21695	
9.23004	1	112	9.17913	1	112	8.37322	1	108	0	0	0	0.124939	0.123657	0.126233	0.124939	0.12312	0.126197	0.225039	0.220383	0.22836	0.225039	0.22033	0.229617	1.8012	1.8012	9.25915	
9.28265	1	99	9.2249	1	99	8.41973	1	95	0	0	0	0.129921	0.128427	0.131523	0.129921	0.127973	0.131373	0.233919	0.230697	0.237847	0.233919	0.22977	0.238767	1.80047	1.80047	9.29958	
9.33778	1	99	9.27243	1	99	8.46873	1	95	0	0	0	0.134931	0.133773	0.136297	0.134931	0.132827	0.136213	0.24294	0.2374	0.24626	0.242942	0.238373	0.24791	1.80048	1.80049	9.34064	
9.38969	1	95	9.31644	1	95	8.51281	1	95	0	0	0	0.139943	0.138633	0.14135	0.139944	0.137693	0.141423	0.251936	0.248167	0.25539	0.251938	0.247517	0.2562	1.80027	1.80028	9.378	
9.45292	1	128	9.371	1	128	8.56839	1	124	0	0	0	0.144948	0.143397	0.14653	0.144949	0.1426	0.146287	0.260894	0.256777	0.2656	0.260895	0.2564	0.265123	1.79992	1.79991	9.42703	
9.51702	1	98	9.42442	1	98	8.6158	1	98	0	0	0	0.149943	0.148577	0.151407	0.149944	0.147697	0.15143	0.269881	0.26515	0.27413	0.269881	0.26486	0.273753	1.79988	1.79988	9.47325	
9.57368	1	92	9.4705	1	92	8.66417	1	92	0	0	0	0.154934	0.153793	0.156287	0.154934	0.15293	0.15659	0.278884	0.275433	0.282247	0.278884	0.273283	0.283333	1.80002	1.80002	9.51273	
9.63998	1	102	9.52432	1	102	8.71801	1	102	0	0	0	0.159923	0.158577	0.161377	0.159924	0.157993	0.161633	0.287869	0.284177	0.291377	0.287871	0.283133	0.292453	1.80004	1.80005	9.55923	
9.70132	1	108	9.57328	1	108	8.76642	1	108	0	0	0	0.164939	0.16324	0.16707	0.16494	0.16334	0.166303	0.296973	0.292	0.302587	0.296974	0.29203	0.30127	1.80051	1.8005	9.60113	
9.77479	1	124	9.63142	1	119	8.82675	1	119	0	0	0	0.169938	0.168383	0.17219	0.169939	0.168093	0.1715	0.305994	0.301427	0.310907	0.305996	0.30226	0.310473	1.80062	1.80062	9.65141	
9.83923	1	120	9.68006	1	120	8.87022	1	120	0	0	0	0.174945	0.173597	0.176583	0.174946	0.173093	0.176517	0.314997	0.312173	0.320063	0.314999	0.311357	0.318807	1.80055	1.80055	9.69271	
9.91631	1	119	9.73954	1	119	8.93436	1	119	0	0	0	0.179945	0.177993	0.181293	0.179945	0.178153	0.181687	0.323931	0.318233	0.32859	0.323932	0.320187	0.327887	1.80017	1.80017	9.74414	
9.99388	1	119	9.79599	1	119	8.9884	1	119	0	0	0	0.184959	0.183323	0.18736	0.18496	0.183363	0.1867	0.332949	0.329027	0.337433	0.33295	0.32939	0.337093	1.80012	1.80011	9.79271	
10.068	1	109	9.85179	1	107	9.04402	1	107	0	0	0	0.189947	0.18799	0.19175	0.189949	0.18838	0.191457	0.341885	0.336563	0.346003	0.341888	0.337793	0.346297	1.7999	1.7999	9.84072	
10.154	1	116	9.91353	1	116	9.10765	1	116	0	0	0	0.194954	0.193313	0.1966	0.194955	0.1931	0.19675	0.350874	0.346693	0.35434	0.350878	0.345783	0.355867	1.79979	1.79979	9.89385	
10.2391	1	135	9.9704	1	135	9.16281	1	135	0	0	0	0.199925	0.19849	0.201613	0.199925	0.19829	0.20176	0.359827	0.356017	0.363567	0.359827	0.355487	0.364333	1.79981	1.79981	9.94237	
10.3362	1	140	10.0361	1	140	9.23166	1	136	0	0	0	0.204924	0.203007	0.2064	0.204924	0.203183	0.207047	0.368878	0.36508	0.372867	0.368877	0.363597	0.3729	1.80007	1.80007	9.99784	
10.4231	1	112	10.0924	1	112	9.27637	1	112	0	0	0	0.209924	0.20745	0.211827	0.209924	0.207593	0.21208	0.377887	0.371287	0.383113	0.377889	0.373723	0.381893	1.80012	1.80012	10.0463	
10.5181	1	124	10.15	1	124	9.3393	1	120	0	0	0	0.214928	0.21299	0.216557	0.214927	0.21271	0.217413	0.386851	0.381937	0.39091	0.386848	0.38178	0.39158	1.79991	1.7999	10.0935	
10.6248	1	119	10.216	1	119	9.40646	1	119	0	0	0	0.219924	0.21784	0.221677	0.219925	0.217637	0.222787	0.395876	0.39102	0.400113	0.395878	0.391103	0.40072	1.80006	1.80006	10.1494	
10.7303	1	131	10.2756	1	131	9.45965	1	127	0	0	0	0.224927	0.223063	0.226863	0.224928	0.222647	0.227977	0.404862	0.400087	0.410107	0.404863	0.400057	0.409577	1.79997	1.79997	10.1991	
10.8588	1	119	10.3505	1	119	9.54097	1	119	0	0	0	0.229911	0.227857	0.23182	0.229911	0.227957	0.233513	0.413828	0.409187	0.418113	0.41383	0.409807	0.419443	1.79995	1.79996	10.2629	
10.9765	1	141	10.4175	1	133	9.60396	1	133	0	0	0	0.234913	0.23283	0.236733	0.234913	0.23306	0.23862	0.422828	0.417393	0.427023	0.422829	0.418613	0.42793	1.79994	1.79993	10.3198	
11.1079	1	124	10.4824	1	119	9.66748	1	119	0	0	0	0.239944	0.238363	0.241683	0.239944	0.2382	0.244027	0.431912	0.427113	0.438337	0.43191	0.426613	0.43732	1.80005	1.80005	10.3729	
11.2519	1	146	10.5539	1	142	9.74182	1	138	0	0	0	0.244956	0.243207	0.246643	0.244955	0.242933	0.248823	0.440889	0.435657	0.446313	0.440886	0.434527	0.44616	1.79987	1.79987	10.433	
11.3949	1	154	10.6207	1	154	9.80472	1	154	0	0	0	0.249943	0.247713	0.25169	0.249943	0.24786	0.2538	0.449865	0.44573	0.453953	0.449866	0.443933	0.455113	1.79987	1.79987	10.4888	
11.5519	1	164	10.6895	1	142	9.87106	1	142	0	0	0	0.254955	0.252993	0.25691	0.254954	0.25272	0.25839	0.458946	0.452947	0.466443	0.458945	0.4522	0.463703	1.80011	1.80011	10.545	
11.7368	1	159	10.7718	1	159	9.95374	1	159	0	0	0	0.25996	0.258053	0.261723	0.25996	0.2577	0.263143	0.467952	0.462627	0.47239	0.467952	0.46155	0.472903	1.80009	1.80009	10.6133	
11.9245	1	133	10.8411	1	133	10.0245	1	133	0	0	0	0.264974	0.262557	0.267067	0.264973	0.262487	0.268187	0.476968	0.471527	0.482273	0.47697	0.470607	0.48196	1.80006	1.80007	10.6701	
12.1337	1	149	10.9148	1	144	10.0941	1	140	0	0	0	0.269975	0.267827	0.272167	0.269975	0.26713	0.27311	0.485987	0.47968	0.491287	0.485986	0.479873	0.491293	1.80012	1.80012	10.7296	
12.3712	1	146	10.9984	1	139	10.1769	1	135	0	0	0	0.274963	0.27271	0.277007	0.274964	0.271983	0.277983	0.494985	0.490573	0.50123	0.494989	0.48898	0.500923	1.80019	1.80019	10.7976	
12.5996	1	161	11.0678	1	161	10.2459	1	161	0	0	0	0.279963	0.277857	0.282497	0.279965	0.27683	0.282893	0.503952	0.500223	0.509297	0.503955	0.498153	0.509417	1.80006	1.80007	10.8544	
12.9074	1	159	11.1502	1	132	10.3294	1	132	0	0	0	0.284977	0.283187	0.28709	0.284978	0.282307	0.287733	0.513017	0.507013	0.519377	0.513018	0.507553	0.51904	1.80021	1.8002	10.919	
13.2175	1	188	11.2238	1	156	10.4015	1	156	0	0	0	0.289985	0.288407	0.29195	0.289985	0.28698	0.292933	0.522027	0.517377	0.528683	0.522028	0.516677	0.52755	1.80019	1.80019	10.9777	
13.5615	1	202	11.3053	1	153	10.4839	1	149	0	0	0	0.294987	0.292953	0.297573	0.294987	0.29205	0.2979	0.531002	0.525777	0.53772	0.531001	0.52556	0.536693	1.80009	1.80008	11.0433	
13.9696	1	173	11.3879	1	148	10.5632	1	148	0	0	0	0.299998	0.297577	0.301707	0.3	0.296987	0.302977	0.539959	0.53401	0.54456	0.539962	0.534797	0.54648	1.79987	1.79987	11.1087	
14.3961	1	222	11.4699	1	167	10.6485	1	166	0	0	0	0.305003	0.303197	0.307527	0.305005	0.301823	0.30791	0.548937	0.542827	0.55458	0.548938	0.543533	0.555807	1.79977	1.79977	11.174	
14.9774	1	225	11.5557	1	181	10.73	1	177	0	0	0	0.310024	0.30803	0.312847	0.310026	0.306877	0.312917	0.557962	0.553583	0.562807	0.557966	0.55248	0.564417	1.79974	1.79974	11.2413	
15.6341	1	233	11.6426	1	156	10.8172	1	156	0	0	0	0.315016	0.312933	0.317527	0.315015	0.311767	0.317893	0.566869	0.5612	0.573493	0.566869	0.561773	0.572723	1.79949	1.7995	11.3085	
16.439	1	272	11.734	1	153	10.9109	1	153	0	0	0	0.320021	0.318163	0.32202	0.320018	0.31683	0.322957	0.575931	0.571133	0.582347	0.575924	0.570603	0.5817	1.79967	1.79966	11.3783	
17.4779	1	303	11.8281	1	157	11.002	1	153	0	0	0	0.325023	0.32252	0.327437	0.325026	0.321527	0.32755	0.584893	0.579127	0.592047	0.584903	0.579803	0.590613	1.79954	1.79956	11.4506	
18.6909	1	293	11.9177	1	164	11.0895	1	164	0	0	0	0.330016	0.327627	0.33255	0.330023	0.326703	0.33229	0.593813	0.589677	0.600963	0.593825	0.588943	0.599543	1.79935	1.79935	11.5189	
20.5175	1	377	12.0056	1	155	11.1799	1	155	0	0	0	0.335031	0.33287	0.337057	0.335033	0.331783	0.33714	0.602876	0.596923	0.609247	0.602881	0.59788	0.608823	1.79946	1.79947	11.5842	
23.6625	1	560	12.1089	1	158	11.2857	1	158	0	0	0	0.340029	0.33813	0.34228	0.340022	0.336863	0.342247	0.6118	0.605623	0.618	0.611788	0.60597	0.61782	1.79926	1.79926	11.6633	
30.436	1	876	12.2018	1	177	11.3793	1	177	0	0	0	0.345028	0.343045	0.34691	0.345021	0.34281	0.347282	0.62076	0.614178	0.625765	0.620745	0.616053	0.627123	1.79916	1.79915	11.7312	
115.598	1	7277	12.2936	1	203	11.4678	1	203	0	0	0	0.350025	0.348854	0.351444	0.350016	0.348413	0.351659	0.629871	0.62638	0.634101	0.629857	0.627004	0.634213	1.7995	1.79951	11.7986	
974.362	1	33496	12.3833	1	198	11.5489	1	198	0	0	0	0.355026	0.353653	0.356177	0.354536	0.352944	0.356043	0.638873	0.635573	0.641843	0.637989	0.634827	0.642243	1.79951	1.7995	11.8669	
