8.06329	1	54	8.06328	1	54	7.26805	1	50	0	0	0	0.00499033	0.00471667	0.00534333	0.00499037	0	0.05068	0.0089878	0.00840667	0.00970333	0.00898797	0	0.0923467	1.80104	1.80106	8.25909	
8.17038	1	81	8.17028	1	81	7.37743	1	77	0	0	0	0.00998667	0.00936667	0.0104867	0.0099867	0	0.100857	0.0179423	0.01658	0.0193267	0.0179423	0	0.182543	1.79662	1.79662	8.3665	
8.37731	1	77	8.37706	1	77	7.57508	1	77	0	0	0	0.0149928	0.0145567	0.0154833	0.0149926	0	0.150963	0.026992	0.0261067	0.0279833	0.0269916	0	0.27351	1.80033	1.80033	8.56608	
8.65004	1	89	8.64948	1	89	7.84238	1	89	0	0	0	0.0200148	0.0193933	0.0204933	0.020015	0	0.20122	0.0360539	0.0345267	0.0374667	0.0360541	0	0.363033	1.80136	1.80136	8.83263	
8.96661	1	111	8.96579	1	111	8.16793	1	107	0	0	0	0.0250124	0.0244033	0.0257733	0.0250123	0	0.251327	0.0450406	0.0430667	0.0476533	0.0450407	0	0.454553	1.80073	1.80074	9.14518	
9.34836	1	121	9.34703	1	121	8.55377	1	121	0	0	0	0.0299992	0.0292567	0.0307333	0.0299992	0	0.302093	0.0539514	0.05259	0.0555367	0.053951	0	0.545763	1.79843	1.79841	9.52358	
9.82877	1	141	9.82668	1	141	9.02858	1	141	0	0	0	0.0350134	0.0342567	0.0357733	0.0350135	0	0.353483	0.0629563	0.06123	0.0649167	0.0629556	0	0.634873	1.79806	1.79804	9.99793	
10.3571	1	131	10.3542	1	131	9.55089	1	131	0	0	0	0.0400115	0.03908	0.0410533	0.0400108	0	0.40329	0.0719575	0.0699133	0.0735333	0.0719568	0	0.722637	1.79842	1.79844	10.5186	
10.9837	1	145	10.9794	1	145	10.1762	1	141	0	0	0	0.0450037	0.04406	0.0459233	0.0450031	0	0.450813	0.080922	0.0782933	0.08343	0.0809205	0	0.81234	1.79812	1.79811	11.1368	
11.7236	1	162	11.7172	1	162	10.9111	1	162	0	0	0	0.049987	0.0487667	0.0509033	0.0499873	0	0.50133	0.0898885	0.0877267	0.0924967	0.0898883	0	0.90317	1.79824	1.79822	11.8651	
12.5772	1	160	12.5682	1	160	11.7677	1	160	0	0	0	0.0549903	0.0539767	0.0560667	0.0549894	0	0.551393	0.0988774	0.0963133	0.101183	0.0988783	0	0.993707	1.79809	1.79813	12.7053	
13.5825	1	166	13.5706	1	166	12.7586	1	162	0	0	0	0.059997	0.0590567	0.0614033	0.0556117	0	0.55761	0.107866	0.105413	0.11097	0.1	0	1	1.79786	1.79818	13.6957	
14.7632	1	180	14.7463	1	180	13.9377	1	180	0	0	0	0.0650001	0.0638933	0.0659967	0.0556121	0	0.557627	0.116849	0.114133	0.120103	0.1	0	1	1.79768	1.79817	14.857	
16.1819	1	210	16.1583	1	210	15.3688	1	206	0	0	0	0.0699817	0.0684767	0.0712933	0.0556124	0	0.55762	0.125844	0.123457	0.128953	0.1	0	1	1.79825	1.79816	16.249	
17.8078	1	198	17.7756	1	198	17.0018	1	216	0	0	0	0.0749678	0.0740433	0.0760367	0.0556124	0	0.557623	0.134827	0.131843	0.1385	0.1	0	1	1.79847	1.79816	17.845	
19.8772	1	219	19.8297	1	219	19.0824	1	219	0	0	0	0.0799746	0.0787233	0.08123	0.0556116	0	0.557623	0.143847	0.14111	0.146473	0.1	0	1	1.79866	1.79819	19.8692	
22.4276	1	232	22.3563	1	232	21.5835	1	232	0	0	0	0.0849741	0.08368	0.08632	0.0556116	0	0.557613	0.152912	0.1504	0.15617	0.1	0	1	1.79951	1.79818	22.3541	
25.8021	1	258	25.6932	1	258	24.8868	1	258	0	0	0	0.0899731	0.0884767	0.0915033	0.0556126	0	0.557623	0.161939	0.15789	0.165037	0.1	0	1	1.79986	1.79815	25.634	
30.4042	1	293	30.2175	1	293	29.3912	1	293	0	0	0	0.0949854	0.09358	0.0966667	0.0556119	0	0.55762	0.171009	0.168347	0.174117	0.1	0	1	1.80037	1.79818	30.0686	
37.4266	1	306	37.0134	1	306	36.1928	1	306	0	0	0	0.0999934	0.09874	0.101247	0.0556118	0	0.55764	0.180068	0.176433	0.18295	0.1	0	1	1.80079	1.79818	36.6887	
52.0607	1	1136	49.8612	1	341	48.9273	1	378	0	0	0	0.104986	0.103097	0.106463	0.0556113	0	0.557607	0.189075	0.185497	0.191993	0.1	0	1	1.80095	1.7982	49.0251	
5364.98	1	307645	83.7565	1	570	81.7475	1	704	0	0	0	0.110001	0.10871	0.111103	0.0556251	0	0.557987	0.198084	0.194827	0.201177	0.1	0	1	1.80074	1.79775	79.8118	
