8.88634	3	31	8.88627	3	31	8.08576	3	27	0	0	0	0.00499033	0.00471667	0.00534333	0.00499043	0	0.01027	0.0089878	0.00840667	0.00970333	0.00898803	0	0.01902	1.80104	1.80105	9.07867	
8.93603	3	32	8.93568	3	32	8.14381	3	29	0	0	0	0.00998667	0.00936667	0.0104867	0.00998677	0	0.02062	0.0179423	0.01658	0.0193267	0.0179425	0	0.0373267	1.79662	1.79662	9.12518	
8.99552	3	33	8.99467	3	33	8.19452	3	31	0	0	0	0.0149928	0.0145567	0.0154833	0.0149927	0	0.03067	0.026992	0.0261067	0.0279833	0.0269916	0	0.0556833	1.80033	1.80032	9.17333	
9.03297	3	41	9.03133	3	41	8.22771	3	41	0	0	0	0.0200148	0.0193933	0.0204933	0.020015	0	0.04071	0.0360539	0.0345267	0.0374667	0.0360543	0	0.0735067	1.80136	1.80137	9.202	
9.07735	3	43	9.07465	3	43	8.27261	3	43	0	0	0	0.0250124	0.0244033	0.0257733	0.0250126	0	0.0510867	0.0450406	0.0430667	0.0476533	0.0450408	0	0.0923267	1.80073	1.80073	9.2383	
9.13428	3	47	9.1303	3	47	8.32824	3	45	0	0	0	0.0299992	0.0292567	0.0307333	0.0299993	0	0.06105	0.0539514	0.05259	0.0555367	0.0539505	0	0.109753	1.79843	1.79839	9.28877	
9.17415	3	59	9.16869	3	59	8.36495	3	59	0	0	0	0.0350134	0.0342567	0.0357733	0.0350136	0	0.0711367	0.0629563	0.06123	0.0649167	0.0629567	0	0.128937	1.79806	1.79806	9.32052	
9.23053	3	51	9.22232	3	51	8.41585	3	51	0	0	0	0.0400115	0.03908	0.0410533	0.0400116	0	0.0812467	0.0719575	0.0699133	0.0735333	0.0719583	0	0.145897	1.79842	1.79844	9.36522	
9.28331	3	51	9.27249	3	51	8.46171	3	51	0	0	0	0.0450037	0.04406	0.0459233	0.0450037	0	0.09112	0.080922	0.0782933	0.08343	0.0809217	0	0.165213	1.79812	1.79811	9.40591	
9.33243	3	63	9.31823	3	63	8.50607	3	59	0	0	0	0.049987	0.0487667	0.0509033	0.0499871	0	0.101083	0.0898885	0.0877267	0.0924967	0.0898891	0	0.18272	1.79824	1.79825	9.44392	
9.39183	3	62	9.37354	3	62	8.56676	3	62	0	0	0	0.0549903	0.0539767	0.0560667	0.0549903	0	0.111263	0.0988774	0.0963133	0.101183	0.0988774	0	0.200133	1.79809	1.79809	9.49034	
9.44923	3	63	9.42616	3	63	8.61434	3	63	0	0	0	0.059997	0.0590567	0.0614033	0.0599971	0	0.1219	0.107866	0.105413	0.11097	0.107866	0	0.22128	1.79786	1.79786	9.53437	
9.50779	3	85	9.4778	3	85	8.6647	3	81	0	0	0	0.0650001	0.0638933	0.0659967	0.0650005	0	0.131413	0.116849	0.114133	0.120103	0.11685	0	0.236347	1.79768	1.79768	9.57534	
9.56702	3	85	9.53028	3	62	8.71174	3	62	0	0	0	0.0699817	0.0684767	0.0712933	0.0699817	0	0.14169	0.125844	0.123457	0.128953	0.125844	0	0.256047	1.79825	1.79824	9.61915	
9.63096	3	95	9.58475	3	95	8.76136	3	95	0	0	0	0.0749678	0.0740433	0.0760367	0.0749679	0	0.15136	0.134827	0.131843	0.1385	0.134826	0	0.2728	1.79847	1.79845	9.66213	
9.71002	3	90	9.65045	3	66	8.82872	3	66	0	0	0	0.0799746	0.0787233	0.08123	0.0799749	0	0.160973	0.143847	0.14111	0.146473	0.143847	0	0.290993	1.79866	1.79865	9.71511	
9.78026	3	187	9.70584	3	95	8.88151	3	95	0	0	0	0.0849741	0.08368	0.08632	0.0849746	0	0.171973	0.152912	0.1504	0.15617	0.152912	0	0.310133	1.79951	1.7995	9.75886	
9.85836	3	103	9.76604	3	66	8.93889	3	66	0	0	0	0.0899731	0.0884767	0.0915033	0.0899731	0	0.18197	0.161939	0.15789	0.165037	0.16194	0	0.328623	1.79986	1.79987	9.80548	
9.95169	3	133	9.83317	3	80	9.00108	3	76	0	0	0	0.0949854	0.09358	0.0966667	0.0949859	0	0.192963	0.171009	0.168347	0.174117	0.17101	0	0.347763	1.80037	1.80037	9.85875	
10.0537	3	185	9.90002	3	81	9.06867	3	77	0	0	0	0.0999934	0.09874	0.101247	0.0999941	0	0.201923	0.180068	0.176433	0.18295	0.180069	0	0.363947	1.80079	1.80079	9.90924	
10.1585	3	264	9.9625	3	75	9.12156	3	75	0	0	0	0.104986	0.103097	0.106463	0.104986	0	0.211743	0.189075	0.185497	0.191993	0.189075	0	0.382233	1.80095	1.80095	9.95828	
10.3347	3	498	10.0395	3	81	9.19985	3	81	0	0	0	0.110001	0.10871	0.111103	0.110001	0	0.221533	0.198084	0.194827	0.201177	0.198085	0	0.40044	1.80074	1.80075	10.0139	
10.4928	3	409	10.1081	3	96	9.26388	3	96	0	0	0	0.114973	0.11351	0.11627	0.114972	0	0.231393	0.207023	0.2037	0.210023	0.207022	0	0.417227	1.80063	1.80063	10.0681	
10.7657	3	675	10.182	3	91	9.32952	3	91	0	0	0	0.119954	0.118333	0.121467	0.119955	0	0.241383	0.216029	0.212933	0.21992	0.216029	0	0.437157	1.80093	1.80092	10.1227	
11.2446	3	1249	10.2576	3	96	9.40768	3	96	0	0	0	0.124939	0.123657	0.126233	0.124939	0	0.251603	0.225039	0.220383	0.22836	0.22504	0	0.453917	1.8012	1.8012	10.1783	
12.4601	3	2991	10.351	3	84	9.49897	3	84	0	0	0	0.129921	0.128427	0.131523	0.129925	0	0.261823	0.233919	0.230697	0.237847	0.233927	0	0.47335	1.80047	1.80047	10.2486	
17.7118	3	7489	10.4265	3	100	9.57068	3	97	0	0	0	0.134972	0.133942	0.135958	0.13497	0	0.271346	0.243011	0.239984	0.246858	0.243006	0	0.488594	1.80045	1.80045	10.3096	
300.1
