11.1763	1	59	11.1646	1	59	10.373	1	55	0	0	0	0.00499033	0.00471667	0.00534333	0.00499043	0	0.05068	0.0089878	0.00840667	0.00970333	0.00898803	0	0.0923467	1.80104	1.80105	11.3557	
11.2582	1	76	11.2335	1	76	10.4373	1	76	0	0	0	0.00998667	0.00936667	0.0104867	0.00998663	0	0.100857	0.0179423	0.01658	0.0193267	0.0179423	0	0.182543	1.79662	1.79663	11.4206	
11.4787	1	89	11.4377	1	89	10.6204	1	87	0	0	0	0.0149928	0.0145567	0.0154833	0.0149926	0	0.150963	0.026992	0.0261067	0.0279833	0.0269915	0	0.27351	1.80033	1.80032	11.612	
11.7141	1	89	11.6574	1	89	10.8456	1	89	0	0	0	0.0200148	0.0193933	0.0204933	0.0200149	0	0.20122	0.0360539	0.0345267	0.0374667	0.0360543	0	0.363033	1.80136	1.80137	11.8204	
12.0038	1	97	11.9293	1	94	11.1366	1	93	0	0	0	0.0250124	0.0244033	0.0257733	0.0250124	0	0.251317	0.0450406	0.0430667	0.0476533	0.0450408	0	0.454557	1.80073	1.80074	12.0834	
12.3667	1	98	12.2688	1	98	11.4762	1	94	0	0	0	0.0299992	0.0292567	0.0307333	0.029999	0	0.302097	0.0539514	0.05259	0.0555367	0.0539507	0	0.545763	1.79843	1.79841	12.4127	
12.8065	1	115	12.6831	1	115	11.8821	1	115	0	0	0	0.0350134	0.0342567	0.0357733	0.0350134	0	0.353483	0.0629563	0.06123	0.0649167	0.0629556	0	0.63487	1.79806	1.79804	12.8145	
13.3043	1	123	13.1494	1	123	12.355	1	123	0	0	0	0.0400115	0.03908	0.0410533	0.0400105	0	0.40329	0.0719575	0.0699133	0.0735333	0.0719567	0	0.72263	1.79842	1.79845	13.2652	
13.8807	1	151	13.6885	1	151	12.8848	1	151	0	0	0	0.0450037	0.04406	0.0459233	0.045003	0	0.450817	0.080922	0.0782933	0.08343	0.0809202	0	0.812343	1.79812	1.79811	13.788	
14.5507	1	152	14.3156	1	152	13.4965	1	152	0	0	0	0.049987	0.0487667	0.0509033	0.0499873	0	0.501323	0.0898885	0.0877267	0.0924967	0.0898879	0	0.903157	1.79824	1.79822	14.3958	
15.3483	1	189	15.0563	1	189	14.2468	1	189	0	0	0	0.0549903	0.0539767	0.0560667	0.0549901	0	0.5514	0.0988774	0.0963133	0.101183	0.0988786	0	0.99372	1.79809	1.79812	15.1133	
16.2804	1	185	15.914	1	185	15.0845	1	185	0	0	0	0.059997	0.0590567	0.0614033	0.0556118	0	0.557607	0.107866	0.105413	0.11097	0.1	0	1	1.79786	1.79818	15.9434	
17.3407	1	162	16.8865	1	162	16.0816	1	166	0	0	0	0.0650001	0.0638933	0.0659967	0.0556122	0	0.557637	0.116849	0.114133	0.120103	0.1	0	1	1.79768	1.79817	16.8841	
18.6377	1	212	18.0515	1	212	17.259	1	212	0	0	0	0.0699817	0.0684767	0.0712933	0.0556124	0	0.557633	0.125844	0.123457	0.128953	0.1	0	1	1.79825	1.79816	18.0069	
20.1801	1	200	19.4163	1	200	18.6374	1	196	0	0	0	0.0749678	0.0740433	0.0760367	0.055612	0	0.557617	0.134827	0.131843	0.1385	0.1	0	1	1.79847	1.79817	19.3188	
22.1348	1	191	21.0975	1	191	20.334	1	230	0	0	0	0.0799746	0.0787233	0.08123	0.055612	0	0.557623	0.143847	0.14111	0.146473	0.1	0	1	1.79866	1.79817	20.9279	
24.7372	1	236	23.2114	1	236	22.4097	1	236	0	0	0	0.0849741	0.08368	0.08632	0.0556117	0	0.55761	0.152912	0.1504	0.15617	0.1	0	1	1.79951	1.79818	22.9407	
28.385	1	259	25.9159	1	236	25.0818	1	286	0	0	0	0.0899731	0.0884767	0.0915033	0.055612	0	0.557607	0.161939	0.15789	0.165037	0.1	0	1	1.79986	1.79817	25.4885	
34.8259	1	640	29.5728	1	305	28.7108	1	305	0	0	0	0.0949854	0.09358	0.0966667	0.0556111	0	0.557617	0.171009	0.168347	0.174117	0.1	0	1	1.80037	1.7982	28.8721	
314.364	1	34052	34.9225	1	273	34.0564	1	313	0	0	0	0.0999934	0.09874	0.101247	0.05561	0	0.557683	0.180068	0.176433	0.18295	0.1	0	1	1.80079	1.79824	33.6685	
