8.83149	3	37	8.83146	3	37	8.0254	3	35	0	0	0	0.00499391	0.00471	0.00536	0.00499401	0.00471	0.00536	0.00895208	0.00824333	0.00963	0.00895229	0.00824333	0.00963	1.7926	1.79261	9.0173	
8.94437	3	39	8.94372	3	39	8.12173	3	36	0	0	0	0.0100062	0.00962333	0.01048	0.0100061	0.00962333	0.01048	0.0180378	0.0172933	0.0192367	0.0180376	0.0172933	0.0192367	1.80265	1.80266	9.09726	
9.00915	3	40	9.0075	3	40	8.21274	3	36	0	0	0	0.0150311	0.0145233	0.0156967	0.015031	0.0145233	0.0156967	0.02704	0.0259333	0.0284833	0.0270398	0.0259333	0.02848	1.79893	1.79893	9.14277	
9.06103	3	42	9.05843	3	40	8.26156	3	39	0	0	0	0.020063	0.0194867	0.0205667	0.0200628	0.0194867	0.0205667	0.0360579	0.0347767	0.0372567	0.0360582	0.0347767	0.0372567	1.79723	1.79727	9.17148	
9.12235	3	44	9.11805	3	44	8.31989	3	41	0	0	0	0.0250671	0.02449	0.0257333	0.0250669	0.0244867	0.0257367	0.0451318	0.0439833	0.0464533	0.045132	0.0439833	0.0464567	1.80044	1.80046	9.20896	
9.18566	3	63	9.17882	3	44	8.3867	3	42	0	0	0	0.0300682	0.02949	0.0307167	0.0300678	0.02949	0.0307067	0.0541228	0.0526633	0.0563	0.054122	0.0526633	0.0563	1.8	1.8	9.24921	
9.21926	3	63	9.20881	3	56	8.41033	3	56	0	0	0	0.0350706	0.0342367	0.0362133	0.0350698	0.0342333	0.0362133	0.0631154	0.0612733	0.06533	0.0631144	0.0612733	0.06533	1.79966	1.79968	9.25994	
9.27074	3	74	9.25702	3	44	8.45071	3	44	0	0	0	0.0400941	0.0389867	0.0411167	0.0400939	0.0389867	0.04112	0.072177	0.0700667	0.0745967	0.0721766	0.0700667	0.0746	1.80019	1.80019	9.28808	
9.31911	3	66	9.30157	3	60	8.49478	3	56	0	0	0	0.0450691	0.04441	0.0457233	0.0450684	0.0444167	0.0457233	0.0810798	0.07946	0.0826367	0.0810783	0.0794633	0.08265	1.79901	1.79901	9.31556	
9.36338	3	83	9.34067	3	55	8.54221	3	55	0	0	0	0.050078	0.04917	0.05091	0.0500777	0.04916	0.05091	0.090079	0.0880267	0.09225	0.090078	0.0880333	0.0922467	1.79877	1.79877	9.33583	
9.4133	3	81	9.3828	3	60	8.57081	3	59	0	0	0	0.055088	0.0541533	0.0558567	0.055087	0.05415	0.0558533	0.0990448	0.0965533	0.101737	0.0990429	0.09655	0.101733	1.79794	1.79794	9.36198	
9.46789	3	106	9.42993	3	61	8.62448	3	61	0	0	0	0.0600776	0.0585933	0.0612533	0.0600771	0.05859	0.06125	0.108018	0.105313	0.110653	0.108017	0.105297	0.11065	1.79797	1.79797	9.3883	
9.52714	3	89	9.47959	3	58	8.66886	3	58	0	0	0	0.0651088	0.0641933	0.06608	0.0651086	0.0641933	0.0660767	0.117103	0.115033	0.120723	0.117103	0.115037	0.120737	1.79857	1.79857	9.42012	
9.55827	3	97	9.49953	3	70	8.69886	3	70	0	0	0	0.0700993	0.0692433	0.0712167	0.070099	0.0692467	0.0712133	0.126046	0.123663	0.128517	0.126046	0.123673	0.128537	1.79811	1.79812	9.42628	
9.61097	3	108	9.53892	3	67	8.73229	3	67	0	0	0	0.0750704	0.0737167	0.0760867	0.0750701	0.07372	0.07609	0.134952	0.131797	0.13759	0.134951	0.1318	0.13759	1.79767	1.79767	9.44494	
9.66878	3	113	9.58038	3	64	8.77379	3	63	0	0	0	0.0800622	0.0788433	0.08149	0.0800621	0.07884	0.08149	0.143966	0.141463	0.14713	0.143967	0.141477	0.14713	1.79817	1.79819	9.46913	
9.72342	3	141	9.61468	3	66	8.80302	3	66	0	0	0	0.0850492	0.0838967	0.0865433	0.0850491	0.0838967	0.08654	0.152894	0.149913	0.155517	0.152894	0.149893	0.155517	1.79771	1.79771	9.48789	
9.79113	3	154	9.65356	3	71	8.85098	3	71	0	0	0	0.0900403	0.0881367	0.0912167	0.0900403	0.0881367	0.0912133	0.161919	0.158543	0.16451	0.161919	0.158537	0.164513	1.7983	1.7983	9.50552	
9.8345	3	148	9.67526	3	68	8.86718	3	67	0	0	0	0.0950421	0.09396	0.0965867	0.0950425	0.0939533	0.0965867	0.170904	0.16843	0.17513	0.170904	0.168447	0.175127	1.79819	1.79819	9.51375	
9.89905	3	143	9.71084	3	69	8.90254	3	69	0	0	0	0.100014	0.0985767	0.101243	0.100014	0.0985833	0.10124	0.179775	0.176603	0.18299	0.179777	0.17661	0.18299	1.7975	1.79752	9.53357	
9.9907	3	294	9.74597	3	73	8.93156	3	73	0	0	0	0.105002	0.103807	0.106227	0.105002	0.103803	0.106237	0.188774	0.18556	0.191903	0.188775	0.18556	0.191893	1.79782	1.79782	9.54969	
10.0657	3	226	9.78151	3	72	8.97156	3	72	0	0	0	0.110025	0.108787	0.111333	0.110026	0.108787	0.111333	0.197877	0.1946	0.20158	0.197878	0.194613	0.201577	1.79847	1.79848	9.56978	
10.1613	3	215	9.82257	3	71	9.01038	3	71	0	0	0	0.115005	0.113727	0.116963	0.115005	0.113727	0.116977	0.206856	0.20342	0.21087	0.206857	0.20342	0.210897	1.79868	1.79867	9.5912	
10.277	3	324	9.85272	3	71	9.03858	3	71	0	0	0	0.119998	0.118613	0.121213	0.119998	0.118613	0.12121	0.215819	0.211733	0.21892	0.215821	0.211747	0.21893	1.79853	1.79854	9.60072	
10.3813	3	298	9.8883	3	71	9.0767	3	71	0	0	0	0.124993	0.12335	0.12636	0.124994	0.123347	0.126363	0.224817	0.22087	0.228107	0.224819	0.220867	0.228127	1.79863	1.79864	9.62337	
10.5457	3	371	9.93073	3	75	9.11316	3	72	0	0	0	0.129989	0.128747	0.13121	0.12999	0.128743	0.131213	0.233857	0.230573	0.237133	0.23386	0.230577	0.237137	1.79906	1.79906	9.64476	
10.7142	3	442	9.96252	3	93	9.14666	3	93	0	0	0	0.134996	0.133797	0.136793	0.134995	0.1338	0.136793	0.242939	0.23918	0.246713	0.242938	0.239177	0.246713	1.7996	1.79961	9.65659	
10.9328	3	538	9.99636	3	79	9.18668	3	78	0	0	0	0.139994	0.1387	0.142043	0.139994	0.138693	0.142037	0.251935	0.248517	0.255967	0.251935	0.248527	0.255963	1.79962	1.79961	9.67151	
11.1573	3	591	10.0342	3	76	9.213	3	73	0	0	0	0.14498	0.1435	0.146687	0.144979	0.1435	0.146693	0.260957	0.257767	0.264273	0.260955	0.25773	0.26428	1.79996	1.79995	9.69203	
11.4175	3	547	10.0754	3	78	9.262	3	74	0	0	0	0.149981	0.14896	0.151417	0.14998	0.148827	0.151413	0.270074	0.265633	0.274083	0.270073	0.265663	0.274087	1.80072	1.80073	9.71324	
11.775	3	649	10.1095	3	82	9.29491	3	82	0	0	0	0.154962	0.153983	0.15644	0.154961	0.153983	0.156443	0.279055	0.27535	0.282653	0.279054	0.275387	0.28267	1.80079	1.8008	9.72786	
12.1946	3	711	10.1465	3	76	9.33181	3	76	0	0	0	0.159973	0.15789	0.16147	0.159975	0.157887	0.16147	0.288068	0.28388	0.291447	0.288069	0.283873	0.291397	1.80072	1.80072	9.74558	
12.9697	3	1246	10.1916	3	76	9.37426	3	76	0	0	0	0.164998	0.16387	0.166513	0.164996	0.16387	0.166487	0.297156	0.29383	0.300683	0.297154	0.293847	0.300707	1.80097	1.80098	9.76221	
13.495	3	1124	10.2272	3	79	9.41432	3	79	0	0	0	0.170008	0.168587	0.171523	0.17001	0.168577	0.171527	0.306168	0.30249	0.30979	0.306174	0.302487	0.30979	1.80091	1.80092	9.78169	
14.2185	3	878	10.2651	3	107	9.44839	3	107	0	0	0	0.175015	0.17378	0.176443	0.175014	0.17373	0.176433	0.315161	0.309647	0.319467	0.315159	0.30968	0.319483	1.80077	1.80077	9.79938	
15.083	3	1611	10.2914	3	80	9.48056	3	79	0	0	0	0.180034	0.178163	0.18141	0.180033	0.178163	0.181407	0.324183	0.32065	0.327567	0.324179	0.320657	0.32758	1.80068	1.80067	9.81196	
16.6079	3	1567	10.3374	3	87	9.51902	3	87	0	0	0	0.185027	0.183955	0.1866	0.185029	0.183963	0.186587	0.333008	0.330257	0.33647	0.333014	0.330253	0.336458	1.79978	1.79979	9.83537	
19.0233	3	1814	10.3792	3	89	9.56469	3	89	0	0	0	0.190004	0.189178	0.191043	0.190001	0.18918	0.191048	0.342056	0.339118	0.344742	0.342051	0.339117	0.344735	1.80026	1.80026	9.85234	
20.7192	3	2610	10.4155	3	109	9.59773	3	109	0	0	0	0.195044	0.193883	0.196118	0.195043	0.193887	0.196112	0.351054	0.348013	0.354205	0.351051	0.348023	0.35421	1.79987	1.79987	9.86728	
25.3166	3	2533	10.457	3	124	9.64006	3	124	0	0	0	0.20001	0.198596	0.20118	0.200003	0.198114	0.201182	0.360176	0.355972	0.364296	0.360164	0.355122	0.364272	1.80079	1.80079	9.88636	
35.0138	3	4812	10.4975	3	97	9.67981	3	97	0	0	0	0.204968	0.204229	0.206014	0.204971	0.20423	0.206011	0.369042	0.366509	0.371941	0.369047	0.366509	0.371937	1.80048	1.80048	9.90617	
51.7375	3	5998	10.536	3	107	9.72034	3	107	0	0	0	0.209962	0.20883	0.210737	0.209968	0.20883	0.210707	0.378031	0.37426	0.380189	0.378042	0.374257	0.38019	1.80048	1.80047	9.92464	
283.526	3	29729	10.5765	3	98	9.76452	3	98	0	0	0	0.21496	0.213861	0.216254	0.214858	0.209074	0.216251	0.387023	0.384017	0.390506	0.386837	0.378549	0.390503	1.80044	1.80043	9.9425	
