8.78896	2	21	8.78891	2	21	7.98826	2	18	0	0	0	0.00499391	0.00471	0.00536	0.00499401	0.00471	0.00536	0.00895208	0.00824333	0.00963	0.0089524	0.00824333	0.00963	1.7926	1.79263	8.99034	
8.82997	2	23	8.8298	2	22	8.01279	2	18	0	0	0	0.0100062	0.00962333	0.01048	0.010006	0.00962333	0.01048	0.0180378	0.0172933	0.0192367	0.0180374	0.0172933	0.0192367	1.80265	1.80266	9.01427	
8.83799	2	23	8.83757	2	23	8.03701	2	20	0	0	0	0.0150311	0.0145233	0.0156967	0.0150309	0.0145233	0.0156967	0.02704	0.0259333	0.0284833	0.0270398	0.0259333	0.0284833	1.79893	1.79895	9.01874	
8.85018	2	26	8.84948	2	26	8.05541	2	22	0	0	0	0.020063	0.0194867	0.0205667	0.0200631	0.01949	0.0205667	0.0360579	0.0347767	0.0372567	0.0360585	0.0347767	0.0372567	1.79723	1.79725	9.02629	
8.87004	2	29	8.86896	2	24	8.06521	2	21	0	0	0	0.0250671	0.02449	0.0257333	0.0250669	0.0244867	0.0257367	0.0451318	0.0439833	0.0464533	0.0451319	0.0439833	0.0464567	1.80044	1.80046	9.03544	
8.8817	2	28	8.87983	2	26	8.07393	2	22	0	0	0	0.0300682	0.02949	0.0307167	0.0300681	0.0294933	0.0307133	0.0541228	0.0526633	0.0563	0.0541222	0.0526667	0.0563	1.8	1.79999	9.04019	
8.9007	2	29	8.89812	2	25	8.10102	2	21	0	0	0	0.0350706	0.0342367	0.0362133	0.0350701	0.0342333	0.0362133	0.0631154	0.0612733	0.06533	0.063115	0.0612733	0.06533	1.79966	1.79968	9.05108	
8.92238	2	34	8.91892	2	34	8.11528	2	34	0	0	0	0.0400941	0.0389867	0.0411167	0.0400936	0.0389867	0.04112	0.072177	0.0700667	0.0745967	0.0721769	0.0700667	0.0746	1.80019	1.80021	9.06377	
8.93269	2	34	8.92799	2	34	8.12794	2	34	0	0	0	0.0450691	0.04441	0.0457233	0.0450682	0.0444133	0.0457233	0.0810798	0.07946	0.0826367	0.0810779	0.0794633	0.0826567	1.79901	1.799	9.06691	
8.94792	2	42	8.94174	2	25	8.14191	2	22	0	0	0	0.050078	0.04917	0.05091	0.0500777	0.0491633	0.05091	0.090079	0.0880267	0.09225	0.0900784	0.0880167	0.0922467	1.79877	1.79877	9.07426	
8.97564	2	38	8.96756	2	38	8.15998	2	38	0	0	0	0.055088	0.0541533	0.0558567	0.0550877	0.05415	0.05585	0.0990448	0.0965533	0.101737	0.0990435	0.09655	0.10173	1.79794	1.79793	9.09191	
8.99438	2	37	8.98367	2	34	8.18394	2	34	0	0	0	0.0600776	0.0585933	0.0612533	0.0600771	0.05859	0.0612533	0.108018	0.105313	0.110653	0.108017	0.105297	0.110653	1.79797	1.79797	9.09963	
9.021	2	40	9.00804	2	38	8.19978	2	38	0	0	0	0.0651088	0.0641933	0.06608	0.0651087	0.0641933	0.0660767	0.117103	0.115033	0.120723	0.117102	0.115037	0.120737	1.79857	1.79857	9.11459	
9.03934	2	46	9.02348	2	46	8.2185	2	46	0	0	0	0.0700993	0.0692433	0.0712167	0.070099	0.0692467	0.0712133	0.126046	0.123663	0.128517	0.126046	0.123673	0.128537	1.79811	1.79811	9.12302	
9.06268	2	42	9.04254	2	39	8.2337	2	39	0	0	0	0.0750704	0.0737167	0.0760867	0.0750701	0.0737133	0.07609	0.134952	0.131797	0.13759	0.134951	0.131793	0.13759	1.79767	1.79767	9.13307	
9.0897	2	40	9.06479	2	40	8.26036	2	40	0	0	0	0.0800622	0.0788433	0.08149	0.0800626	0.07884	0.08149	0.143966	0.141463	0.14713	0.143967	0.141467	0.14713	1.79817	1.79818	9.14497	
9.11596	2	58	9.08735	2	45	8.27754	2	45	0	0	0	0.0850492	0.0838967	0.0865433	0.0850494	0.0838967	0.08654	0.152894	0.149913	0.155517	0.152894	0.149893	0.155517	1.79771	1.79771	9.15822	
9.14068	2	45	9.10547	2	45	8.3002	2	41	0	0	0	0.0900403	0.0881367	0.0912167	0.0900402	0.0881367	0.09122	0.161919	0.158543	0.16451	0.16192	0.158537	0.164513	1.7983	1.79831	9.167	
9.17349	2	47	9.13191	2	42	8.32953	2	40	0	0	0	0.0950421	0.09396	0.0965867	0.0950418	0.0939533	0.0965867	0.170904	0.16843	0.17513	0.170903	0.16843	0.175127	1.79819	1.79819	9.18095	
9.19477	2	51	9.14592	2	45	8.33433	2	45	0	0	0	0.100014	0.0985767	0.101243	0.100014	0.0985833	0.10124	0.179775	0.176603	0.18299	0.179776	0.17661	0.18299	1.7975	1.79751	9.18695	
9.23467	2	48	9.17696	2	45	8.36313	2	41	0	0	0	0.105002	0.103807	0.106227	0.105002	0.10381	0.106237	0.188774	0.18556	0.191903	0.188774	0.185563	0.191893	1.79782	1.79781	9.2055	
9.27629	2	59	9.20515	2	42	8.39626	2	42	0	0	0	0.110025	0.108787	0.111333	0.110025	0.108787	0.111333	0.197877	0.1946	0.20158	0.197879	0.194613	0.201577	1.79847	1.79848	9.22018	
9.30819	2	61	9.22772	2	43	8.41485	2	43	0	0	0	0.115005	0.113727	0.116963	0.115005	0.113727	0.11697	0.206856	0.20342	0.21087	0.206858	0.20342	0.210877	1.79868	1.79868	9.23144	
9.35087	2	59	9.25575	2	54	8.44377	2	54	0	0	0	0.119998	0.118613	0.121213	0.119998	0.118613	0.121213	0.215819	0.211733	0.21892	0.21582	0.211737	0.218933	1.79853	1.79853	9.24652	
9.39521	2	68	9.28441	2	46	8.47025	2	46	0	0	0	0.124993	0.12335	0.12636	0.124993	0.123347	0.12636	0.224817	0.22087	0.228107	0.224818	0.220867	0.22812	1.79863	1.79864	9.2613	
9.44105	2	85	9.31275	2	48	8.49396	2	48	0	0	0	0.129989	0.128747	0.13121	0.12999	0.128743	0.131213	0.233857	0.230573	0.237133	0.23386	0.230573	0.237133	1.79906	1.79906	9.27513	
9.49257	2	64	9.34255	2	46	8.52286	2	46	0	0	0	0.134996	0.133797	0.136793	0.134996	0.133797	0.136793	0.242939	0.23918	0.246713	0.242938	0.23917	0.246713	1.7996	1.7996	9.29008	
9.54367	2	79	9.37181	2	47	8.55565	2	47	0	0	0	0.139994	0.1387	0.142043	0.139994	0.138693	0.142037	0.251935	0.248517	0.255967	0.251935	0.24853	0.255947	1.79962	1.79962	9.30533	
9.61148	2	78	9.40733	2	50	8.58255	2	50	0	0	0	0.14498	0.1435	0.146687	0.14498	0.1435	0.146697	0.260957	0.257767	0.264273	0.260957	0.257767	0.264283	1.79996	1.79995	9.32111	
9.67957	2	78	9.44267	2	51	8.61594	2	51	0	0	0	0.149981	0.14896	0.151417	0.149982	0.14896	0.151413	0.270074	0.265633	0.274083	0.270076	0.265653	0.274083	1.80072	1.80073	9.33974	
9.75287	2	82	9.47906	2	50	8.65066	2	50	0	0	0	0.154962	0.153983	0.15644	0.154962	0.153983	0.15644	0.279055	0.27535	0.282653	0.279057	0.27535	0.282667	1.80079	1.8008	9.35819	
9.83373	2	130	9.51201	2	67	8.68196	2	67	0	0	0	0.159973	0.15789	0.16147	0.159974	0.157883	0.161467	0.288068	0.28388	0.291447	0.288068	0.28387	0.29146	1.80072	1.80072	9.37209	
9.92146	2	127	9.54886	2	55	8.71805	2	55	0	0	0	0.164998	0.16387	0.166513	0.164998	0.163863	0.166503	0.297156	0.29383	0.300683	0.297158	0.293863	0.300687	1.80097	1.80098	9.38873	
10.0176	2	89	9.58663	2	68	8.75404	2	68	0	0	0	0.170008	0.168587	0.171523	0.170008	0.168573	0.171523	0.306168	0.30249	0.30979	0.30617	0.302487	0.309793	1.80091	1.80092	9.40648	
10.1231	2	117	9.62277	2	53	8.78892	2	53	0	0	0	0.175015	0.17378	0.176443	0.175017	0.173777	0.176443	0.315161	0.309647	0.319467	0.315164	0.30969	0.319487	1.80077	1.80076	9.42193	
10.2555	2	103	9.66716	2	54	8.83553	2	54	0	0	0	0.180034	0.178163	0.18141	0.180034	0.178167	0.181407	0.324183	0.32065	0.327567	0.324183	0.320657	0.327573	1.80068	1.80067	9.44237	
10.3904	2	126	9.70741	2	62	8.86774	2	62	0	0	0	0.185041	0.1837	0.186537	0.185043	0.183707	0.186537	0.333238	0.329753	0.336673	0.333242	0.329787	0.336683	1.80089	1.80089	9.46089	
10.5574	2	127	9.75377	2	75	8.91557	2	75	0	0	0	0.190052	0.188987	0.191353	0.190053	0.18899	0.191353	0.342298	0.3384	0.345987	0.342302	0.338403	0.34598	1.80108	1.80108	9.4802	
10.7404	2	166	9.80147	2	64	8.96125	2	64	0	0	0	0.195077	0.19343	0.196657	0.195077	0.193433	0.196667	0.351373	0.34831	0.3549	0.351372	0.348323	0.3549	1.8012	1.8012	9.50122	
10.9665	2	129	9.84974	2	75	9.00543	2	75	0	0	0	0.200077	0.198647	0.202083	0.200078	0.198647	0.202087	0.360248	0.356233	0.365297	0.360249	0.356247	0.3653	1.80055	1.80055	9.51985	
11.2111	2	155	9.89987	2	84	9.05539	2	84	0	0	0	0.20508	0.20363	0.206777	0.20508	0.20363	0.206773	0.369223	0.36587	0.372783	0.369223	0.365867	0.372793	1.80038	1.80038	9.54089	
11.5232	2	232	9.94932	2	81	9.10063	2	77	0	0	0	0.210069	0.208173	0.2115	0.210069	0.208173	0.211493	0.378256	0.37335	0.38255	0.378255	0.373327	0.382543	1.80062	1.80063	9.55968	
11.9231	2	212	10.0105	2	71	9.16257	2	71	0	0	0	0.215034	0.213277	0.21678	0.215033	0.21328	0.216783	0.387101	0.38325	0.39125	0.3871	0.383243	0.391247	1.80019	1.80019	9.58703	
12.3893	2	249	10.0683	2	78	9.21622	2	78	0	0	0	0.220028	0.217783	0.221743	0.220026	0.217773	0.221743	0.396088	0.390813	0.39951	0.396087	0.390807	0.399507	1.80017	1.80018	9.60875	
12.9486	2	243	10.1257	2	73	9.27044	2	73	0	0	0	0.225021	0.222313	0.226663	0.225022	0.22232	0.226703	0.405055	0.399957	0.409987	0.405055	0.39996	0.409997	1.80008	1.80007	9.6302	
13.6428	2	285	10.1874	2	69	9.3323	2	69	0	0	0	0.230021	0.227957	0.231717	0.230022	0.22795	0.231717	0.413976	0.409087	0.41777	0.413977	0.409093	0.417757	1.79973	1.79973	9.65299	
14.7765	2	350	10.2613	2	89	9.40218	2	89	0	0	0	0.235028	0.23363	0.236853	0.235028	0.233633	0.236847	0.423043	0.4198	0.42848	0.423045	0.4198	0.428473	1.79997	1.79998	9.67849	
16.4087	2	439	10.3297	2	83	9.46865	2	83	0	0	0	0.240019	0.238327	0.24225	0.240021	0.23834	0.24223	0.432012	0.427083	0.436387	0.432018	0.427087	0.436377	1.79991	1.79992	9.70457	
19.5395	2	752	10.3976	2	91	9.53406	2	91	0	0	0	0.245024	0.24343	0.246467	0.245025	0.243417	0.246477	0.441096	0.435677	0.446587	0.441098	0.435697	0.4466	1.80021	1.80022	9.72757	
51.2299	2	2775	10.4819	2	99	9.61882	2	99	0	0	0	0.250008	0.248418	0.251918	0.25	0.24841	0.251915	0.450102	0.446862	0.453877	0.450089	0.44687	0.453863	1.80035	1.80036	9.75333	
1005.07	2	42170	10.5553	2	85	9.68688	2	85	0	0	0	0.25498	0.253699	0.255867	0.254663	0.244799	0.255867	0.459021	0.455807	0.462324	0.458452	0.439814	0.46233	1.80022	1.80023	9.77782	
