8.14203	2	37	8.14198	2	37	7.34174	2	35	0	0	0	0.00499391	0.00471	0.00536	0.00499401	0.00471	0.00536	0.00895208	0.00824333	0.00963	0.00895229	0.00824333	0.00963	1.7926	1.79261	8.31905	
8.30375	2	39	8.30299	2	39	7.46606	2	36	0	0	0	0.0100062	0.00962333	0.01048	0.0100061	0.00962333	0.01048	0.0180378	0.0172933	0.0192367	0.0180376	0.0172933	0.0192367	1.80265	1.80265	8.43768	
8.38069	2	40	8.37886	2	40	7.58704	2	36	0	0	0	0.0150311	0.0145233	0.0156967	0.015031	0.0145233	0.0157	0.02704	0.0259333	0.0284833	0.0270397	0.0259333	0.0284833	1.79893	1.79893	8.4879	
8.4894	2	42	8.4864	2	40	7.69005	2	39	0	0	0	0.020063	0.0194867	0.0205667	0.0200632	0.0194867	0.0205667	0.0360579	0.0347767	0.0372567	0.0360585	0.0347767	0.0372567	1.79723	1.79725	8.56748	
8.58554	2	45	8.58014	2	44	7.78276	2	42	0	0	0	0.0250671	0.02449	0.0257333	0.0250668	0.0244867	0.0257367	0.0451318	0.0439833	0.0464533	0.0451316	0.0439833	0.0464567	1.80044	1.80045	8.62868	
8.67021	2	63	8.66188	2	44	7.86422	2	42	0	0	0	0.0300682	0.02949	0.0307167	0.030068	0.0294933	0.0307133	0.0541228	0.0526633	0.0563	0.0541221	0.0526667	0.0563	1.8	1.79999	8.68416	
8.75433	2	63	8.74244	2	56	7.94702	2	56	0	0	0	0.0350706	0.0342367	0.0362133	0.0350698	0.0342333	0.0362133	0.0631154	0.0612733	0.06533	0.0631142	0.0612733	0.06533	1.79966	1.79967	8.73906	
8.82944	2	74	8.81268	2	44	8.00938	2	44	0	0	0	0.0400941	0.0389867	0.0411167	0.0400937	0.0389867	0.04112	0.072177	0.0700667	0.0745967	0.0721769	0.0700667	0.0746	1.80019	1.8002	8.78336	
8.90345	2	66	8.88228	2	60	8.08113	2	56	0	0	0	0.0450691	0.04441	0.0457233	0.0450686	0.0444167	0.0457233	0.0810798	0.07946	0.0826367	0.0810784	0.0794633	0.0826567	1.79901	1.799	8.83146	
8.967	2	83	8.93818	2	55	8.14045	2	55	0	0	0	0.050078	0.04917	0.05091	0.0500779	0.0491633	0.05091	0.090079	0.0880267	0.09225	0.0900787	0.0880333	0.0922467	1.79877	1.79877	8.86181	
9.0485	2	81	9.01225	2	60	8.20219	2	59	0	0	0	0.055088	0.0541533	0.0558567	0.0550872	0.05415	0.05585	0.0990448	0.0965533	0.101737	0.0990433	0.09655	0.10173	1.79794	1.79794	8.91559	
9.11431	2	106	9.06735	2	61	8.25884	2	61	0	0	0	0.0600776	0.0585933	0.0612533	0.0600771	0.05859	0.0612533	0.108018	0.105313	0.110653	0.108017	0.105297	0.110653	1.79797	1.79798	8.94358	
9.19159	2	89	9.1342	2	58	8.32408	2	58	0	0	0	0.0651088	0.0641933	0.06608	0.0651086	0.0641933	0.0660767	0.117103	0.115033	0.120723	0.117102	0.115033	0.120737	1.79857	1.79857	8.98986	
9.24482	2	104	9.17554	2	70	8.36778	2	70	0	0	0	0.0700993	0.0692433	0.0712167	0.0700995	0.0692467	0.0712133	0.126046	0.123663	0.128517	0.126047	0.123673	0.12853	1.79811	1.79811	9.0111	
9.32099	2	108	9.23491	2	63	8.42873	2	63	0	0	0	0.0750704	0.0737167	0.0760867	0.0750701	0.07372	0.07609	0.134952	0.131797	0.13759	0.134951	0.1318	0.13759	1.79767	1.79767	9.04737	
9.39019	2	119	9.28279	2	64	8.47651	2	63	0	0	0	0.0800622	0.0788433	0.08149	0.0800622	0.07884	0.08149	0.143966	0.141463	0.14713	0.143966	0.14146	0.14713	1.79817	1.79818	9.07437	
9.45409	2	141	9.32727	2	69	8.51272	2	66	0	0	0	0.0850492	0.0838967	0.0865433	0.0850497	0.0838933	0.08654	0.152894	0.149913	0.155517	0.152894	0.149893	0.155517	1.79771	1.79771	9.09743	
9.53935	2	154	9.37589	2	71	8.57644	2	71	0	0	0	0.0900403	0.0881367	0.0912167	0.0900402	0.0881367	0.09122	0.161919	0.158543	0.16451	0.16192	0.158537	0.164513	1.7983	1.79831	9.1233	
9.60583	2	148	9.41505	2	68	8.61301	2	67	0	0	0	0.0950421	0.09396	0.0965867	0.095042	0.0939533	0.0965867	0.170904	0.16843	0.17513	0.170904	0.168447	0.175127	1.79819	1.79819	9.14472	
9.67744	2	138	9.45019	2	66	8.64001	2	66	0	0	0	0.100014	0.0985767	0.101243	0.100014	0.09858	0.101243	0.179775	0.176603	0.18299	0.179777	0.1766	0.183003	1.7975	1.79752	9.16146	
9.7801	2	294	9.49462	2	73	8.68411	2	73	0	0	0	0.105002	0.103807	0.106227	0.105002	0.10381	0.106237	0.188774	0.18556	0.191903	0.188774	0.185563	0.191893	1.79782	1.79782	9.1863	
9.88769	2	226	9.5411	2	73	8.74333	2	73	0	0	0	0.110025	0.108787	0.111333	0.110025	0.10879	0.11133	0.197877	0.1946	0.20158	0.197878	0.194613	0.201577	1.79847	1.79848	9.21178	
9.99206	2	247	9.58353	2	75	8.77956	2	75	0	0	0	0.115005	0.113727	0.116963	0.115005	0.113727	0.11697	0.206856	0.20342	0.21087	0.206857	0.20342	0.210877	1.79868	1.79868	9.23367	
10.1221	2	489	9.61112	2	71	8.80473	2	71	0	0	0	0.119998	0.118613	0.121213	0.119998	0.118613	0.121213	0.215819	0.211733	0.21892	0.215821	0.211747	0.21892	1.79853	1.79854	9.24296	
10.2472	2	318	9.65662	2	71	8.85128	2	71	0	0	0	0.124993	0.12335	0.12636	0.124993	0.123347	0.12636	0.224817	0.22087	0.228107	0.224817	0.220867	0.22812	1.79863	1.79863	9.26854	
10.4394	2	275	9.70122	2	80	8.89596	2	80	0	0	0	0.129989	0.128747	0.13121	0.12999	0.128747	0.13121	0.233857	0.230573	0.237133	0.23386	0.230577	0.23713	1.79906	1.79907	9.29235	
10.6051	2	416	9.73107	2	81	8.93069	2	77	0	0	0	0.134996	0.133797	0.136793	0.134995	0.133797	0.136793	0.242939	0.23918	0.246713	0.242938	0.23917	0.246713	1.7996	1.79961	9.30083	
10.843	2	445	9.7697	2	81	8.97418	2	81	0	0	0	0.139994	0.1387	0.142043	0.139992	0.138693	0.142037	0.251935	0.248517	0.255967	0.251933	0.248527	0.255963	1.79962	1.79962	9.31939	
11.1126	2	507	9.80653	2	79	9.00003	2	79	0	0	0	0.14498	0.1435	0.146687	0.14498	0.14353	0.1467	0.260957	0.257767	0.264273	0.260956	0.257767	0.264287	1.79996	1.79994	9.33834	
11.5215	2	645	9.85138	2	80	9.0525	2	80	0	0	0	0.149981	0.14896	0.151417	0.14998	0.14882	0.15141	0.270074	0.265633	0.274083	0.270073	0.26565	0.274073	1.80072	1.80072	9.35775	
11.7341	2	600	9.88192	2	76	9.07474	2	76	0	0	0	0.154962	0.153983	0.15644	0.154961	0.15398	0.156443	0.279055	0.27535	0.282653	0.279054	0.27535	0.28267	1.80079	1.8008	9.37458	
12.05	2	562	9.90587	2	93	9.10184	2	93	0	0	0	0.159973	0.15789	0.16147	0.159976	0.157883	0.16147	0.288068	0.28388	0.291447	0.288073	0.28387	0.291393	1.80072	1.80073	9.38416	
12.8238	2	863	9.94985	2	84	9.149	2	84	0	0	0	0.164998	0.16387	0.166513	0.164994	0.163867	0.166503	0.297156	0.29383	0.300683	0.297147	0.293873	0.300687	1.80097	1.80096	9.40126	
13.7278	2	970	9.98758	2	94	9.18518	2	94	0	0	0	0.170008	0.168587	0.171523	0.170007	0.168577	0.171527	0.306168	0.30249	0.30979	0.30617	0.302487	0.309793	1.80091	1.80092	9.41922	
14.742	2	1231	10.0213	2	84	9.2245	2	84	0	0	0	0.175015	0.17378	0.176443	0.175014	0.173733	0.176433	0.315161	0.309647	0.319467	0.315159	0.30969	0.319473	1.80077	1.80076	9.43024	
15.2355	2	1133	10.0443	2	82	9.24555	2	79	0	0	0	0.179996	0.178724	0.181342	0.179996	0.178724	0.18135	0.323908	0.320036	0.32755	0.323909	0.320032	0.327566	1.79954	1.79954	9.44345	
17.634	2	1939	10.082	2	82	9.28732	2	79	0	0	0	0.185027	0.183955	0.1866	0.185027	0.183963	0.1866	0.333008	0.330257	0.33647	0.33301	0.330257	0.33648	1.79978	1.79979	9.45961	
19.9635	2	2707	10.119	2	101	9.32535	2	101	0	0	0	0.190002	0.188884	0.191164	0.190003	0.188884	0.191178	0.342019	0.338352	0.345068	0.342022	0.338356	0.345078	1.80008	1.80008	9.47235	
21.0626	2	2221	10.1443	2	109	9.3461	2	109	0	0	0	0.195044	0.193883	0.196118	0.19504	0.193887	0.196115	0.351054	0.348013	0.354205	0.351046	0.348025	0.35421	1.79987	1.79987	9.48294	
25.3403	2	2328	10.1836	2	100	9.38557	2	100	0	0	0	0.200008	0.198817	0.201108	0.200006	0.198807	0.201103	0.360094	0.356743	0.36381	0.360091	0.35672	0.36381	1.8004	1.8004	9.49801	
34.1716	2	4202	10.2141	2	110	9.42057	2	110	0	0	0	0.20501	0.204172	0.206127	0.205017	0.204172	0.206125	0.369103	0.366332	0.372	0.369117	0.366343	0.371992	1.80042	1.80042	9.51007	
61.8444	2	7232	10.2482	2	106	9.45665	2	106	0	0	0	0.209962	0.20883	0.210737	0.209955	0.208831	0.21072	0.378031	0.37426	0.380189	0.378019	0.374256	0.380187	1.80048	1.80048	9.52187	
397.256	2	37750	10.2792	2	111	9.49298	2	111	0	0	0	0.21496	0.213861	0.216254	0.214861	0.209761	0.216253	0.387023	0.384017	0.390506	0.386842	0.379787	0.390504	1.80044	1.80043	9.5374	
