10.8097	8	18	10.8091	8	18	10.809	8	18	0	0	0	0.0100281	0.0091	0.0116333	0.0100318	0.0091	0.0117	0.0100281	0.0091	0.0116333	0.0100318	0.0091	0.0117	1	1	11.8078	
10.8214	8	18	10.818	8	18	10.8181	8	18	0	0	0	0.0199906	0.0186333	0.0219	0.0199922	0.0186333	0.0219	0.0199906	0.0186333	0.0219	0.0199922	0.0186333	0.0219	1	1	11.8157	
10.8326	8	22	10.8257	8	22	10.8258	8	22	0	0	0	0.0301104	0.028	0.0321333	0.030113	0.028	0.0321333	0.0301104	0.028	0.0321333	0.030113	0.028	0.0321333	1	1	11.8227	
10.8375	8	22	10.8253	8	22	10.8255	8	22	0	0	0	0.0400328	0.0377333	0.0423667	0.0400365	0.0377333	0.0423667	0.0400328	0.0377333	0.0423667	0.0400365	0.0377333	0.0423667	1	1	11.8215	
10.8488	8	22	10.8299	8	22	10.8303	8	22	0	0	0	0.0499557	0.0471	0.0527333	0.0499583	0.0471333	0.0528	0.0499557	0.0471	0.0527333	0.0499583	0.0471333	0.0528	1	1	11.8251	
10.8543	6	22	10.8271	6	22	10.8274	6	22	0	0	0	0.0599922	0.0568	0.063	0.0599953	0.0568	0.063	0.0599922	0.0568	0.063	0.0599953	0.0568	0.063	1	1	11.8211	
10.8664	6	22	10.8287	6	22	10.8289	6	22	0	0	0	0.0699875	0.0664333	0.0737333	0.0699875	0.0664333	0.0737333	0.0699875	0.0664333	0.0737333	0.0699875	0.0664333	0.0737333	1	1	11.8215	
10.8836	6	22	10.8327	6	22	10.8328	6	22	0	0	0	0.0798594	0.0766333	0.0837	0.079862	0.0765	0.0837333	0.0798594	0.0766333	0.0837	0.079862	0.0765	0.0837333	1	1	11.8243	
10.9068	6	30	10.8402	6	30	10.8404	6	30	0	0	0	0.0897703	0.0866	0.0943667	0.0897781	0.0866	0.0944333	0.0897703	0.0866	0.0943667	0.0897781	0.0866	0.0944333	1	1	11.8303	
10.9302	6	30	10.8455	6	30	10.8456	6	30	0	0	0	0.099576	0.0957333	0.104833	0.0995854	0.0957333	0.1049	0.099576	0.0957333	0.104833	0.0995854	0.0957333	0.1049	1	1	11.8339	
10.9603	6	30	10.8531	6	30	10.8532	6	30	0	0	0	0.109646	0.105467	0.114533	0.109656	0.105467	0.1146	0.109646	0.105467	0.114533	0.109656	0.105467	0.1146	1	1	11.8397	
10.9974	6	30	10.861	6	30	10.8611	6	30	0	0	0	0.119622	0.1153	0.125333	0.119632	0.1153	0.1254	0.119622	0.1153	0.125333	0.119632	0.1153	0.1254	1	1	11.8454	
11.0409	6	34	10.8712	6	34	10.8712	6	34	0	0	0	0.129458	0.1255	0.1354	0.129468	0.1255	0.135467	0.129458	0.1255	0.1354	0.129468	0.1255	0.135467	1	1	11.8535	
11.0898	6	34	10.8795	6	34	10.8796	6	34	0	0	0	0.139445	0.1351	0.1456	0.139452	0.134967	0.145667	0.139445	0.1351	0.1456	0.139452	0.134967	0.145667	1	1	11.8598	
11.1489	6	34	10.888	6	34	10.888	6	34	0	0	0	0.149374	0.144833	0.155667	0.149382	0.1447	0.155733	0.149374	0.144833	0.155667	0.149382	0.1447	0.155733	1	1	11.8659	
11.2207	6	46	10.8952	6	46	10.8953	6	46	0	0	0	0.159415	0.154133	0.1657	0.159423	0.154	0.165767	0.159415	0.154133	0.1657	0.159423	0.154	0.165767	1	1	11.8702	
11.3149	6	46	10.9022	6	46	10.9023	6	46	0	0	0	0.16943	0.164867	0.176233	0.169443	0.164733	0.1763	0.16943	0.164867	0.176233	0.169443	0.164733	0.1763	1	1	11.8742	
11.4395	6	46	10.9116	6	46	10.9116	6	46	0	0	0	0.179385	0.1749	0.185833	0.179402	0.174933	0.1859	0.179385	0.1749	0.185833	0.179402	0.174933	0.1859	1	1	11.8803	
11.617	6	46	10.9253	6	46	10.9253	6	46	0	0	0	0.18944	0.185133	0.196533	0.189458	0.1851	0.1966	0.18944	0.185133	0.196533	0.189458	0.1851	0.1966	1	1	11.8897	
11.8698	6	46	10.9396	6	46	10.9396	6	46	0	0	0	0.199437	0.195633	0.2058	0.199464	0.1956	0.205867	0.199437	0.195633	0.2058	0.199464	0.1956	0.205867	1	1	11.8995	
12.2814	6	69	10.9526	6	46	10.9525	6	46	0	0	0	0.209417	0.204667	0.2156	0.209441	0.204633	0.215767	0.209417	0.204667	0.2156	0.209441	0.204633	0.215767	1	1	11.9072	
12.9441	6	77	10.9674	6	62	10.9673	6	62	0	0	0	0.219593	0.213967	0.227	0.219621	0.213933	0.226967	0.219593	0.213967	0.227	0.219621	0.213933	0.226967	1	1	11.9161	
14.3223	6	110	10.9848	6	62	10.9845	6	62	0	0	0	0.229599	0.224133	0.2371	0.229625	0.2241	0.237033	0.229599	0.224133	0.2371	0.229625	0.2241	0.237033	1	1	11.9275	
18.6433	6	253	11.0043	6	62	11.0033	6	62	0	0	0	0.239598	0.234233	0.247567	0.239617	0.234167	0.2475	0.239598	0.234233	0.247567	0.239617	0.234167	0.2475	1	1	11.9395	
287.133	6	6334	11.0304	6	62	11.0245	6	62	0	0	0	0.249778	0.246543	0.253614	0.248922	0.231	0.253629	0.249778	0.246543	0.253614	0.248922	0.231	0.253629	1	1	11.9558	
