9.3793	1	27	9.36985	1	27	9.37174	1	27	0	0	0	0.0100281	0.0091	0.0116333	0.0100307	0.00886667	0.0112333	0.0100281	0.0091	0.0116333	0.0100307	0.00886667	0.0112333	1	1	10.3694	
9.4246	1	31	9.40412	1	31	9.40443	1	31	0	0	0	0.0199906	0.0186333	0.0219	0.0199906	0.0182	0.0217667	0.0199906	0.0186333	0.0219	0.0199906	0.0182	0.0217667	1	1	10.4032	
9.4323	1	29	9.39923	1	29	9.39956	1	29	0	0	0	0.0301104	0.028	0.0321333	0.0301115	0.0267333	0.0319667	0.0301104	0.028	0.0321333	0.0301115	0.0267333	0.0319667	1	1	10.3973	
9.46929	1	35	9.42127	1	35	9.4219	1	35	0	0	0	0.0400328	0.0377333	0.0423667	0.0400302	0.0375333	0.0425333	0.0400328	0.0377333	0.0423667	0.0400302	0.0375333	0.0425333	1	1	10.4191	
9.53698	1	43	9.47252	1	43	9.47311	1	43	0	0	0	0.0499557	0.0471	0.0527333	0.0499536	0.0466667	0.0528667	0.0499557	0.0471	0.0527333	0.0499536	0.0466667	0.0528667	1	1	10.4691	
9.57984	1	48	9.49912	1	48	9.49951	1	48	0	0	0	0.0599922	0.0568	0.063	0.0599943	0.0570667	0.0627333	0.0599922	0.0568	0.063	0.0599943	0.0570667	0.0627333	1	1	10.4949	
9.61088	1	52	9.50811	1	52	9.50861	1	52	0	0	0	0.0699875	0.0664333	0.0737333	0.0699828	0.0670333	0.0730667	0.0699875	0.0664333	0.0737333	0.0699828	0.0670333	0.0730667	1	1	10.5029	
9.67566	1	64	9.54834	1	63	9.54908	1	63	0	0	0	0.0798594	0.0766333	0.0837	0.0798594	0.0765	0.0841667	0.0798594	0.0766333	0.0837	0.0798594	0.0765	0.0841667	1	1	10.5419	
9.73978	1	54	9.5855	1	54	9.5871	1	54	0	0	0	0.0897703	0.0866	0.0943667	0.0897745	0.0859667	0.0936	0.0897703	0.0866	0.0943667	0.0897745	0.0859667	0.0936	1	1	10.5775	
9.80517	1	67	9.6206	1	66	9.62123	1	66	0	0	0	0.099576	0.0957333	0.104833	0.0995807	0.0955333	0.1046	0.099576	0.0957333	0.104833	0.0995807	0.0955333	0.1046	1	1	10.6105	
9.90941	1	78	9.68575	1	78	9.68676	1	78	0	0	0	0.109646	0.105467	0.114533	0.109656	0.105367	0.1147	0.109646	0.105467	0.114533	0.109656	0.105367	0.1147	1	1	10.6736	
9.99504	1	94	9.72364	1	94	9.72515	1	94	0	0	0	0.119622	0.1153	0.125333	0.119632	0.1147	0.124133	0.119622	0.1153	0.125333	0.119632	0.1147	0.124133	1	1	10.7089	
10.0933	1	108	9.76585	1	107	9.76648	1	107	0	0	0	0.129458	0.1255	0.1354	0.129464	0.124067	0.134667	0.129458	0.1255	0.1354	0.129464	0.124067	0.134667	1	1	10.7487	
10.2294	1	91	9.83402	1	91	9.83583	1	91	0	0	0	0.139445	0.1351	0.1456	0.139447	0.135067	0.1442	0.139445	0.1351	0.1456	0.139447	0.135067	0.1442	1	1	10.813	
10.3754	1	104	9.8917	1	104	9.89253	1	104	0	0	0	0.149374	0.144833	0.155667	0.149372	0.143867	0.155	0.149374	0.144833	0.155667	0.149372	0.143867	0.155	1	1	10.8684	
10.5789	1	134	9.97309	1	134	9.97418	1	134	0	0	0	0.159415	0.154133	0.1657	0.159426	0.153833	0.164533	0.159415	0.154133	0.1657	0.159426	0.153833	0.164533	1	1	10.942	
10.811	1	117	10.0352	1	117	10.037	1	117	0	0	0	0.16943	0.164867	0.176233	0.169442	0.164133	0.1757	0.16943	0.164867	0.176233	0.169442	0.164133	0.1757	1	1	10.9987	
11.1502	1	130	10.1419	1	128	10.1429	1	128	0	0	0	0.179385	0.1749	0.185833	0.179399	0.174233	0.185233	0.179385	0.1749	0.185833	0.179399	0.174233	0.185233	1	1	11.0963	
11.6153	1	173	10.2313	1	168	10.2324	1	168	0	0	0	0.18944	0.185133	0.196533	0.189461	0.184467	0.1947	0.18944	0.185133	0.196533	0.189461	0.184467	0.1947	1	1	11.177	
12.7504	1	203	10.3572	1	137	10.3602	1	137	0	0	0	0.199437	0.195633	0.2058	0.19946	0.1951	0.205467	0.199437	0.195633	0.2058	0.19946	0.1951	0.205467	1	1	11.2886	
15.1797	1	310	10.4775	1	172	10.4786	1	172	0	0	0	0.209595	0.2063	0.214325	0.209606	0.206025	0.21575	0.209595	0.2063	0.214325	0.209606	0.206025	0.21575	1	1	11.3935	
492.075	1	24814	10.6299	1	174	10.6328	1	182	0	0	0	0.219811	0.217429	0.223857	0.21859	0.213714	0.222471	0.219811	0.217429	0.223857	0.21859	0.213714	0.222471	1	1	11.5258	
