6.65436	1	22	6.65275	1	22	6.65272	1	22	0	0	0	0.0100281	0.0091	0.0116333	0.0100297	0.00876667	0.0116333	0.0100281	0.0091	0.0116333	0.0100297	0.00876667	0.0116333	1	1	7.6527	
6.59588	1	22	6.59207	1	22	6.59318	1	22	0	0	0	0.0199906	0.0186333	0.0219	0.0199906	0.0173667	0.0224667	0.0199906	0.0186333	0.0219	0.0199906	0.0173667	0.0224667	1	1	7.59189	
6.59574	1	22	6.59055	1	22	6.59082	1	22	0	0	0	0.0301104	0.028	0.0321333	0.0301115	0.0275333	0.0326	0.0301104	0.028	0.0321333	0.0301115	0.0275333	0.0326	1	1	7.59036	
6.60568	1	22	6.59823	1	22	6.5994	1	22	0	0	0	0.0400328	0.0377333	0.0423667	0.0400359	0.0356333	0.0426667	0.0400328	0.0377333	0.0423667	0.0400359	0.0356333	0.0426667	1	1	7.59795	
6.57354	1	26	6.5638	1	26	6.56413	1	26	0	0	0	0.0499557	0.0471	0.0527333	0.0499563	0.0466	0.0523667	0.0499557	0.0471	0.0527333	0.0499563	0.0466	0.0523667	1	1	7.56334	
6.56847	1	24	6.55696	1	24	6.55766	1	24	0	0	0	0.0599922	0.0568	0.063	0.0599922	0.0562333	0.0626667	0.0599922	0.0568	0.063	0.0599922	0.0562333	0.0626667	1	1	7.55647	
6.54764	1	26	6.53417	1	26	6.53483	1	26	0	0	0	0.0699875	0.0664333	0.0737333	0.069987	0.0672667	0.0732	0.0699875	0.0664333	0.0737333	0.069987	0.0672667	0.0732	1	1	7.53349	
6.55195	1	26	6.53571	1	26	6.5367	1	26	0	0	0	0.0798594	0.0766333	0.0837	0.0798635	0.0756	0.0847	0.0798594	0.0766333	0.0837	0.0798635	0.0756	0.0847	1	1	7.53489	
6.52767	1	24	6.50836	1	24	6.50861	1	24	0	0	0	0.0897703	0.0866	0.0943667	0.0897745	0.0850667	0.0933	0.0897703	0.0866	0.0943667	0.0897745	0.0850667	0.0933	1	1	7.50762	
6.50741	1	26	6.48641	1	26	6.48674	1	26	0	0	0	0.099576	0.0957333	0.104833	0.0995802	0.0958	0.103333	0.099576	0.0957333	0.104833	0.0995802	0.0958	0.103333	1	1	7.48556	
6.48785	1	26	6.46331	1	26	6.46365	1	26	0	0	0	0.109646	0.105467	0.114533	0.109644	0.103667	0.1159	0.109646	0.105467	0.114533	0.109644	0.103667	0.1159	1	1	7.46236	
6.5054	1	28	6.47861	1	28	6.47932	1	28	0	0	0	0.119622	0.1153	0.125333	0.119629	0.114567	0.124867	0.119622	0.1153	0.125333	0.119629	0.114567	0.124867	1	1	7.47755	
6.49788	1	27	6.46762	1	27	6.46847	1	27	0	0	0	0.129458	0.1255	0.1354	0.129461	0.125033	0.1336	0.129458	0.1255	0.1354	0.129461	0.125033	0.1336	1	1	7.46638	
6.47788	1	27	6.44319	1	27	6.44408	1	27	0	0	0	0.139445	0.1351	0.1456	0.139447	0.1346	0.1434	0.139445	0.1351	0.1456	0.139447	0.1346	0.1434	1	1	7.44188	
6.48256	1	28	6.44438	1	28	6.44461	1	28	0	0	0	0.149374	0.144833	0.155667	0.149373	0.144033	0.1538	0.149374	0.144833	0.155667	0.149373	0.144033	0.1538	1	1	7.44287	
6.48732	1	28	6.44459	1	28	6.44522	1	28	0	0	0	0.159415	0.154133	0.1657	0.159414	0.1518	0.164433	0.159415	0.154133	0.1657	0.159414	0.1518	0.164433	1	1	7.44302	
6.48188	1	28	6.4347	1	28	6.43493	1	28	0	0	0	0.16943	0.164867	0.176233	0.169429	0.1641	0.174533	0.16943	0.164867	0.176233	0.169429	0.1641	0.174533	1	1	7.43298	
6.49121	1	36	6.4399	1	36	6.4403	1	36	0	0	0	0.179385	0.1749	0.185833	0.179386	0.1746	0.185733	0.179385	0.1749	0.185833	0.179386	0.1746	0.185733	1	1	7.43811	
6.47675	1	28	6.42079	1	27	6.42114	1	27	0	0	0	0.18944	0.185133	0.196533	0.189436	0.183467	0.199333	0.18944	0.185133	0.196533	0.189436	0.183467	0.199333	1	1	7.41887	
6.49474	1	27	6.43294	1	27	6.43348	1	27	0	0	0	0.199437	0.195633	0.2058	0.199441	0.194233	0.204433	0.199437	0.195633	0.2058	0.199441	0.194233	0.204433	1	1	7.43099	
6.4964	1	28	6.42948	1	27	6.42993	1	27	0	0	0	0.209417	0.204667	0.2156	0.209423	0.204033	0.2154	0.209417	0.204667	0.2156	0.209423	0.204033	0.2154	1	1	7.42734	
6.49607	1	29	6.4233	1	29	6.42388	1	29	0	0	0	0.219593	0.213967	0.227	0.219607	0.2134	0.2253	0.219593	0.213967	0.227	0.219607	0.2134	0.2253	1	1	7.42101	
6.50363	1	29	6.42179	1	29	6.42217	1	29	0	0	0	0.229599	0.224133	0.2371	0.229611	0.224067	0.2342	0.229599	0.224133	0.2371	0.229611	0.224067	0.2342	1	1	7.41942	
6.50816	1	29	6.4213	1	28	6.42139	1	28	0	0	0	0.239598	0.234233	0.247567	0.239608	0.231867	0.246033	0.239598	0.234233	0.247567	0.239608	0.231867	0.246033	1	1	7.41884	
6.52036	1	34	6.42659	1	34	6.42721	1	34	0	0	0	0.249678	0.244133	0.2562	0.249682	0.243767	0.258967	0.249678	0.244133	0.2562	0.249682	0.243767	0.258967	1	1	7.42399	
6.52644	1	30	6.42299	1	28	6.42362	1	28	0	0	0	0.25964	0.254933	0.266767	0.259654	0.2519	0.266967	0.25964	0.254933	0.266767	0.259654	0.2519	0.266967	1	1	7.42022	
6.54124	1	30	6.42915	1	30	6.42994	1	30	0	0	0	0.269697	0.264233	0.277733	0.26971	0.2628	0.278	0.269697	0.264233	0.277733	0.26971	0.2628	0.278	1	1	7.42615	
6.55564	1	29	6.43558	1	28	6.43591	1	28	0	0	0	0.279699	0.274867	0.288033	0.279709	0.270733	0.287833	0.279699	0.274867	0.288033	0.279709	0.270733	0.287833	1	1	7.43258	
6.56534	1	30	6.43488	1	30	6.43537	1	30	0	0	0	0.28966	0.284867	0.2982	0.289666	0.2836	0.296267	0.28966	0.284867	0.2982	0.289666	0.2836	0.296267	1	1	7.43156	
6.59497	1	35	6.45357	1	30	6.45416	1	30	0	0	0	0.299654	0.295033	0.308233	0.299665	0.289667	0.308	0.299654	0.295033	0.308233	0.299665	0.289667	0.308	1	1	7.45018	
6.60553	1	32	6.44854	1	31	6.44913	1	31	0	0	0	0.309671	0.304933	0.3169	0.30969	0.302533	0.319667	0.309671	0.304933	0.3169	0.30969	0.302533	0.319667	1	1	7.44479	
6.61595	1	35	6.4483	1	34	6.44875	1	34	0	0	0	0.319631	0.3153	0.326167	0.319648	0.312333	0.327233	0.319631	0.3153	0.326167	0.319648	0.312333	0.327233	1	1	7.44463	
6.6404	1	36	6.45633	1	35	6.45676	1	35	0	0	0	0.329571	0.3241	0.337333	0.329587	0.321433	0.3351	0.329571	0.3241	0.337333	0.329587	0.321433	0.3351	1	1	7.4525	
6.66077	1	41	6.46332	1	35	6.46375	1	35	0	0	0	0.339564	0.3346	0.347433	0.339583	0.330267	0.346833	0.339564	0.3346	0.347433	0.339583	0.330267	0.346833	1	1	7.45942	
6.67665	1	35	6.46623	1	30	6.46677	1	30	0	0	0	0.349566	0.344133	0.357067	0.349581	0.340867	0.359133	0.349566	0.344133	0.357067	0.349581	0.340867	0.359133	1	1	7.46218	
6.71236	1	43	6.48563	1	30	6.486	1	30	0	0	0	0.359429	0.354833	0.367267	0.359443	0.3523	0.3677	0.359429	0.354833	0.367267	0.359443	0.3523	0.3677	1	1	7.4812	
6.74051	1	38	6.49476	1	31	6.49534	1	31	0	0	0	0.3694	0.364933	0.376433	0.369411	0.3627	0.378133	0.3694	0.364933	0.376433	0.369411	0.3627	0.378133	1	1	7.49003	
6.77914	1	47	6.51194	1	36	6.51243	1	36	0	0	0	0.379397	0.374667	0.386133	0.379408	0.371933	0.387233	0.379397	0.374667	0.386133	0.379408	0.371933	0.387233	1	1	7.50721	
6.79659	1	50	6.51093	1	32	6.51153	1	32	0	0	0	0.389336	0.385	0.396833	0.389336	0.379633	0.399733	0.389336	0.385	0.396833	0.389336	0.379633	0.399733	1	1	7.50617	
6.85641	1	44	6.52838	1	37	6.5288	1	37	0	0	0	0.399407	0.3947	0.406133	0.399406	0.3902	0.4068	0.399407	0.3947	0.406133	0.399406	0.3902	0.4068	1	1	7.52331	
6.87834	1	39	6.53299	1	34	6.53355	1	34	0	0	0	0.409368	0.404433	0.417533	0.40938	0.400733	0.417833	0.409368	0.404433	0.417533	0.40938	0.400733	0.417833	1	1	7.52794	
6.92426	1	47	6.54725	1	36	6.54786	1	36	0	0	0	0.419344	0.414333	0.427767	0.419349	0.409	0.4284	0.419344	0.414333	0.427767	0.419349	0.409	0.4284	1	1	7.54162	
6.9676	1	50	6.56304	1	34	6.56359	1	34	0	0	0	0.429437	0.424767	0.437267	0.429446	0.4187	0.437967	0.429437	0.424767	0.437267	0.429446	0.4187	0.437967	1	1	7.55716	
7.03175	1	50	6.5771	1	36	6.57771	1	36	0	0	0	0.439369	0.4349	0.4471	0.439373	0.429167	0.445933	0.439369	0.4349	0.4471	0.439373	0.429167	0.445933	1	1	7.57108	
7.08024	1	44	6.59421	1	41	6.59481	1	41	0	0	0	0.449298	0.4449	0.457067	0.449309	0.440667	0.458867	0.449298	0.4449	0.457067	0.449309	0.440667	0.458867	1	1	7.58792	
7.14018	1	52	6.6021	1	39	6.60255	1	39	0	0	0	0.459259	0.454867	0.466233	0.459257	0.449833	0.469667	0.459259	0.454867	0.466233	0.459257	0.449833	0.469667	1	1	7.59566	
7.21338	1	49	6.6217	1	38	6.62227	1	38	0	0	0	0.469333	0.464967	0.4767	0.469341	0.4629	0.476767	0.469333	0.464967	0.4767	0.469341	0.4629	0.476767	1	1	7.61493	
7.30255	1	54	6.64162	1	42	6.64213	1	42	0	0	0	0.47926	0.4743	0.486633	0.479263	0.470933	0.488933	0.47926	0.4743	0.486633	0.479263	0.470933	0.488933	1	1	7.63483	
7.39159	1	63	6.66041	1	36	6.66102	1	36	0	0	0	0.489254	0.484	0.496567	0.489273	0.479233	0.496233	0.489254	0.484	0.496567	0.489273	0.479233	0.496233	1	1	7.65326	
7.45659	1	61	6.67703	1	38	6.67744	1	38	0	0	0	0.499178	0.494167	0.5056	0.499195	0.490933	0.510567	0.499178	0.494167	0.5056	0.499195	0.490933	0.510567	1	1	7.66932	
7.5851	1	62	6.6962	1	40	6.6966	1	40	0	0	0	0.509155	0.504	0.515533	0.509172	0.499967	0.519367	0.509155	0.504	0.515533	0.509172	0.499967	0.519367	1	1	7.68843	
7.68765	1	62	6.70646	1	36	6.70701	1	36	0	0	0	0.519157	0.513767	0.525233	0.519169	0.506833	0.527967	0.519157	0.513767	0.525233	0.519169	0.506833	0.527967	1	1	7.69833	
7.84032	1	75	6.72968	1	43	6.7305	1	43	0	0	0	0.529081	0.523233	0.535033	0.529112	0.520367	0.536067	0.529081	0.523233	0.535033	0.529112	0.520367	0.536067	1	1	7.72122	
7.9704	1	83	6.75271	1	41	6.75306	1	41	0	0	0	0.53911	0.533633	0.545067	0.539123	0.5267	0.5498	0.53911	0.533633	0.545067	0.539123	0.5267	0.5498	1	1	7.74368	
8.1677	1	111	6.77792	1	47	6.77846	1	47	0	0	0	0.549167	0.543233	0.554667	0.549183	0.540033	0.5575	0.549167	0.543233	0.554667	0.549183	0.540033	0.5575	1	1	7.76868	
8.25418	1	76	6.78658	1	46	6.78675	1	46	0	0	0	0.559163	0.5524	0.564933	0.559159	0.548067	0.568267	0.559163	0.5524	0.564933	0.559159	0.548067	0.568267	1	1	7.77686	
8.50935	1	91	6.81597	1	43	6.81671	1	43	0	0	0	0.56921	0.562533	0.574867	0.569216	0.559167	0.5797	0.56921	0.562533	0.574867	0.569216	0.559167	0.5797	1	1	7.80617	
8.87696	1	89	6.842	1	47	6.84235	1	47	0	0	0	0.579327	0.572933	0.585067	0.579317	0.570067	0.589733	0.579327	0.572933	0.585067	0.579317	0.570067	0.589733	1	1	7.83134	
9.31133	1	165	6.86259	1	43	6.863	1	43	0	0	0	0.589414	0.5829	0.594567	0.589376	0.578367	0.598133	0.589414	0.5829	0.594567	0.589376	0.578367	0.598133	1	1	7.85191	
9.90694	1	135	6.88321	1	43	6.88351	1	43	0	0	0	0.599383	0.593533	0.6047	0.599394	0.587933	0.611867	0.599383	0.593533	0.6047	0.599394	0.587933	0.611867	1	1	7.87214	
10.4225	1	144	6.91653	1	50	6.91683	1	50	0	0	0	0.609403	0.6042	0.614867	0.609392	0.598633	0.619833	0.609403	0.6042	0.614867	0.609392	0.598633	0.619833	1	1	7.90495	
12.0188	1	162	6.94663	1	49	6.94725	1	49	0	0	0	0.619465	0.614633	0.624767	0.619442	0.6063	0.6278	0.619465	0.614633	0.624767	0.619442	0.6063	0.6278	1	1	7.93422	
14.528	1	309	6.966	1	52	6.96645	1	52	0	0	0	0.629608	0.62586	0.6348	0.629622	0.6208	0.63654	0.629608	0.62586	0.6348	0.629622	0.6208	0.63654	1	1	7.95331	
25.6056	1	790	6.99374	1	71	6.99403	1	71	0	0	0	0.63947	0.634433	0.644017	0.639368	0.630433	0.645133	0.63947	0.634433	0.644017	0.639368	0.630433	0.645133	1	1	7.98071	
80.3976	1	2708	7.01796	1	61	7.01844	1	61	0	0	0	0.649577	0.645814	0.6551	0.648995	0.642414	0.656586	0.649577	0.645814	0.6551	0.648995	0.642414	0.656586	1	1	8.00424	
255.992	1	5435	7.03927	1	64	7.04002	1	64	0	0	0	0.659579	0.655329	0.664843	0.657259	0.651371	0.663943	0.659579	0.655329	0.664843	0.657259	0.651371	0.663943	1	1	8.02507	
