9.15612	1	22	9.15571	1	22	9.15762	1	22	0	0	0	0.0100281	0.0091	0.0116333	0.0100307	0.00883333	0.0111333	0.0100281	0.0091	0.0116333	0.0100307	0.00883333	0.0111333	1	1	10.1547	
9.13652	1	27	9.13577	1	27	9.13555	1	27	0	0	0	0.0199906	0.0186333	0.0219	0.0199906	0.018	0.0219667	0.0199906	0.0186333	0.0219	0.0199906	0.018	0.0219667	1	1	10.1334	
9.14312	1	25	9.14196	1	25	9.14346	1	25	0	0	0	0.0301104	0.028	0.0321333	0.0301135	0.0284	0.033	0.0301104	0.028	0.0321333	0.0301135	0.0284	0.033	1	1	10.1386	
9.12319	1	26	9.12119	1	26	9.12184	1	26	0	0	0	0.0400328	0.0377333	0.0423667	0.0400328	0.0368667	0.0427667	0.0400328	0.0377333	0.0423667	0.0400328	0.0368667	0.0427667	1	1	10.1165	
9.14451	1	27	9.14145	1	27	9.14209	1	27	0	0	0	0.0499557	0.0471	0.0527333	0.0499568	0.0470333	0.0537333	0.0499557	0.0471	0.0527333	0.0499568	0.0470333	0.0537333	1	1	10.1357	
9.15056	1	29	9.14622	1	29	9.14656	1	29	0	0	0	0.0599922	0.0568	0.063	0.0599948	0.0559667	0.0633	0.0599922	0.0568	0.063	0.0599948	0.0559667	0.0633	1	1	10.1389	
9.1465	1	28	9.14121	1	28	9.14187	1	28	0	0	0	0.0699875	0.0664333	0.0737333	0.069988	0.0662667	0.074	0.0699875	0.0664333	0.0737333	0.069988	0.0662667	0.074	1	1	10.1331	
9.14542	1	29	9.13809	1	29	9.1389	1	29	0	0	0	0.0798594	0.0766333	0.0837	0.0798599	0.0767	0.0834333	0.0798594	0.0766333	0.0837	0.0798599	0.0767	0.0834333	1	1	10.1275	
9.17364	1	33	9.16501	1	33	9.16603	1	33	0	0	0	0.0897703	0.0866	0.0943667	0.0897703	0.0843333	0.0939	0.0897703	0.0866	0.0943667	0.0897703	0.0843333	0.0939	1	1	10.154	
9.1879	1	33	9.17652	1	33	9.17734	1	33	0	0	0	0.099576	0.0957333	0.104833	0.0995802	0.0957	0.103367	0.099576	0.0957333	0.104833	0.0995802	0.0957	0.103367	1	1	10.1638	
9.17076	1	29	9.15709	1	29	9.15829	1	29	0	0	0	0.109646	0.105467	0.114533	0.109651	0.104533	0.113567	0.109646	0.105467	0.114533	0.109651	0.104533	0.113567	1	1	10.1429	
9.18242	1	28	9.16683	1	28	9.16767	1	28	0	0	0	0.119622	0.1153	0.125333	0.119626	0.115267	0.123433	0.119622	0.1153	0.125333	0.119626	0.115267	0.123433	1	1	10.1514	
9.19187	1	31	9.17324	1	31	9.1742	1	31	0	0	0	0.129458	0.1255	0.1354	0.129456	0.1261	0.134833	0.129458	0.1255	0.1354	0.129456	0.1261	0.134833	1	1	10.1552	
9.20849	1	36	9.18695	1	36	9.18774	1	36	0	0	0	0.139445	0.1351	0.1456	0.139447	0.1348	0.143967	0.139445	0.1351	0.1456	0.139447	0.1348	0.143967	1	1	10.1681	
9.23206	1	36	9.20737	1	36	9.20754	1	36	0	0	0	0.149374	0.144833	0.155667	0.149376	0.144733	0.1536	0.149374	0.144833	0.155667	0.149376	0.144733	0.1536	1	1	10.1859	
9.23488	1	35	9.20663	1	35	9.2073	1	35	0	0	0	0.159415	0.154133	0.1657	0.159415	0.153833	0.1645	0.159415	0.154133	0.1657	0.159415	0.153833	0.1645	1	1	10.1831	
9.25714	1	35	9.22423	1	35	9.22583	1	35	0	0	0	0.16943	0.164867	0.176233	0.169438	0.164833	0.1745	0.16943	0.164867	0.176233	0.169438	0.164833	0.1745	1	1	10.1994	
9.24962	1	36	9.21261	1	36	9.21312	1	36	0	0	0	0.179385	0.1749	0.185833	0.179387	0.173233	0.185033	0.179385	0.1749	0.185833	0.179387	0.173233	0.185033	1	1	10.1856	
9.28141	1	39	9.23874	1	39	9.2389	1	39	0	0	0	0.18944	0.185133	0.196533	0.189449	0.184567	0.1947	0.18944	0.185133	0.196533	0.189449	0.184567	0.1947	1	1	10.2094	
9.28842	1	42	9.24145	1	42	9.24213	1	42	0	0	0	0.199437	0.195633	0.2058	0.199449	0.193433	0.2046	0.199437	0.195633	0.2058	0.199449	0.193433	0.2046	1	1	10.2097	
9.31453	1	40	9.26011	1	40	9.26095	1	40	0	0	0	0.209417	0.204667	0.2156	0.209433	0.203	0.2157	0.209417	0.204667	0.2156	0.209433	0.203	0.2157	1	1	10.2249	
9.33982	1	36	9.27885	1	36	9.27939	1	36	0	0	0	0.219593	0.213967	0.227	0.219609	0.212867	0.2264	0.219593	0.213967	0.227	0.219609	0.212867	0.2264	1	1	10.2416	
9.36066	1	43	9.29207	1	43	9.29267	1	43	0	0	0	0.229599	0.224133	0.2371	0.229609	0.221567	0.234867	0.229599	0.224133	0.2371	0.229609	0.221567	0.234867	1	1	10.252	
9.3721	1	45	9.29459	1	45	9.29536	1	45	0	0	0	0.239598	0.234233	0.247567	0.239614	0.232533	0.247167	0.239598	0.234233	0.247567	0.239614	0.232533	0.247167	1	1	10.2514	
9.41261	1	52	9.3262	1	52	9.32664	1	52	0	0	0	0.249678	0.244133	0.2562	0.249683	0.243	0.258333	0.249678	0.244133	0.2562	0.249683	0.243	0.258333	1	1	10.2795	
9.4416	1	48	9.34426	1	48	9.34484	1	48	0	0	0	0.25964	0.254933	0.266767	0.259652	0.2525	0.265733	0.25964	0.254933	0.266767	0.259652	0.2525	0.265733	1	1	10.2945	
9.45199	1	50	9.34384	1	50	9.34447	1	50	0	0	0	0.269697	0.264233	0.277733	0.269712	0.261133	0.275433	0.269697	0.264233	0.277733	0.269712	0.261133	0.275433	1	1	10.2915	
9.48611	1	58	9.36484	1	58	9.36594	1	58	0	0	0	0.279699	0.274867	0.288033	0.279717	0.2718	0.287233	0.279699	0.274867	0.288033	0.279717	0.2718	0.287233	1	1	10.3066	
9.52179	1	58	9.38521	1	58	9.38612	1	58	0	0	0	0.28966	0.284867	0.2982	0.289677	0.2811	0.295633	0.28966	0.284867	0.2982	0.289677	0.2811	0.295633	1	1	10.3234	
9.55405	1	52	9.40144	1	52	9.40212	1	52	0	0	0	0.299654	0.295033	0.308233	0.299675	0.292	0.3073	0.299654	0.295033	0.308233	0.299675	0.292	0.3073	1	1	10.336	
9.60441	1	64	9.43243	1	64	9.43304	1	64	0	0	0	0.309671	0.304933	0.3169	0.309689	0.301667	0.317433	0.309671	0.304933	0.3169	0.309689	0.301667	0.317433	1	1	10.3609	
9.64625	1	59	9.45213	1	59	9.45324	1	59	0	0	0	0.319631	0.3153	0.326167	0.319649	0.3128	0.330167	0.319631	0.3153	0.326167	0.319649	0.3128	0.330167	1	1	10.3753	
9.69832	1	78	9.47901	1	76	9.47948	1	76	0	0	0	0.329571	0.3241	0.337333	0.329585	0.3226	0.3408	0.329571	0.3241	0.337333	0.329585	0.3226	0.3408	1	1	10.3962	
9.74687	1	61	9.50031	1	61	9.50113	1	61	0	0	0	0.339564	0.3346	0.347433	0.33958	0.333133	0.347033	0.339564	0.3346	0.347433	0.33958	0.333133	0.347033	1	1	10.4113	
9.80436	1	65	9.52251	1	65	9.52347	1	65	0	0	0	0.349566	0.344133	0.357067	0.349592	0.340967	0.357233	0.349566	0.344133	0.357067	0.349592	0.340967	0.357233	1	1	10.4275	
9.88464	1	68	9.55792	1	68	9.55867	1	68	0	0	0	0.359429	0.354833	0.367267	0.359444	0.355333	0.370033	0.359429	0.354833	0.367267	0.359444	0.355333	0.370033	1	1	10.4549	
9.96274	1	87	9.58587	1	87	9.58635	1	87	0	0	0	0.3694	0.364933	0.376433	0.36941	0.3625	0.376767	0.3694	0.364933	0.376433	0.36941	0.3625	0.376767	1	1	10.4752	
10.0662	1	81	9.627	1	81	9.62813	1	81	0	0	0	0.379397	0.374667	0.386133	0.379409	0.372133	0.387833	0.379397	0.374667	0.386133	0.379409	0.372133	0.387833	1	1	10.5045	
10.1815	1	75	9.66216	1	74	9.66332	1	74	0	0	0	0.389336	0.385	0.396833	0.389343	0.3793	0.3972	0.389336	0.385	0.396833	0.389343	0.3793	0.3972	1	1	10.5313	
10.3408	1	122	9.69968	1	90	9.70013	1	90	0	0	0	0.399407	0.3947	0.406133	0.399417	0.390633	0.4094	0.399407	0.3947	0.406133	0.399417	0.390633	0.4094	1	1	10.5548	
10.5315	1	111	9.73664	1	83	9.73803	1	83	0	0	0	0.409368	0.404433	0.417533	0.409367	0.401633	0.4183	0.409368	0.404433	0.417533	0.409367	0.401633	0.4183	1	1	10.5794	
10.8559	1	139	9.7819	1	90	9.78286	1	90	0	0	0	0.419344	0.414333	0.427767	0.419364	0.4102	0.4276	0.419344	0.414333	0.427767	0.419364	0.4102	0.4276	1	1	10.6085	
11.4209	1	185	9.82606	1	90	9.82725	1	90	0	0	0	0.429437	0.424767	0.437267	0.429459	0.422433	0.436233	0.429437	0.424767	0.437267	0.429459	0.422433	0.436233	1	1	10.6402	
13.5876	1	406	9.88492	1	84	9.88529	1	84	0	0	0	0.439369	0.4349	0.4471	0.439401	0.4317	0.449633	0.439369	0.4349	0.4471	0.439401	0.4317	0.449633	1	1	10.6772	
154.319	1	8405	9.93049	1	100	9.93071	1	100	0	0	0	0.449467	0.445	0.454286	0.448533	0.442857	0.454414	0.449467	0.445	0.454286	0.448533	0.442857	0.454414	1	1	10.7043	
406.549	1	19948	9.98576	1	127	9.98702	1	127	0	0	0	0.459471	0.455229	0.464529	0.457194	0.451586	0.462514	0.459471	0.455229	0.464529	0.457194	0.451586	0.462514	1	1	10.7329	
