10.8089	8	15	10.8089	8	15	10.8088	8	15	0	0	0	0.0100281	0.0091	0.0116333	0.0100318	0.0091	0.0117	0.0100281	0.0091	0.0116333	0.0100318	0.0091	0.0117	1	1	11.8076	
10.8169	8	15	10.8168	8	15	10.8169	8	15	0	0	0	0.0199906	0.0186333	0.0219	0.0199922	0.0186333	0.0219	0.0199906	0.0186333	0.0219	0.0199922	0.0186333	0.0219	1	1	11.8145	
10.8239	8	18	10.8236	8	18	10.8237	8	18	0	0	0	0.0301104	0.028	0.0321333	0.030113	0.028	0.0321333	0.0301104	0.028	0.0321333	0.030113	0.028	0.0321333	1	1	11.8205	
10.8221	8	18	10.8214	8	18	10.8216	8	18	0	0	0	0.0400328	0.0377333	0.0423667	0.0400365	0.0377333	0.0423667	0.0400328	0.0377333	0.0423667	0.0400365	0.0377333	0.0423667	1	1	11.8172	
10.8261	8	18	10.8248	8	18	10.8251	8	18	0	0	0	0.0499557	0.0471	0.0527333	0.0499583	0.0471333	0.0528	0.0499557	0.0471	0.0527333	0.0499583	0.0471333	0.0528	1	1	11.8194	
10.8217	8	19	10.8192	8	19	10.8196	8	19	0	0	0	0.0599922	0.0568	0.063	0.0599953	0.0568	0.063	0.0599922	0.0568	0.063	0.0599953	0.0568	0.063	1	1	11.8127	
10.8235	8	19	10.8198	8	19	10.8201	8	19	0	0	0	0.0699875	0.0664333	0.0737333	0.0699875	0.0664333	0.0737333	0.0699875	0.0664333	0.0737333	0.0699875	0.0664333	0.0737333	1	1	11.8118	
10.826	8	19	10.8206	8	19	10.8208	8	19	0	0	0	0.0798594	0.0766333	0.0837	0.0798625	0.0765	0.0837333	0.0798594	0.0766333	0.0837	0.0798625	0.0765	0.0837333	1	1	11.8112	
10.8319	8	19	10.8243	8	19	10.8246	8	19	0	0	0	0.0897703	0.0866	0.0943667	0.0897781	0.0866	0.0944333	0.0897703	0.0866	0.0943667	0.0897781	0.0866	0.0944333	1	1	11.8132	
10.8347	8	19	10.8249	8	19	10.825	8	19	0	0	0	0.099576	0.0957333	0.104833	0.0995854	0.0957333	0.1049	0.099576	0.0957333	0.104833	0.0995854	0.0957333	0.1049	1	1	11.812	
10.8417	8	19	10.8287	8	19	10.8289	8	19	0	0	0	0.109646	0.105467	0.114533	0.109657	0.105467	0.1146	0.109646	0.105467	0.114533	0.109657	0.105467	0.1146	1	1	11.814	
10.8485	8	19	10.8315	8	19	10.8317	8	19	0	0	0	0.119622	0.1153	0.125333	0.119633	0.1153	0.1254	0.119622	0.1153	0.125333	0.119633	0.1153	0.1254	1	1	11.8146	
10.8583	8	19	10.8368	8	19	10.837	8	19	0	0	0	0.129458	0.1255	0.1354	0.129468	0.1255	0.135467	0.129458	0.1255	0.1354	0.129468	0.1255	0.135467	1	1	11.8178	
10.8675	8	19	10.8407	8	19	10.8408	8	19	0	0	0	0.139445	0.1351	0.1456	0.139452	0.134967	0.145667	0.139445	0.1351	0.1456	0.139452	0.134967	0.145667	1	1	11.8197	
10.8746	8	19	10.8421	8	19	10.8422	8	19	0	0	0	0.149374	0.144833	0.155667	0.149383	0.1447	0.155733	0.149374	0.144833	0.155667	0.149383	0.1447	0.155733	1	1	11.819	
10.8831	8	28	10.8436	8	28	10.8437	8	28	0	0	0	0.159415	0.154133	0.1657	0.159424	0.154	0.165767	0.159415	0.154133	0.1657	0.159424	0.154	0.165767	1	1	11.8179	
10.8927	8	28	10.8446	8	28	10.8448	8	28	0	0	0	0.16943	0.164867	0.176233	0.169443	0.164733	0.1763	0.16943	0.164867	0.176233	0.169443	0.164733	0.1763	1	1	11.8166	
10.9053	8	30	10.8474	8	30	10.8475	8	30	0	0	0	0.179385	0.1749	0.185833	0.1794	0.174933	0.1859	0.179385	0.1749	0.185833	0.1794	0.174933	0.1859	1	1	11.8167	
10.9196	8	30	10.8508	8	30	10.8509	8	30	0	0	0	0.18944	0.185133	0.196533	0.189452	0.1851	0.1966	0.18944	0.185133	0.196533	0.189452	0.1851	0.1966	1	1	11.8176	
10.9371	8	30	10.855	8	30	10.8552	8	30	0	0	0	0.199437	0.195633	0.2058	0.199454	0.1956	0.205867	0.199437	0.195633	0.2058	0.199454	0.1956	0.205867	1	1	11.8188	
10.9565	8	30	10.8587	8	30	10.8588	8	30	0	0	0	0.209417	0.204667	0.2156	0.209436	0.204633	0.2157	0.209417	0.204667	0.2156	0.209436	0.204633	0.2157	1	1	11.8194	
10.9796	8	30	10.863	8	30	10.8632	8	30	0	0	0	0.219593	0.213967	0.227	0.219617	0.213933	0.226967	0.219593	0.213967	0.227	0.219617	0.213933	0.226967	1	1	11.8201	
11.0067	8	30	10.868	8	30	10.8681	8	30	0	0	0	0.229599	0.224133	0.2371	0.229622	0.2241	0.237033	0.229599	0.224133	0.2371	0.229622	0.2241	0.237033	1	1	11.8215	
11.0403	8	30	10.8741	8	30	10.8742	8	30	0	0	0	0.239598	0.234233	0.247567	0.239621	0.2342	0.2475	0.239598	0.234233	0.247567	0.239621	0.2342	0.2475	1	1	11.8228	
11.0775	8	30	10.8806	8	30	10.8808	8	30	0	0	0	0.249678	0.244133	0.2562	0.249701	0.2441	0.256133	0.249678	0.244133	0.2562	0.249701	0.2441	0.256133	1	1	11.8251	
11.1227	8	34	10.8878	8	34	10.8879	8	34	0	0	0	0.25964	0.254933	0.266767	0.259664	0.2549	0.2668	0.25964	0.254933	0.266767	0.259664	0.2549	0.2668	1	1	11.827	
11.1774	8	34	10.8949	8	34	10.8951	8	34	0	0	0	0.269697	0.264233	0.277733	0.269724	0.264167	0.277667	0.269697	0.264233	0.277733	0.269724	0.264167	0.277667	1	1	11.8286	
11.2437	8	34	10.9037	8	34	10.9039	8	34	0	0	0	0.279699	0.274867	0.288033	0.279728	0.2748	0.287967	0.279699	0.274867	0.288033	0.279728	0.2748	0.287967	1	1	11.8316	
11.3286	8	32	10.9134	8	30	10.9136	8	30	0	0	0	0.28966	0.284867	0.2982	0.289686	0.284833	0.298133	0.28966	0.284867	0.2982	0.289686	0.284833	0.298133	1	1	11.8346	
11.4394	8	37	10.923	8	32	10.9231	8	32	0	0	0	0.299654	0.295033	0.308233	0.299682	0.295	0.308167	0.299654	0.295033	0.308233	0.299682	0.295	0.308167	1	1	11.8374	
11.5844	8	39	10.9326	8	34	10.9327	8	34	0	0	0	0.309671	0.304933	0.3169	0.309701	0.3049	0.3168	0.309671	0.304933	0.3169	0.309701	0.3049	0.3168	1	1	11.8399	
11.7946	6	53	10.9421	6	34	10.9422	6	34	0	0	0	0.319631	0.3153	0.326167	0.319659	0.315267	0.326067	0.319631	0.3153	0.326167	0.319659	0.315267	0.326067	1	1	11.8414	
12.0896	6	49	10.9577	6	34	10.9578	6	34	0	0	0	0.329571	0.3241	0.337333	0.329599	0.324067	0.337233	0.329571	0.3241	0.337333	0.329599	0.324067	0.337233	1	1	11.8458	
12.5983	6	86	10.9724	6	34	10.9724	6	34	0	0	0	0.339564	0.3346	0.347433	0.339593	0.334567	0.347333	0.339564	0.3346	0.347433	0.339593	0.334567	0.347333	1	1	11.8495	
13.6524	6	136	10.9852	6	34	10.9852	6	34	0	0	0	0.349566	0.344133	0.357067	0.349591	0.344133	0.356967	0.349566	0.344133	0.357067	0.349591	0.344133	0.356967	1	1	11.8527	
16.7661	6	218	11.003	6	34	11.0025	6	34	0	0	0	0.359429	0.354833	0.367267	0.359435	0.3548	0.3672	0.359429	0.354833	0.367267	0.359435	0.3548	0.3672	1	1	11.8569	
180.797	6	7770	11.0311	6	39	11.0309	6	39	0	0	0	0.369597	0.366443	0.373743	0.368834	0.341186	0.373714	0.369597	0.366443	0.373743	0.368834	0.341186	0.373714	1	1	11.8621	
670.433	6	13110	11.0539	6	39	11.0466	6	39	0	0	0	0.379615	0.376286	0.383386	0.37611	0.333729	0.383486	0.379615	0.376286	0.383386	0.37611	0.333729	0.383486	1	1	11.8661	
