9.15607	1	22	9.15581	1	22	9.15773	1	22	0	0	0	0.0100281	0.0091	0.0116333	0.0100307	0.00883333	0.0111333	0.0100281	0.0091	0.0116333	0.0100307	0.00883333	0.0111333	1	1	10.1548	
9.13506	1	27	9.13472	1	27	9.13451	1	27	0	0	0	0.0199906	0.0186333	0.0219	0.0199906	0.018	0.0219667	0.0199906	0.0186333	0.0219	0.0199906	0.018	0.0219667	1	1	10.1324	
9.14158	1	28	9.14118	1	28	9.14275	1	28	0	0	0	0.0301104	0.028	0.0321333	0.0301135	0.0284	0.033	0.0301104	0.028	0.0321333	0.0301135	0.0284	0.033	1	1	10.1377	
9.12024	1	26	9.1196	1	26	9.12026	1	26	0	0	0	0.0400328	0.0377333	0.0423667	0.0400328	0.0368667	0.0427667	0.0400328	0.0377333	0.0423667	0.0400328	0.0368667	0.0427667	1	1	10.1148	
9.13853	1	28	9.13773	1	28	9.13827	1	28	0	0	0	0.0499557	0.0471	0.0527333	0.0499568	0.0470333	0.0537333	0.0499557	0.0471	0.0527333	0.0499568	0.0470333	0.0537333	1	1	10.1315	
9.14166	1	32	9.14067	1	32	9.14101	1	32	0	0	0	0.0599922	0.0568	0.063	0.0599948	0.0559667	0.0633	0.0599922	0.0568	0.063	0.0599948	0.0559667	0.0633	1	1	10.133	
9.1355	1	28	9.13427	1	28	9.13493	1	28	0	0	0	0.0699875	0.0664333	0.0737333	0.069988	0.0662667	0.074	0.0699875	0.0664333	0.0737333	0.069988	0.0662667	0.074	1	1	10.1258	
9.13056	1	30	9.12877	1	30	9.12963	1	30	0	0	0	0.0798594	0.0766333	0.0837	0.0798599	0.0767	0.0834333	0.0798594	0.0766333	0.0837	0.0798599	0.0767	0.0834333	1	1	10.1175	
9.15589	1	34	9.154	1	34	9.15505	1	34	0	0	0	0.0897703	0.0866	0.0943667	0.0897698	0.0843333	0.0939	0.0897703	0.0866	0.0943667	0.0897698	0.0843333	0.0939	1	1	10.1422	
9.16638	1	30	9.16419	1	30	9.16503	1	30	0	0	0	0.099576	0.0957333	0.104833	0.0995802	0.0957	0.103367	0.099576	0.0957333	0.104833	0.0995802	0.0957	0.103367	1	1	10.1505	
9.14433	1	31	9.14134	1	31	9.14272	1	31	0	0	0	0.109646	0.105467	0.114533	0.109651	0.104533	0.113533	0.109646	0.105467	0.114533	0.109651	0.104533	0.113533	1	1	10.1262	
9.15299	1	31	9.14988	1	31	9.15078	1	31	0	0	0	0.119622	0.1153	0.125333	0.119626	0.115267	0.123433	0.119622	0.1153	0.125333	0.119626	0.115267	0.123433	1	1	10.1334	
9.15685	1	31	9.15298	1	31	9.154	1	31	0	0	0	0.129458	0.1255	0.1354	0.129456	0.1261	0.134833	0.129458	0.1255	0.1354	0.129456	0.1261	0.134833	1	1	10.1339	
9.17229	1	34	9.16791	1	34	9.16867	1	34	0	0	0	0.139445	0.1351	0.1456	0.139448	0.1348	0.143967	0.139445	0.1351	0.1456	0.139448	0.1348	0.143967	1	1	10.148	
9.18109	1	34	9.17659	1	34	9.17677	1	34	0	0	0	0.149374	0.144833	0.155667	0.149377	0.144767	0.1536	0.149374	0.144833	0.155667	0.149377	0.144767	0.1536	1	1	10.1542	
9.18211	1	32	9.177	1	32	9.1776	1	32	0	0	0	0.159415	0.154133	0.1657	0.159414	0.153833	0.1645	0.159415	0.154133	0.1657	0.159414	0.153833	0.1645	1	1	10.1527	
9.19602	1	33	9.18983	1	33	9.19138	1	33	0	0	0	0.16943	0.164867	0.176233	0.169438	0.164833	0.1745	0.16943	0.164867	0.176233	0.169438	0.164833	0.1745	1	1	10.1642	
9.18269	1	36	9.17597	1	36	9.17635	1	36	0	0	0	0.179385	0.1749	0.185833	0.179387	0.173233	0.185033	0.179385	0.1749	0.185833	0.179387	0.173233	0.185033	1	1	10.1482	
9.20258	1	39	9.19486	1	39	9.19492	1	39	0	0	0	0.18944	0.185133	0.196533	0.18945	0.184567	0.1947	0.18944	0.185133	0.196533	0.18945	0.184567	0.1947	1	1	10.1652	
9.2061	1	34	9.19765	1	34	9.19811	1	34	0	0	0	0.199437	0.195633	0.2058	0.199446	0.193433	0.2046	0.199437	0.195633	0.2058	0.199446	0.193433	0.2046	1	1	10.166	
9.21696	1	36	9.20708	1	36	9.20791	1	36	0	0	0	0.209417	0.204667	0.2156	0.209433	0.203	0.2157	0.209417	0.204667	0.2156	0.209433	0.203	0.2157	1	1	10.1724	
9.23192	1	34	9.22125	1	34	9.22197	1	34	0	0	0	0.219593	0.213967	0.227	0.219611	0.212833	0.2264	0.219593	0.213967	0.227	0.219611	0.212833	0.2264	1	1	10.184	
9.23954	1	35	9.22753	1	35	9.22813	1	35	0	0	0	0.229599	0.224133	0.2371	0.229607	0.221567	0.234867	0.229599	0.224133	0.2371	0.229607	0.221567	0.234867	1	1	10.1891	
9.24931	1	37	9.23578	1	37	9.23648	1	37	0	0	0	0.239598	0.234233	0.247567	0.239615	0.232533	0.247167	0.239598	0.234233	0.247567	0.239615	0.232533	0.247167	1	1	10.194	
9.26718	1	40	9.25217	1	40	9.25262	1	40	0	0	0	0.249678	0.244133	0.2562	0.249681	0.243	0.2583	0.249678	0.244133	0.2562	0.249681	0.243	0.2583	1	1	10.2086	
9.28084	1	35	9.26401	1	35	9.26454	1	35	0	0	0	0.25964	0.254933	0.266767	0.259652	0.252467	0.265733	0.25964	0.254933	0.266767	0.259652	0.252467	0.265733	1	1	10.2177	
9.28396	1	37	9.26521	1	37	9.26585	1	37	0	0	0	0.269697	0.264233	0.277733	0.269709	0.261133	0.275433	0.269697	0.264233	0.277733	0.269709	0.261133	0.275433	1	1	10.2163	
9.29319	1	37	9.27243	1	37	9.27341	1	37	0	0	0	0.279699	0.274867	0.288033	0.279721	0.2718	0.2872	0.279699	0.274867	0.288033	0.279721	0.2718	0.2872	1	1	10.2206	
9.3089	1	40	9.28639	1	40	9.28719	1	40	0	0	0	0.28966	0.284867	0.2982	0.28968	0.281133	0.2956	0.28966	0.284867	0.2982	0.28968	0.281133	0.2956	1	1	10.2315	
9.31218	1	41	9.28741	1	41	9.28806	1	41	0	0	0	0.299654	0.295033	0.308233	0.29967	0.2919	0.3073	0.299654	0.295033	0.308233	0.29967	0.2919	0.3073	1	1	10.2303	
9.34314	1	37	9.31527	1	37	9.31591	1	37	0	0	0	0.309671	0.304933	0.3169	0.309694	0.301633	0.3174	0.309671	0.304933	0.3169	0.309694	0.301633	0.3174	1	1	10.2545	
9.35945	1	40	9.32899	1	40	9.32988	1	40	0	0	0	0.319631	0.3153	0.326167	0.319647	0.3128	0.330167	0.319631	0.3153	0.326167	0.319647	0.3128	0.330167	1	1	10.2645	
9.36841	1	40	9.33555	1	40	9.33602	1	40	0	0	0	0.329571	0.3241	0.337333	0.329581	0.3226	0.340767	0.329571	0.3241	0.337333	0.329581	0.3226	0.340767	1	1	10.2681	
9.39025	1	41	9.3545	1	41	9.35519	1	41	0	0	0	0.339564	0.3346	0.347433	0.339578	0.333133	0.347033	0.339564	0.3346	0.347433	0.339578	0.333133	0.347033	1	1	10.2832	
9.40004	1	41	9.36077	1	41	9.36139	1	41	0	0	0	0.349566	0.344133	0.357067	0.349587	0.341033	0.3572	0.349566	0.344133	0.357067	0.349587	0.341033	0.3572	1	1	10.2864	
9.4273	1	41	9.38362	1	41	9.38433	1	41	0	0	0	0.359429	0.354833	0.367267	0.359443	0.355333	0.37	0.359429	0.354833	0.367267	0.359443	0.355333	0.37	1	1	10.3071	
9.44271	1	38	9.39537	1	38	9.39587	1	38	0	0	0	0.3694	0.364933	0.376433	0.369408	0.3625	0.376767	0.3694	0.364933	0.376433	0.369408	0.3625	0.376767	1	1	10.3149	
9.46624	1	44	9.41414	1	44	9.41527	1	44	0	0	0	0.379397	0.374667	0.386133	0.379413	0.372167	0.3879	0.379397	0.374667	0.386133	0.379413	0.372167	0.3879	1	1	10.3295	
9.49011	1	48	9.43382	1	48	9.43461	1	48	0	0	0	0.389336	0.385	0.396833	0.389349	0.379333	0.397267	0.389336	0.385	0.396833	0.389349	0.379333	0.397267	1	1	10.344	
9.5126	1	40	9.44998	1	40	9.45019	1	40	0	0	0	0.399407	0.3947	0.406133	0.399426	0.3906	0.409367	0.399407	0.3947	0.406133	0.399426	0.3906	0.409367	1	1	10.3554	
9.53908	1	43	9.47087	1	42	9.47173	1	42	0	0	0	0.409368	0.404433	0.417533	0.409393	0.401567	0.4183	0.409368	0.404433	0.417533	0.409393	0.401567	0.4183	1	1	10.3737	
9.55664	1	43	9.48218	1	43	9.48297	1	43	0	0	0	0.419344	0.414333	0.427767	0.419359	0.410167	0.427533	0.419344	0.414333	0.427767	0.419359	0.410167	0.427533	1	1	10.382	
9.58614	1	43	9.50398	1	43	9.50499	1	43	0	0	0	0.429437	0.424767	0.437267	0.429456	0.422433	0.436133	0.429437	0.424767	0.437267	0.429456	0.422433	0.436133	1	1	10.3965	
9.62329	1	47	9.53348	1	47	9.53409	1	47	0	0	0	0.439369	0.4349	0.4471	0.439384	0.4317	0.4496	0.439369	0.4349	0.4471	0.439384	0.4317	0.4496	1	1	10.421	
9.64929	1	43	9.55017	1	43	9.55097	1	43	0	0	0	0.449298	0.4449	0.457067	0.449321	0.4407	0.458733	0.449298	0.4449	0.457067	0.449321	0.4407	0.458733	1	1	10.4336	
9.68569	1	49	9.57391	1	49	9.5747	1	49	0	0	0	0.459259	0.454867	0.466233	0.459286	0.452033	0.469067	0.459259	0.454867	0.466233	0.459286	0.452033	0.469067	1	1	10.4491	
9.72592	1	50	9.59955	1	50	9.6001	1	50	0	0	0	0.469333	0.464967	0.4767	0.469348	0.4613	0.476133	0.469333	0.464967	0.4767	0.469348	0.4613	0.476133	1	1	10.4675	
9.75832	1	50	9.62311	1	50	9.62381	1	50	0	0	0	0.47926	0.4743	0.486633	0.479276	0.468033	0.488667	0.47926	0.4743	0.486633	0.479276	0.468033	0.488667	1	1	10.486	
9.79329	1	51	9.64114	1	51	9.64182	1	51	0	0	0	0.489254	0.484	0.496567	0.489267	0.479633	0.499633	0.489254	0.484	0.496567	0.489267	0.479633	0.499633	1	1	10.4962	
9.83359	1	52	9.66585	1	52	9.66667	1	52	0	0	0	0.499178	0.494167	0.5056	0.499194	0.490367	0.511833	0.499178	0.494167	0.5056	0.499194	0.490367	0.511833	1	1	10.5192	
9.8756	1	49	9.69032	1	49	9.69103	1	49	0	0	0	0.509155	0.504	0.515533	0.509162	0.5004	0.516067	0.509155	0.504	0.515533	0.509162	0.5004	0.516067	1	1	10.5325	
9.93113	1	60	9.72234	1	60	9.7234	1	60	0	0	0	0.519157	0.513767	0.525233	0.519174	0.5091	0.528033	0.519157	0.513767	0.525233	0.519174	0.5091	0.528033	1	1	10.5549	
9.97413	1	56	9.74267	1	56	9.74368	1	56	0	0	0	0.529081	0.523233	0.535033	0.529103	0.520067	0.538867	0.529081	0.523233	0.535033	0.529103	0.520067	0.538867	1	1	10.5704	
10.0413	1	57	9.77989	1	54	9.78096	1	54	0	0	0	0.53911	0.533633	0.545067	0.539123	0.530833	0.5508	0.53911	0.533633	0.545067	0.539123	0.530833	0.5508	1	1	10.5934	
10.1229	1	60	9.81707	1	60	9.8177	1	60	0	0	0	0.549167	0.543233	0.554667	0.549178	0.539833	0.560267	0.549167	0.543233	0.554667	0.549178	0.539833	0.560267	1	1	10.6225	
10.1898	1	60	9.83523	1	60	9.83596	1	60	0	0	0	0.559163	0.5524	0.564933	0.559155	0.547067	0.5679	0.559163	0.5524	0.564933	0.559155	0.547067	0.5679	1	1	10.629	
10.2879	1	66	9.87434	1	58	9.87542	1	58	0	0	0	0.56921	0.562533	0.574867	0.569233	0.560333	0.581067	0.56921	0.562533	0.574867	0.569233	0.560333	0.581067	1	1	10.6576	
10.3753	1	70	9.89289	1	70	9.89402	1	70	0	0	0	0.579327	0.572933	0.585067	0.579326	0.571767	0.591633	0.579327	0.572933	0.585067	0.579326	0.571767	0.591633	1	1	10.6662	
10.5423	1	88	9.93904	1	52	9.94004	1	52	0	0	0	0.589414	0.5829	0.594567	0.589429	0.578433	0.600733	0.589414	0.5829	0.594567	0.589429	0.578433	0.600733	1	1	10.6978	
10.8537	1	123	9.99214	1	64	9.99333	1	64	0	0	0	0.599383	0.593533	0.6047	0.599395	0.589333	0.610233	0.599383	0.593533	0.6047	0.599395	0.589333	0.610233	1	1	10.7328	
11.2884	1	178	10.0105	1	62	10.0116	1	62	0	0	0	0.609403	0.6042	0.614867	0.60941	0.601267	0.622767	0.609403	0.6042	0.614867	0.60941	0.601267	0.622767	1	1	10.7399	
16.475	1	495	10.0737	1	64	10.0747	1	64	0	0	0	0.619465	0.614633	0.624767	0.619528	0.6094	0.6337	0.619465	0.614633	0.624767	0.619528	0.6094	0.6337	1	1	10.7802	
86.5525	1	5401	10.1184	1	64	10.1185	1	64	0	0	0	0.629571	0.626	0.635171	0.62887	0.6216	0.635786	0.629571	0.626	0.635171	0.62887	0.6216	0.635786	1	1	10.8051	
207.46	1	12264	10.1679	1	68	10.1669	1	68	0	0	0	0.639567	0.635786	0.645014	0.637758	0.630129	0.642186	0.639567	0.635786	0.645014	0.637758	0.630129	0.642186	1	1	10.8348	
