9.34611	1	22	9.34585	1	22	9.34777	1	22	0	0	0	0.0100281	0.0091	0.0116333	0.0100307	0.00886667	0.0112333	0.0100281	0.0091	0.0116333	0.0100307	0.00886667	0.0112333	1	1	10.3448	
9.36322	1	22	9.36309	1	22	9.36307	1	22	0	0	0	0.0199906	0.0186333	0.0219	0.0199911	0.0182	0.0217667	0.0199906	0.0186333	0.0219	0.0199911	0.0182	0.0217667	1	1	10.3606	
9.32952	1	24	9.3291	1	24	9.32966	1	24	0	0	0	0.0301104	0.028	0.0321333	0.0301115	0.0267333	0.0319667	0.0301104	0.028	0.0321333	0.0301115	0.0267333	0.0319667	1	1	10.3254	
9.33155	1	27	9.33107	1	27	9.33185	1	27	0	0	0	0.0400328	0.0377333	0.0423667	0.0400307	0.0375333	0.0425333	0.0400328	0.0377333	0.0423667	0.0400307	0.0375333	0.0425333	1	1	10.3258	
9.35385	1	27	9.35313	1	27	9.35387	1	27	0	0	0	0.0499557	0.0471	0.0527333	0.0499552	0.0466667	0.0528667	0.0499557	0.0471	0.0527333	0.0499552	0.0466667	0.0528667	1	1	10.3462	
9.35353	1	28	9.35283	1	28	9.35312	1	28	0	0	0	0.0599922	0.0568	0.063	0.0599953	0.0570667	0.0627333	0.0599922	0.0568	0.063	0.0599953	0.0570667	0.0627333	1	1	10.3453	
9.33647	1	29	9.33552	1	29	9.33642	1	29	0	0	0	0.0699875	0.0664333	0.0737333	0.0699823	0.0670333	0.0731	0.0699875	0.0664333	0.0737333	0.0699823	0.0670333	0.0731	1	1	10.3261	
9.3495	1	30	9.34859	1	30	9.34895	1	30	0	0	0	0.0798594	0.0766333	0.0837	0.0798583	0.0765	0.0841667	0.0798594	0.0766333	0.0837	0.0798583	0.0765	0.0841667	1	1	10.3376	
9.35584	1	28	9.35451	1	28	9.35551	1	28	0	0	0	0.0897703	0.0866	0.0943667	0.0897734	0.0859667	0.0936	0.0897703	0.0866	0.0943667	0.0897734	0.0859667	0.0936	1	1	10.3413	
9.3591	1	32	9.35786	1	32	9.35808	1	32	0	0	0	0.099576	0.0957333	0.104833	0.0995786	0.0955333	0.1046	0.099576	0.0957333	0.104833	0.0995786	0.0955333	0.1046	1	1	10.3428	
9.36503	1	33	9.36352	1	33	9.36452	1	33	0	0	0	0.109646	0.105467	0.114533	0.109652	0.105367	0.1147	0.109646	0.105467	0.114533	0.109652	0.105367	0.1147	1	1	10.3472	
9.3733	1	30	9.3716	1	30	9.37261	1	30	0	0	0	0.119622	0.1153	0.125333	0.119629	0.1147	0.124133	0.119622	0.1153	0.125333	0.119629	0.1147	0.124133	1	1	10.3534	
9.36568	1	36	9.36361	1	36	9.3639	1	36	0	0	0	0.129458	0.1255	0.1354	0.129465	0.124067	0.134633	0.129458	0.1255	0.1354	0.129465	0.124067	0.134633	1	1	10.3428	
9.38694	1	35	9.38498	1	35	9.38595	1	35	0	0	0	0.139445	0.1351	0.1456	0.139449	0.135067	0.144233	0.139445	0.1351	0.1456	0.139449	0.135067	0.144233	1	1	10.3628	
9.39436	1	33	9.39178	1	33	9.39255	1	33	0	0	0	0.149374	0.144833	0.155667	0.149372	0.143867	0.155	0.149374	0.144833	0.155667	0.149372	0.143867	0.155	1	1	10.3678	
9.38464	1	32	9.38193	1	32	9.38252	1	32	0	0	0	0.159415	0.154133	0.1657	0.159423	0.153867	0.1645	0.159415	0.154133	0.1657	0.159423	0.153867	0.1645	1	1	10.3555	
9.39778	1	40	9.39495	1	40	9.39611	1	40	0	0	0	0.16943	0.164867	0.176233	0.169442	0.164133	0.1757	0.16943	0.164867	0.176233	0.169442	0.164133	0.1757	1	1	10.3662	
9.40039	1	33	9.39717	1	33	9.39811	1	33	0	0	0	0.179385	0.1749	0.185833	0.179393	0.174233	0.185233	0.179385	0.1749	0.185833	0.179393	0.174233	0.185233	1	1	10.3659	
9.41056	1	35	9.407	1	35	9.40786	1	35	0	0	0	0.18944	0.185133	0.196533	0.189453	0.1844	0.1947	0.18944	0.185133	0.196533	0.189453	0.1844	0.1947	1	1	10.3747	
9.42161	1	38	9.41781	1	38	9.41909	1	38	0	0	0	0.199437	0.195633	0.2058	0.199454	0.195067	0.205433	0.199437	0.195633	0.2058	0.199454	0.195067	0.205433	1	1	10.3824	
9.41694	1	38	9.41305	1	38	9.41372	1	38	0	0	0	0.209417	0.204667	0.2156	0.209428	0.2041	0.215333	0.209417	0.204667	0.2156	0.209428	0.2041	0.215333	1	1	10.3754	
9.43318	1	39	9.4285	1	39	9.42926	1	39	0	0	0	0.219593	0.213967	0.227	0.219607	0.2139	0.226033	0.219593	0.213967	0.227	0.219607	0.2139	0.226033	1	1	10.3884	
9.44574	1	38	9.44076	1	38	9.44156	1	38	0	0	0	0.229599	0.224133	0.2371	0.229612	0.224933	0.2382	0.229599	0.224133	0.2371	0.229612	0.224933	0.2382	1	1	10.3979	
9.44528	1	38	9.43997	1	38	9.44055	1	38	0	0	0	0.239598	0.234233	0.247567	0.239614	0.2331	0.244033	0.239598	0.234233	0.247567	0.239614	0.2331	0.244033	1	1	10.3952	
9.47555	1	41	9.4699	1	41	9.47059	1	41	0	0	0	0.249678	0.244133	0.2562	0.249695	0.243067	0.255	0.249678	0.244133	0.2562	0.249695	0.243067	0.255	1	1	10.4212	
9.48666	1	41	9.48064	1	41	9.48101	1	41	0	0	0	0.25964	0.254933	0.266767	0.259653	0.251467	0.2687	0.25964	0.254933	0.266767	0.259653	0.251467	0.2687	1	1	10.4303	
9.48759	1	39	9.48051	1	39	9.48135	1	39	0	0	0	0.269697	0.264233	0.277733	0.269719	0.2622	0.277067	0.269697	0.264233	0.277733	0.269719	0.2622	0.277067	1	1	10.4268	
9.4954	1	39	9.48812	1	39	9.48881	1	39	0	0	0	0.279699	0.274867	0.288033	0.279708	0.272567	0.287633	0.279699	0.274867	0.288033	0.279708	0.272567	0.287633	1	1	10.4323	
9.51065	1	40	9.50259	1	40	9.50354	1	40	0	0	0	0.28966	0.284867	0.2982	0.289674	0.2823	0.296633	0.28966	0.284867	0.2982	0.289674	0.2823	0.296633	1	1	10.4431	
9.53321	1	42	9.52415	1	42	9.52487	1	42	0	0	0	0.299654	0.295033	0.308233	0.299669	0.292533	0.3087	0.299654	0.295033	0.308233	0.299669	0.292533	0.3087	1	1	10.4612	
9.53685	1	40	9.52716	1	40	9.52792	1	40	0	0	0	0.309671	0.304933	0.3169	0.309692	0.3017	0.315733	0.309671	0.304933	0.3169	0.309692	0.3017	0.315733	1	1	10.4619	
9.54603	1	40	9.53565	1	40	9.53658	1	40	0	0	0	0.319631	0.3153	0.326167	0.319653	0.313433	0.326333	0.319631	0.3153	0.326167	0.319653	0.313433	0.326333	1	1	10.4666	
9.57877	1	39	9.56757	1	39	9.56783	1	39	0	0	0	0.329571	0.3241	0.337333	0.329583	0.3237	0.336533	0.329571	0.3241	0.337333	0.329583	0.3237	0.336533	1	1	10.4945	
9.58118	1	38	9.56931	1	38	9.57014	1	38	0	0	0	0.339564	0.3346	0.347433	0.339591	0.3339	0.348267	0.339564	0.3346	0.347433	0.339591	0.3339	0.348267	1	1	10.4942	
9.59697	1	43	9.58445	1	43	9.58539	1	43	0	0	0	0.349566	0.344133	0.357067	0.349595	0.342433	0.358367	0.349566	0.344133	0.357067	0.349595	0.342433	0.358367	1	1	10.5047	
9.61108	1	41	9.59686	1	41	9.5979	1	41	0	0	0	0.359429	0.354833	0.367267	0.359446	0.351267	0.368033	0.359429	0.354833	0.367267	0.359446	0.351267	0.368033	1	1	10.5132	
9.62326	1	40	9.60773	1	40	9.60816	1	40	0	0	0	0.3694	0.364933	0.376433	0.369411	0.361633	0.3769	0.3694	0.364933	0.376433	0.369411	0.361633	0.3769	1	1	10.5213	
9.64685	1	55	9.6297	1	55	9.6308	1	55	0	0	0	0.379397	0.374667	0.386133	0.379411	0.371833	0.3869	0.379397	0.374667	0.386133	0.379411	0.371833	0.3869	1	1	10.5392	
9.66422	1	40	9.64588	1	40	9.64662	1	40	0	0	0	0.389336	0.385	0.396833	0.389353	0.380533	0.395667	0.389336	0.385	0.396833	0.389353	0.380533	0.395667	1	1	10.5509	
9.68654	1	44	9.66731	1	44	9.66843	1	44	0	0	0	0.399407	0.3947	0.406133	0.399418	0.3911	0.410533	0.399407	0.3947	0.406133	0.399418	0.3911	0.410533	1	1	10.5687	
9.69721	1	43	9.67601	1	43	9.67673	1	43	0	0	0	0.409368	0.404433	0.417533	0.409386	0.4001	0.4179	0.409368	0.404433	0.417533	0.409386	0.4001	0.4179	1	1	10.5735	
9.71919	1	43	9.69678	1	43	9.69746	1	43	0	0	0	0.419344	0.414333	0.427767	0.419361	0.4123	0.433133	0.419344	0.414333	0.427767	0.419361	0.4123	0.433133	1	1	10.5903	
9.73342	1	43	9.70867	1	43	9.70926	1	43	0	0	0	0.429437	0.424767	0.437267	0.429447	0.420433	0.438867	0.429437	0.424767	0.437267	0.429447	0.420433	0.438867	1	1	10.5965	
9.75272	1	41	9.72519	1	41	9.72591	1	41	0	0	0	0.439369	0.4349	0.4471	0.439389	0.4316	0.4546	0.439369	0.4349	0.4471	0.439389	0.4316	0.4546	1	1	10.6082	
9.78485	1	44	9.75559	1	44	9.75671	1	44	0	0	0	0.449298	0.4449	0.457067	0.44931	0.437067	0.459267	0.449298	0.4449	0.457067	0.44931	0.437067	0.459267	1	1	10.6356	
9.80481	1	45	9.77287	1	45	9.77368	1	45	0	0	0	0.459259	0.454867	0.466233	0.459282	0.4526	0.466967	0.459259	0.454867	0.466233	0.459282	0.4526	0.466967	1	1	10.6477	
9.83049	1	45	9.79559	1	45	9.79606	1	45	0	0	0	0.469333	0.464967	0.4767	0.469341	0.458533	0.475933	0.469333	0.464967	0.4767	0.469341	0.458533	0.475933	1	1	10.6662	
9.84411	1	43	9.80615	1	43	9.80661	1	43	0	0	0	0.47926	0.4743	0.486633	0.47927	0.468333	0.486767	0.47926	0.4743	0.486633	0.47927	0.468333	0.486767	1	1	10.6694	
9.86919	1	44	9.82829	1	44	9.82928	1	44	0	0	0	0.489254	0.484	0.496567	0.489267	0.48	0.4988	0.489254	0.484	0.496567	0.489267	0.48	0.4988	1	1	10.6912	
9.89714	1	46	9.85265	1	46	9.85358	1	46	0	0	0	0.499178	0.494167	0.5056	0.49919	0.491133	0.508	0.499178	0.494167	0.5056	0.49919	0.491133	0.508	1	1	10.7071	
9.91679	1	41	9.8682	1	41	9.86884	1	41	0	0	0	0.509155	0.504	0.515533	0.509177	0.498233	0.521433	0.509155	0.504	0.515533	0.509177	0.498233	0.521433	1	1	10.715	
9.94904	1	46	9.89563	1	46	9.89647	1	46	0	0	0	0.519157	0.513767	0.525233	0.519172	0.5065	0.5313	0.519157	0.513767	0.525233	0.519172	0.5065	0.5313	1	1	10.7384	
9.97831	1	46	9.92113	1	46	9.92201	1	46	0	0	0	0.529081	0.523233	0.535033	0.529085	0.516633	0.539867	0.529081	0.523233	0.535033	0.529085	0.516633	0.539867	1	1	10.7575	
10.0081	1	42	9.94487	1	42	9.94579	1	42	0	0	0	0.53911	0.533633	0.545067	0.539128	0.5281	0.548933	0.53911	0.533633	0.545067	0.539128	0.5281	0.548933	1	1	10.7739	
10.0412	1	45	9.97268	1	45	9.97338	1	45	0	0	0	0.549167	0.543233	0.554667	0.549177	0.541067	0.561133	0.549167	0.543233	0.554667	0.549177	0.541067	0.561133	1	1	10.7968	
10.0737	1	43	10.0004	1	43	10.0011	1	43	0	0	0	0.559163	0.5524	0.564933	0.559178	0.547667	0.568367	0.559163	0.5524	0.564933	0.559178	0.547667	0.568367	1	1	10.8158	
10.1159	1	53	10.0343	1	53	10.0348	1	53	0	0	0	0.56921	0.562533	0.574867	0.569217	0.560467	0.578367	0.56921	0.562533	0.574867	0.569217	0.560467	0.578367	1	1	10.8392	
10.1295	1	47	10.0414	1	47	10.0424	1	47	0	0	0	0.579327	0.572933	0.585067	0.57935	0.568667	0.589267	0.579327	0.572933	0.585067	0.57935	0.568667	0.589267	1	1	10.8416	
10.1718	1	54	10.0741	1	54	10.0751	1	54	0	0	0	0.589414	0.5829	0.594567	0.58944	0.579533	0.600133	0.589414	0.5829	0.594567	0.58944	0.579533	0.600133	1	1	10.8672	
10.2201	1	52	10.1105	1	52	10.1116	1	52	0	0	0	0.599383	0.593533	0.6047	0.599395	0.5902	0.6091	0.599383	0.593533	0.6047	0.599395	0.5902	0.6091	1	1	10.8904	
10.2602	1	55	10.1405	1	55	10.1411	1	55	0	0	0	0.609403	0.6042	0.614867	0.609411	0.596267	0.6185	0.609403	0.6042	0.614867	0.609411	0.596267	0.6185	1	1	10.9144	
10.3012	1	55	10.169	1	55	10.1699	1	55	0	0	0	0.619465	0.614633	0.624767	0.619477	0.610867	0.629733	0.619465	0.614633	0.624767	0.619477	0.610867	0.629733	1	1	10.9313	
10.3447	1	51	10.1944	1	51	10.1953	1	51	0	0	0	0.629454	0.624267	0.635067	0.629451	0.6206	0.6416	0.629454	0.624267	0.635067	0.629451	0.6206	0.6416	1	1	10.9517	
10.4053	1	59	10.2401	1	59	10.2409	1	59	0	0	0	0.63952	0.634633	0.6447	0.639519	0.631167	0.647667	0.63952	0.634633	0.6447	0.639519	0.631167	0.647667	1	1	10.9834	
10.4475	1	44	10.2641	1	44	10.2646	1	44	0	0	0	0.649576	0.644567	0.6555	0.649579	0.636733	0.658467	0.649576	0.644567	0.6555	0.649579	0.636733	0.658467	1	1	10.9977	
10.5064	1	47	10.2998	1	47	10.3005	1	47	0	0	0	0.659584	0.654133	0.665533	0.659588	0.6489	0.6718	0.659584	0.654133	0.665533	0.659588	0.6489	0.6718	1	1	11.0248	
10.5736	1	48	10.3383	1	48	10.3389	1	48	0	0	0	0.669615	0.664333	0.6751	0.669633	0.6589	0.6815	0.669615	0.664333	0.6751	0.669633	0.6589	0.6815	1	1	11.0449	
10.6481	1	53	10.3768	1	53	10.3777	1	53	0	0	0	0.679547	0.674067	0.685333	0.679573	0.667233	0.6898	0.679547	0.674067	0.685333	0.679573	0.667233	0.6898	1	1	11.0714	
10.7319	1	57	10.416	1	56	10.417	1	56	0	0	0	0.689654	0.683267	0.6959	0.689654	0.6766	0.699933	0.689654	0.683267	0.6959	0.689654	0.6766	0.699933	1	1	11.0964	
10.8444	1	54	10.4598	1	47	10.4607	1	47	0	0	0	0.699706	0.693133	0.705633	0.699714	0.685667	0.7084	0.699706	0.693133	0.705633	0.699714	0.685667	0.7084	1	1	11.1245	
10.9311	1	57	10.494	1	55	10.4954	1	55	0	0	0	0.709659	0.703333	0.715533	0.709677	0.7019	0.718133	0.709659	0.703333	0.715533	0.709677	0.7019	0.718133	1	1	11.1532	
11.0949	1	68	10.5336	1	58	10.5351	1	58	0	0	0	0.71962	0.714067	0.7259	0.719659	0.707933	0.7308	0.71962	0.714067	0.7259	0.719659	0.707933	0.7308	1	1	11.1722	
11.43	1	110	10.584	1	47	10.5847	1	47	0	0	0	0.72969	0.724633	0.736133	0.729737	0.718067	0.7408	0.72969	0.724633	0.736133	0.729737	0.718067	0.7408	1	1	11.2059	
12.5795	1	219	10.643	1	51	10.6441	1	51	0	0	0	0.739774	0.734567	0.746067	0.739817	0.732567	0.749667	0.739774	0.734567	0.746067	0.739817	0.732567	0.749667	1	1	11.2448	
42.0632	1	2949	10.6961	1	58	10.696	1	58	0	0	0	0.749781	0.746843	0.753571	0.749486	0.743057	0.757257	0.749781	0.746843	0.753571	0.749486	0.743057	0.757257	1	1	11.2683	
109.038	1	7463	10.7688	1	66	10.7653	1	66	0	0	0	0.759788	0.757014	0.762986	0.758619	0.751986	0.766829	0.759788	0.757014	0.762986	0.758619	0.751986	0.766829	1	1	11.2958	
208.467	1	12509	10.7947	1	59	10.7909	1	59	0	0	0	0.769786	0.767214	0.773171	0.767685	0.7603	0.777057	0.769786	0.767214	0.773171	0.767685	0.7603	0.777057	1	1	11.3181	
