10.8089	8	15	10.8089	8	15	10.8088	8	15	0	0	0	0.0100281	0.0091	0.0116333	0.0100318	0.0091	0.0117	0.0100281	0.0091	0.0116333	0.0100318	0.0091	0.0117	1	1	11.8076	
10.8168	8	15	10.8168	8	15	10.8169	8	15	0	0	0	0.0199906	0.0186333	0.0219	0.0199922	0.0186333	0.0219	0.0199906	0.0186333	0.0219	0.0199922	0.0186333	0.0219	1	1	11.8145	
10.8235	8	15	10.8235	8	15	10.8236	8	15	0	0	0	0.0301104	0.028	0.0321333	0.030113	0.028	0.0321333	0.0301104	0.028	0.0321333	0.030113	0.028	0.0321333	1	1	11.8204	
10.8211	8	15	10.8211	8	15	10.8214	8	15	0	0	0	0.0400328	0.0377333	0.0423667	0.0400365	0.0377333	0.0423667	0.0400328	0.0377333	0.0423667	0.0400365	0.0377333	0.0423667	1	1	11.817	
10.8246	8	16	10.8245	8	16	10.8249	8	16	0	0	0	0.0499557	0.0471	0.0527333	0.0499583	0.0471333	0.0528	0.0499557	0.0471	0.0527333	0.0499583	0.0471333	0.0528	1	1	11.8192	
10.8191	8	16	10.8189	8	16	10.8192	8	16	0	0	0	0.0599922	0.0568	0.063	0.0599953	0.0568	0.063	0.0599922	0.0568	0.063	0.0599953	0.0568	0.063	1	1	11.8123	
10.8197	8	16	10.8193	8	16	10.8197	8	16	0	0	0	0.0699875	0.0664333	0.0737333	0.0699875	0.0664333	0.0737333	0.0699875	0.0664333	0.0737333	0.0699875	0.0664333	0.0737333	1	1	11.8114	
10.8205	8	16	10.82	8	16	10.8202	8	16	0	0	0	0.0798594	0.0766333	0.0837	0.0798625	0.0765	0.0837333	0.0798594	0.0766333	0.0837	0.0798625	0.0765	0.0837333	1	1	11.8106	
10.8242	8	16	10.8235	8	16	10.8238	8	16	0	0	0	0.0897703	0.0866	0.0943667	0.0897781	0.0866	0.0944333	0.0897703	0.0866	0.0943667	0.0897781	0.0866	0.0944333	1	1	11.8122	
10.8248	8	16	10.8238	8	16	10.824	8	16	0	0	0	0.099576	0.0957333	0.104833	0.0995854	0.0957333	0.1049	0.099576	0.0957333	0.104833	0.0995854	0.0957333	0.1049	1	1	11.8107	
10.8289	8	16	10.8274	8	16	10.8275	8	16	0	0	0	0.109646	0.105467	0.114533	0.109657	0.105467	0.1146	0.109646	0.105467	0.114533	0.109657	0.105467	0.1146	1	1	11.8123	
10.8319	8	16	10.8298	8	16	10.83	8	16	0	0	0	0.119622	0.1153	0.125333	0.119633	0.1153	0.1254	0.119622	0.1153	0.125333	0.119633	0.1153	0.1254	1	1	11.8125	
10.8375	8	17	10.8346	8	17	10.8348	8	17	0	0	0	0.129458	0.1255	0.1354	0.129468	0.1255	0.135467	0.129458	0.1255	0.1354	0.129468	0.1255	0.135467	1	1	11.8151	
10.8415	8	17	10.8377	8	17	10.8379	8	17	0	0	0	0.139445	0.1351	0.1456	0.139452	0.134967	0.145667	0.139445	0.1351	0.1456	0.139452	0.134967	0.145667	1	1	11.8163	
10.8436	8	17	10.8387	8	17	10.8388	8	17	0	0	0	0.149374	0.144833	0.155667	0.149383	0.1447	0.155733	0.149374	0.144833	0.155667	0.149383	0.1447	0.155733	1	1	11.815	
10.8458	8	17	10.8396	8	17	10.8398	8	17	0	0	0	0.159415	0.154133	0.1657	0.159424	0.154	0.165767	0.159415	0.154133	0.1657	0.159424	0.154	0.165767	1	1	11.8133	
10.8479	8	17	10.8402	8	17	10.8404	8	17	0	0	0	0.16943	0.164867	0.176233	0.169443	0.164733	0.1763	0.16943	0.164867	0.176233	0.169443	0.164733	0.1763	1	1	11.8114	
10.8514	8	18	10.8421	8	18	10.8422	8	18	0	0	0	0.179385	0.1749	0.185833	0.1794	0.174933	0.1859	0.179385	0.1749	0.185833	0.1794	0.174933	0.1859	1	1	11.8106	
10.8567	8	18	10.8453	8	18	10.8455	8	18	0	0	0	0.18944	0.185133	0.196533	0.189453	0.1851	0.1966	0.18944	0.185133	0.196533	0.189453	0.1851	0.1966	1	1	11.8108	
10.8631	8	18	10.849	8	18	10.8492	8	18	0	0	0	0.199437	0.195633	0.2058	0.199455	0.1956	0.205867	0.199437	0.195633	0.2058	0.199455	0.1956	0.205867	1	1	11.811	
10.8683	8	18	10.8514	8	18	10.8515	8	18	0	0	0	0.209417	0.204667	0.2156	0.209437	0.204633	0.2157	0.209417	0.204667	0.2156	0.209437	0.204633	0.2157	1	1	11.8104	
10.8744	8	18	10.8546	8	18	10.8547	8	18	0	0	0	0.219593	0.213967	0.227	0.219617	0.213933	0.226967	0.219593	0.213967	0.227	0.219617	0.213933	0.226967	1	1	11.8098	
10.8826	8	19	10.8588	8	19	10.859	8	19	0	0	0	0.229599	0.224133	0.2371	0.229621	0.2241	0.237033	0.229599	0.224133	0.2371	0.229621	0.2241	0.237033	1	1	11.81	
10.8918	8	30	10.8639	8	30	10.864	8	30	0	0	0	0.239598	0.234233	0.247567	0.23962	0.2342	0.2475	0.239598	0.234233	0.247567	0.23962	0.2342	0.2475	1	1	11.8101	
10.9017	8	30	10.869	8	30	10.8692	8	30	0	0	0	0.249678	0.244133	0.2562	0.249699	0.2441	0.256133	0.249678	0.244133	0.2562	0.249699	0.2441	0.256133	1	1	11.8108	
10.9127	8	30	10.8743	8	30	10.8745	8	30	0	0	0	0.25964	0.254933	0.266767	0.259663	0.2549	0.2668	0.25964	0.254933	0.266767	0.259663	0.2549	0.2668	1	1	11.8112	
10.9239	8	30	10.8794	8	30	10.8796	8	30	0	0	0	0.269697	0.264233	0.277733	0.269722	0.264167	0.277667	0.269697	0.264233	0.277733	0.269722	0.264167	0.277667	1	1	11.8111	
10.9377	8	30	10.8865	8	30	10.8868	8	30	0	0	0	0.279699	0.274867	0.288033	0.279724	0.2748	0.287967	0.279699	0.274867	0.288033	0.279724	0.2748	0.287967	1	1	11.8123	
10.9531	8	30	10.8938	8	30	10.894	8	30	0	0	0	0.28966	0.284867	0.2982	0.289684	0.284833	0.298133	0.28966	0.284867	0.2982	0.289684	0.284833	0.298133	1	1	11.8131	
10.9691	8	30	10.9004	8	30	10.9006	8	30	0	0	0	0.299654	0.295033	0.308233	0.299681	0.295	0.308167	0.299654	0.295033	0.308233	0.299681	0.295	0.308167	1	1	11.8138	
10.9864	8	31	10.9074	8	31	10.9076	8	31	0	0	0	0.309671	0.304933	0.3169	0.309699	0.3049	0.3168	0.309671	0.304933	0.3169	0.309699	0.3049	0.3168	1	1	11.8139	
11.0064	8	30	10.9145	8	30	10.9148	8	30	0	0	0	0.319631	0.3153	0.326167	0.319659	0.315267	0.326067	0.319631	0.3153	0.326167	0.319659	0.315267	0.326067	1	1	11.8133	
11.032	8	30	10.9258	8	30	10.9261	8	30	0	0	0	0.329571	0.3241	0.337333	0.329599	0.324067	0.337233	0.329571	0.3241	0.337333	0.329599	0.324067	0.337233	1	1	11.8149	
11.0598	8	30	10.9366	8	30	10.9369	8	30	0	0	0	0.339564	0.3346	0.347433	0.339594	0.334567	0.347333	0.339564	0.3346	0.347433	0.339594	0.334567	0.347333	1	1	11.8156	
11.0905	8	31	10.9479	8	31	10.9481	8	31	0	0	0	0.349566	0.344133	0.357067	0.349595	0.344133	0.356967	0.349566	0.344133	0.357067	0.349595	0.344133	0.356967	1	1	11.8162	
11.1251	8	31	10.9599	8	31	10.9602	8	31	0	0	0	0.359429	0.354833	0.367267	0.35946	0.3549	0.3672	0.359429	0.354833	0.367267	0.35946	0.3549	0.3672	1	1	11.8176	
11.1685	8	31	10.9746	8	31	10.9749	8	31	0	0	0	0.3694	0.364933	0.376433	0.369429	0.364933	0.376367	0.3694	0.364933	0.376433	0.369429	0.364933	0.376367	1	1	11.8185	
11.2177	8	31	10.9895	8	31	10.9898	8	31	0	0	0	0.379397	0.374667	0.386133	0.379421	0.374633	0.386067	0.379397	0.374667	0.386133	0.379421	0.374633	0.386067	1	1	11.8187	
11.2746	8	31	11.0063	8	31	11.0066	8	31	0	0	0	0.389336	0.385	0.396833	0.389359	0.385	0.396767	0.389336	0.385	0.396833	0.389359	0.385	0.396767	1	1	11.8205	
11.3502	8	32	11.0302	8	32	11.0304	8	32	0	0	0	0.399407	0.3947	0.406133	0.39943	0.394667	0.406067	0.399407	0.3947	0.406133	0.39943	0.394667	0.406067	1	1	11.8231	
11.4411	8	32	11.0577	8	32	11.0579	8	32	0	0	0	0.409368	0.404433	0.417533	0.40939	0.404467	0.417667	0.409368	0.404433	0.417533	0.40939	0.404467	0.417667	1	1	11.8248	
11.5659	8	33	11.0966	8	32	11.0967	8	32	0	0	0	0.419344	0.414333	0.427767	0.419366	0.414333	0.4279	0.419344	0.414333	0.427767	0.419366	0.414333	0.4279	1	1	11.8272	
11.7213	8	33	11.141	8	32	11.1412	8	32	0	0	0	0.429437	0.424767	0.437267	0.429459	0.424733	0.4374	0.429437	0.424767	0.437267	0.429459	0.424733	0.4374	1	1	11.8286	
11.934	8	46	11.1824	8	34	11.1825	8	34	0	0	0	0.439369	0.4349	0.4471	0.439392	0.4349	0.447233	0.439369	0.4349	0.4471	0.439392	0.4349	0.447233	1	1	11.8312	
12.2523	8	51	11.2628	8	37	11.2628	8	37	0	0	0	0.449298	0.4449	0.457067	0.449316	0.4449	0.457167	0.449298	0.4449	0.457067	0.449316	0.4449	0.457167	1	1	11.8335	
12.8121	8	84	11.3559	8	39	11.3559	8	39	0	0	0	0.459259	0.454867	0.466233	0.459282	0.454867	0.466367	0.459259	0.454867	0.466233	0.459282	0.454867	0.466367	1	1	11.8361	
13.9987	8	147	11.4733	8	43	11.4731	8	43	0	0	0	0.469333	0.464967	0.4767	0.469344	0.464967	0.476833	0.469333	0.464967	0.4767	0.469344	0.464967	0.476833	1	1	11.8407	
83.9723	8	3667	11.7253	8	59	11.7574	8	59	0	0	0	0.479515	0.475314	0.4841	0.47902	0.462757	0.484157	0.479515	0.475314	0.4841	0.47902	0.462757	0.484157	1	1	11.843	
237.57	8	10622	13.029	8	79	13.2232	8	102	0	0	0	0.489544	0.4851	0.493743	0.488092	0.441971	0.493843	0.489544	0.4851	0.493743	0.488092	0.441971	0.493843	1	1	11.8479	
