9.15607	1	22	9.15581	1	22	9.15773	1	22	0	0	0	0.0100281	0.0091	0.0116333	0.0100307	0.00883333	0.0111333	0.0100281	0.0091	0.0116333	0.0100307	0.00883333	0.0111333	1	1	10.1548	
9.13506	1	27	9.13472	1	27	9.13451	1	27	0	0	0	0.0199906	0.0186333	0.0219	0.0199906	0.018	0.0219667	0.0199906	0.0186333	0.0219	0.0199906	0.018	0.0219667	1	1	10.1324	
9.14175	1	28	9.14139	1	28	9.14296	1	28	0	0	0	0.0301104	0.028	0.0321333	0.0301135	0.0284	0.033	0.0301104	0.028	0.0321333	0.0301135	0.0284	0.033	1	1	10.1379	
9.12046	1	27	9.11985	1	27	9.12051	1	27	0	0	0	0.0400328	0.0377333	0.0423667	0.0400328	0.0368667	0.0427667	0.0400328	0.0377333	0.0423667	0.0400328	0.0368667	0.0427667	1	1	10.1151	
9.13865	1	28	9.13792	1	28	9.13847	1	28	0	0	0	0.0499557	0.0471	0.0527333	0.0499568	0.0470333	0.0537333	0.0499557	0.0471	0.0527333	0.0499568	0.0470333	0.0537333	1	1	10.1317	
9.1416	1	32	9.14073	1	32	9.14107	1	32	0	0	0	0.0599922	0.0568	0.063	0.0599948	0.0559667	0.0633	0.0599922	0.0568	0.063	0.0599948	0.0559667	0.0633	1	1	10.133	
9.13523	1	28	9.13418	1	28	9.13484	1	28	0	0	0	0.0699875	0.0664333	0.0737333	0.069988	0.0662667	0.074	0.0699875	0.0664333	0.0737333	0.069988	0.0662667	0.074	1	1	10.1256	
9.12959	1	30	9.12808	1	30	9.12894	1	30	0	0	0	0.0798594	0.0766333	0.0837	0.0798599	0.0767	0.0834333	0.0798594	0.0766333	0.0837	0.0798599	0.0767	0.0834333	1	1	10.1168	
9.15578	1	34	9.15429	1	34	9.1553	1	34	0	0	0	0.0897703	0.0866	0.0943667	0.0897698	0.0843333	0.0939	0.0897703	0.0866	0.0943667	0.0897698	0.0843333	0.0939	1	1	10.1424	
9.16512	1	30	9.16351	1	30	9.16438	1	30	0	0	0	0.099576	0.0957333	0.104833	0.0995807	0.0957	0.103367	0.099576	0.0957333	0.104833	0.0995807	0.0957	0.103367	1	1	10.1497	
9.14286	1	31	9.14065	1	31	9.14203	1	31	0	0	0	0.109646	0.105467	0.114533	0.109651	0.104533	0.113533	0.109646	0.105467	0.114533	0.109651	0.104533	0.113533	1	1	10.1255	
9.15103	1	35	9.14885	1	35	9.14974	1	35	0	0	0	0.119622	0.1153	0.125333	0.119626	0.115267	0.123433	0.119622	0.1153	0.125333	0.119626	0.115267	0.123433	1	1	10.1322	
9.15437	1	31	9.15168	1	31	9.1527	1	31	0	0	0	0.129458	0.1255	0.1354	0.129456	0.1261	0.134833	0.129458	0.1255	0.1354	0.129456	0.1261	0.134833	1	1	10.1324	
9.16938	1	34	9.16646	1	34	9.16721	1	34	0	0	0	0.139445	0.1351	0.1456	0.139448	0.1348	0.143967	0.139445	0.1351	0.1456	0.139448	0.1348	0.143967	1	1	10.1462	
9.17708	1	34	9.17424	1	34	9.17437	1	34	0	0	0	0.149374	0.144833	0.155667	0.149377	0.144767	0.1536	0.149374	0.144833	0.155667	0.149377	0.144767	0.1536	1	1	10.1517	
9.17868	1	32	9.17557	1	32	9.1762	1	32	0	0	0	0.159415	0.154133	0.1657	0.159414	0.153833	0.1645	0.159415	0.154133	0.1657	0.159414	0.153833	0.1645	1	1	10.1511	
9.19113	1	33	9.18773	1	33	9.1893	1	33	0	0	0	0.16943	0.164867	0.176233	0.169438	0.164833	0.1745	0.16943	0.164867	0.176233	0.169438	0.164833	0.1745	1	1	10.1617	
9.17748	1	36	9.17378	1	36	9.17417	1	36	0	0	0	0.179385	0.1749	0.185833	0.179387	0.173233	0.185033	0.179385	0.1749	0.185833	0.179387	0.173233	0.185033	1	1	10.1457	
9.19606	1	39	9.19199	1	39	9.19207	1	39	0	0	0	0.18944	0.185133	0.196533	0.18945	0.184567	0.1947	0.18944	0.185133	0.196533	0.18945	0.184567	0.1947	1	1	10.1621	
9.19853	1	34	9.19407	1	34	9.19451	1	34	0	0	0	0.199437	0.195633	0.2058	0.199445	0.193433	0.2046	0.199437	0.195633	0.2058	0.199445	0.193433	0.2046	1	1	10.162	
9.20892	1	37	9.20394	1	37	9.20483	1	37	0	0	0	0.209417	0.204667	0.2156	0.209433	0.203	0.2157	0.209417	0.204667	0.2156	0.209433	0.203	0.2157	1	1	10.1688	
9.22267	1	34	9.21762	1	34	9.2183	1	34	0	0	0	0.219593	0.213967	0.227	0.219611	0.212833	0.2264	0.219593	0.213967	0.227	0.219611	0.212833	0.2264	1	1	10.1805	
9.22758	1	35	9.22204	1	35	9.22258	1	35	0	0	0	0.229599	0.224133	0.2371	0.229607	0.221567	0.234867	0.229599	0.224133	0.2371	0.229607	0.221567	0.234867	1	1	10.1831	
9.23683	1	37	9.23064	1	37	9.23141	1	37	0	0	0	0.239598	0.234233	0.247567	0.239616	0.232533	0.247167	0.239598	0.234233	0.247567	0.239616	0.232533	0.247167	1	1	10.1886	
9.25105	1	40	9.2441	1	40	9.24461	1	40	0	0	0	0.249678	0.244133	0.2562	0.24968	0.243	0.2583	0.249678	0.244133	0.2562	0.24968	0.243	0.2583	1	1	10.2007	
9.26445	1	35	9.257	1	35	9.25747	1	35	0	0	0	0.25964	0.254933	0.266767	0.25965	0.252467	0.265733	0.25964	0.254933	0.266767	0.25965	0.252467	0.265733	1	1	10.2107	
9.2662	1	37	9.25807	1	37	9.25871	1	37	0	0	0	0.269697	0.264233	0.277733	0.269709	0.261133	0.275433	0.269697	0.264233	0.277733	0.269709	0.261133	0.275433	1	1	10.2092	
9.27395	1	40	9.26492	1	40	9.26587	1	40	0	0	0	0.279699	0.274867	0.288033	0.27972	0.2718	0.2872	0.279699	0.274867	0.288033	0.27972	0.2718	0.2872	1	1	10.2127	
9.28796	1	40	9.27887	1	40	9.27964	1	40	0	0	0	0.28966	0.284867	0.2982	0.28968	0.281133	0.295633	0.28966	0.284867	0.2982	0.28968	0.281133	0.295633	1	1	10.2237	
9.28588	1	41	9.27569	1	41	9.27628	1	41	0	0	0	0.299654	0.295033	0.308233	0.299669	0.2919	0.3073	0.299654	0.295033	0.308233	0.299669	0.2919	0.3073	1	1	10.2185	
9.31436	1	38	9.30293	1	38	9.30337	1	38	0	0	0	0.309671	0.304933	0.3169	0.309694	0.301633	0.3174	0.309671	0.304933	0.3169	0.309694	0.301633	0.3174	1	1	10.2419	
9.32803	1	40	9.31598	1	40	9.31689	1	40	0	0	0	0.319631	0.3153	0.326167	0.319647	0.3128	0.330167	0.319631	0.3153	0.326167	0.319647	0.3128	0.330167	1	1	10.2517	
9.33573	1	40	9.32293	1	40	9.32336	1	40	0	0	0	0.329571	0.3241	0.337333	0.329582	0.3226	0.340767	0.329571	0.3241	0.337333	0.329582	0.3226	0.340767	1	1	10.2564	
9.3533	1	41	9.34006	1	41	9.34061	1	41	0	0	0	0.339564	0.3346	0.347433	0.339579	0.333133	0.347033	0.339564	0.3346	0.347433	0.339579	0.333133	0.347033	1	1	10.2697	
9.36112	1	41	9.34653	1	41	9.34721	1	41	0	0	0	0.349566	0.344133	0.357067	0.349586	0.340967	0.3572	0.349566	0.344133	0.357067	0.349586	0.340967	0.3572	1	1	10.2734	
9.38144	1	41	9.36556	1	41	9.36628	1	41	0	0	0	0.359429	0.354833	0.367267	0.359442	0.355333	0.37	0.359429	0.354833	0.367267	0.359442	0.355333	0.37	1	1	10.2906	
9.39246	1	41	9.37503	1	41	9.37552	1	41	0	0	0	0.3694	0.364933	0.376433	0.36941	0.3625	0.376767	0.3694	0.364933	0.376433	0.36941	0.3625	0.376767	1	1	10.2971	
9.41608	1	40	9.39712	1	40	9.39809	1	40	0	0	0	0.379397	0.374667	0.386133	0.379414	0.372167	0.3879	0.379397	0.374667	0.386133	0.379414	0.372167	0.3879	1	1	10.3154	
9.4317	1	43	9.4117	1	43	9.41249	1	43	0	0	0	0.389336	0.385	0.396833	0.389348	0.379333	0.397267	0.389336	0.385	0.396833	0.389348	0.379333	0.397267	1	1	10.3256	
9.44732	1	41	9.42545	1	41	9.42559	1	41	0	0	0	0.399407	0.3947	0.406133	0.399424	0.390633	0.4094	0.399407	0.3947	0.406133	0.399424	0.390633	0.4094	1	1	10.3357	
9.4657	1	45	9.44308	1	45	9.44393	1	45	0	0	0	0.409368	0.404433	0.417533	0.409394	0.4016	0.4183	0.409368	0.404433	0.417533	0.409394	0.4016	0.4183	1	1	10.3502	
9.47939	1	43	9.45469	1	43	9.45558	1	43	0	0	0	0.419344	0.414333	0.427767	0.41936	0.410133	0.427567	0.419344	0.414333	0.427767	0.41936	0.410133	0.427567	1	1	10.3586	
9.50143	1	41	9.47473	1	41	9.47563	1	41	0	0	0	0.429437	0.424767	0.437267	0.429456	0.422433	0.436133	0.429437	0.424767	0.437267	0.429456	0.422433	0.436133	1	1	10.3739	
9.52692	1	42	9.49816	1	41	9.49878	1	41	0	0	0	0.439369	0.4349	0.4471	0.439384	0.4317	0.4496	0.439369	0.4349	0.4471	0.439384	0.4317	0.4496	1	1	10.3931	
9.5453	1	44	9.51405	1	44	9.51485	1	44	0	0	0	0.449298	0.4449	0.457067	0.449317	0.4407	0.458733	0.449298	0.4449	0.457067	0.449317	0.4407	0.458733	1	1	10.4063	
9.56984	1	42	9.53492	1	42	9.53575	1	42	0	0	0	0.459259	0.454867	0.466233	0.459286	0.452033	0.469133	0.459259	0.454867	0.466233	0.459286	0.452033	0.469133	1	1	10.4206	
9.58838	1	46	9.55069	1	46	9.55108	1	46	0	0	0	0.469333	0.464967	0.4767	0.469348	0.4613	0.476133	0.469333	0.464967	0.4767	0.469348	0.4613	0.476133	1	1	10.4319	
9.61241	1	41	9.57358	1	41	9.5742	1	41	0	0	0	0.47926	0.4743	0.486633	0.479277	0.468067	0.488667	0.47926	0.4743	0.486633	0.479277	0.468067	0.488667	1	1	10.4507	
9.62818	1	44	9.58498	1	44	9.58572	1	44	0	0	0	0.489254	0.484	0.496567	0.489266	0.479633	0.499633	0.489254	0.484	0.496567	0.489266	0.479633	0.499633	1	1	10.4571	
9.65371	1	44	9.60823	1	44	9.60901	1	44	0	0	0	0.499178	0.494167	0.5056	0.499191	0.4903	0.511833	0.499178	0.494167	0.5056	0.499191	0.4903	0.511833	1	1	10.4768	
9.68277	1	43	9.63298	1	43	9.63365	1	43	0	0	0	0.509155	0.504	0.515533	0.509167	0.5004	0.516067	0.509155	0.504	0.515533	0.509167	0.5004	0.516067	1	1	10.4937	
9.70763	1	47	9.65335	1	46	9.65425	1	46	0	0	0	0.519157	0.513767	0.525233	0.519173	0.509133	0.528	0.519157	0.513767	0.525233	0.519173	0.509133	0.528	1	1	10.5093	
9.73385	1	46	9.67512	1	46	9.67628	1	46	0	0	0	0.529081	0.523233	0.535033	0.529104	0.520033	0.538933	0.529081	0.523233	0.535033	0.529104	0.520033	0.538933	1	1	10.5286	
9.7656	1	44	9.70369	1	44	9.70476	1	44	0	0	0	0.53911	0.533633	0.545067	0.539124	0.530867	0.550833	0.53911	0.533633	0.545067	0.539124	0.530867	0.550833	1	1	10.5488	
9.7986	1	45	9.72837	1	45	9.72922	1	45	0	0	0	0.549167	0.543233	0.554667	0.549182	0.5398	0.560267	0.549167	0.543233	0.554667	0.549182	0.5398	0.560267	1	1	10.5686	
9.81429	1	44	9.74015	1	44	9.74094	1	44	0	0	0	0.559163	0.5524	0.564933	0.559167	0.547033	0.567933	0.559163	0.5524	0.564933	0.559167	0.547033	0.567933	1	1	10.5726	
9.85239	1	49	9.76953	1	49	9.77064	1	49	0	0	0	0.56921	0.562533	0.574867	0.569221	0.560333	0.580967	0.56921	0.562533	0.574867	0.569221	0.560333	0.580967	1	1	10.5977	
9.87854	1	45	9.78793	1	45	9.78888	1	45	0	0	0	0.579327	0.572933	0.585067	0.579323	0.571733	0.591633	0.579327	0.572933	0.585067	0.579323	0.571733	0.591633	1	1	10.6084	
9.90821	1	49	9.81241	1	49	9.81302	1	49	0	0	0	0.589414	0.5829	0.594567	0.589425	0.5784	0.600767	0.589414	0.5829	0.594567	0.589425	0.5784	0.600767	1	1	10.6282	
9.9645	1	44	9.85935	1	44	9.86032	1	44	0	0	0	0.599383	0.593533	0.6047	0.599391	0.5893	0.610267	0.599383	0.593533	0.6047	0.599391	0.5893	0.610267	1	1	10.6606	
9.98775	1	44	9.86976	1	44	9.87062	1	44	0	0	0	0.609403	0.6042	0.614867	0.609416	0.601233	0.622733	0.609403	0.6042	0.614867	0.609416	0.601233	0.622733	1	1	10.6714	
10.0416	1	43	9.91541	1	43	9.91636	1	43	0	0	0	0.619465	0.614633	0.624767	0.61948	0.6095	0.6336	0.619465	0.614633	0.624767	0.61948	0.6095	0.6336	1	1	10.7076	
10.0818	1	44	9.94033	1	44	9.94145	1	44	0	0	0	0.629454	0.624267	0.635067	0.629467	0.6187	0.639833	0.629454	0.624267	0.635067	0.629467	0.6187	0.639833	1	1	10.726	
10.1251	1	48	9.9677	1	48	9.96848	1	48	0	0	0	0.63952	0.634633	0.6447	0.639515	0.629767	0.6506	0.63952	0.634633	0.6447	0.639515	0.629767	0.6506	1	1	10.7422	
10.1789	1	57	10.0048	1	57	10.0059	1	57	0	0	0	0.649576	0.644567	0.6555	0.649587	0.638333	0.658633	0.649576	0.644567	0.6555	0.649587	0.638333	0.658633	1	1	10.7699	
10.2229	1	45	10.0295	1	45	10.0305	1	45	0	0	0	0.659584	0.654133	0.665533	0.659604	0.6482	0.6694	0.659584	0.654133	0.665533	0.659604	0.6482	0.6694	1	1	10.7872	
10.2808	1	47	10.063	1	47	10.0639	1	47	0	0	0	0.669615	0.664333	0.6751	0.669636	0.660433	0.680367	0.669615	0.664333	0.6751	0.669636	0.660433	0.680367	1	1	10.8131	
10.3412	1	50	10.0969	1	50	10.0978	1	50	0	0	0	0.679547	0.674067	0.685333	0.679562	0.667733	0.6943	0.679547	0.674067	0.685333	0.679562	0.667733	0.6943	1	1	10.836	
10.4045	1	53	10.1284	1	53	10.1296	1	53	0	0	0	0.689654	0.683267	0.6959	0.689667	0.679967	0.6992	0.689654	0.683267	0.6959	0.689667	0.679967	0.6992	1	1	10.854	
10.5125	1	45	10.1888	1	45	10.1895	1	45	0	0	0	0.699706	0.693133	0.705633	0.699697	0.690533	0.7132	0.699706	0.693133	0.705633	0.699697	0.690533	0.7132	1	1	10.893	
10.5828	1	55	10.21	1	46	10.2108	1	46	0	0	0	0.709659	0.703333	0.715533	0.709651	0.699567	0.717833	0.709659	0.703333	0.715533	0.709651	0.699567	0.717833	1	1	10.9121	
10.6754	1	65	10.2475	1	52	10.2482	1	52	0	0	0	0.71962	0.714067	0.7259	0.719626	0.709233	0.731033	0.71962	0.714067	0.7259	0.719626	0.709233	0.731033	1	1	10.9388	
10.8258	1	65	10.2809	1	51	10.2822	1	51	0	0	0	0.72969	0.724633	0.736133	0.729699	0.721	0.739833	0.72969	0.724633	0.736133	0.729699	0.721	0.739833	1	1	10.9579	
11.1188	1	99	10.3474	1	53	10.3484	1	53	0	0	0	0.739774	0.734567	0.746067	0.739789	0.7307	0.748267	0.739774	0.734567	0.746067	0.739789	0.7307	0.748267	1	1	10.9951	
11.4675	1	122	10.3907	1	55	10.3917	1	55	0	0	0	0.749683	0.7436	0.756233	0.749685	0.7394	0.760767	0.749683	0.7436	0.756233	0.749685	0.7394	0.760767	1	1	11.021	
25.45	1	1486	10.4292	1	62	10.4296	1	62	0	0	0	0.759788	0.757014	0.762986	0.759652	0.752886	0.768429	0.759788	0.757014	0.762986	0.759652	0.752886	0.768429	1	1	11.0453	
72.3273	1	5126	10.4792	1	67	10.4824	1	67	0	0	0	0.769786	0.767214	0.773171	0.769221	0.763257	0.775757	0.769786	0.767214	0.773171	0.769221	0.763257	0.775757	1	1	11.0794	
137.768	1	8223	10.5289	1	57	10.5311	1	57	0	0	0	0.779791	0.777529	0.783214	0.778308	0.773071	0.7852	0.779791	0.777529	0.783214	0.778308	0.773071	0.7852	1	1	11.1035	
251.237	1	12370	10.5782	1	64	10.5835	1	64	0	0	0	0.789827	0.787543	0.793643	0.787168	0.775871	0.794343	0.789827	0.787543	0.793643	0.787168	0.775871	0.794343	1	1	11.1321	
