9.17773	1	26	9.16828	1	26	9.16795	1	26	0	0	0	0.0100281	0.0091	0.0116333	0.0100302	0.0091	0.0116333	0.0100281	0.0091	0.0116333	0.0100302	0.0091	0.0116333	1	1	10.1682	
9.18647	1	46	9.16846	1	46	9.16879	1	46	0	0	0	0.0199906	0.0186333	0.0219	0.0199911	0.0186333	0.0219	0.0199906	0.0186333	0.0219	0.0199911	0.0186333	0.0219	1	1	10.1682	
9.21921	1	46	9.19029	1	46	9.19015	1	46	0	0	0	0.0301104	0.028	0.0321333	0.0301115	0.028	0.0321333	0.0301104	0.028	0.0321333	0.0301115	0.028	0.0321333	1	1	10.1898	
9.25253	1	46	9.21199	1	46	9.21205	1	46	0	0	0	0.0400328	0.0377333	0.0423667	0.0400323	0.0377	0.0423667	0.0400328	0.0377333	0.0423667	0.0400323	0.0377	0.0423667	1	1	10.2112	
9.30469	1	46	9.25071	1	46	9.25068	1	46	0	0	0	0.0499557	0.0471	0.0527333	0.0499536	0.0471	0.0528	0.0499557	0.0471	0.0527333	0.0499536	0.0471	0.0528	1	1	10.2496	
9.35421	1	46	9.28505	1	46	9.28549	1	46	0	0	0	0.0599922	0.0568	0.063	0.0599922	0.0567667	0.063	0.0599922	0.0568	0.063	0.0599922	0.0567667	0.063	1	1	10.2832	
9.41131	1	58	9.32506	1	58	9.32506	1	58	0	0	0	0.0699875	0.0664333	0.0737333	0.0699849	0.0664	0.0737333	0.0699875	0.0664333	0.0737333	0.0699849	0.0664	0.0737333	1	1	10.3223	
9.47833	1	62	9.37334	1	62	9.37332	1	62	0	0	0	0.0798594	0.0766333	0.0837	0.0798604	0.0765	0.0837333	0.0798594	0.0766333	0.0837	0.0798604	0.0765	0.0837333	1	1	10.3693	
9.55155	1	66	9.42371	1	66	9.42422	1	66	0	0	0	0.0897703	0.0866	0.0943667	0.089774	0.0866	0.0944	0.0897703	0.0866	0.0943667	0.089774	0.0866	0.0944	1	1	10.4182	
9.64281	1	98	9.48909	1	98	9.48962	1	98	0	0	0	0.099576	0.0957333	0.104833	0.0995786	0.0957333	0.104867	0.099576	0.0957333	0.104833	0.0995786	0.0957333	0.104867	1	1	10.4814	
9.7444	1	98	9.55895	1	98	9.55952	1	98	0	0	0	0.109646	0.105467	0.114533	0.109652	0.105467	0.114567	0.109646	0.105467	0.114533	0.109652	0.105467	0.114567	1	1	10.5476	
9.86587	1	131	9.64185	1	130	9.64269	1	130	0	0	0	0.119622	0.1153	0.125333	0.119628	0.1153	0.125367	0.119622	0.1153	0.125333	0.119628	0.1153	0.125367	1	1	10.6266	
10.0203	1	142	9.74714	1	142	9.7486	1	142	0	0	0	0.129458	0.1255	0.1354	0.129462	0.1255	0.135433	0.129458	0.1255	0.1354	0.129462	0.1255	0.135433	1	1	10.7245	
10.2445	1	190	9.90334	1	190	9.90475	1	190	0	0	0	0.139445	0.1351	0.1456	0.139449	0.134967	0.145633	0.139445	0.1351	0.1456	0.139449	0.134967	0.145633	1	1	10.8697	
10.5157	1	191	10.0816	1	190	10.0842	1	190	0	0	0	0.149374	0.144833	0.155667	0.149379	0.1447	0.1557	0.149374	0.144833	0.155667	0.149379	0.1447	0.1557	1	1	11.0253	
10.9415	1	254	10.3543	1	254	10.3555	1	254	0	0	0	0.159415	0.154133	0.1657	0.159419	0.154	0.165733	0.159415	0.154133	0.1657	0.159419	0.154	0.165733	1	1	11.2362	
11.9582	1	354	11.0426	1	354	11.0461	1	354	0	0	0	0.169679	0.165975	0.174175	0.16968	0.166025	0.1743	0.169679	0.165975	0.174175	0.16968	0.166025	0.1743	1	1	11.5464	
125.733	1	1566	123.596	1	1525	124.992	1	1532	0	0	0	0.179758	0.176971	0.1831	0.179507	0.176443	0.182871	0.179758	0.176971	0.1831	0.179507	0.176443	0.182871	1	1	11.9021	
701.128	1	19927	521.112	1	5391	599.653	1	6360	0	0	0	0.189744	0.187371	0.193414	0.187896	0.1592	0.192786	0.189744	0.187371	0.193414	0.187896	0.1592	0.192786	1	1	12.0008	
