9.54508	1	28	9.54467	1	28	9.54531	1	28	0	0	0	0.0100281	0.0091	0.0116333	0.0100313	0	0.0829333	0.0100281	0.0091	0.0116333	0.0100313	0	0.0829333	1	1	10.5435	
9.57522	1	35	9.57423	1	35	9.57537	1	35	0	0	0	0.0199906	0.0186333	0.0219	0.0199922	0	0.1614	0.0199906	0.0186333	0.0219	0.0199922	0	0.1614	1	1	10.5712	
9.63172	1	35	9.63028	1	35	9.63137	1	35	0	0	0	0.0301104	0.028	0.0321333	0.030113	0	0.243967	0.0301104	0.028	0.0321333	0.030113	0	0.243967	1	1	10.6247	
9.69755	1	35	9.69564	1	35	9.69695	1	35	0	0	0	0.0400328	0.0377333	0.0423667	0.0400349	0	0.322667	0.0400328	0.0377333	0.0423667	0.0400349	0	0.322667	1	1	10.6884	
9.80128	1	37	9.79899	1	37	9.79998	1	37	0	0	0	0.0499557	0.0471	0.0527333	0.0499573	0	0.404867	0.0499557	0.0471	0.0527333	0.0499573	0	0.404867	1	1	10.7892	
9.9351	1	41	9.93204	1	41	9.93222	1	41	0	0	0	0.0599922	0.0568	0.063	0.0599922	0	0.484233	0.0599922	0.0568	0.063	0.0599922	0	0.484233	1	1	10.9202	
10.0563	1	41	10.0524	1	41	10.0529	1	41	0	0	0	0.0699875	0.0664333	0.0737333	0.0699865	0	0.565033	0.0699875	0.0664333	0.0737333	0.0699865	0	0.565033	1	1	11.0383	
10.2165	1	43	10.2116	1	43	10.2128	1	43	0	0	0	0.0798594	0.0766333	0.0837	0.0798599	0	0.645667	0.0798594	0.0766333	0.0837	0.0798599	0	0.645667	1	1	11.1951	
10.3699	1	44	10.364	1	44	10.3651	1	44	0	0	0	0.0897703	0.0866	0.0943667	0.0897776	0	0.724567	0.0897703	0.0866	0.0943667	0.0897776	0	0.724567	1	1	11.3455	
10.5728	1	45	10.566	1	45	10.5671	1	45	0	0	0	0.099576	0.0957333	0.104833	0.0995849	0	0.8035	0.099576	0.0957333	0.104833	0.0995849	0	0.8035	1	1	11.5454	
10.8265	1	53	10.8181	1	53	10.8195	1	53	0	0	0	0.109646	0.105467	0.114533	0.109664	0	0.884467	0.109646	0.105467	0.114533	0.109664	0	0.884467	1	1	11.7948	
11.0985	1	53	11.0885	1	53	11.0896	1	53	0	0	0	0.119622	0.1153	0.125333	0.119673	0	0.9669	0.119622	0.1153	0.125333	0.119673	0	0.9669	1	1	12.0625	
11.4434	1	58	11.4317	1	58	11.4396	1	58	0	0	0	0.129458	0.1255	0.1354	0.125	0	1	0.129458	0.1255	0.1354	0.125	0	1	1	1	12.4011	
11.8221	1	64	11.8075	1	64	11.8159	1	64	0	0	0	0.139445	0.1351	0.1456	0.125	0	1	0.139445	0.1351	0.1456	0.125	0	1	1	1	12.7748	
12.2611	1	71	12.2441	1	71	12.2329	1	71	0	0	0	0.149374	0.144833	0.155667	0.125	0	1	0.149374	0.144833	0.155667	0.125	0	1	1	1	13.2072	
12.7582	1	62	12.7369	1	62	12.7499	1	62	0	0	0	0.159415	0.154133	0.1657	0.125	0	1	0.159415	0.154133	0.1657	0.125	0	1	1	1	13.6963	
13.3615	1	74	13.3341	1	74	13.3266	1	74	0	0	0	0.16943	0.164867	0.176233	0.125	0	1	0.16943	0.164867	0.176233	0.125	0	1	1	1	14.2888	
14.036	1	62	14.0038	1	62	14.0579	1	72	0	0	0	0.179385	0.1749	0.185833	0.125	0	1	0.179385	0.1749	0.185833	0.125	0	1	1	1	14.9542	
14.9342	1	71	14.8934	1	71	14.9494	1	76	0	0	0	0.18944	0.185133	0.196533	0.125	0	1	0.18944	0.185133	0.196533	0.125	0	1	1	1	15.8371	
15.999	1	77	15.9472	1	77	16.0025	1	77	0	0	0	0.199437	0.195633	0.2058	0.125	0	1	0.199437	0.195633	0.2058	0.125	0	1	1	1	16.8827	
17.543	1	74	17.4707	1	74	17.4914	1	74	0	0	0	0.209417	0.204667	0.2156	0.125	0	1	0.209417	0.204667	0.2156	0.125	0	1	1	1	18.3951	
19.413	1	82	19.3043	1	82	19.3576	1	87	0	0	0	0.219593	0.213967	0.227	0.125	0	1	0.219593	0.213967	0.227	0.125	0	1	1	1	20.2119	
22.3378	1	114	22.1118	1	88	22.2084	1	105	0	0	0	0.229599	0.224133	0.2371	0.125	0	1	0.229599	0.224133	0.2371	0.125	0	1	1	1	22.9872	
33.0958	1	1172	27.5679	1	138	27.909	1	209	0	0	0	0.239598	0.234233	0.247567	0.125	0	1	0.239598	0.234233	0.247567	0.125	0	1	1	1	28.2562	
1582.38	1	70532	33.987	1	360	34.0677	1	372	0	0	0	0.249678	0.244133	0.2562	0.125	0	1	0.249678	0.244133	0.2562	0.125	0	1	1	1	33.4911	
