9.15607	1	22	9.15581	1	22	9.15773	1	22	0	0	0	0.0100281	0.0091	0.0116333	0.0100307	0.00883333	0.0111333	0.0100281	0.0091	0.0116333	0.0100307	0.00883333	0.0111333	1	1	10.1548	
9.13506	1	27	9.13472	1	27	9.13451	1	27	0	0	0	0.0199906	0.0186333	0.0219	0.0199906	0.018	0.0219667	0.0199906	0.0186333	0.0219	0.0199906	0.018	0.0219667	1	1	10.1324	
9.14175	1	28	9.14139	1	28	9.14296	1	28	0	0	0	0.0301104	0.028	0.0321333	0.0301135	0.0284	0.033	0.0301104	0.028	0.0321333	0.0301135	0.0284	0.033	1	1	10.1379	
9.12046	1	27	9.11985	1	27	9.12051	1	27	0	0	0	0.0400328	0.0377333	0.0423667	0.0400328	0.0368667	0.0427667	0.0400328	0.0377333	0.0423667	0.0400328	0.0368667	0.0427667	1	1	10.1151	
9.13864	1	28	9.13792	1	28	9.13847	1	28	0	0	0	0.0499557	0.0471	0.0527333	0.0499568	0.0470333	0.0537333	0.0499557	0.0471	0.0527333	0.0499568	0.0470333	0.0537333	1	1	10.1317	
9.14162	1	32	9.14075	1	32	9.14109	1	32	0	0	0	0.0599922	0.0568	0.063	0.0599948	0.0559667	0.0633	0.0599922	0.0568	0.063	0.0599948	0.0559667	0.0633	1	1	10.1331	
9.13522	1	28	9.13418	1	28	9.13484	1	28	0	0	0	0.0699875	0.0664333	0.0737333	0.069988	0.0662667	0.074	0.0699875	0.0664333	0.0737333	0.069988	0.0662667	0.074	1	1	10.1256	
9.12963	1	30	9.12812	1	30	9.12898	1	30	0	0	0	0.0798594	0.0766333	0.0837	0.0798599	0.0767	0.0834333	0.0798594	0.0766333	0.0837	0.0798599	0.0767	0.0834333	1	1	10.1169	
9.15577	1	34	9.15429	1	34	9.1553	1	34	0	0	0	0.0897703	0.0866	0.0943667	0.0897698	0.0843333	0.0939	0.0897703	0.0866	0.0943667	0.0897698	0.0843333	0.0939	1	1	10.1424	
9.16497	1	30	9.1634	1	30	9.16428	1	30	0	0	0	0.099576	0.0957333	0.104833	0.0995807	0.0957	0.103367	0.099576	0.0957333	0.104833	0.0995807	0.0957	0.103367	1	1	10.1496	
9.14279	1	31	9.14061	1	31	9.14199	1	31	0	0	0	0.109646	0.105467	0.114533	0.109651	0.104533	0.113533	0.109646	0.105467	0.114533	0.109651	0.104533	0.113533	1	1	10.1255	
9.15095	1	35	9.14881	1	35	9.14971	1	35	0	0	0	0.119622	0.1153	0.125333	0.119626	0.115267	0.123433	0.119622	0.1153	0.125333	0.119626	0.115267	0.123433	1	1	10.1322	
9.15435	1	31	9.15172	1	31	9.15275	1	31	0	0	0	0.129458	0.1255	0.1354	0.129456	0.1261	0.134833	0.129458	0.1255	0.1354	0.129456	0.1261	0.134833	1	1	10.1324	
9.16935	1	34	9.16655	1	34	9.1673	1	34	0	0	0	0.139445	0.1351	0.1456	0.139448	0.1348	0.143967	0.139445	0.1351	0.1456	0.139448	0.1348	0.143967	1	1	10.1463	
9.17659	1	34	9.1739	1	34	9.17403	1	34	0	0	0	0.149374	0.144833	0.155667	0.149377	0.144767	0.1536	0.149374	0.144833	0.155667	0.149377	0.144767	0.1536	1	1	10.1514	
9.17856	1	32	9.1756	1	32	9.17623	1	32	0	0	0	0.159415	0.154133	0.1657	0.159414	0.153833	0.1645	0.159415	0.154133	0.1657	0.159414	0.153833	0.1645	1	1	10.151	
9.19089	1	33	9.1877	1	33	9.18927	1	33	0	0	0	0.16943	0.164867	0.176233	0.169438	0.164833	0.1745	0.16943	0.164867	0.176233	0.169438	0.164833	0.1745	1	1	10.1616	
9.1771	1	36	9.17362	1	36	9.17401	1	36	0	0	0	0.179385	0.1749	0.185833	0.179387	0.173233	0.185033	0.179385	0.1749	0.185833	0.179387	0.173233	0.185033	1	1	10.1455	
9.19564	1	39	9.19188	1	39	9.19195	1	39	0	0	0	0.18944	0.185133	0.196533	0.189451	0.184567	0.1947	0.18944	0.185133	0.196533	0.189451	0.184567	0.1947	1	1	10.162	
9.19774	1	34	9.19369	1	34	9.19413	1	34	0	0	0	0.199437	0.195633	0.2058	0.199445	0.193433	0.2046	0.199437	0.195633	0.2058	0.199445	0.193433	0.2046	1	1	10.1615	
9.20797	1	37	9.20338	1	37	9.20428	1	37	0	0	0	0.209417	0.204667	0.2156	0.209433	0.203	0.2157	0.209417	0.204667	0.2156	0.209433	0.203	0.2157	1	1	10.1682	
9.22202	1	34	9.2176	1	34	9.21827	1	34	0	0	0	0.219593	0.213967	0.227	0.219611	0.212833	0.2264	0.219593	0.213967	0.227	0.219611	0.212833	0.2264	1	1	10.1804	
9.22665	1	35	9.22172	1	35	9.22226	1	35	0	0	0	0.229599	0.224133	0.2371	0.229607	0.221567	0.234867	0.229599	0.224133	0.2371	0.229607	0.221567	0.234867	1	1	10.1826	
9.23599	1	37	9.23066	1	37	9.23143	1	37	0	0	0	0.239598	0.234233	0.247567	0.239617	0.232533	0.247167	0.239598	0.234233	0.247567	0.239617	0.232533	0.247167	1	1	10.1885	
9.24964	1	40	9.2436	1	40	9.24412	1	40	0	0	0	0.249678	0.244133	0.2562	0.24968	0.243	0.2583	0.249678	0.244133	0.2562	0.24968	0.243	0.2583	1	1	10.2001	
9.26313	1	35	9.25681	1	35	9.25728	1	35	0	0	0	0.25964	0.254933	0.266767	0.25965	0.252467	0.265733	0.25964	0.254933	0.266767	0.25965	0.252467	0.265733	1	1	10.2103	
9.26385	1	37	9.25701	1	37	9.25765	1	37	0	0	0	0.269697	0.264233	0.277733	0.269709	0.261133	0.275433	0.269697	0.264233	0.277733	0.269709	0.261133	0.275433	1	1	10.208	
9.27228	1	40	9.26481	1	40	9.26573	1	40	0	0	0	0.279699	0.274867	0.288033	0.279719	0.2718	0.2872	0.279699	0.274867	0.288033	0.279719	0.2718	0.2872	1	1	10.2123	
9.28679	1	40	9.27931	1	40	9.28003	1	40	0	0	0	0.28966	0.284867	0.2982	0.28968	0.281133	0.295633	0.28966	0.284867	0.2982	0.28968	0.281133	0.295633	1	1	10.2238	
9.2838	1	41	9.27549	1	41	9.27609	1	41	0	0	0	0.299654	0.295033	0.308233	0.299669	0.2919	0.3073	0.299654	0.295033	0.308233	0.299669	0.2919	0.3073	1	1	10.2179	
9.312	1	41	9.303	1	41	9.30345	1	41	0	0	0	0.309671	0.304933	0.3169	0.309694	0.301633	0.3174	0.309671	0.304933	0.3169	0.309694	0.301633	0.3174	1	1	10.2417	
9.32442	1	40	9.31509	1	40	9.31602	1	40	0	0	0	0.319631	0.3153	0.326167	0.319647	0.3128	0.330167	0.319631	0.3153	0.326167	0.319647	0.3128	0.330167	1	1	10.2505	
9.33323	1	40	9.32326	1	40	9.3237	1	40	0	0	0	0.329571	0.3241	0.337333	0.329582	0.3226	0.340767	0.329571	0.3241	0.337333	0.329582	0.3226	0.340767	1	1	10.2566	
9.3496	1	41	9.33958	1	41	9.34012	1	41	0	0	0	0.339564	0.3346	0.347433	0.339579	0.333133	0.347033	0.339564	0.3346	0.347433	0.339579	0.333133	0.347033	1	1	10.2692	
9.35783	1	41	9.3468	1	41	9.34748	1	41	0	0	0	0.349566	0.344133	0.357067	0.349586	0.340967	0.3572	0.349566	0.344133	0.357067	0.349586	0.340967	0.3572	1	1	10.2732	
9.37503	1	43	9.36334	1	42	9.36408	1	42	0	0	0	0.359429	0.354833	0.367267	0.359442	0.355333	0.37	0.359429	0.354833	0.367267	0.359442	0.355333	0.37	1	1	10.2883	
9.38641	1	41	9.37367	1	41	9.37419	1	41	0	0	0	0.3694	0.364933	0.376433	0.36941	0.3625	0.376767	0.3694	0.364933	0.376433	0.36941	0.3625	0.376767	1	1	10.2958	
9.41025	1	40	9.39638	1	40	9.39738	1	40	0	0	0	0.379397	0.374667	0.386133	0.379412	0.372167	0.3879	0.379397	0.374667	0.386133	0.379412	0.372167	0.3879	1	1	10.3148	
9.42619	1	41	9.41202	1	41	9.41281	1	41	0	0	0	0.389336	0.385	0.396833	0.389347	0.379333	0.397267	0.389336	0.385	0.396833	0.389347	0.379333	0.397267	1	1	10.3257	
9.44012	1	41	9.42469	1	41	9.42486	1	41	0	0	0	0.399407	0.3947	0.406133	0.399424	0.390633	0.4094	0.399407	0.3947	0.406133	0.399424	0.390633	0.4094	1	1	10.3344	
9.45651	1	45	9.4411	1	45	9.4419	1	45	0	0	0	0.409368	0.404433	0.417533	0.409393	0.4016	0.4183	0.409368	0.404433	0.417533	0.409393	0.4016	0.4183	1	1	10.3487	
9.47054	1	43	9.45364	1	43	9.45445	1	43	0	0	0	0.419344	0.414333	0.427767	0.419361	0.410167	0.427567	0.419344	0.414333	0.427767	0.419361	0.410167	0.427567	1	1	10.3577	
9.48727	1	41	9.46955	1	41	9.47048	1	41	0	0	0	0.429437	0.424767	0.437267	0.429456	0.422433	0.436133	0.429437	0.424767	0.437267	0.429456	0.422433	0.436133	1	1	10.3689	
9.51596	1	49	9.497	1	49	9.49764	1	49	0	0	0	0.439369	0.4349	0.4471	0.439385	0.4317	0.4496	0.439369	0.4349	0.4471	0.439385	0.4317	0.4496	1	1	10.3916	
9.53157	1	45	9.51108	1	45	9.51186	1	45	0	0	0	0.449298	0.4449	0.457067	0.449317	0.4407	0.458733	0.449298	0.4449	0.457067	0.449317	0.4407	0.458733	1	1	10.4038	
9.5527	1	42	9.53012	1	42	9.53096	1	42	0	0	0	0.459259	0.454867	0.466233	0.459286	0.452033	0.469133	0.459259	0.454867	0.466233	0.459286	0.452033	0.469133	1	1	10.4164	
9.57222	1	45	9.54851	1	45	9.54894	1	45	0	0	0	0.469333	0.464967	0.4767	0.46935	0.4613	0.476133	0.469333	0.464967	0.4767	0.46935	0.4613	0.476133	1	1	10.4303	
9.59376	1	41	9.5695	1	41	9.57013	1	41	0	0	0	0.47926	0.4743	0.486633	0.479273	0.468067	0.488667	0.47926	0.4743	0.486633	0.479273	0.468067	0.488667	1	1	10.447	
9.6078	1	49	9.5807	1	49	9.58153	1	49	0	0	0	0.489254	0.484	0.496567	0.489266	0.479633	0.499633	0.489254	0.484	0.496567	0.489266	0.479633	0.499633	1	1	10.4543	
9.63176	1	57	9.60435	1	57	9.60511	1	57	0	0	0	0.499178	0.494167	0.5056	0.49919	0.4903	0.511833	0.499178	0.494167	0.5056	0.49919	0.4903	0.511833	1	1	10.4742	
9.65633	1	44	9.62592	1	44	9.62659	1	44	0	0	0	0.509155	0.504	0.515533	0.509166	0.5004	0.516067	0.509155	0.504	0.515533	0.509166	0.5004	0.516067	1	1	10.4893	
9.67799	1	43	9.64548	1	43	9.64635	1	43	0	0	0	0.519157	0.513767	0.525233	0.519174	0.509133	0.528	0.519157	0.513767	0.525233	0.519174	0.509133	0.528	1	1	10.5024	
9.70061	1	47	9.66602	1	47	9.66704	1	47	0	0	0	0.529081	0.523233	0.535033	0.529105	0.520033	0.538933	0.529081	0.523233	0.535033	0.529105	0.520033	0.538933	1	1	10.5225	
9.72835	1	44	9.6933	1	44	9.69433	1	44	0	0	0	0.53911	0.533633	0.545067	0.539127	0.530867	0.5508	0.53911	0.533633	0.545067	0.539127	0.530867	0.5508	1	1	10.5424	
9.7602	1	45	9.72051	1	45	9.72145	1	45	0	0	0	0.549167	0.543233	0.554667	0.549175	0.5398	0.560267	0.549167	0.543233	0.554667	0.549175	0.5398	0.560267	1	1	10.566	
9.77452	1	45	9.73228	1	45	9.73303	1	45	0	0	0	0.559163	0.5524	0.564933	0.559164	0.547067	0.5679	0.559163	0.5524	0.564933	0.559164	0.547067	0.5679	1	1	10.5698	
9.80646	1	61	9.76062	1	60	9.76166	1	60	0	0	0	0.56921	0.562533	0.574867	0.569225	0.560333	0.581	0.56921	0.562533	0.574867	0.569225	0.560333	0.581	1	1	10.5938	
9.82224	1	45	9.77346	1	45	9.77447	1	45	0	0	0	0.579327	0.572933	0.585067	0.579329	0.571767	0.591667	0.579327	0.572933	0.585067	0.579329	0.571767	0.591667	1	1	10.5996	
9.84942	1	47	9.79747	1	47	9.79795	1	47	0	0	0	0.589414	0.5829	0.594567	0.589422	0.5784	0.600767	0.589414	0.5829	0.594567	0.589422	0.5784	0.600767	1	1	10.6199	
9.89728	1	53	9.8418	1	53	9.84286	1	53	0	0	0	0.599383	0.593533	0.6047	0.599394	0.5893	0.610267	0.599383	0.593533	0.6047	0.599394	0.5893	0.610267	1	1	10.6518	
9.91657	1	47	9.85584	1	47	9.85691	1	47	0	0	0	0.609403	0.6042	0.614867	0.609417	0.601267	0.622733	0.609403	0.6042	0.614867	0.609417	0.601267	0.622733	1	1	10.6643	
9.95666	1	53	9.89439	1	53	9.8952	1	53	0	0	0	0.619465	0.614633	0.624767	0.619478	0.6095	0.6336	0.619465	0.614633	0.624767	0.619478	0.6095	0.6336	1	1	10.6962	
9.99348	1	46	9.92306	1	46	9.92426	1	46	0	0	0	0.629454	0.624267	0.635067	0.629472	0.618733	0.639833	0.629454	0.624267	0.635067	0.629472	0.618733	0.639833	1	1	10.7193	
10.0221	1	58	9.94662	1	58	9.94755	1	58	0	0	0	0.63952	0.634633	0.6447	0.639511	0.629767	0.6506	0.63952	0.634633	0.6447	0.639511	0.629767	0.6506	1	1	10.7299	
10.0596	1	47	9.97716	1	47	9.97837	1	47	0	0	0	0.649576	0.644567	0.6555	0.649584	0.6383	0.6587	0.649576	0.644567	0.6555	0.649584	0.6383	0.6587	1	1	10.7553	
10.0839	1	51	9.99689	1	51	9.9978	1	51	0	0	0	0.659584	0.654133	0.665533	0.659602	0.6482	0.669333	0.659584	0.654133	0.665533	0.659602	0.6482	0.669333	1	1	10.7704	
10.134	1	49	10.0379	1	49	10.0387	1	49	0	0	0	0.669615	0.664333	0.6751	0.669642	0.6605	0.680367	0.669615	0.664333	0.6751	0.669642	0.6605	0.680367	1	1	10.8049	
10.1707	1	47	10.0665	1	47	10.0675	1	47	0	0	0	0.679547	0.674067	0.685333	0.679565	0.667733	0.6943	0.679547	0.674067	0.685333	0.679565	0.667733	0.6943	1	1	10.8235	
10.213	1	52	10.0985	1	52	10.0997	1	52	0	0	0	0.689654	0.683267	0.6959	0.689656	0.679967	0.699267	0.689654	0.683267	0.6959	0.689656	0.679967	0.699267	1	1	10.8445	
10.257	1	49	10.1361	1	49	10.137	1	49	0	0	0	0.699706	0.693133	0.705633	0.699702	0.690567	0.713233	0.699706	0.693133	0.705633	0.699702	0.690567	0.713233	1	1	10.875	
10.3104	1	53	10.1735	1	53	10.1744	1	53	0	0	0	0.709659	0.703333	0.715533	0.709646	0.6996	0.717833	0.709659	0.703333	0.715533	0.709646	0.6996	0.717833	1	1	10.9001	
10.3468	1	51	10.1981	1	51	10.1986	1	51	0	0	0	0.71962	0.714067	0.7259	0.719624	0.709233	0.731067	0.71962	0.714067	0.7259	0.719624	0.709233	0.731067	1	1	10.9227	
10.392	1	51	10.2291	1	51	10.2304	1	51	0	0	0	0.72969	0.724633	0.736133	0.729693	0.721	0.7398	0.72969	0.724633	0.736133	0.729693	0.721	0.7398	1	1	10.9414	
10.4654	1	47	10.2795	1	47	10.2806	1	47	0	0	0	0.739774	0.734567	0.746067	0.739786	0.730667	0.748233	0.739774	0.734567	0.746067	0.739786	0.730667	0.748233	1	1	10.9796	
10.5108	1	53	10.3158	1	53	10.3167	1	53	0	0	0	0.749683	0.7436	0.756233	0.749682	0.739433	0.760767	0.749683	0.7436	0.756233	0.749682	0.739433	0.760767	1	1	11.0027	
10.5709	1	51	10.3528	1	51	10.3544	1	51	0	0	0	0.759735	0.7534	0.7659	0.759736	0.7513	0.771967	0.759735	0.7534	0.7659	0.759736	0.7513	0.771967	1	1	11.0256	
10.626	1	52	10.3785	1	52	10.3799	1	52	0	0	0	0.76972	0.763967	0.7754	0.769727	0.755767	0.779633	0.76972	0.763967	0.7754	0.769727	0.755767	0.779633	1	1	11.0482	
10.7379	1	54	10.4472	1	54	10.4486	1	54	0	0	0	0.779798	0.774233	0.785467	0.779808	0.767533	0.7924	0.779798	0.774233	0.785467	0.779808	0.767533	0.7924	1	1	11.081	
10.7867	1	52	10.4609	1	52	10.4621	1	52	0	0	0	0.789832	0.784733	0.795033	0.789851	0.779533	0.801367	0.789832	0.784733	0.795033	0.789851	0.779533	0.801367	1	1	11.1084	
10.8758	1	57	10.5092	1	57	10.5105	1	57	0	0	0	0.799856	0.7948	0.804767	0.799831	0.788433	0.809067	0.799856	0.7948	0.804767	0.799831	0.788433	0.809067	1	1	11.1351	
11.0067	1	56	10.5791	1	56	10.5807	1	56	0	0	0	0.809769	0.805433	0.814367	0.809765	0.800567	0.822467	0.809769	0.805433	0.814367	0.809765	0.800567	0.822467	1	1	11.1768	
11.1604	1	57	10.6268	1	57	10.6276	1	57	0	0	0	0.819793	0.815767	0.824567	0.819795	0.809833	0.830167	0.819793	0.815767	0.824567	0.819795	0.809833	0.830167	1	1	11.209	
11.2985	1	60	10.6611	1	58	10.6621	1	58	0	0	0	0.829722	0.825533	0.8347	0.829729	0.813333	0.840333	0.829722	0.825533	0.8347	0.829729	0.813333	0.840333	1	1	11.2303	
11.4994	1	61	10.7025	1	55	10.7039	1	55	0	0	0	0.839762	0.834867	0.844667	0.839756	0.825967	0.850933	0.839762	0.834867	0.844667	0.839756	0.825967	0.850933	1	1	11.2736	
12.1871	1	117	10.7651	1	58	10.7663	1	58	0	0	0	0.849804	0.8446	0.855133	0.849798	0.838033	0.863167	0.849804	0.8446	0.855133	0.849798	0.838033	0.863167	1	1	11.2982	
32.4807	1	1977	10.8454	1	73	10.8459	1	73	0	0	0	0.859958	0.857271	0.864357	0.859687	0.8518	0.867371	0.859958	0.857271	0.864357	0.859687	0.8518	0.867371	1	1	11.3386	
88.0229	1	4224	10.8818	1	63	10.8798	1	63	0	0	0	0.869873	0.867386	0.873543	0.868954	0.859529	0.875529	0.869873	0.867386	0.873543	0.868954	0.859529	0.875529	1	1	11.3762	
165.242	1	6441	10.9445	1	67	10.9433	1	67	0	0	0	0.879934	0.8778	0.883829	0.877904	0.869743	0.885714	0.879934	0.8778	0.883829	0.877904	0.869743	0.885714	1	1	11.401	
250.514	1	8705	11.0218	1	76	11.0139	1	79	0	0	0	0.889929	0.887686	0.8932	0.886931	0.878543	0.892957	0.889929	0.887686	0.8932	0.886931	0.878543	0.892957	1	1	11.4375	
