9.3459	1	22	9.34554	1	22	9.34746	1	22	0	0	0	0.0100281	0.0091	0.0116333	0.0100307	0.00886667	0.0112333	0.0100281	0.0091	0.0116333	0.0100307	0.00886667	0.0112333	1	1	10.3444	
9.36423	1	22	9.36379	1	22	9.36377	1	22	0	0	0	0.0199906	0.0186333	0.0219	0.0199911	0.0182	0.0217667	0.0199906	0.0186333	0.0219	0.0199911	0.0182	0.0217667	1	1	10.3614	
9.33427	1	25	9.33303	1	25	9.33358	1	25	0	0	0	0.0301104	0.028	0.0321333	0.0301115	0.0267333	0.0319667	0.0301104	0.028	0.0321333	0.0301115	0.0267333	0.0319667	1	1	10.3295	
9.3372	1	27	9.33482	1	27	9.3355	1	27	0	0	0	0.0400328	0.0377333	0.0423667	0.0400302	0.0375333	0.0425333	0.0400328	0.0377333	0.0423667	0.0400302	0.0375333	0.0425333	1	1	10.3298	
9.35878	1	27	9.35574	1	27	9.35649	1	27	0	0	0	0.0499557	0.0471	0.0527333	0.0499552	0.0466667	0.0528667	0.0499557	0.0471	0.0527333	0.0499552	0.0466667	0.0528667	1	1	10.3492	
9.36336	1	28	9.35915	1	28	9.35931	1	28	0	0	0	0.0599922	0.0568	0.063	0.0599953	0.0570667	0.0627333	0.0599922	0.0568	0.063	0.0599953	0.0570667	0.0627333	1	1	10.3519	
9.34721	1	29	9.34115	1	29	9.34195	1	29	0	0	0	0.0699875	0.0664333	0.0737333	0.0699823	0.0670333	0.0731	0.0699875	0.0664333	0.0737333	0.0699823	0.0670333	0.0731	1	1	10.332	
9.36697	1	30	9.35949	1	30	9.35998	1	30	0	0	0	0.0798594	0.0766333	0.0837	0.0798583	0.0765	0.0841667	0.0798594	0.0766333	0.0837	0.0798583	0.0765	0.0841667	1	1	10.3491	
9.37692	1	28	9.36709	1	28	9.36805	1	28	0	0	0	0.0897703	0.0866	0.0943667	0.089774	0.0859667	0.0936	0.0897703	0.0866	0.0943667	0.089774	0.0859667	0.0936	1	1	10.3547	
9.38315	1	30	9.37192	1	30	9.37219	1	30	0	0	0	0.099576	0.0957333	0.104833	0.0995786	0.0955333	0.1046	0.099576	0.0957333	0.104833	0.0995786	0.0955333	0.1046	1	1	10.358	
9.39229	1	34	9.37859	1	34	9.37958	1	34	0	0	0	0.109646	0.105467	0.114533	0.109652	0.105367	0.1147	0.109646	0.105467	0.114533	0.109652	0.105367	0.1147	1	1	10.3632	
9.41001	1	29	9.39323	1	29	9.3943	1	29	0	0	0	0.119622	0.1153	0.125333	0.119629	0.1147	0.124133	0.119622	0.1153	0.125333	0.119629	0.1147	0.124133	1	1	10.3763	
9.40666	1	33	9.38705	1	33	9.38759	1	33	0	0	0	0.129458	0.1255	0.1354	0.129465	0.124067	0.134667	0.129458	0.1255	0.1354	0.129465	0.124067	0.134667	1	1	10.3677	
9.43426	1	35	9.41163	1	35	9.41263	1	35	0	0	0	0.139445	0.1351	0.1456	0.139448	0.135067	0.144233	0.139445	0.1351	0.1456	0.139448	0.135067	0.144233	1	1	10.3908	
9.44634	1	34	9.41998	1	34	9.4209	1	34	0	0	0	0.149374	0.144833	0.155667	0.149373	0.143867	0.155	0.149374	0.144833	0.155667	0.149373	0.143867	0.155	1	1	10.3975	
9.45342	1	38	9.42244	1	38	9.42306	1	38	0	0	0	0.159415	0.154133	0.1657	0.159421	0.153867	0.1645	0.159415	0.154133	0.1657	0.159421	0.153867	0.1645	1	1	10.3968	
9.46438	1	36	9.42831	1	36	9.42954	1	36	0	0	0	0.16943	0.164867	0.176233	0.169441	0.164133	0.1757	0.16943	0.164867	0.176233	0.169441	0.164133	0.1757	1	1	10.4004	
9.48016	1	43	9.44013	1	43	9.44117	1	43	0	0	0	0.179385	0.1749	0.185833	0.179392	0.174233	0.185233	0.179385	0.1749	0.185833	0.179392	0.174233	0.185233	1	1	10.4096	
9.50207	1	37	9.45592	1	37	9.45669	1	37	0	0	0	0.18944	0.185133	0.196533	0.189452	0.1844	0.1947	0.18944	0.185133	0.196533	0.189452	0.1844	0.1947	1	1	10.4237	
9.52384	1	38	9.4717	1	38	9.47301	1	38	0	0	0	0.199437	0.195633	0.2058	0.199458	0.195067	0.205433	0.199437	0.195633	0.2058	0.199458	0.195067	0.205433	1	1	10.4371	
9.53306	1	41	9.47407	1	41	9.47485	1	41	0	0	0	0.209417	0.204667	0.2156	0.209429	0.2041	0.215333	0.209417	0.204667	0.2156	0.209429	0.2041	0.215333	1	1	10.4364	
9.55846	1	41	9.4925	1	41	9.4934	1	41	0	0	0	0.219593	0.213967	0.227	0.219606	0.2139	0.226033	0.219593	0.213967	0.227	0.219606	0.2139	0.226033	1	1	10.4521	
9.59366	1	49	9.51811	1	49	9.51911	1	49	0	0	0	0.229599	0.224133	0.2371	0.229611	0.224967	0.2382	0.229599	0.224133	0.2371	0.229611	0.224967	0.2382	1	1	10.4744	
9.60408	1	45	9.51875	1	45	9.51953	1	45	0	0	0	0.239598	0.234233	0.247567	0.239617	0.2331	0.244033	0.239598	0.234233	0.247567	0.239617	0.2331	0.244033	1	1	10.4723	
9.65742	1	47	9.56226	1	47	9.56289	1	47	0	0	0	0.249678	0.244133	0.2562	0.249693	0.243067	0.255	0.249678	0.244133	0.2562	0.249693	0.243067	0.255	1	1	10.5115	
9.6828	1	49	9.57657	1	48	9.57687	1	48	0	0	0	0.25964	0.254933	0.266767	0.259651	0.251467	0.268667	0.25964	0.254933	0.266767	0.259651	0.251467	0.268667	1	1	10.522	
9.70581	1	51	9.58596	1	51	9.58682	1	51	0	0	0	0.269697	0.264233	0.277733	0.269721	0.262233	0.277067	0.269697	0.264233	0.277733	0.269721	0.262233	0.277067	1	1	10.5271	
9.73642	1	54	9.60079	1	54	9.60167	1	54	0	0	0	0.279699	0.274867	0.288033	0.279707	0.272567	0.287633	0.279699	0.274867	0.288033	0.279707	0.272567	0.287633	1	1	10.5385	
9.77614	1	60	9.62355	1	59	9.62457	1	59	0	0	0	0.28966	0.284867	0.2982	0.289675	0.282267	0.296633	0.28966	0.284867	0.2982	0.289675	0.282267	0.296633	1	1	10.5545	
9.83307	1	74	9.65863	1	74	9.6593	1	74	0	0	0	0.299654	0.295033	0.308233	0.299672	0.292533	0.3087	0.299654	0.295033	0.308233	0.299672	0.292533	0.3087	1	1	10.5846	
9.87357	1	52	9.67775	1	52	9.67859	1	52	0	0	0	0.309671	0.304933	0.3169	0.30969	0.3017	0.315767	0.309671	0.304933	0.3169	0.30969	0.3017	0.315767	1	1	10.5983	
9.92253	1	92	9.69927	1	92	9.70015	1	92	0	0	0	0.319631	0.3153	0.326167	0.319652	0.313467	0.326333	0.319631	0.3153	0.326167	0.319652	0.313467	0.326333	1	1	10.611	
9.99128	1	82	9.73828	1	82	9.73887	1	82	0	0	0	0.329571	0.3241	0.337333	0.329584	0.323667	0.3365	0.329571	0.3241	0.337333	0.329584	0.323667	0.3365	1	1	10.645	
10.0499	1	64	9.75991	1	64	9.76071	1	64	0	0	0	0.339564	0.3346	0.347433	0.339591	0.3339	0.348333	0.339564	0.3346	0.347433	0.339591	0.3339	0.348333	1	1	10.6594	
10.1246	1	68	9.78878	1	68	9.78967	1	68	0	0	0	0.349566	0.344133	0.357067	0.349595	0.342467	0.358367	0.349566	0.344133	0.357067	0.349595	0.342467	0.358367	1	1	10.6806	
10.2043	1	75	9.8169	1	75	9.81781	1	75	0	0	0	0.359429	0.354833	0.367267	0.359442	0.3513	0.368067	0.359429	0.354833	0.367267	0.359442	0.3513	0.368067	1	1	10.6972	
10.3081	1	74	9.84915	1	74	9.84995	1	74	0	0	0	0.3694	0.364933	0.376433	0.369412	0.361667	0.3769	0.3694	0.364933	0.376433	0.369412	0.361667	0.3769	1	1	10.7194	
10.4458	1	88	9.89815	1	88	9.89945	1	88	0	0	0	0.379397	0.374667	0.386133	0.379413	0.3718	0.3869	0.379397	0.374667	0.386133	0.379413	0.3718	0.3869	1	1	10.7571	
10.6298	1	88	9.94066	1	88	9.94153	1	88	0	0	0	0.389336	0.385	0.396833	0.389364	0.380633	0.3957	0.389336	0.385	0.396833	0.389364	0.380633	0.3957	1	1	10.785	
10.8454	1	105	9.99054	1	81	9.99195	1	81	0	0	0	0.399407	0.3947	0.406133	0.399417	0.391067	0.410533	0.399407	0.3947	0.406133	0.399417	0.391067	0.410533	1	1	10.82	
11.1373	1	117	10.0227	1	84	10.0232	1	84	0	0	0	0.409368	0.404433	0.417533	0.409386	0.4001	0.417967	0.409368	0.404433	0.417533	0.409386	0.4001	0.417967	1	1	10.8396	
12.0712	1	217	10.0812	1	107	10.0818	1	107	0	0	0	0.419344	0.414333	0.427767	0.419394	0.412433	0.4333	0.419344	0.414333	0.427767	0.419394	0.412433	0.4333	1	1	10.8828	
32.6472	1	1360	10.1426	1	107	10.1428	1	107	0	0	0	0.429535	0.425429	0.434714	0.429449	0.424614	0.436929	0.429535	0.425429	0.434714	0.429449	0.424614	0.436929	1	1	10.9127	
238.642	1	11991	10.1882	1	109	10.1902	1	109	0	0	0	0.43946	0.434829	0.444657	0.43805	0.430986	0.443114	0.43946	0.434829	0.444657	0.43805	0.430986	0.443114	1	1	10.9358	
