6.65623	1	23	6.65353	1	23	6.6535	1	23	0	0	0	0.0100281	0.0091	0.0116333	0.0100297	0.00876667	0.0116333	0.0100281	0.0091	0.0116333	0.0100297	0.00876667	0.0116333	1	1	7.65353	
6.59817	1	25	6.59283	1	25	6.59394	1	25	0	0	0	0.0199906	0.0186333	0.0219	0.0199906	0.0173667	0.0224667	0.0199906	0.0186333	0.0219	0.0199906	0.0173667	0.0224667	1	1	7.59278	
6.60079	1	26	6.59386	1	26	6.59412	1	26	0	0	0	0.0301104	0.028	0.0321333	0.0301115	0.0275333	0.0326	0.0301104	0.028	0.0321333	0.0301115	0.0275333	0.0326	1	1	7.59379	
6.61343	1	27	6.60315	1	27	6.60449	1	27	0	0	0	0.0400328	0.0377333	0.0423667	0.0400359	0.0356333	0.0426667	0.0400328	0.0377333	0.0423667	0.0400359	0.0356333	0.0426667	1	1	7.60307	
6.58513	1	27	6.57177	1	27	6.57209	1	27	0	0	0	0.0499557	0.0471	0.0527333	0.0499557	0.0466	0.0523667	0.0499557	0.0471	0.0527333	0.0499557	0.0466	0.0523667	1	1	7.57162	
6.58099	1	31	6.56457	1	31	6.56526	1	31	0	0	0	0.0599922	0.0568	0.063	0.0599922	0.0562333	0.0626667	0.0599922	0.0568	0.063	0.0599922	0.0562333	0.0626667	1	1	7.56441	
6.56493	1	37	6.54558	1	37	6.54622	1	37	0	0	0	0.0699875	0.0664333	0.0737333	0.069987	0.0672667	0.0732	0.0699875	0.0664333	0.0737333	0.069987	0.0672667	0.0732	1	1	7.54528	
6.57216	1	37	6.54972	1	37	6.55062	1	37	0	0	0	0.0798594	0.0766333	0.0837	0.0798625	0.0756	0.0847	0.0798594	0.0766333	0.0837	0.0798625	0.0756	0.0847	1	1	7.54941	
6.5466	1	33	6.52008	1	33	6.52032	1	33	0	0	0	0.0897703	0.0866	0.0943667	0.0897745	0.0850667	0.0933	0.0897703	0.0866	0.0943667	0.0897745	0.0850667	0.0933	1	1	7.51968	
6.53322	1	36	6.50356	1	36	6.50383	1	36	0	0	0	0.099576	0.0957333	0.104833	0.0995797	0.0958	0.103333	0.099576	0.0957333	0.104833	0.0995797	0.0958	0.103333	1	1	7.50311	
6.5134	1	34	6.47936	1	34	6.47974	1	34	0	0	0	0.109646	0.105467	0.114533	0.109643	0.103667	0.1159	0.109646	0.105467	0.114533	0.109643	0.103667	0.1159	1	1	7.47894	
6.53357	1	32	6.49575	1	32	6.49646	1	32	0	0	0	0.119622	0.1153	0.125333	0.119629	0.114567	0.124867	0.119622	0.1153	0.125333	0.119629	0.114567	0.124867	1	1	7.49528	
6.52738	1	37	6.48461	1	37	6.48556	1	37	0	0	0	0.129458	0.1255	0.1354	0.129461	0.125033	0.1336	0.129458	0.1255	0.1354	0.129461	0.125033	0.1336	1	1	7.4841	
6.51401	1	37	6.46539	1	37	6.46621	1	37	0	0	0	0.139445	0.1351	0.1456	0.139447	0.1346	0.1434	0.139445	0.1351	0.1456	0.139447	0.1346	0.1434	1	1	7.46465	
6.51741	1	31	6.46415	1	31	6.46438	1	31	0	0	0	0.149374	0.144833	0.155667	0.149374	0.144033	0.1538	0.149374	0.144833	0.155667	0.149374	0.144033	0.1538	1	1	7.46346	
6.52549	1	45	6.46563	1	45	6.46623	1	45	0	0	0	0.159415	0.154133	0.1657	0.159414	0.1518	0.164433	0.159415	0.154133	0.1657	0.159414	0.1518	0.164433	1	1	7.46476	
6.52637	1	51	6.46039	1	51	6.46056	1	51	0	0	0	0.16943	0.164867	0.176233	0.169429	0.1641	0.174533	0.16943	0.164867	0.176233	0.169429	0.1641	0.174533	1	1	7.45945	
6.5356	1	48	6.46344	1	48	6.46391	1	48	0	0	0	0.179385	0.1749	0.185833	0.179385	0.1746	0.185733	0.179385	0.1749	0.185833	0.179385	0.1746	0.185733	1	1	7.46251	
6.53204	1	48	6.45345	1	48	6.45378	1	48	0	0	0	0.18944	0.185133	0.196533	0.189436	0.183467	0.199333	0.18944	0.185133	0.196533	0.189436	0.183467	0.199333	1	1	7.45245	
6.54578	1	40	6.45951	1	40	6.46011	1	40	0	0	0	0.199437	0.195633	0.2058	0.199441	0.194233	0.204433	0.199437	0.195633	0.2058	0.199441	0.194233	0.204433	1	1	7.45849	
6.55211	1	48	6.4579	1	48	6.45831	1	48	0	0	0	0.209417	0.204667	0.2156	0.209424	0.204033	0.2154	0.209417	0.204667	0.2156	0.209424	0.204033	0.2154	1	1	7.45669	
6.55313	1	42	6.45109	1	41	6.45175	1	41	0	0	0	0.219593	0.213967	0.227	0.219606	0.2134	0.2253	0.219593	0.213967	0.227	0.219606	0.2134	0.2253	1	1	7.44979	
6.56728	1	53	6.4531	1	53	6.45372	1	53	0	0	0	0.229599	0.224133	0.2371	0.229612	0.224067	0.234167	0.229599	0.224133	0.2371	0.229612	0.224067	0.234167	1	1	7.45162	
6.57665	1	44	6.45414	1	44	6.45416	1	44	0	0	0	0.239598	0.234233	0.247567	0.239608	0.231867	0.246033	0.239598	0.234233	0.247567	0.239608	0.231867	0.246033	1	1	7.45268	
6.59197	1	50	6.45981	1	50	6.46038	1	50	0	0	0	0.249678	0.244133	0.2562	0.249683	0.243767	0.258967	0.249678	0.244133	0.2562	0.249683	0.243767	0.258967	1	1	7.45814	
6.60532	1	54	6.45885	1	54	6.45962	1	54	0	0	0	0.25964	0.254933	0.266767	0.259655	0.2519	0.266967	0.25964	0.254933	0.266767	0.259655	0.2519	0.266967	1	1	7.45714	
6.62667	1	54	6.46667	1	53	6.46757	1	53	0	0	0	0.269697	0.264233	0.277733	0.26971	0.2628	0.278	0.269697	0.264233	0.277733	0.26971	0.2628	0.278	1	1	7.46466	
6.63905	1	58	6.46716	1	58	6.46747	1	58	0	0	0	0.279699	0.274867	0.288033	0.27971	0.270733	0.287833	0.279699	0.274867	0.288033	0.27971	0.270733	0.287833	1	1	7.46526	
6.65871	1	52	6.4729	1	52	6.47345	1	52	0	0	0	0.28966	0.284867	0.2982	0.289667	0.2836	0.2963	0.28966	0.284867	0.2982	0.289667	0.2836	0.2963	1	1	7.47074	
6.6946	1	58	6.49201	1	58	6.49274	1	58	0	0	0	0.299654	0.295033	0.308233	0.299664	0.289667	0.308	0.299654	0.295033	0.308233	0.299664	0.289667	0.308	1	1	7.48957	
6.7076	1	73	6.48553	1	73	6.48627	1	73	0	0	0	0.309671	0.304933	0.3169	0.309695	0.302533	0.3197	0.309671	0.304933	0.3169	0.309695	0.302533	0.3197	1	1	7.48274	
6.73513	1	62	6.49212	1	62	6.49268	1	62	0	0	0	0.319631	0.3153	0.326167	0.319647	0.312367	0.327233	0.319631	0.3153	0.326167	0.319647	0.312367	0.327233	1	1	7.48936	
6.76233	1	55	6.49621	1	55	6.49679	1	55	0	0	0	0.329571	0.3241	0.337333	0.329589	0.321433	0.335067	0.329571	0.3241	0.337333	0.329589	0.321433	0.335067	1	1	7.49312	
6.79095	1	65	6.50671	1	65	6.50713	1	65	0	0	0	0.339564	0.3346	0.347433	0.339582	0.330267	0.346833	0.339564	0.3346	0.347433	0.339582	0.330267	0.346833	1	1	7.50337	
6.81307	1	72	6.50842	1	72	6.50892	1	72	0	0	0	0.349566	0.344133	0.357067	0.349578	0.340867	0.359133	0.349566	0.344133	0.357067	0.349578	0.340867	0.359133	1	1	7.50502	
6.86488	1	63	6.52885	1	63	6.52937	1	63	0	0	0	0.359429	0.354833	0.367267	0.359446	0.352267	0.367733	0.359429	0.354833	0.367267	0.359446	0.352267	0.367733	1	1	7.52514	
6.90473	1	82	6.54011	1	82	6.54074	1	82	0	0	0	0.3694	0.364933	0.376433	0.369411	0.3627	0.378133	0.3694	0.364933	0.376433	0.369411	0.3627	0.378133	1	1	7.53626	
6.9592	1	78	6.55615	1	76	6.55679	1	76	0	0	0	0.379397	0.374667	0.386133	0.379411	0.371933	0.387233	0.379397	0.374667	0.386133	0.379411	0.371933	0.387233	1	1	7.55211	
6.98998	1	73	6.55265	1	73	6.55343	1	73	0	0	0	0.389336	0.385	0.396833	0.389336	0.379633	0.3997	0.389336	0.385	0.396833	0.389336	0.379633	0.3997	1	1	7.54815	
7.06377	1	78	6.57274	1	78	6.57336	1	78	0	0	0	0.399407	0.3947	0.406133	0.399413	0.3902	0.406733	0.399407	0.3947	0.406133	0.399413	0.3902	0.406733	1	1	7.56774	
7.12395	1	97	6.58443	1	97	6.58523	1	97	0	0	0	0.409368	0.404433	0.417533	0.409368	0.400667	0.4178	0.409368	0.404433	0.417533	0.409368	0.400667	0.4178	1	1	7.57914	
7.21227	1	81	6.6041	1	77	6.60493	1	77	0	0	0	0.419344	0.414333	0.427767	0.419352	0.409	0.4284	0.419344	0.414333	0.427767	0.419352	0.409	0.4284	1	1	7.59814	
7.25716	1	91	6.61412	1	91	6.61465	1	91	0	0	0	0.429437	0.424767	0.437267	0.429443	0.418733	0.438	0.429437	0.424767	0.437267	0.429443	0.418733	0.438	1	1	7.60779	
7.37405	1	107	6.63651	1	105	6.63703	1	105	0	0	0	0.439369	0.4349	0.4471	0.439381	0.4292	0.4459	0.439369	0.4349	0.4471	0.439381	0.4292	0.4459	1	1	7.6303	
7.45926	1	124	6.649	1	124	6.64967	1	124	0	0	0	0.449298	0.4449	0.457067	0.4493	0.4407	0.4589	0.449298	0.4449	0.457067	0.4493	0.4407	0.4589	1	1	7.64187	
7.58769	1	83	6.66829	1	83	6.66915	1	83	0	0	0	0.459259	0.454867	0.466233	0.459268	0.4498	0.4697	0.459259	0.454867	0.466233	0.459268	0.4498	0.4697	1	1	7.66054	
7.74148	1	84	6.69005	1	84	6.69087	1	84	0	0	0	0.469333	0.464967	0.4767	0.469341	0.462867	0.476733	0.469333	0.464967	0.4767	0.469341	0.462867	0.476733	1	1	7.68159	
7.88387	1	93	6.71303	1	93	6.71367	1	93	0	0	0	0.47926	0.4743	0.486633	0.479269	0.470967	0.488933	0.47926	0.4743	0.486633	0.479269	0.470967	0.488933	1	1	7.70436	
8.077	1	109	6.72417	1	109	6.72509	1	109	0	0	0	0.489254	0.484	0.496567	0.489272	0.479233	0.4962	0.489254	0.484	0.496567	0.489272	0.479233	0.4962	1	1	7.71463	
8.2822	1	117	6.74845	1	111	6.74913	1	111	0	0	0	0.499178	0.494167	0.5056	0.499206	0.491033	0.510567	0.499178	0.494167	0.5056	0.499206	0.491033	0.510567	1	1	7.73829	
8.63244	1	104	6.77113	1	99	6.77167	1	99	0	0	0	0.509155	0.504	0.515533	0.509165	0.499967	0.5193	0.509155	0.504	0.515533	0.509165	0.499967	0.5193	1	1	7.75991	
8.96403	1	125	6.78125	1	120	6.78171	1	120	0	0	0	0.519157	0.513767	0.525233	0.519191	0.506867	0.528033	0.519157	0.513767	0.525233	0.519191	0.506867	0.528033	1	1	7.76927	
9.74836	1	150	6.80849	1	110	6.80878	1	110	0	0	0	0.529081	0.523233	0.535033	0.529102	0.520267	0.5361	0.529081	0.523233	0.535033	0.529102	0.520267	0.5361	1	1	7.7956	
12.7352	1	456	6.83325	1	118	6.8336	1	118	0	0	0	0.539461	0.53438	0.54458	0.539459	0.53094	0.54652	0.539461	0.53438	0.54458	0.539459	0.53094	0.54652	1	1	7.81942	
69.1685	1	4124	6.8613	1	154	6.86122	1	154	0	0	0	0.549469	0.544614	0.553886	0.548981	0.541786	0.5551	0.549469	0.544614	0.553886	0.548981	0.541786	0.5551	1	1	7.84594	
168.021	1	8419	6.8794	1	166	6.8823	1	166	0	0	0	0.5595	0.554571	0.564029	0.558104	0.551929	0.5637	0.5595	0.554571	0.564029	0.558104	0.551929	0.5637	1	1	7.86298	
315.176	1	13447	6.90994	1	144	6.90887	1	144	0	0	0	0.569552	0.565214	0.574457	0.567034	0.560114	0.5762	0.569552	0.565214	0.574457	0.567034	0.560114	0.5762	1	1	7.89212	
