9.14002	1	20	9.14002	1	20	9.13973	1	20	0	0	0	0.0100281	0.0091	0.0116333	0.0100302	0.0091	0.0116333	0.0100281	0.0091	0.0116333	0.0100302	0.0091	0.0116333	1	1	10.14	
9.11487	1	20	9.11487	1	20	9.11527	1	20	0	0	0	0.0199906	0.0186333	0.0219	0.0199911	0.0186333	0.0219	0.0199906	0.0186333	0.0219	0.0199911	0.0186333	0.0219	1	1	10.1149	
9.10911	1	20	9.10909	1	20	9.10912	1	20	0	0	0	0.0301104	0.028	0.0321333	0.030112	0.028	0.0321333	0.0301104	0.028	0.0321333	0.030112	0.028	0.0321333	1	1	10.1091	
9.0972	1	24	9.09713	1	24	9.09725	1	24	0	0	0	0.0400328	0.0377333	0.0423667	0.0400333	0.0377	0.0423667	0.0400328	0.0377333	0.0423667	0.0400333	0.0377	0.0423667	1	1	10.0971	
9.09813	1	24	9.09799	1	24	9.09813	1	24	0	0	0	0.0499557	0.0471	0.0527333	0.0499547	0.0471	0.0528	0.0499557	0.0471	0.0527333	0.0499547	0.0471	0.0528	1	1	10.098	
9.09305	1	24	9.09291	1	24	9.0933	1	24	0	0	0	0.0599922	0.0568	0.063	0.0599922	0.0567667	0.063	0.0599922	0.0568	0.063	0.0599922	0.0567667	0.063	1	1	10.0929	
9.08958	1	24	9.08938	1	24	9.08962	1	24	0	0	0	0.0699875	0.0664333	0.0737333	0.0699865	0.0664	0.0737333	0.0699875	0.0664333	0.0737333	0.0699865	0.0664	0.0737333	1	1	10.0894	
9.0971	1	24	9.09678	1	24	9.09696	1	24	0	0	0	0.0798594	0.0766333	0.0837	0.0798615	0.0765	0.0837333	0.0798594	0.0766333	0.0837	0.0798615	0.0765	0.0837333	1	1	10.0968	
9.09438	1	24	9.09394	1	24	9.09457	1	24	0	0	0	0.0897703	0.0866	0.0943667	0.089775	0.0866	0.0944	0.0897703	0.0866	0.0943667	0.089775	0.0866	0.0944	1	1	10.0939	
9.09581	1	24	9.09526	1	24	9.09585	1	24	0	0	0	0.099576	0.0957333	0.104833	0.0995807	0.0957333	0.104867	0.099576	0.0957333	0.104833	0.0995807	0.0957333	0.104867	1	1	10.0952	
9.09734	1	25	9.09669	1	25	9.09728	1	25	0	0	0	0.109646	0.105467	0.114533	0.109653	0.105467	0.114567	0.109646	0.105467	0.114533	0.109653	0.105467	0.114567	1	1	10.0966	
9.10044	1	25	9.09968	1	25	9.10017	1	25	0	0	0	0.119622	0.1153	0.125333	0.119627	0.1153	0.125367	0.119622	0.1153	0.125333	0.119627	0.1153	0.125367	1	1	10.0996	
9.10337	1	25	9.10246	1	25	9.10296	1	25	0	0	0	0.129458	0.1255	0.1354	0.129461	0.1255	0.135433	0.129458	0.1255	0.1354	0.129461	0.1255	0.135433	1	1	10.1024	
9.10599	1	25	9.10492	1	25	9.10531	1	25	0	0	0	0.139445	0.1351	0.1456	0.139447	0.135	0.145633	0.139445	0.1351	0.1456	0.139447	0.135	0.145633	1	1	10.1048	
9.10549	1	25	9.10418	1	25	9.10458	1	25	0	0	0	0.149374	0.144833	0.155667	0.149376	0.144733	0.1557	0.149374	0.144833	0.155667	0.149376	0.144733	0.1557	1	1	10.1041	
9.10842	1	25	9.1069	1	25	9.1073	1	25	0	0	0	0.159415	0.154133	0.1657	0.159416	0.154033	0.165733	0.159415	0.154133	0.1657	0.159416	0.154033	0.165733	1	1	10.1068	
9.11077	1	25	9.10904	1	25	9.10943	1	25	0	0	0	0.16943	0.164867	0.176233	0.169434	0.164767	0.176267	0.16943	0.164867	0.176233	0.169434	0.164767	0.176267	1	1	10.1088	
9.11126	1	26	9.10917	1	26	9.10959	1	26	0	0	0	0.179385	0.1749	0.185833	0.17939	0.174933	0.185867	0.179385	0.1749	0.185833	0.17939	0.174933	0.185867	1	1	10.1089	
9.11492	1	26	9.11252	1	26	9.11293	1	26	0	0	0	0.18944	0.185133	0.196533	0.189444	0.185033	0.196567	0.18944	0.185133	0.196533	0.189444	0.185033	0.196567	1	1	10.1122	
9.11692	1	26	9.11417	1	26	9.11462	1	26	0	0	0	0.199437	0.195633	0.2058	0.199443	0.195533	0.205833	0.199437	0.195633	0.2058	0.199443	0.195533	0.205833	1	1	10.1138	
9.12005	1	30	9.11693	1	30	9.11736	1	30	0	0	0	0.209417	0.204667	0.2156	0.209423	0.2046	0.215667	0.209417	0.204667	0.2156	0.209423	0.2046	0.215667	1	1	10.1164	
9.12617	1	30	9.12255	1	30	9.12296	1	30	0	0	0	0.219593	0.213967	0.227	0.219602	0.213867	0.227033	0.219593	0.213967	0.227	0.219602	0.213867	0.227033	1	1	10.1219	
9.12781	1	30	9.12369	1	30	9.12417	1	30	0	0	0	0.229599	0.224133	0.2371	0.229607	0.2241	0.2371	0.229599	0.224133	0.2371	0.229607	0.2241	0.2371	1	1	10.1229	
9.13149	1	30	9.12688	1	30	9.12733	1	30	0	0	0	0.239598	0.234233	0.247567	0.239606	0.234133	0.247567	0.239598	0.234233	0.247567	0.239606	0.234133	0.247567	1	1	10.126	
9.13579	1	30	9.1306	1	30	9.13106	1	30	0	0	0	0.249678	0.244133	0.2562	0.249686	0.244033	0.2562	0.249678	0.244133	0.2562	0.249686	0.244033	0.2562	1	1	10.1296	
9.14097	1	30	9.13513	1	30	9.13556	1	30	0	0	0	0.25964	0.254933	0.266767	0.25965	0.254833	0.266767	0.25964	0.254933	0.266767	0.25965	0.254833	0.266767	1	1	10.1339	
9.14505	1	30	9.13844	1	30	9.1389	1	30	0	0	0	0.269697	0.264233	0.277733	0.269706	0.264067	0.277733	0.269697	0.264233	0.277733	0.269706	0.264067	0.277733	1	1	10.1371	
9.14818	1	30	9.1409	1	30	9.14141	1	30	0	0	0	0.279699	0.274867	0.288033	0.279707	0.2747	0.288033	0.279699	0.274867	0.288033	0.279707	0.2747	0.288033	1	1	10.1393	
9.15095	1	30	9.14282	1	30	9.14348	1	30	0	0	0	0.28966	0.284867	0.2982	0.289668	0.284733	0.2982	0.28966	0.284867	0.2982	0.289668	0.284733	0.2982	1	1	10.1409	
9.15595	1	30	9.14696	1	30	9.14755	1	30	0	0	0	0.299654	0.295033	0.308233	0.299665	0.2949	0.308233	0.299654	0.295033	0.308233	0.299665	0.2949	0.308233	1	1	10.1448	
9.16213	1	31	9.15213	1	31	9.15273	1	31	0	0	0	0.309671	0.304933	0.3169	0.309684	0.3048	0.3169	0.309671	0.304933	0.3169	0.309684	0.3048	0.3169	1	1	10.1497	
9.17039	1	35	9.15944	1	35	9.16002	1	35	0	0	0	0.319631	0.3153	0.326167	0.319644	0.315133	0.326167	0.319631	0.3153	0.326167	0.319644	0.315133	0.326167	1	1	10.1567	
9.17658	1	31	9.16449	1	31	9.16502	1	31	0	0	0	0.329571	0.3241	0.337333	0.329584	0.323933	0.337333	0.329571	0.3241	0.337333	0.329584	0.323933	0.337333	1	1	10.1613	
9.1844	1	34	9.17099	1	34	9.17146	1	34	0	0	0	0.339564	0.3346	0.347433	0.339579	0.334433	0.347433	0.339564	0.3346	0.347433	0.339579	0.334433	0.347433	1	1	10.1675	
9.19178	1	33	9.17682	1	33	9.17729	1	33	0	0	0	0.349566	0.344133	0.357067	0.349579	0.344	0.357067	0.349566	0.344133	0.357067	0.349579	0.344	0.357067	1	1	10.1728	
9.19926	1	33	9.18261	1	33	9.18311	1	33	0	0	0	0.359429	0.354833	0.367267	0.359443	0.3549	0.3673	0.359429	0.354833	0.367267	0.359443	0.3549	0.3673	1	1	10.1778	
9.20917	1	34	9.19078	1	34	9.19133	1	34	0	0	0	0.3694	0.364933	0.376433	0.369413	0.364867	0.376467	0.3694	0.364933	0.376433	0.369413	0.364867	0.376467	1	1	10.1853	
9.21946	1	34	9.19912	1	34	9.19971	1	34	0	0	0	0.379397	0.374667	0.386133	0.379409	0.3746	0.386167	0.379397	0.374667	0.386133	0.379409	0.3746	0.386167	1	1	10.1928	
9.23051	1	43	9.20808	1	43	9.20866	1	43	0	0	0	0.389336	0.385	0.396833	0.389352	0.384967	0.396867	0.389336	0.385	0.396833	0.389352	0.384967	0.396867	1	1	10.2008	
9.24327	1	43	9.21815	1	43	9.21879	1	43	0	0	0	0.399407	0.3947	0.406133	0.399421	0.394667	0.406167	0.399407	0.3947	0.406133	0.399421	0.394667	0.406167	1	1	10.2096	
9.25941	1	43	9.23144	1	43	9.23209	1	43	0	0	0	0.409368	0.404433	0.417533	0.409383	0.404433	0.417667	0.409368	0.404433	0.417533	0.409383	0.404433	0.417667	1	1	10.2214	
9.2751	1	41	9.24378	1	41	9.2445	1	41	0	0	0	0.419344	0.414333	0.427767	0.41936	0.414333	0.427867	0.419344	0.414333	0.427767	0.41936	0.414333	0.427867	1	1	10.2321	
9.29179	1	37	9.25696	1	37	9.2576	1	37	0	0	0	0.429437	0.424767	0.437267	0.429454	0.424767	0.437367	0.429437	0.424767	0.437267	0.429454	0.424767	0.437367	1	1	10.2432	
9.31096	1	46	9.27195	1	46	9.27257	1	46	0	0	0	0.439369	0.4349	0.4471	0.439389	0.434933	0.447233	0.439369	0.4349	0.4471	0.439389	0.434933	0.447233	1	1	10.256	
9.33122	1	46	9.28745	1	46	9.28805	1	46	0	0	0	0.449298	0.4449	0.457067	0.449312	0.444933	0.457133	0.449298	0.4449	0.457067	0.449312	0.444933	0.457133	1	1	10.2683	
9.35383	1	62	9.30488	1	62	9.3055	1	62	0	0	0	0.459259	0.454867	0.466233	0.459276	0.454833	0.466333	0.459259	0.454867	0.466233	0.459276	0.454833	0.466333	1	1	10.2816	
9.37906	1	50	9.32396	1	50	9.3245	1	50	0	0	0	0.469333	0.464967	0.4767	0.469348	0.465	0.4768	0.469333	0.464967	0.4767	0.469348	0.465	0.4768	1	1	10.2971	
9.41227	1	79	9.34899	1	79	9.34957	1	79	0	0	0	0.47926	0.4743	0.486633	0.479279	0.474267	0.486767	0.47926	0.4743	0.486633	0.479279	0.474267	0.486767	1	1	10.3154	
9.45006	1	66	9.37725	1	66	9.37787	1	66	0	0	0	0.489254	0.484	0.496567	0.489274	0.483967	0.496667	0.489254	0.484	0.496567	0.489274	0.483967	0.496667	1	1	10.3349	
9.49385	1	66	9.40772	1	66	9.40826	1	66	0	0	0	0.499178	0.494167	0.5056	0.499197	0.494133	0.505667	0.499178	0.494167	0.5056	0.499197	0.494133	0.505667	1	1	10.3575	
9.55701	1	79	9.45515	1	79	9.45591	1	79	0	0	0	0.509155	0.504	0.515533	0.509181	0.503967	0.515567	0.509155	0.504	0.515533	0.509181	0.503967	0.515567	1	1	10.3869	
9.64749	1	78	9.52187	1	78	9.52264	1	78	0	0	0	0.519157	0.513767	0.525233	0.519184	0.513733	0.5253	0.519157	0.513767	0.525233	0.519184	0.513733	0.5253	1	1	10.4217	
9.83223	1	83	9.66038	1	83	9.6611	1	83	0	0	0	0.529081	0.523233	0.535033	0.529108	0.523233	0.5351	0.529081	0.523233	0.535033	0.529108	0.523233	0.5351	1	1	10.4711	
11.0605	1	219	10.7514	1	165	10.7544	1	165	0	0	0	0.539426	0.534129	0.543986	0.539452	0.534129	0.544043	0.539426	0.534129	0.543986	0.539452	0.534129	0.544043	1	1	10.531	
53.0448	1	1992	52.0644	1	1894	52.7303	1	1944	0	0	0	0.549469	0.544614	0.553886	0.549196	0.544614	0.553814	0.549469	0.544614	0.553886	0.549196	0.544614	0.553814	1	1	10.6102	
146.357	1	7773	92.3474	1	2624	99.1099	1	2720	0	0	0	0.5595	0.554571	0.564029	0.558493	0.528171	0.564029	0.5595	0.554571	0.564029	0.558493	0.528171	0.564029	1	1	10.6671	
281.195	1	16658	141.931	1	2859	162.982	1	3002	0	0	0	0.569552	0.565214	0.574457	0.567462	0.497529	0.573986	0.569552	0.565214	0.574457	0.567462	0.497529	0.573986	1	1	10.7136	
