9.78514	2	24	9.77792	2	24	9.78049	2	24	0	0	0	0.0100281	0.0091	0.0116333	0.0100302	0.0091	0.0117	0.0100281	0.0091	0.0116333	0.0100302	0.0091	0.0117	1	1	10.7779	
9.75223	2	24	9.73852	2	24	9.74019	2	24	0	0	0	0.0199906	0.0186333	0.0219	0.0199906	0.0186333	0.0219	0.0199906	0.0186333	0.0219	0.0199906	0.0186333	0.0219	1	1	10.7384	
9.73442	2	24	9.7124	2	24	9.71347	2	24	0	0	0	0.0301104	0.028	0.0321333	0.0301109	0.028	0.0321333	0.0301104	0.028	0.0321333	0.0301109	0.028	0.0321333	1	1	10.7123	
9.74595	2	24	9.71409	2	24	9.7154	2	24	0	0	0	0.0400328	0.0377333	0.0423667	0.0400333	0.0377	0.0423667	0.0400328	0.0377333	0.0423667	0.0400333	0.0377	0.0423667	1	1	10.7138	
9.75863	2	24	9.71687	2	24	9.71771	2	24	0	0	0	0.0499557	0.0471	0.0527333	0.0499536	0.0470667	0.0528	0.0499557	0.0471	0.0527333	0.0499536	0.0470667	0.0528	1	1	10.7164	
9.78208	2	24	9.72825	2	24	9.72906	2	24	0	0	0	0.0599922	0.0568	0.063	0.0599911	0.0567333	0.063	0.0599922	0.0568	0.063	0.0599911	0.0567333	0.063	1	1	10.7276	
9.80014	2	24	9.73364	2	24	9.73457	2	24	0	0	0	0.0699875	0.0664333	0.0737333	0.0699844	0.0663667	0.0737333	0.0699875	0.0664333	0.0737333	0.0699844	0.0663667	0.0737333	1	1	10.7326	
9.82769	2	25	9.74623	2	24	9.7469	2	24	0	0	0	0.0798594	0.0766333	0.0837	0.0798609	0.0765	0.0837333	0.0798594	0.0766333	0.0837	0.0798609	0.0765	0.0837333	1	1	10.7448	
9.86546	2	25	9.76636	2	24	9.76723	2	24	0	0	0	0.0897703	0.0866	0.0943667	0.0897766	0.0866	0.0944333	0.0897703	0.0866	0.0943667	0.0897766	0.0866	0.0944333	1	1	10.7642	
9.89946	2	27	9.78133	2	24	9.78238	2	24	0	0	0	0.099576	0.0957333	0.104833	0.0995839	0.0957333	0.1049	0.099576	0.0957333	0.104833	0.0995839	0.0957333	0.1049	1	1	10.7786	
9.94451	2	29	9.80524	2	24	9.80626	2	24	0	0	0	0.109646	0.105467	0.114533	0.109656	0.105467	0.1146	0.109646	0.105467	0.114533	0.109656	0.105467	0.1146	1	1	10.8017	
9.99765	2	30	9.83066	2	24	9.83147	2	24	0	0	0	0.119622	0.1153	0.125333	0.119633	0.1153	0.1254	0.119622	0.1153	0.125333	0.119633	0.1153	0.1254	1	1	10.8261	
10.0695	2	32	9.87109	2	24	9.87184	2	24	0	0	0	0.129458	0.1255	0.1354	0.129467	0.1255	0.135467	0.129458	0.1255	0.1354	0.129467	0.1255	0.135467	1	1	10.8652	
10.14	2	37	9.90708	2	25	9.90759	2	25	0	0	0	0.139445	0.1351	0.1456	0.139452	0.134967	0.145667	0.139445	0.1351	0.1456	0.139452	0.134967	0.145667	1	1	10.9	
10.219	2	40	9.94241	2	25	9.94297	2	25	0	0	0	0.149374	0.144833	0.155667	0.149381	0.1447	0.155733	0.149374	0.144833	0.155667	0.149381	0.1447	0.155733	1	1	10.9337	
10.3222	2	41	9.99269	2	26	9.99338	2	26	0	0	0	0.159415	0.154133	0.1657	0.159424	0.154	0.165767	0.159415	0.154133	0.1657	0.159424	0.154	0.165767	1	1	10.9818	
10.4482	2	43	10.0553	2	26	10.0561	2	26	0	0	0	0.16943	0.164867	0.176233	0.169446	0.164733	0.176367	0.16943	0.164867	0.176233	0.169446	0.164733	0.176367	1	1	11.0414	
10.596	2	48	10.1217	2	27	10.1224	2	27	0	0	0	0.179385	0.1749	0.185833	0.179399	0.1749	0.185933	0.179385	0.1749	0.185833	0.179399	0.1749	0.185933	1	1	11.1052	
10.8057	2	60	10.2169	2	30	10.2178	2	30	0	0	0	0.18944	0.185133	0.196533	0.189454	0.1851	0.196633	0.18944	0.185133	0.196533	0.189454	0.1851	0.196633	1	1	11.1938	
11.0746	2	83	10.3405	2	34	10.3415	2	34	0	0	0	0.199437	0.195633	0.2058	0.199457	0.1956	0.206	0.199437	0.195633	0.2058	0.199457	0.1956	0.206	1	1	11.3093	
11.4689	2	95	10.5267	2	52	10.529	2	52	0	0	0	0.209417	0.204667	0.2156	0.209427	0.204633	0.2158	0.209417	0.204667	0.2156	0.209427	0.204633	0.2158	1	1	11.4836	
12.2586	2	128	10.9479	2	72	10.9491	2	72	0	0	0	0.219593	0.213967	0.227	0.219611	0.213933	0.226967	0.219593	0.213967	0.227	0.219611	0.213933	0.226967	1	1	11.8705	
22.6961	2	1146	12.2058	2	104	12.2027	2	104	0	0	0	0.229797	0.226986	0.233014	0.229794	0.226957	0.233043	0.229797	0.226986	0.233014	0.229794	0.226957	0.233043	1	1	13.0293	
2739.18	2	131139	14.1932	2	148	14.8293	2	167	0	0	0	0.239746	0.23635	0.246225	0.235368	0.093075	0.246225	0.239746	0.23635	0.246225	0.235368	0.093075	0.246225	1	1	13.8835	
