6.65415	1	22	6.65254	1	22	6.65251	1	22	0	0	0	0.0100281	0.0091	0.0116333	0.0100297	0.00876667	0.0116333	0.0100281	0.0091	0.0116333	0.0100297	0.00876667	0.0116333	1	1	7.65249	
6.59588	1	22	6.59207	1	22	6.59318	1	22	0	0	0	0.0199906	0.0186333	0.0219	0.0199906	0.0173667	0.0224667	0.0199906	0.0186333	0.0219	0.0199906	0.0173667	0.0224667	1	1	7.59189	
6.5955	1	22	6.59031	1	22	6.59058	1	22	0	0	0	0.0301104	0.028	0.0321333	0.0301115	0.0275333	0.0326	0.0301104	0.028	0.0321333	0.0301115	0.0275333	0.0326	1	1	7.59012	
6.60569	1	22	6.59829	1	22	6.59945	1	22	0	0	0	0.0400328	0.0377333	0.0423667	0.0400359	0.0356333	0.0426667	0.0400328	0.0377333	0.0423667	0.0400359	0.0356333	0.0426667	1	1	7.598	
6.57324	1	22	6.56358	1	22	6.56391	1	22	0	0	0	0.0499557	0.0471	0.0527333	0.0499563	0.0466	0.0523667	0.0499557	0.0471	0.0527333	0.0499563	0.0466	0.0523667	1	1	7.56311	
6.56852	1	24	6.55708	1	24	6.55778	1	24	0	0	0	0.0599922	0.0568	0.063	0.0599922	0.0562333	0.0626667	0.0599922	0.0568	0.063	0.0599922	0.0562333	0.0626667	1	1	7.55657	
6.5471	1	26	6.53367	1	26	6.53433	1	26	0	0	0	0.0699875	0.0664333	0.0737333	0.069987	0.0672667	0.0732	0.0699875	0.0664333	0.0737333	0.069987	0.0672667	0.0732	1	1	7.53297	
6.55213	1	25	6.53597	1	25	6.53696	1	25	0	0	0	0.0798594	0.0766333	0.0837	0.0798635	0.0756	0.0847	0.0798594	0.0766333	0.0837	0.0798635	0.0756	0.0847	1	1	7.53513	
6.52739	1	24	6.50828	1	24	6.50853	1	24	0	0	0	0.0897703	0.0866	0.0943667	0.0897745	0.0850667	0.0933	0.0897703	0.0866	0.0943667	0.0897745	0.0850667	0.0933	1	1	7.50753	
6.50719	1	31	6.4864	1	31	6.48672	1	31	0	0	0	0.099576	0.0957333	0.104833	0.0995802	0.0958	0.103333	0.099576	0.0957333	0.104833	0.0995802	0.0958	0.103333	1	1	7.48554	
6.48712	1	28	6.46279	1	28	6.46313	1	28	0	0	0	0.109646	0.105467	0.114533	0.109644	0.103667	0.1159	0.109646	0.105467	0.114533	0.109644	0.103667	0.1159	1	1	7.46179	
6.50469	1	28	6.4782	1	28	6.47892	1	28	0	0	0	0.119622	0.1153	0.125333	0.119629	0.114567	0.124867	0.119622	0.1153	0.125333	0.119629	0.114567	0.124867	1	1	7.47712	
6.49683	1	30	6.46688	1	30	6.46774	1	30	0	0	0	0.129458	0.1255	0.1354	0.129461	0.125033	0.1336	0.129458	0.1255	0.1354	0.129461	0.125033	0.1336	1	1	7.46562	
6.47676	1	27	6.44258	1	27	6.44348	1	27	0	0	0	0.139445	0.1351	0.1456	0.139447	0.1346	0.1434	0.139445	0.1351	0.1456	0.139447	0.1346	0.1434	1	1	7.44124	
6.48155	1	28	6.44384	1	28	6.44407	1	28	0	0	0	0.149374	0.144833	0.155667	0.149373	0.144033	0.1538	0.149374	0.144833	0.155667	0.149373	0.144033	0.1538	1	1	7.44227	
6.48601	1	28	6.44382	1	28	6.44445	1	28	0	0	0	0.159415	0.154133	0.1657	0.159414	0.1518	0.164433	0.159415	0.154133	0.1657	0.159414	0.1518	0.164433	1	1	7.44221	
6.48032	1	28	6.43382	1	28	6.43404	1	28	0	0	0	0.16943	0.164867	0.176233	0.169429	0.1641	0.174533	0.16943	0.164867	0.176233	0.169429	0.1641	0.174533	1	1	7.43209	
6.48907	1	26	6.43858	1	26	6.43898	1	26	0	0	0	0.179385	0.1749	0.185833	0.179386	0.1746	0.185733	0.179385	0.1749	0.185833	0.179386	0.1746	0.185733	1	1	7.43671	
6.47502	1	31	6.42006	1	31	6.42038	1	31	0	0	0	0.18944	0.185133	0.196533	0.189436	0.183467	0.199333	0.18944	0.185133	0.196533	0.189436	0.183467	0.199333	1	1	7.41806	
6.49303	1	28	6.43222	1	28	6.43279	1	28	0	0	0	0.199437	0.195633	0.2058	0.199441	0.194233	0.204433	0.199437	0.195633	0.2058	0.199441	0.194233	0.204433	1	1	7.43018	
6.49381	1	29	6.42815	1	29	6.4286	1	29	0	0	0	0.209417	0.204667	0.2156	0.209423	0.204033	0.2154	0.209417	0.204667	0.2156	0.209423	0.204033	0.2154	1	1	7.42593	
6.49328	1	27	6.42189	1	27	6.42243	1	27	0	0	0	0.219593	0.213967	0.227	0.219606	0.2134	0.2253	0.219593	0.213967	0.227	0.219606	0.2134	0.2253	1	1	7.4195	
6.50153	1	30	6.42125	1	30	6.42166	1	30	0	0	0	0.229599	0.224133	0.2371	0.229611	0.224067	0.2342	0.229599	0.224133	0.2371	0.229611	0.224067	0.2342	1	1	7.41877	
6.50539	1	28	6.4203	1	28	6.42038	1	28	0	0	0	0.239598	0.234233	0.247567	0.239608	0.231867	0.246033	0.239598	0.234233	0.247567	0.239608	0.231867	0.246033	1	1	7.4177	
6.51679	1	34	6.42508	1	34	6.42574	1	34	0	0	0	0.249678	0.244133	0.2562	0.249682	0.243767	0.258967	0.249678	0.244133	0.2562	0.249682	0.243767	0.258967	1	1	7.42236	
6.52323	1	30	6.42229	1	29	6.42291	1	29	0	0	0	0.25964	0.254933	0.266767	0.259654	0.2519	0.266967	0.25964	0.254933	0.266767	0.259654	0.2519	0.266967	1	1	7.41935	
6.53736	1	29	6.42804	1	29	6.42883	1	29	0	0	0	0.269697	0.264233	0.277733	0.26971	0.2628	0.278	0.269697	0.264233	0.277733	0.26971	0.2628	0.278	1	1	7.42492	
6.55178	1	32	6.43475	1	32	6.43506	1	32	0	0	0	0.279699	0.274867	0.288033	0.279709	0.270733	0.287833	0.279699	0.274867	0.288033	0.279709	0.270733	0.287833	1	1	7.43154	
6.56045	1	31	6.43316	1	30	6.43366	1	30	0	0	0	0.28966	0.284867	0.2982	0.289666	0.2836	0.296267	0.28966	0.284867	0.2982	0.289666	0.2836	0.296267	1	1	7.42967	
6.58966	1	35	6.45148	1	31	6.45205	1	31	0	0	0	0.299654	0.295033	0.308233	0.299664	0.289667	0.308	0.299654	0.295033	0.308233	0.299664	0.289667	0.308	1	1	7.44793	
6.59991	1	33	6.44698	1	33	6.44756	1	33	0	0	0	0.309671	0.304933	0.3169	0.30969	0.302533	0.319667	0.309671	0.304933	0.3169	0.30969	0.302533	0.319667	1	1	7.4431	
6.6102	1	35	6.44738	1	33	6.44783	1	33	0	0	0	0.319631	0.3153	0.326167	0.319648	0.312333	0.327233	0.319631	0.3153	0.326167	0.319648	0.312333	0.327233	1	1	7.44362	
6.63381	1	45	6.45439	1	35	6.45481	1	35	0	0	0	0.329571	0.3241	0.337333	0.329588	0.321433	0.3351	0.329571	0.3241	0.337333	0.329588	0.321433	0.3351	1	1	7.45035	
6.652	1	35	6.46085	1	30	6.46123	1	30	0	0	0	0.339564	0.3346	0.347433	0.339583	0.330267	0.346833	0.339564	0.3346	0.347433	0.339583	0.330267	0.346833	1	1	7.45675	
6.66968	1	34	6.46546	1	34	6.46605	1	34	0	0	0	0.349566	0.344133	0.357067	0.349582	0.340867	0.359133	0.349566	0.344133	0.357067	0.349582	0.340867	0.359133	1	1	7.46114	
6.70578	1	43	6.48524	1	34	6.48561	1	34	0	0	0	0.359429	0.354833	0.367267	0.359442	0.3523	0.3677	0.359429	0.354833	0.367267	0.359442	0.3523	0.3677	1	1	7.48052	
6.73225	1	38	6.49359	1	32	6.49424	1	32	0	0	0	0.3694	0.364933	0.376433	0.369412	0.3627	0.378133	0.3694	0.364933	0.376433	0.369412	0.3627	0.378133	1	1	7.48868	
6.76863	1	47	6.51022	1	36	6.51068	1	36	0	0	0	0.379397	0.374667	0.386133	0.379407	0.371933	0.387233	0.379397	0.374667	0.386133	0.379407	0.371933	0.387233	1	1	7.50535	
6.78399	1	41	6.50805	1	35	6.50873	1	35	0	0	0	0.389336	0.385	0.396833	0.389339	0.379633	0.399733	0.389336	0.385	0.396833	0.389339	0.379633	0.399733	1	1	7.50306	
6.83973	1	40	6.52507	1	34	6.52549	1	34	0	0	0	0.399407	0.3947	0.406133	0.399405	0.3902	0.406767	0.399407	0.3947	0.406133	0.399405	0.3902	0.406767	1	1	7.51983	
6.86559	1	39	6.53478	1	34	6.5354	1	34	0	0	0	0.409368	0.404433	0.417533	0.409381	0.400733	0.417833	0.409368	0.404433	0.417533	0.409381	0.400733	0.417833	1	1	7.5294	
6.90973	1	47	6.54499	1	36	6.5457	1	36	0	0	0	0.419344	0.414333	0.427767	0.419346	0.408967	0.4284	0.419344	0.414333	0.427767	0.419346	0.408967	0.4284	1	1	7.53924	
6.95469	1	47	6.56221	1	33	6.56274	1	33	0	0	0	0.429437	0.424767	0.437267	0.42944	0.4187	0.437967	0.429437	0.424767	0.437267	0.42944	0.4187	0.437967	1	1	7.55613	
7.01286	1	42	6.57791	1	34	6.5785	1	34	0	0	0	0.439369	0.4349	0.4471	0.439379	0.429233	0.445933	0.439369	0.4349	0.4471	0.439379	0.429233	0.445933	1	1	7.57176	
7.05664	1	48	6.59265	1	36	6.59332	1	36	0	0	0	0.449298	0.4449	0.457067	0.449311	0.440667	0.458867	0.449298	0.4449	0.457067	0.449311	0.440667	0.458867	1	1	7.58628	
7.11957	1	50	6.60349	1	37	6.60395	1	37	0	0	0	0.459259	0.454867	0.466233	0.459259	0.449833	0.469667	0.459259	0.454867	0.466233	0.459259	0.449833	0.469667	1	1	7.59689	
7.19625	1	50	6.62611	1	33	6.6267	1	33	0	0	0	0.469333	0.464967	0.4767	0.469338	0.462867	0.4768	0.469333	0.464967	0.4767	0.469338	0.462867	0.4768	1	1	7.61907	
7.27283	1	57	6.64251	1	38	6.64288	1	38	0	0	0	0.47926	0.4743	0.486633	0.479253	0.471033	0.488967	0.47926	0.4743	0.486633	0.479253	0.471033	0.488967	1	1	7.63564	
7.36773	1	69	6.66684	1	37	6.66759	1	37	0	0	0	0.489254	0.484	0.496567	0.489272	0.479233	0.4962	0.489254	0.484	0.496567	0.489272	0.479233	0.4962	1	1	7.65942	
7.41209	1	57	6.67997	1	40	6.68032	1	40	0	0	0	0.499178	0.494167	0.5056	0.499196	0.490933	0.510567	0.499178	0.494167	0.5056	0.499196	0.490933	0.510567	1	1	7.67236	
7.52624	1	70	6.69858	1	38	6.69915	1	38	0	0	0	0.509155	0.504	0.515533	0.509181	0.499967	0.519367	0.509155	0.504	0.515533	0.509181	0.499967	0.519367	1	1	7.69084	
7.63666	1	69	6.71253	1	38	6.71303	1	38	0	0	0	0.519157	0.513767	0.525233	0.519169	0.506833	0.527933	0.519157	0.513767	0.525233	0.519169	0.506833	0.527933	1	1	7.70442	
7.78384	1	67	6.73737	1	36	6.73816	1	36	0	0	0	0.529081	0.523233	0.535033	0.529097	0.520333	0.536067	0.529081	0.523233	0.535033	0.529097	0.520333	0.536067	1	1	7.72873	
7.87595	1	68	6.75849	1	42	6.75883	1	42	0	0	0	0.53911	0.533633	0.545067	0.53912	0.5267	0.549867	0.53911	0.533633	0.545067	0.53912	0.5267	0.549867	1	1	7.7499	
8.06766	1	115	6.78317	1	40	6.78374	1	40	0	0	0	0.549167	0.543233	0.554667	0.549189	0.54	0.557467	0.549167	0.543233	0.554667	0.549189	0.54	0.557467	1	1	7.77412	
8.17137	1	68	6.80004	1	41	6.80061	1	41	0	0	0	0.559163	0.5524	0.564933	0.559161	0.5481	0.5683	0.559163	0.5524	0.564933	0.559161	0.5481	0.5683	1	1	7.79085	
8.46536	1	93	6.82305	1	43	6.8236	1	43	0	0	0	0.56921	0.562533	0.574867	0.569207	0.5592	0.579667	0.56921	0.562533	0.574867	0.569207	0.5592	0.579667	1	1	7.81353	
8.77674	1	105	6.85324	1	44	6.85354	1	44	0	0	0	0.579327	0.572933	0.585067	0.579333	0.570033	0.5897	0.579327	0.572933	0.585067	0.579333	0.570033	0.5897	1	1	7.84337	
8.992	1	96	6.8631	1	44	6.86348	1	44	0	0	0	0.589414	0.5829	0.594567	0.589436	0.5784	0.5982	0.589414	0.5829	0.594567	0.589436	0.5784	0.5982	1	1	7.8531	
9.41372	1	101	6.89542	1	43	6.89591	1	43	0	0	0	0.599383	0.593533	0.6047	0.599403	0.587933	0.611967	0.599383	0.593533	0.6047	0.599403	0.587933	0.611967	1	1	7.88482	
9.85404	1	115	6.92555	1	45	6.92626	1	45	0	0	0	0.609403	0.6042	0.614867	0.609381	0.598567	0.6199	0.609403	0.6042	0.614867	0.609381	0.598567	0.6199	1	1	7.91472	
10.8062	1	168	6.95205	1	48	6.95272	1	48	0	0	0	0.619465	0.614633	0.624767	0.619419	0.606233	0.6278	0.619465	0.614633	0.624767	0.619419	0.606233	0.6278	1	1	7.94103	
11.8266	1	163	6.98035	1	52	6.98109	1	52	0	0	0	0.629537	0.624775	0.634725	0.629541	0.62025	0.6373	0.629537	0.624775	0.634725	0.629541	0.62025	0.6373	1	1	7.96868	
13.6281	1	298	7.00488	1	47	7.00512	1	47	0	0	0	0.63958	0.63475	0.64475	0.639652	0.6332	0.64855	0.63958	0.63475	0.64475	0.639652	0.6332	0.64855	1	1	7.99308	
17.0565	1	349	7.02995	1	57	7.03051	1	57	0	0	0	0.649482	0.644767	0.6543	0.649508	0.642383	0.657267	0.649482	0.644767	0.6543	0.649508	0.642383	0.657267	1	1	8.01792	
30.4953	1	795	7.0645	1	55	7.06443	1	55	0	0	0	0.659579	0.655329	0.664843	0.65958	0.653886	0.666471	0.659579	0.655329	0.664843	0.65958	0.653886	0.666471	1	1	8.05205	
157.527	1	2265	7.08586	1	66	7.08652	1	66	0	0	0	0.669586	0.665443	0.674414	0.66846	0.659829	0.676071	0.669586	0.665443	0.674414	0.66846	0.659829	0.676071	1	1	8.07293	
424.29	1	4133	7.10719	1	60	7.10452	1	60	0	0	0	0.679583	0.675043	0.684814	0.675277	0.669157	0.6816	0.679583	0.675043	0.684814	0.675277	0.669157	0.6816	1	1	8.094	
