6.65415	1	22	6.65254	1	22	6.65251	1	22	0	0	0	0.0100281	0.0091	0.0116333	0.0100297	0.00876667	0.0116333	0.0100281	0.0091	0.0116333	0.0100297	0.00876667	0.0116333	1	1	7.65249	
6.59588	1	22	6.59207	1	22	6.59318	1	22	0	0	0	0.0199906	0.0186333	0.0219	0.0199906	0.0173667	0.0224667	0.0199906	0.0186333	0.0219	0.0199906	0.0173667	0.0224667	1	1	7.59189	
6.5955	1	22	6.59031	1	22	6.59058	1	22	0	0	0	0.0301104	0.028	0.0321333	0.0301115	0.0275333	0.0326	0.0301104	0.028	0.0321333	0.0301115	0.0275333	0.0326	1	1	7.59012	
6.60569	1	22	6.59829	1	22	6.59945	1	22	0	0	0	0.0400328	0.0377333	0.0423667	0.0400359	0.0356333	0.0426667	0.0400328	0.0377333	0.0423667	0.0400359	0.0356333	0.0426667	1	1	7.598	
6.57324	1	22	6.56358	1	22	6.56391	1	22	0	0	0	0.0499557	0.0471	0.0527333	0.0499563	0.0466	0.0523667	0.0499557	0.0471	0.0527333	0.0499563	0.0466	0.0523667	1	1	7.56311	
6.56852	1	24	6.55708	1	24	6.55778	1	24	0	0	0	0.0599922	0.0568	0.063	0.0599922	0.0562333	0.0626667	0.0599922	0.0568	0.063	0.0599922	0.0562333	0.0626667	1	1	7.55657	
6.5471	1	26	6.53367	1	26	6.53433	1	26	0	0	0	0.0699875	0.0664333	0.0737333	0.069987	0.0672667	0.0732	0.0699875	0.0664333	0.0737333	0.069987	0.0672667	0.0732	1	1	7.53297	
6.55213	1	25	6.53597	1	25	6.53696	1	25	0	0	0	0.0798594	0.0766333	0.0837	0.0798635	0.0756	0.0847	0.0798594	0.0766333	0.0837	0.0798635	0.0756	0.0847	1	1	7.53513	
6.52736	1	24	6.50826	1	24	6.50851	1	24	0	0	0	0.0897703	0.0866	0.0943667	0.0897745	0.0850667	0.0933	0.0897703	0.0866	0.0943667	0.0897745	0.0850667	0.0933	1	1	7.5075	
6.50715	1	31	6.48635	1	31	6.48668	1	31	0	0	0	0.099576	0.0957333	0.104833	0.0995802	0.0958	0.103333	0.099576	0.0957333	0.104833	0.0995802	0.0958	0.103333	1	1	7.4855	
6.48715	1	28	6.46281	1	28	6.46315	1	28	0	0	0	0.109646	0.105467	0.114533	0.109644	0.103667	0.1159	0.109646	0.105467	0.114533	0.109644	0.103667	0.1159	1	1	7.46181	
6.50463	1	28	6.47814	1	28	6.47886	1	28	0	0	0	0.119622	0.1153	0.125333	0.119629	0.114567	0.124867	0.119622	0.1153	0.125333	0.119629	0.114567	0.124867	1	1	7.47706	
6.49685	1	27	6.46689	1	27	6.46775	1	27	0	0	0	0.129458	0.1255	0.1354	0.129461	0.125033	0.1336	0.129458	0.1255	0.1354	0.129461	0.125033	0.1336	1	1	7.46563	
6.47678	1	27	6.44259	1	27	6.44348	1	27	0	0	0	0.139445	0.1351	0.1456	0.139447	0.1346	0.1434	0.139445	0.1351	0.1456	0.139447	0.1346	0.1434	1	1	7.44125	
6.48154	1	28	6.44381	1	28	6.44405	1	28	0	0	0	0.149374	0.144833	0.155667	0.149373	0.144033	0.1538	0.149374	0.144833	0.155667	0.149373	0.144033	0.1538	1	1	7.44225	
6.48609	1	28	6.4439	1	28	6.44453	1	28	0	0	0	0.159415	0.154133	0.1657	0.159414	0.1518	0.164433	0.159415	0.154133	0.1657	0.159414	0.1518	0.164433	1	1	7.44229	
6.48037	1	28	6.43385	1	28	6.43408	1	28	0	0	0	0.16943	0.164867	0.176233	0.169429	0.1641	0.174533	0.16943	0.164867	0.176233	0.169429	0.1641	0.174533	1	1	7.43213	
6.48919	1	26	6.43868	1	26	6.43909	1	26	0	0	0	0.179385	0.1749	0.185833	0.179386	0.1746	0.185733	0.179385	0.1749	0.185833	0.179386	0.1746	0.185733	1	1	7.43682	
6.47513	1	28	6.42015	1	27	6.42047	1	27	0	0	0	0.18944	0.185133	0.196533	0.189436	0.183467	0.199333	0.18944	0.185133	0.196533	0.189436	0.183467	0.199333	1	1	7.41815	
6.49308	1	28	6.43225	1	28	6.43282	1	28	0	0	0	0.199437	0.195633	0.2058	0.199441	0.194233	0.204433	0.199437	0.195633	0.2058	0.199441	0.194233	0.204433	1	1	7.43021	
6.49373	1	29	6.42803	1	29	6.42848	1	29	0	0	0	0.209417	0.204667	0.2156	0.209423	0.204033	0.2154	0.209417	0.204667	0.2156	0.209423	0.204033	0.2154	1	1	7.42581	
6.49334	1	27	6.42189	1	27	6.42243	1	27	0	0	0	0.219593	0.213967	0.227	0.219606	0.2134	0.2253	0.219593	0.213967	0.227	0.219606	0.2134	0.2253	1	1	7.41951	
6.50143	1	30	6.42107	1	30	6.42148	1	30	0	0	0	0.229599	0.224133	0.2371	0.229611	0.224067	0.2342	0.229599	0.224133	0.2371	0.229611	0.224067	0.2342	1	1	7.4186	
6.50526	1	28	6.42009	1	28	6.42018	1	28	0	0	0	0.239598	0.234233	0.247567	0.239608	0.231867	0.246033	0.239598	0.234233	0.247567	0.239608	0.231867	0.246033	1	1	7.41751	
6.51685	1	34	6.42505	1	34	6.42571	1	34	0	0	0	0.249678	0.244133	0.2562	0.249682	0.243767	0.258967	0.249678	0.244133	0.2562	0.249682	0.243767	0.258967	1	1	7.42234	
6.52341	1	30	6.42236	1	29	6.42298	1	29	0	0	0	0.25964	0.254933	0.266767	0.259654	0.2519	0.266967	0.25964	0.254933	0.266767	0.259654	0.2519	0.266967	1	1	7.41943	
6.53777	1	29	6.42831	1	29	6.4291	1	29	0	0	0	0.269697	0.264233	0.277733	0.26971	0.2628	0.278	0.269697	0.264233	0.277733	0.26971	0.2628	0.278	1	1	7.42519	
6.55173	1	32	6.43453	1	28	6.43485	1	28	0	0	0	0.279699	0.274867	0.288033	0.279709	0.270733	0.287833	0.279699	0.274867	0.288033	0.279709	0.270733	0.287833	1	1	7.43134	
6.56062	1	31	6.43316	1	30	6.43367	1	30	0	0	0	0.28966	0.284867	0.2982	0.289666	0.2836	0.296267	0.28966	0.284867	0.2982	0.289666	0.2836	0.296267	1	1	7.42969	
6.59005	1	35	6.45166	1	31	6.45223	1	31	0	0	0	0.299654	0.295033	0.308233	0.299664	0.289667	0.308	0.299654	0.295033	0.308233	0.299664	0.289667	0.308	1	1	7.44812	
6.60013	1	33	6.44696	1	33	6.44755	1	33	0	0	0	0.309671	0.304933	0.3169	0.30969	0.302533	0.319667	0.309671	0.304933	0.3169	0.30969	0.302533	0.319667	1	1	7.44311	
6.61052	1	35	6.4474	1	33	6.44785	1	33	0	0	0	0.319631	0.3153	0.326167	0.319648	0.312333	0.327233	0.319631	0.3153	0.326167	0.319648	0.312333	0.327233	1	1	7.44367	
6.63414	1	45	6.45433	1	35	6.45475	1	35	0	0	0	0.329571	0.3241	0.337333	0.329588	0.321433	0.3351	0.329571	0.3241	0.337333	0.329588	0.321433	0.3351	1	1	7.45032	
6.65251	1	35	6.46071	1	30	6.46109	1	30	0	0	0	0.339564	0.3346	0.347433	0.339583	0.330267	0.346833	0.339564	0.3346	0.347433	0.339583	0.330267	0.346833	1	1	7.45663	
6.66995	1	33	6.46541	1	30	6.46601	1	30	0	0	0	0.349566	0.344133	0.357067	0.349582	0.340867	0.359133	0.349566	0.344133	0.357067	0.349582	0.340867	0.359133	1	1	7.46113	
6.70601	1	43	6.48514	1	34	6.4855	1	34	0	0	0	0.359429	0.354833	0.367267	0.359442	0.3523	0.3677	0.359429	0.354833	0.367267	0.359442	0.3523	0.3677	1	1	7.48046	
6.73297	1	38	6.49366	1	32	6.49431	1	32	0	0	0	0.3694	0.364933	0.376433	0.369412	0.3627	0.378133	0.3694	0.364933	0.376433	0.369412	0.3627	0.378133	1	1	7.48879	
6.76894	1	47	6.50961	1	36	6.51008	1	36	0	0	0	0.379397	0.374667	0.386133	0.379407	0.371933	0.387233	0.379397	0.374667	0.386133	0.379407	0.371933	0.387233	1	1	7.50477	
6.78392	1	41	6.50755	1	31	6.50822	1	31	0	0	0	0.389336	0.385	0.396833	0.389338	0.379633	0.399733	0.389336	0.385	0.396833	0.389338	0.379633	0.399733	1	1	7.50258	
6.84066	1	40	6.52594	1	34	6.52635	1	34	0	0	0	0.399407	0.3947	0.406133	0.399405	0.3902	0.406767	0.399407	0.3947	0.406133	0.399405	0.3902	0.406767	1	1	7.52072	
6.86668	1	39	6.53467	1	34	6.53528	1	34	0	0	0	0.409368	0.404433	0.417533	0.409381	0.400733	0.417833	0.409368	0.404433	0.417533	0.409381	0.400733	0.417833	1	1	7.52932	
6.91168	1	47	6.54452	1	36	6.54525	1	36	0	0	0	0.419344	0.414333	0.427767	0.419347	0.408967	0.4284	0.419344	0.414333	0.427767	0.419347	0.408967	0.4284	1	1	7.53881	
6.95375	1	47	6.56131	1	33	6.56182	1	33	0	0	0	0.429437	0.424767	0.437267	0.429441	0.4187	0.437967	0.429437	0.424767	0.437267	0.429441	0.4187	0.437967	1	1	7.55523	
7.01553	1	42	6.57696	1	36	6.57754	1	36	0	0	0	0.439369	0.4349	0.4471	0.439379	0.429233	0.445933	0.439369	0.4349	0.4471	0.439379	0.429233	0.445933	1	1	7.5708	
7.0591	1	47	6.59333	1	36	6.59397	1	36	0	0	0	0.449298	0.4449	0.457067	0.449309	0.440633	0.458867	0.449298	0.4449	0.457067	0.449309	0.440633	0.458867	1	1	7.58692	
7.12135	1	52	6.60173	1	37	6.60214	1	37	0	0	0	0.459259	0.454867	0.466233	0.459259	0.449833	0.469667	0.459259	0.454867	0.466233	0.459259	0.449833	0.469667	1	1	7.5952	
7.19765	1	52	6.62641	1	37	6.627	1	37	0	0	0	0.469333	0.464967	0.4767	0.469339	0.462867	0.4768	0.469333	0.464967	0.4767	0.469339	0.462867	0.4768	1	1	7.61942	
7.2743	1	57	6.64291	1	36	6.64336	1	36	0	0	0	0.47926	0.4743	0.486633	0.479255	0.471033	0.488967	0.47926	0.4743	0.486633	0.479255	0.471033	0.488967	1	1	7.63607	
7.35849	1	75	6.66073	1	34	6.66136	1	34	0	0	0	0.489254	0.484	0.496567	0.48928	0.479233	0.496233	0.489254	0.484	0.496567	0.48928	0.479233	0.496233	1	1	7.65348	
7.41506	1	71	6.67405	1	35	6.6746	1	35	0	0	0	0.499178	0.494167	0.5056	0.499185	0.4909	0.510533	0.499178	0.494167	0.5056	0.499185	0.4909	0.510533	1	1	7.66647	
7.51261	1	63	6.69581	1	38	6.69637	1	38	0	0	0	0.509155	0.504	0.515533	0.509183	0.5	0.519367	0.509155	0.504	0.515533	0.509183	0.5	0.519367	1	1	7.68802	
7.63529	1	66	6.70954	1	36	6.71004	1	36	0	0	0	0.519157	0.513767	0.525233	0.519171	0.506833	0.527967	0.519157	0.513767	0.525233	0.519171	0.506833	0.527967	1	1	7.70149	
7.73694	1	62	6.73241	1	42	6.73311	1	42	0	0	0	0.529081	0.523233	0.535033	0.529085	0.520267	0.536033	0.529081	0.523233	0.535033	0.529085	0.520267	0.536033	1	1	7.72394	
7.92825	1	67	6.76386	1	41	6.76428	1	41	0	0	0	0.53911	0.533633	0.545067	0.539133	0.526667	0.5498	0.53911	0.533633	0.545067	0.539133	0.526667	0.5498	1	1	7.75524	
8.05628	1	86	6.77942	1	41	6.77991	1	41	0	0	0	0.549167	0.543233	0.554667	0.549178	0.54	0.557533	0.549167	0.543233	0.554667	0.549178	0.54	0.557533	1	1	7.77054	
8.19705	1	73	6.79872	1	44	6.79937	1	44	0	0	0	0.559163	0.5524	0.564933	0.559168	0.548033	0.568267	0.559163	0.5524	0.564933	0.559168	0.548033	0.568267	1	1	7.78955	
8.46485	1	78	6.82857	1	40	6.82932	1	40	0	0	0	0.56921	0.562533	0.574867	0.569203	0.559267	0.579733	0.56921	0.562533	0.574867	0.569203	0.559267	0.579733	1	1	7.81899	
8.73791	1	120	6.85042	1	43	6.85067	1	43	0	0	0	0.579327	0.572933	0.585067	0.579319	0.57	0.589633	0.579327	0.572933	0.585067	0.579319	0.57	0.589633	1	1	7.8406	
8.97574	1	82	6.86388	1	44	6.86431	1	44	0	0	0	0.589414	0.5829	0.594567	0.589421	0.5784	0.5982	0.589414	0.5829	0.594567	0.589421	0.5784	0.5982	1	1	7.85384	
9.5697	1	110	6.89803	1	43	6.89864	1	43	0	0	0	0.599383	0.593533	0.6047	0.599419	0.5879	0.612	0.599383	0.593533	0.6047	0.599419	0.5879	0.612	1	1	7.88761	
10.0346	1	123	6.93083	1	46	6.93112	1	46	0	0	0	0.609403	0.6042	0.614867	0.609368	0.598567	0.619967	0.609403	0.6042	0.614867	0.609368	0.598567	0.619967	1	1	7.92004	
10.6858	1	152	6.95021	1	49	6.95097	1	49	0	0	0	0.619465	0.614633	0.624767	0.619444	0.6063	0.627867	0.619465	0.614633	0.624767	0.619444	0.6063	0.627867	1	1	7.93896	
12.3819	1	192	6.97578	1	46	6.97624	1	46	0	0	0	0.629454	0.624267	0.635067	0.62943	0.6203	0.638333	0.629454	0.624267	0.635067	0.62943	0.6203	0.638333	1	1	7.96416	
14.5865	1	327	7.00423	1	49	7.00448	1	49	0	0	0	0.63958	0.63475	0.64475	0.639596	0.63315	0.64855	0.63958	0.63475	0.64475	0.639596	0.63315	0.64855	1	1	7.99237	
19.6752	1	388	7.02417	1	51	7.02457	1	51	0	0	0	0.649624	0.643975	0.6547	0.649669	0.6371	0.65965	0.649624	0.643975	0.6547	0.649669	0.6371	0.65965	1	1	8.01204	
53.5696	1	1252	7.06462	1	68	7.06522	1	68	0	0	0	0.659579	0.655329	0.664843	0.659414	0.6537	0.666371	0.659579	0.655329	0.664843	0.659414	0.6537	0.666371	1	1	8.05182	
230.729	1	3007	7.08387	1	60	7.08437	1	60	0	0	0	0.669586	0.665443	0.674414	0.667539	0.659086	0.675314	0.669586	0.665443	0.674414	0.667539	0.659086	0.675314	1	1	8.07098	
