9.82149	4	20	9.82071	4	20	9.82283	4	20	0	0	0	0.0100281	0.0091	0.0116333	0.0100318	0.0091	0.0117	0.0100281	0.0091	0.0116333	0.0100318	0.0091	0.0117	1	1	10.8178	
9.78709	4	21	9.78511	4	20	9.78641	4	20	0	0	0	0.0199906	0.0186333	0.0219	0.0199901	0.0186333	0.0219	0.0199906	0.0186333	0.0219	0.0199901	0.0186333	0.0219	1	1	10.7784	
9.7734	4	21	9.77026	4	21	9.77204	4	21	0	0	0	0.0301104	0.028	0.0321333	0.0301115	0.028	0.0321333	0.0301104	0.028	0.0321333	0.0301115	0.028	0.0321333	1	1	10.7595	
9.77144	4	21	9.76735	4	21	9.76853	4	21	0	0	0	0.0400328	0.0377333	0.0423667	0.0400339	0.0377	0.0423667	0.0400328	0.0377333	0.0423667	0.0400339	0.0377	0.0423667	1	1	10.7528	
9.7759	4	22	9.7707	4	22	9.77145	4	22	0	0	0	0.0499557	0.0471	0.0527333	0.0499557	0.0471	0.0528	0.0499557	0.0471	0.0527333	0.0499557	0.0471	0.0528	1	1	10.7516	
9.7757	4	22	9.76915	4	22	9.76984	4	22	0	0	0	0.0599922	0.0568	0.063	0.0599917	0.0567667	0.063	0.0599922	0.0568	0.063	0.0599917	0.0567667	0.063	1	1	10.7447	
9.77236	4	22	9.76397	4	22	9.7647	4	22	0	0	0	0.0699875	0.0664333	0.0737333	0.0699865	0.0664	0.0737333	0.0699875	0.0664333	0.0737333	0.0699865	0.0664	0.0737333	1	1	10.7346	
9.77264	4	22	9.76185	4	22	9.76258	4	22	0	0	0	0.0798594	0.0766333	0.0837	0.0798635	0.0765	0.0837333	0.0798594	0.0766333	0.0837	0.0798635	0.0765	0.0837333	1	1	10.7272	
9.77063	4	23	9.75745	4	23	9.75817	4	23	0	0	0	0.0897703	0.0866	0.0943667	0.0897766	0.0866	0.0944667	0.0897703	0.0866	0.0943667	0.0897766	0.0866	0.0944667	1	1	10.7168	
9.77284	4	23	9.75708	4	23	9.75778	4	23	0	0	0	0.099576	0.0957333	0.104833	0.0995833	0.0957333	0.104933	0.099576	0.0957333	0.104833	0.0995833	0.0957333	0.104933	1	1	10.7097	
9.77582	4	24	9.75713	4	23	9.75791	4	23	0	0	0	0.109646	0.105467	0.114533	0.109655	0.105467	0.114633	0.109646	0.105467	0.114533	0.109655	0.105467	0.114633	1	1	10.7025	
9.78666	4	26	9.76535	4	24	9.76616	4	24	0	0	0	0.119622	0.1153	0.125333	0.11963	0.1153	0.125433	0.119622	0.1153	0.125333	0.11963	0.1153	0.125433	1	1	10.7011	
9.80242	4	25	9.77805	4	25	9.77876	4	25	0	0	0	0.129458	0.1255	0.1354	0.129466	0.1255	0.1355	0.129458	0.1255	0.1354	0.129466	0.1255	0.1355	1	1	10.7042	
9.811	4	26	9.78296	4	26	9.78362	4	26	0	0	0	0.139445	0.1351	0.1456	0.139452	0.135	0.1457	0.139445	0.1351	0.1456	0.139452	0.135	0.1457	1	1	10.6979	
9.82203	4	27	9.79012	4	27	9.79087	4	27	0	0	0	0.149374	0.144833	0.155667	0.149382	0.144733	0.155767	0.149374	0.144833	0.155667	0.149382	0.144733	0.155767	1	1	10.6911	
9.83449	4	27	9.79879	4	27	9.7997	4	27	0	0	0	0.159415	0.154133	0.1657	0.159423	0.154033	0.1658	0.159415	0.154133	0.1657	0.159423	0.154033	0.1658	1	1	10.686	
9.84846	4	27	9.80798	4	27	9.80887	4	27	0	0	0	0.16943	0.164867	0.176233	0.169442	0.164767	0.176333	0.16943	0.164867	0.176233	0.169442	0.164767	0.176333	1	1	10.6791	
9.87318	4	28	9.82717	4	27	9.82816	4	27	0	0	0	0.179385	0.1749	0.185833	0.179397	0.174933	0.185933	0.179385	0.1749	0.185833	0.179397	0.174933	0.185933	1	1	10.6746	
9.90527	4	31	9.85358	4	29	9.85456	4	29	0	0	0	0.18944	0.185133	0.196533	0.189451	0.1851	0.1966	0.18944	0.185133	0.196533	0.189451	0.1851	0.1966	1	1	10.6708	
9.94141	4	31	9.88401	4	31	9.88509	4	31	0	0	0	0.199437	0.195633	0.2058	0.199452	0.1956	0.2059	0.199437	0.195633	0.2058	0.199452	0.1956	0.2059	1	1	10.6656	
9.9897	4	36	9.92598	4	35	9.92708	4	35	0	0	0	0.209417	0.204667	0.2156	0.209431	0.204667	0.215733	0.209417	0.204667	0.2156	0.209431	0.204667	0.215733	1	1	10.6574	
10.0916	4	37	10.0209	4	37	10.022	4	37	0	0	0	0.219593	0.213967	0.227	0.219612	0.213933	0.227033	0.219593	0.213967	0.227	0.219612	0.213933	0.227033	1	1	10.654	
10.2832	4	43	10.2044	4	43	10.2055	4	43	0	0	0	0.229599	0.224133	0.2371	0.229614	0.224133	0.2371	0.229599	0.224133	0.2371	0.229614	0.224133	0.2371	1	1	10.6481	
10.7175	4	55	10.6301	4	54	10.6316	4	54	0	0	0	0.239598	0.234233	0.247567	0.239608	0.2342	0.247567	0.239598	0.234233	0.247567	0.239608	0.2342	0.247567	1	1	10.643	
28.2991	4	313	28.2011	4	312	28.266	4	312	0	0	0	0.249778	0.246543	0.253614	0.249802	0.246529	0.253643	0.249778	0.246543	0.253614	0.249802	0.246529	0.253643	1	1	10.642	
264.039	4	3218	263.93	4	3217	271.283	4	3353	0	0	0	0.259708	0.256186	0.263514	0.258778	0.2522	0.263543	0.259708	0.256186	0.263514	0.258778	0.2522	0.263543	1	1	10.6392	
