9.82149	4	20	9.82071	4	20	9.82283	4	20	0	0	0	0.0100281	0.0091	0.0116333	0.0100318	0.0091	0.0117	0.0100281	0.0091	0.0116333	0.0100318	0.0091	0.0117	1	1	10.8178	
9.78717	4	21	9.78539	4	21	9.78669	4	21	0	0	0	0.0199906	0.0186333	0.0219	0.0199901	0.0186333	0.0219	0.0199906	0.0186333	0.0219	0.0199901	0.0186333	0.0219	1	1	10.7786	
9.7734	4	21	9.77065	4	21	9.77243	4	21	0	0	0	0.0301104	0.028	0.0321333	0.0301115	0.028	0.0321333	0.0301104	0.028	0.0321333	0.0301115	0.028	0.0321333	1	1	10.7596	
9.77167	4	21	9.76829	4	21	9.76946	4	21	0	0	0	0.0400328	0.0377333	0.0423667	0.0400339	0.0377	0.0423667	0.0400328	0.0377333	0.0423667	0.0400339	0.0377	0.0423667	1	1	10.7532	
9.77598	4	22	9.77207	4	22	9.77282	4	22	0	0	0	0.0499557	0.0471	0.0527333	0.0499557	0.0471	0.0528	0.0499557	0.0471	0.0527333	0.0499557	0.0471	0.0528	1	1	10.752	
9.77585	4	22	9.77119	4	22	9.77188	4	22	0	0	0	0.0599922	0.0568	0.063	0.0599917	0.0567667	0.063	0.0599922	0.0568	0.063	0.0599917	0.0567667	0.063	1	1	10.7453	
9.77241	4	22	9.76686	4	22	9.76759	4	22	0	0	0	0.0699875	0.0664333	0.0737333	0.0699865	0.0664	0.0737333	0.0699875	0.0664333	0.0737333	0.0699865	0.0664	0.0737333	1	1	10.7352	
9.77234	4	22	9.76554	4	22	9.76627	4	22	0	0	0	0.0798594	0.0766333	0.0837	0.0798635	0.0765	0.0837333	0.0798594	0.0766333	0.0837	0.0798635	0.0765	0.0837333	1	1	10.728	
9.77054	4	23	9.76242	4	23	9.76313	4	23	0	0	0	0.0897703	0.0866	0.0943667	0.0897766	0.0866	0.0944667	0.0897703	0.0866	0.0943667	0.0897766	0.0866	0.0944667	1	1	10.7179	
9.77281	4	23	9.76326	4	23	9.76396	4	23	0	0	0	0.099576	0.0957333	0.104833	0.0995833	0.0957333	0.104933	0.099576	0.0957333	0.104833	0.0995833	0.0957333	0.104933	1	1	10.7108	
9.77597	4	24	9.76476	4	24	9.76555	4	24	0	0	0	0.109646	0.105467	0.114533	0.109655	0.105467	0.114633	0.109646	0.105467	0.114533	0.109655	0.105467	0.114633	1	1	10.7036	
9.78682	4	25	9.77434	4	25	9.77515	4	25	0	0	0	0.119622	0.1153	0.125333	0.11963	0.1153	0.125433	0.119622	0.1153	0.125333	0.11963	0.1153	0.125433	1	1	10.7024	
9.80261	4	25	9.7887	4	25	9.78941	4	25	0	0	0	0.129458	0.1255	0.1354	0.129466	0.1255	0.1355	0.129458	0.1255	0.1354	0.129466	0.1255	0.1355	1	1	10.7055	
9.81181	4	26	9.79597	4	26	9.79663	4	26	0	0	0	0.139445	0.1351	0.1456	0.139452	0.135	0.1457	0.139445	0.1351	0.1456	0.139452	0.135	0.1457	1	1	10.6994	
9.82296	4	27	9.80537	4	27	9.80615	4	27	0	0	0	0.149374	0.144833	0.155667	0.149383	0.144733	0.155767	0.149374	0.144833	0.155667	0.149383	0.144733	0.155767	1	1	10.6926	
9.83579	4	27	9.8165	4	27	9.81745	4	27	0	0	0	0.159415	0.154133	0.1657	0.159423	0.154033	0.1658	0.159415	0.154133	0.1657	0.159423	0.154033	0.1658	1	1	10.6876	
9.85069	4	27	9.82914	4	27	9.83007	4	27	0	0	0	0.16943	0.164867	0.176233	0.169442	0.164767	0.176333	0.16943	0.164867	0.176233	0.169442	0.164767	0.176333	1	1	10.6811	
9.87659	4	29	9.85257	4	29	9.85362	4	29	0	0	0	0.179385	0.1749	0.185833	0.179397	0.174933	0.185933	0.179385	0.1749	0.185833	0.179397	0.174933	0.185933	1	1	10.6769	
9.90891	4	30	9.88249	4	30	9.88358	4	30	0	0	0	0.18944	0.185133	0.196533	0.189452	0.1851	0.1966	0.18944	0.185133	0.196533	0.189452	0.1851	0.1966	1	1	10.6733	
9.94921	4	32	9.92049	4	32	9.9217	4	32	0	0	0	0.199437	0.195633	0.2058	0.199452	0.1956	0.2059	0.199437	0.195633	0.2058	0.199452	0.1956	0.2059	1	1	10.668	
10.0003	4	34	9.96876	4	34	9.96998	4	34	0	0	0	0.209417	0.204667	0.2156	0.209431	0.204667	0.215733	0.209417	0.204667	0.2156	0.209431	0.204667	0.215733	1	1	10.6599	
10.1032	4	39	10.0689	4	39	10.0704	4	39	0	0	0	0.219593	0.213967	0.227	0.219609	0.213933	0.227033	0.219593	0.213967	0.227	0.219609	0.213933	0.227033	1	1	10.6566	
10.3013	4	48	10.2638	4	48	10.2657	4	48	0	0	0	0.229599	0.224133	0.2371	0.22961	0.224133	0.2371	0.229599	0.224133	0.2371	0.22961	0.224133	0.2371	1	1	10.651	
10.7036	4	60	10.6626	4	60	10.665	4	60	0	0	0	0.239598	0.234233	0.247567	0.239605	0.2342	0.247567	0.239598	0.234233	0.247567	0.239605	0.2342	0.247567	1	1	10.6465	
30.0906	4	321	30.0449	4	321	30.1112	4	321	0	0	0	0.249809	0.24625	0.255	0.249836	0.2469	0.25505	0.249809	0.24625	0.255	0.249836	0.2469	0.25505	1	1	10.6425	
261.447	4	3303	261.397	4	3303	268.876	4	3422	0	0	0	0.259708	0.256186	0.263514	0.258806	0.252443	0.263543	0.259708	0.256186	0.263514	0.258806	0.252443	0.263543	1	1	10.6436	
