9.56045	1	23	9.55111	1	23	9.55174	1	23	0	0	0	0.0100281	0.0091	0.0116333	0.0100313	0	0.0829333	0.0100281	0.0091	0.0116333	0.0100313	0	0.0829333	1	1	10.5506	
9.60213	1	31	9.58103	1	31	9.5821	1	31	0	0	0	0.0199906	0.0186333	0.0219	0.0199927	0	0.1614	0.0199906	0.0186333	0.0219	0.0199927	0	0.1614	1	1	10.5794	
9.65912	1	36	9.62658	1	36	9.62749	1	36	0	0	0	0.0301104	0.028	0.0321333	0.0301135	0	0.243967	0.0301104	0.028	0.0321333	0.0301135	0	0.243967	1	1	10.6239	
9.72914	1	37	9.68293	1	37	9.68359	1	37	0	0	0	0.0400328	0.0377333	0.0423667	0.0400323	0	0.322667	0.0400328	0.0377333	0.0423667	0.0400323	0	0.322667	1	1	10.679	
9.82943	1	52	9.76777	1	52	9.76909	1	52	0	0	0	0.0499557	0.0471	0.0527333	0.0499573	0	0.404867	0.0499557	0.0471	0.0527333	0.0499573	0	0.404867	1	1	10.7624	
9.95113	1	56	9.86942	1	56	9.86981	1	56	0	0	0	0.0599922	0.0568	0.063	0.0599917	0	0.4842	0.0599922	0.0568	0.063	0.0599917	0	0.4842	1	1	10.863	
10.0736	1	60	9.96716	1	59	9.96815	1	59	0	0	0	0.0699875	0.0664333	0.0737333	0.0699875	0	0.565067	0.0699875	0.0664333	0.0737333	0.0699875	0	0.565067	1	1	10.9587	
10.2318	1	73	10.0931	1	73	10.0938	1	73	0	0	0	0.0798594	0.0766333	0.0837	0.0798604	0	0.645667	0.0798594	0.0766333	0.0837	0.0798604	0	0.645667	1	1	11.0824	
10.403	1	68	10.2315	1	68	10.232	1	68	0	0	0	0.0897703	0.0866	0.0943667	0.0897786	0	0.724567	0.0897703	0.0866	0.0943667	0.0897786	0	0.724567	1	1	11.2178	
10.6016	1	97	10.3799	1	96	10.381	1	96	0	0	0	0.099576	0.0957333	0.104833	0.0995828	0	0.803467	0.099576	0.0957333	0.104833	0.0995828	0	0.803467	1	1	11.3633	
10.8773	1	93	10.5806	1	93	10.5805	1	93	0	0	0	0.109646	0.105467	0.114533	0.109666	0	0.884433	0.109646	0.105467	0.114533	0.109666	0	0.884433	1	1	11.5586	
11.2468	1	85	10.8297	1	85	10.8318	1	85	0	0	0	0.119622	0.1153	0.125333	0.119673	0	0.966867	0.119622	0.1153	0.125333	0.119673	0	0.966867	1	1	11.8003	
11.7985	1	143	11.1092	1	116	11.1125	1	116	0	0	0	0.129458	0.1255	0.1354	0.125	0	1	0.129458	0.1255	0.1354	0.125	0	1	1	1	12.0696	
13.1539	1	382	11.4466	1	142	11.4477	1	152	0	0	0	0.139626	0.13665	0.144225	0.125	0	1	0.139626	0.13665	0.144225	0.125	0	1	1	1	12.3862	
68.468	1	4691	11.9067	1	215	11.9077	1	215	0	0	0	0.149732	0.146433	0.152733	0.125	0	1	0.149732	0.146433	0.152733	0.125	0	1	1	1	12.8009	
4651.75	1	363295	12.2397	1	231	12.1999	1	261	0	0	0	0.159749	0.157071	0.163129	0.125	0	1	0.159749	0.157071	0.163129	0.125	0	1	1	1	13.0741	
