9.14002	1	20	9.14002	1	20	9.13973	1	20	0	0	0	0.0100281	0.0091	0.0116333	0.0100302	0.0091	0.0116333	0.0100281	0.0091	0.0116333	0.0100302	0.0091	0.0116333	1	1	10.14	
9.11487	1	20	9.11487	1	20	9.11527	1	20	0	0	0	0.0199906	0.0186333	0.0219	0.0199911	0.0186333	0.0219	0.0199906	0.0186333	0.0219	0.0199911	0.0186333	0.0219	1	1	10.1149	
9.10911	1	20	9.10909	1	20	9.10912	1	20	0	0	0	0.0301104	0.028	0.0321333	0.030112	0.028	0.0321333	0.0301104	0.028	0.0321333	0.030112	0.028	0.0321333	1	1	10.1091	
9.09707	1	20	9.097	1	20	9.09712	1	20	0	0	0	0.0400328	0.0377333	0.0423667	0.0400333	0.0377	0.0423667	0.0400328	0.0377333	0.0423667	0.0400333	0.0377	0.0423667	1	1	10.097	
9.09794	1	20	9.09783	1	20	9.09796	1	20	0	0	0	0.0499557	0.0471	0.0527333	0.0499547	0.0471	0.0528	0.0499557	0.0471	0.0527333	0.0499547	0.0471	0.0528	1	1	10.0978	
9.09282	1	20	9.0927	1	20	9.09309	1	20	0	0	0	0.0599922	0.0568	0.063	0.0599922	0.0567667	0.063	0.0599922	0.0568	0.063	0.0599922	0.0567667	0.063	1	1	10.0927	
9.0892	1	20	9.08907	1	20	9.08931	1	20	0	0	0	0.0699875	0.0664333	0.0737333	0.0699865	0.0664	0.0737333	0.0699875	0.0664333	0.0737333	0.0699865	0.0664	0.0737333	1	1	10.0891	
9.09665	1	20	9.0964	1	20	9.09658	1	20	0	0	0	0.0798594	0.0766333	0.0837	0.0798615	0.0765	0.0837333	0.0798594	0.0766333	0.0837	0.0798615	0.0765	0.0837333	1	1	10.0964	
9.09371	1	20	9.09339	1	20	9.09401	1	20	0	0	0	0.0897703	0.0866	0.0943667	0.089775	0.0866	0.0944	0.0897703	0.0866	0.0943667	0.089775	0.0866	0.0944	1	1	10.0934	
9.09455	1	20	9.09415	1	20	9.09473	1	20	0	0	0	0.099576	0.0957333	0.104833	0.0995807	0.0957333	0.104867	0.099576	0.0957333	0.104833	0.0995807	0.0957333	0.104867	1	1	10.0941	
9.09535	1	20	9.09488	1	20	9.09548	1	20	0	0	0	0.109646	0.105467	0.114533	0.109653	0.105467	0.114567	0.109646	0.105467	0.114533	0.109653	0.105467	0.114567	1	1	10.0949	
9.09794	1	20	9.09738	1	20	9.09788	1	20	0	0	0	0.119622	0.1153	0.125333	0.119627	0.1153	0.125367	0.119622	0.1153	0.125333	0.119627	0.1153	0.125367	1	1	10.0974	
9.10013	1	20	9.09949	1	20	9.09999	1	20	0	0	0	0.129458	0.1255	0.1354	0.129461	0.1255	0.135433	0.129458	0.1255	0.1354	0.129461	0.1255	0.135433	1	1	10.0995	
9.10202	1	20	9.1013	1	20	9.1017	1	20	0	0	0	0.139445	0.1351	0.1456	0.139447	0.135	0.145633	0.139445	0.1351	0.1456	0.139447	0.135	0.145633	1	1	10.1013	
9.10095	1	20	9.10007	1	20	9.10048	1	20	0	0	0	0.149374	0.144833	0.155667	0.149376	0.144733	0.1557	0.149374	0.144833	0.155667	0.149376	0.144733	0.1557	1	1	10.1001	
9.10278	1	20	9.10178	1	20	9.10219	1	20	0	0	0	0.159415	0.154133	0.1657	0.159416	0.154033	0.165733	0.159415	0.154133	0.1657	0.159416	0.154033	0.165733	1	1	10.1018	
9.10396	1	20	9.10284	1	20	9.10324	1	20	0	0	0	0.16943	0.164867	0.176233	0.169434	0.164767	0.176267	0.16943	0.164867	0.176233	0.169434	0.164767	0.176267	1	1	10.1028	
9.10321	1	20	9.1019	1	20	9.10233	1	20	0	0	0	0.179385	0.1749	0.185833	0.17939	0.174933	0.185867	0.179385	0.1749	0.185833	0.17939	0.174933	0.185867	1	1	10.1019	
9.10508	1	20	9.10359	1	20	9.10401	1	20	0	0	0	0.18944	0.185133	0.196533	0.189444	0.185033	0.196567	0.18944	0.185133	0.196533	0.189444	0.185033	0.196567	1	1	10.1036	
9.10515	1	20	9.1035	1	20	9.10396	1	20	0	0	0	0.199437	0.195633	0.2058	0.199443	0.195533	0.205833	0.199437	0.195633	0.2058	0.199443	0.195533	0.205833	1	1	10.1035	
9.10613	1	20	9.1043	1	20	9.10475	1	20	0	0	0	0.209417	0.204667	0.2156	0.209423	0.2046	0.215667	0.209417	0.204667	0.2156	0.209423	0.2046	0.215667	1	1	10.1043	
9.10981	1	20	9.10773	1	20	9.10814	1	20	0	0	0	0.219593	0.213967	0.227	0.219602	0.213867	0.227033	0.219593	0.213967	0.227	0.219602	0.213867	0.227033	1	1	10.1077	
9.10932	1	20	9.10693	1	20	9.10742	1	20	0	0	0	0.229599	0.224133	0.2371	0.229607	0.2241	0.2371	0.229599	0.224133	0.2371	0.229607	0.2241	0.2371	1	1	10.1069	
9.11077	1	20	9.10814	1	20	9.1086	1	20	0	0	0	0.239598	0.234233	0.247567	0.239606	0.234133	0.247567	0.239598	0.234233	0.247567	0.239606	0.234133	0.247567	1	1	10.1081	
9.1121	1	20	9.10924	1	20	9.1097	1	20	0	0	0	0.249678	0.244133	0.2562	0.249685	0.244033	0.2562	0.249678	0.244133	0.2562	0.249685	0.244033	0.2562	1	1	10.1092	
9.11406	1	20	9.11094	1	20	9.11138	1	20	0	0	0	0.25964	0.254933	0.266767	0.259649	0.254833	0.266767	0.25964	0.254933	0.266767	0.259649	0.254833	0.266767	1	1	10.1109	
9.11469	1	20	9.1112	1	20	9.11167	1	20	0	0	0	0.269697	0.264233	0.277733	0.269706	0.2641	0.277733	0.269697	0.264233	0.277733	0.269706	0.2641	0.277733	1	1	10.1112	
9.11498	1	20	9.11118	1	20	9.1117	1	20	0	0	0	0.279699	0.274867	0.288033	0.279707	0.274733	0.288033	0.279699	0.274867	0.288033	0.279707	0.274733	0.288033	1	1	10.1112	
9.11427	1	20	9.1101	1	20	9.11073	1	20	0	0	0	0.28966	0.284867	0.2982	0.289668	0.284767	0.2982	0.28966	0.284867	0.2982	0.289668	0.284767	0.2982	1	1	10.1101	
9.11545	1	20	9.11089	1	20	9.11149	1	20	0	0	0	0.299654	0.295033	0.308233	0.299665	0.294933	0.308233	0.299654	0.295033	0.308233	0.299665	0.294933	0.308233	1	1	10.1109	
9.11739	1	20	9.11237	1	20	9.11299	1	20	0	0	0	0.309671	0.304933	0.3169	0.309684	0.304833	0.3169	0.309671	0.304933	0.3169	0.309684	0.304833	0.3169	1	1	10.1124	
9.12077	1	20	9.11541	1	20	9.11598	1	20	0	0	0	0.319631	0.3153	0.326167	0.319644	0.315167	0.326167	0.319631	0.3153	0.326167	0.319644	0.315167	0.326167	1	1	10.1154	
9.12182	1	20	9.116	1	20	9.11653	1	20	0	0	0	0.329571	0.3241	0.337333	0.329584	0.323967	0.337333	0.329571	0.3241	0.337333	0.329584	0.323967	0.337333	1	1	10.116	
9.12378	1	20	9.11741	1	20	9.1179	1	20	0	0	0	0.339564	0.3346	0.347433	0.339579	0.334467	0.347433	0.339564	0.3346	0.347433	0.339579	0.334467	0.347433	1	1	10.1174	
9.12512	1	20	9.11816	1	20	9.11866	1	20	0	0	0	0.349566	0.344133	0.357067	0.349579	0.344033	0.357067	0.349566	0.344133	0.357067	0.349579	0.344033	0.357067	1	1	10.1182	
9.12596	1	20	9.11837	1	20	9.11888	1	20	0	0	0	0.359429	0.354833	0.367267	0.359443	0.3549	0.3673	0.359429	0.354833	0.367267	0.359443	0.3549	0.3673	1	1	10.1184	
9.12838	1	20	9.12009	1	20	9.12058	1	20	0	0	0	0.3694	0.364933	0.376433	0.369412	0.364867	0.376467	0.3694	0.364933	0.376433	0.369412	0.364867	0.376467	1	1	10.1201	
9.13036	1	20	9.12122	1	20	9.12173	1	20	0	0	0	0.379397	0.374667	0.386133	0.379408	0.3746	0.386167	0.379397	0.374667	0.386133	0.379408	0.3746	0.386167	1	1	10.1212	
9.13271	1	20	9.12266	1	20	9.12315	1	20	0	0	0	0.389336	0.385	0.396833	0.389349	0.384967	0.396867	0.389336	0.385	0.396833	0.389349	0.384967	0.396867	1	1	10.1227	
9.13591	1	20	9.1248	1	20	9.12534	1	20	0	0	0	0.399407	0.3947	0.406133	0.399419	0.3946	0.406167	0.399407	0.3947	0.406133	0.399419	0.3946	0.406167	1	1	10.1248	
9.14003	1	20	9.12789	1	20	9.12844	1	20	0	0	0	0.409368	0.404433	0.417533	0.409381	0.404433	0.417667	0.409368	0.404433	0.417533	0.409381	0.404433	0.417667	1	1	10.1279	
9.14438	1	20	9.131	1	20	9.13159	1	20	0	0	0	0.419344	0.414333	0.427767	0.419357	0.414333	0.4279	0.419344	0.414333	0.427767	0.419357	0.414333	0.4279	1	1	10.131	
9.14772	1	20	9.13297	1	20	9.13351	1	20	0	0	0	0.429437	0.424767	0.437267	0.429452	0.424767	0.4374	0.429437	0.424767	0.437267	0.429452	0.424767	0.4374	1	1	10.133	
9.15121	1	20	9.13472	1	20	9.13524	1	20	0	0	0	0.439369	0.4349	0.4471	0.439385	0.434933	0.447233	0.439369	0.4349	0.4471	0.439385	0.434933	0.447233	1	1	10.1347	
9.15527	1	20	9.13693	1	20	9.13745	1	20	0	0	0	0.449298	0.4449	0.457067	0.44931	0.444933	0.457167	0.449298	0.4449	0.457067	0.44931	0.444933	0.457167	1	1	10.1369	
9.15901	1	20	9.13872	1	20	9.13926	1	20	0	0	0	0.459259	0.454867	0.466233	0.459274	0.454833	0.466367	0.459259	0.454867	0.466233	0.459274	0.454833	0.466367	1	1	10.1387	
9.16383	1	20	9.14131	1	20	9.14182	1	20	0	0	0	0.469333	0.464967	0.4767	0.469345	0.465	0.476833	0.469333	0.464967	0.4767	0.469345	0.465	0.476833	1	1	10.1413	
9.16878	1	20	9.14373	1	20	9.14426	1	20	0	0	0	0.47926	0.4743	0.486633	0.479273	0.474267	0.4868	0.47926	0.4743	0.486633	0.479273	0.474267	0.4868	1	1	10.1437	
9.17468	1	20	9.14681	1	20	9.14737	1	20	0	0	0	0.489254	0.484	0.496567	0.48927	0.483967	0.4967	0.489254	0.484	0.496567	0.48927	0.483967	0.4967	1	1	10.1468	
9.18148	1	20	9.14952	1	20	9.15012	1	20	0	0	0	0.499178	0.494167	0.5056	0.499194	0.494133	0.505733	0.499178	0.494167	0.5056	0.499194	0.494133	0.505733	1	1	10.1495	
9.18822	1	20	9.1522	1	20	9.15281	1	20	0	0	0	0.509155	0.504	0.515533	0.509176	0.503967	0.515633	0.509155	0.504	0.515533	0.509176	0.503967	0.515633	1	1	10.1522	
9.19655	1	22	9.15585	1	20	9.15647	1	20	0	0	0	0.519157	0.513767	0.525233	0.519177	0.513733	0.525367	0.519157	0.513767	0.525233	0.519177	0.513733	0.525367	1	1	10.1559	
9.20522	1	27	9.15819	1	20	9.15879	1	20	0	0	0	0.529081	0.523233	0.535033	0.529101	0.523233	0.535167	0.529081	0.523233	0.535033	0.529101	0.523233	0.535167	1	1	10.1582	
9.21486	1	27	9.16081	1	20	9.16142	1	20	0	0	0	0.53911	0.533633	0.545067	0.539129	0.533767	0.545033	0.53911	0.533633	0.545067	0.539129	0.533767	0.545033	1	1	10.1608	
9.22633	1	27	9.16263	1	20	9.16324	1	20	0	0	0	0.549167	0.543233	0.554667	0.549187	0.543233	0.5547	0.549167	0.543233	0.554667	0.549187	0.543233	0.5547	1	1	10.1626	
9.24194	1	32	9.16618	1	20	9.16683	1	20	0	0	0	0.559163	0.5524	0.564933	0.559182	0.552367	0.564867	0.559163	0.5524	0.564933	0.559182	0.552367	0.564867	1	1	10.1662	
9.26336	1	32	9.16969	1	20	9.17031	1	20	0	0	0	0.56921	0.562533	0.574867	0.569228	0.5625	0.574867	0.56921	0.562533	0.574867	0.569228	0.5625	0.574867	1	1	10.1697	
9.29028	1	35	9.17293	1	20	9.17353	1	20	0	0	0	0.579327	0.572933	0.585067	0.57934	0.572933	0.585067	0.579327	0.572933	0.585067	0.57934	0.572933	0.585067	1	1	10.1729	
9.34151	1	54	9.17636	1	20	9.17695	1	20	0	0	0	0.589414	0.5829	0.594567	0.589428	0.582867	0.594533	0.589414	0.5829	0.594567	0.589428	0.582867	0.594533	1	1	10.1764	
9.43558	1	68	9.17986	1	20	9.18049	1	20	0	0	0	0.599383	0.593533	0.6047	0.599398	0.5935	0.604733	0.599383	0.593533	0.6047	0.599398	0.5935	0.604733	1	1	10.1799	
9.73458	1	93	9.18235	1	20	9.18296	1	20	0	0	0	0.609403	0.6042	0.614867	0.60942	0.604167	0.6149	0.609403	0.6042	0.614867	0.60942	0.604167	0.6149	1	1	10.1824	
25.1312	1	845	9.1862	1	20	9.18463	1	20	0	0	0	0.619596	0.6153	0.623875	0.619442	0.6153	0.623775	0.619596	0.6153	0.623875	0.619442	0.6153	0.623775	1	1	10.1862	
104.263	1	4844	9.18882	1	20	9.18522	1	20	0	0	0	0.629571	0.626	0.635171	0.62874	0.6045	0.635143	0.629571	0.626	0.635171	0.62874	0.6045	0.635143	1	1	10.1888	
182.609	1	8952	9.19179	1	20	9.18641	1	20	0	0	0	0.639567	0.635786	0.645014	0.638039	0.591957	0.644986	0.639567	0.635786	0.645014	0.638039	0.591957	0.644986	1	1	10.1918	
266.699	1	13183	9.19536	1	24	9.1883	1	24	0	0	0	0.649577	0.645814	0.6551	0.647331	0.5787	0.655071	0.649577	0.645814	0.6551	0.647331	0.5787	0.655071	1	1	10.1954	
