9.77054	2	21	9.7654	2	21	9.76804	2	21	0	0	0	0.0100281	0.0091	0.0116333	0.0100302	0.0091	0.0117	0.0100281	0.0091	0.0116333	0.0100302	0.0091	0.0117	1	1	10.7597	
9.71638	2	21	9.707	2	21	9.70893	2	21	0	0	0	0.0199906	0.0186333	0.0219	0.0199906	0.0186333	0.0219	0.0199906	0.0186333	0.0219	0.0199906	0.0186333	0.0219	1	1	10.6937	
9.68169	2	21	9.66692	2	21	9.66816	2	21	0	0	0	0.0301104	0.028	0.0321333	0.0301109	0.028	0.0321333	0.0301104	0.028	0.0321333	0.0301109	0.028	0.0321333	1	1	10.6465	
9.67567	2	22	9.65449	2	22	9.65594	2	22	0	0	0	0.0400328	0.0377333	0.0423667	0.0400339	0.0377	0.0423667	0.0400328	0.0377333	0.0423667	0.0400339	0.0377	0.0423667	1	1	10.6263	
9.66712	2	23	9.6404	2	23	9.64141	2	23	0	0	0	0.0499557	0.0471	0.0527333	0.0499542	0.0470667	0.0528	0.0499557	0.0471	0.0527333	0.0499542	0.0470667	0.0528	1	1	10.6036	
9.66913	2	23	9.63501	2	23	9.63609	2	23	0	0	0	0.0599922	0.0568	0.063	0.0599917	0.0567333	0.063	0.0599922	0.0568	0.063	0.0599917	0.0567333	0.063	1	1	10.5897	
9.66645	2	23	9.62426	2	23	9.6253	2	23	0	0	0	0.0699875	0.0664333	0.0737333	0.0699844	0.0663667	0.0737333	0.0699875	0.0664333	0.0737333	0.0699844	0.0663667	0.0737333	1	1	10.57	
9.67218	2	23	9.62127	2	23	9.62203	2	23	0	0	0	0.0798594	0.0766333	0.0837	0.0798604	0.0765	0.0837333	0.0798594	0.0766333	0.0837	0.0798604	0.0765	0.0837333	1	1	10.556	
9.68387	2	23	9.6235	2	23	9.62458	2	23	0	0	0	0.0897703	0.0866	0.0943667	0.0897766	0.0866	0.0944333	0.0897703	0.0866	0.0943667	0.0897766	0.0866	0.0944333	1	1	10.5464	
9.69475	2	23	9.62367	2	23	9.62471	2	23	0	0	0	0.099576	0.0957333	0.104833	0.0995833	0.0957333	0.1049	0.099576	0.0957333	0.104833	0.0995833	0.0957333	0.1049	1	1	10.5342	
9.70979	2	23	9.62767	2	23	9.62873	2	23	0	0	0	0.109646	0.105467	0.114533	0.109656	0.105467	0.1146	0.109646	0.105467	0.114533	0.109656	0.105467	0.1146	1	1	10.5244	
9.73246	2	24	9.63476	2	24	9.63574	2	24	0	0	0	0.119622	0.1153	0.125333	0.119632	0.1153	0.1254	0.119622	0.1153	0.125333	0.119632	0.1153	0.1254	1	1	10.5164	
9.76698	2	26	9.65258	2	25	9.65351	2	25	0	0	0	0.129458	0.1255	0.1354	0.129467	0.1255	0.135467	0.129458	0.1255	0.1354	0.129467	0.1255	0.135467	1	1	10.5177	
9.79684	2	27	9.66662	2	26	9.66741	2	26	0	0	0	0.139445	0.1351	0.1456	0.139453	0.134967	0.145667	0.139445	0.1351	0.1456	0.139453	0.134967	0.145667	1	1	10.511	
9.83282	2	30	9.68068	2	27	9.68147	2	27	0	0	0	0.149374	0.144833	0.155667	0.149381	0.1447	0.155733	0.149374	0.144833	0.155667	0.149381	0.1447	0.155733	1	1	10.5024	
9.87919	2	35	9.7005	2	29	9.70145	2	29	0	0	0	0.159415	0.154133	0.1657	0.159425	0.154	0.165767	0.159415	0.154133	0.1657	0.159425	0.154	0.165767	1	1	10.4985	
9.93485	2	39	9.72856	2	29	9.72948	2	29	0	0	0	0.16943	0.164867	0.176233	0.169446	0.164733	0.176367	0.16943	0.164867	0.176233	0.169446	0.164733	0.176367	1	1	10.4964	
10.0072	2	38	9.76536	2	30	9.76636	2	30	0	0	0	0.179385	0.1749	0.185833	0.179401	0.174933	0.185933	0.179385	0.1749	0.185833	0.179401	0.174933	0.185933	1	1	10.495	
10.1055	2	45	9.81308	2	32	9.8141	2	32	0	0	0	0.18944	0.185133	0.196533	0.189453	0.1851	0.196633	0.18944	0.185133	0.196533	0.189453	0.1851	0.196633	1	1	10.4931	
10.2217	2	54	9.87337	2	33	9.87441	2	33	0	0	0	0.199437	0.195633	0.2058	0.199458	0.1956	0.206	0.199437	0.195633	0.2058	0.199458	0.1956	0.206	1	1	10.4927	
10.3779	2	59	9.95629	2	37	9.95735	2	37	0	0	0	0.209417	0.204667	0.2156	0.209434	0.204667	0.2158	0.209417	0.204667	0.2156	0.209434	0.204667	0.2158	1	1	10.4909	
10.6177	2	82	10.0856	2	41	10.0864	2	41	0	0	0	0.219593	0.213967	0.227	0.219619	0.213933	0.227	0.219593	0.213967	0.227	0.219619	0.213933	0.227	1	1	10.4927	
11.0396	2	91	10.3275	2	49	10.3283	2	49	0	0	0	0.229599	0.224133	0.2371	0.229622	0.224133	0.237067	0.229599	0.224133	0.2371	0.229622	0.224133	0.237067	1	1	10.4953	
11.9558	2	174	10.8301	2	68	10.831	2	68	0	0	0	0.239746	0.23635	0.246225	0.239744	0.2364	0.246275	0.239746	0.23635	0.246225	0.239744	0.2364	0.246275	1	1	10.5006	
25.4852	2	331	23.4138	2	331	23.5115	2	331	0	0	0	0.249778	0.246543	0.253614	0.249851	0.246514	0.253629	0.249778	0.246543	0.253614	0.249851	0.246514	0.253629	1	1	10.513	
332.22	2	4028	324.059	2	4028	335.367	2	4208	0	0	0	0.259708	0.256186	0.263514	0.258642	0.249114	0.263543	0.259708	0.256186	0.263514	0.258642	0.249114	0.263543	1	1	10.5163	
