9.18651	1	25	9.17747	1	25	9.17936	1	25	0	0	0	0.0100281	0.0091	0.0116333	0.0100307	0.00883333	0.0111333	0.0100281	0.0091	0.0116333	0.0100307	0.00883333	0.0111333	1	1	10.1771	
9.19366	1	33	9.17347	1	33	9.1734	1	33	0	0	0	0.0199906	0.0186333	0.0219	0.0199906	0.018	0.0219667	0.0199906	0.0186333	0.0219	0.0199906	0.018	0.0219667	1	1	10.1724	
9.23592	1	35	9.20378	1	35	9.20537	1	35	0	0	0	0.0301104	0.028	0.0321333	0.0301135	0.0284	0.033	0.0301104	0.028	0.0321333	0.0301135	0.0284	0.033	1	1	10.2022	
9.2505	1	36	9.20648	1	36	9.20738	1	36	0	0	0	0.0400328	0.0377333	0.0423667	0.0400328	0.0368667	0.0427667	0.0400328	0.0377333	0.0423667	0.0400328	0.0368667	0.0427667	1	1	10.2043	
9.30977	1	38	9.2507	1	38	9.25149	1	38	0	0	0	0.0499557	0.0471	0.0527333	0.0499563	0.0470333	0.0537333	0.0499557	0.0471	0.0527333	0.0499563	0.0470333	0.0537333	1	1	10.2481	
9.3585	1	48	9.28174	1	48	9.28192	1	48	0	0	0	0.0599922	0.0568	0.063	0.0599953	0.0559667	0.0633	0.0599922	0.0568	0.063	0.0599953	0.0559667	0.0633	1	1	10.2782	
9.38999	1	51	9.29589	1	51	9.29647	1	51	0	0	0	0.0699875	0.0664333	0.0737333	0.0699875	0.0662667	0.074	0.0699875	0.0664333	0.0737333	0.0699875	0.0662667	0.074	1	1	10.2913	
9.43009	1	65	9.31251	1	65	9.31335	1	65	0	0	0	0.0798594	0.0766333	0.0837	0.079863	0.0767	0.0834333	0.0798594	0.0766333	0.0837	0.079863	0.0767	0.0834333	1	1	10.3061	
9.50811	1	50	9.36784	1	50	9.36907	1	50	0	0	0	0.0897703	0.0866	0.0943667	0.0897708	0.0843333	0.0939	0.0897703	0.0866	0.0943667	0.0897708	0.0843333	0.0939	1	1	10.3606	
9.58707	1	62	9.41549	1	61	9.41631	1	61	0	0	0	0.099576	0.0957333	0.104833	0.0995812	0.0957	0.103367	0.099576	0.0957333	0.104833	0.0995812	0.0957	0.103367	1	1	10.4066	
9.62845	1	72	9.42303	1	71	9.42404	1	71	0	0	0	0.109646	0.105467	0.114533	0.109648	0.104533	0.1136	0.109646	0.105467	0.114533	0.109648	0.104533	0.1136	1	1	10.4124	
9.71506	1	64	9.47067	1	64	9.47173	1	64	0	0	0	0.119622	0.1153	0.125333	0.119622	0.115267	0.123433	0.119622	0.1153	0.125333	0.119622	0.115267	0.123433	1	1	10.4585	
9.81029	1	80	9.51529	1	80	9.51662	1	80	0	0	0	0.129458	0.1255	0.1354	0.129459	0.1261	0.134833	0.129458	0.1255	0.1354	0.129459	0.1261	0.134833	1	1	10.5	
9.93427	1	113	9.57725	1	111	9.57792	1	111	0	0	0	0.139445	0.1351	0.1456	0.139449	0.134833	0.143967	0.139445	0.1351	0.1456	0.139449	0.134833	0.143967	1	1	10.5591	
10.0711	1	93	9.64009	1	93	9.64062	1	93	0	0	0	0.149374	0.144833	0.155667	0.149374	0.1447	0.1536	0.149374	0.144833	0.155667	0.149374	0.1447	0.1536	1	1	10.617	
10.2324	1	120	9.70669	1	120	9.708	1	120	0	0	0	0.159415	0.154133	0.1657	0.159418	0.1538	0.1645	0.159415	0.154133	0.1657	0.159418	0.1538	0.1645	1	1	10.6805	
10.4317	1	111	9.76706	1	111	9.76906	1	111	0	0	0	0.16943	0.164867	0.176233	0.169436	0.164833	0.1745	0.16943	0.164867	0.176233	0.169436	0.164833	0.1745	1	1	10.7352	
10.6734	1	148	9.84745	1	148	9.84899	1	148	0	0	0	0.179385	0.1749	0.185833	0.179392	0.173233	0.185033	0.179385	0.1749	0.185833	0.179392	0.173233	0.185033	1	1	10.8095	
11.0643	1	155	9.94295	1	155	9.94333	1	155	0	0	0	0.18944	0.185133	0.196533	0.189447	0.184533	0.1947	0.18944	0.185133	0.196533	0.189447	0.184533	0.1947	1	1	10.8964	
11.515	1	155	10.0031	1	151	10.0037	1	151	0	0	0	0.199437	0.195633	0.2058	0.199455	0.193433	0.2046	0.199437	0.195633	0.2058	0.199455	0.193433	0.2046	1	1	10.9488	
12.8299	1	193	10.1454	1	167	10.1469	1	167	0	0	0	0.209417	0.204667	0.2156	0.209448	0.203033	0.2157	0.209417	0.204667	0.2156	0.209448	0.203033	0.2157	1	1	11.0765	
46.6077	1	2699	10.2998	1	176	10.2979	1	176	0	0	0	0.219811	0.217429	0.223857	0.219768	0.213814	0.224086	0.219811	0.217429	0.223857	0.219768	0.213814	0.224086	1	1	11.2123	
668.299	1	27218	10.3843	1	211	10.3739	1	211	0	0	0	0.229797	0.226986	0.233014	0.228026	0.224743	0.232829	0.229797	0.226986	0.233014	0.228026	0.224743	0.232829	1	1	11.2805	
