9.84195	4	24	9.83141	4	23	9.83367	4	23	0	0	0	0.0100281	0.0091	0.0116333	0.0100318	0.0091	0.0117	0.0100281	0.0091	0.0116333	0.0100318	0.0091	0.0117	1	1	10.8309	
9.82836	4	24	9.80561	4	23	9.80707	4	23	0	0	0	0.0199906	0.0186333	0.0219	0.0199906	0.0186333	0.0219	0.0199906	0.0186333	0.0219	0.0199906	0.0186333	0.0219	1	1	10.8038	
9.83778	4	26	9.80091	4	23	9.80316	4	23	0	0	0	0.0301104	0.028	0.0321333	0.030112	0.028	0.0321333	0.0301104	0.028	0.0321333	0.030112	0.028	0.0321333	1	1	10.7983	
9.85746	4	25	9.80746	4	23	9.80923	4	23	0	0	0	0.0400328	0.0377333	0.0423667	0.0400344	0.0377	0.0423667	0.0400328	0.0377333	0.0423667	0.0400344	0.0377	0.0423667	1	1	10.8036	
9.88575	4	25	9.81894	4	23	9.82015	4	23	0	0	0	0.0499557	0.0471	0.0527333	0.0499563	0.0471	0.0528	0.0499557	0.0471	0.0527333	0.0499563	0.0471	0.0528	1	1	10.8138	
9.91559	4	37	9.82972	4	35	9.83076	4	35	0	0	0	0.0599922	0.0568	0.063	0.0599922	0.0567667	0.063	0.0599922	0.0568	0.063	0.0599922	0.0567667	0.063	1	1	10.8234	
9.93939	4	37	9.83292	4	35	9.83411	4	35	0	0	0	0.0699875	0.0664333	0.0737333	0.069988	0.0664	0.0737333	0.0699875	0.0664333	0.0737333	0.069988	0.0664	0.0737333	1	1	10.825	
9.96908	4	40	9.83941	4	39	9.84048	4	39	0	0	0	0.0798594	0.0766333	0.0837	0.0798646	0.0765	0.0837333	0.0798594	0.0766333	0.0837	0.0798646	0.0765	0.0837333	1	1	10.8304	
10.0071	4	43	9.8493	4	39	9.85065	4	39	0	0	0	0.0897703	0.0866	0.0943667	0.0897797	0.0866	0.0944667	0.0897703	0.0866	0.0943667	0.0897797	0.0866	0.0944667	1	1	10.8389	
10.0488	4	43	9.86081	4	39	9.86209	4	39	0	0	0	0.099576	0.0957333	0.104833	0.0995865	0.0957333	0.104933	0.099576	0.0957333	0.104833	0.0995865	0.0957333	0.104933	1	1	10.8487	
10.1017	4	43	9.87628	4	39	9.87768	4	39	0	0	0	0.109646	0.105467	0.114533	0.109659	0.105467	0.114633	0.109646	0.105467	0.114533	0.109659	0.105467	0.114633	1	1	10.8624	
10.1713	4	44	9.89962	4	39	9.90107	4	39	0	0	0	0.119622	0.1153	0.125333	0.119634	0.1153	0.125433	0.119622	0.1153	0.125333	0.119634	0.1153	0.125433	1	1	10.8839	
10.259	4	54	9.93319	4	39	9.9344	4	39	0	0	0	0.129458	0.1255	0.1354	0.129469	0.1255	0.1355	0.129458	0.1255	0.1354	0.129469	0.1255	0.1355	1	1	10.9155	
10.3623	4	62	9.96217	4	39	9.96333	4	39	0	0	0	0.139445	0.1351	0.1456	0.139453	0.135	0.1457	0.139445	0.1351	0.1456	0.139453	0.135	0.1457	1	1	10.9424	
10.4952	4	73	9.99473	4	51	9.99583	4	51	0	0	0	0.149374	0.144833	0.155667	0.149384	0.144733	0.155767	0.149374	0.144833	0.155667	0.149384	0.144733	0.155767	1	1	10.9725	
10.7023	4	140	10.0384	4	55	10.0397	4	55	0	0	0	0.159415	0.154133	0.1657	0.159425	0.154033	0.1658	0.159415	0.154133	0.1657	0.159425	0.154033	0.1658	1	1	11.0138	
11.057	4	137	10.0894	4	55	10.0906	4	55	0	0	0	0.16943	0.164867	0.176233	0.169442	0.164767	0.176367	0.16943	0.164867	0.176233	0.169442	0.164767	0.176367	1	1	11.0621	
12.2855	4	390	10.145	4	55	10.1462	4	55	0	0	0	0.179643	0.17605	0.1839	0.179629	0.1761	0.183875	0.179643	0.17605	0.1839	0.179629	0.1761	0.183875	1	1	11.1144	
352.479	4	18720	10.2399	4	71	10.2349	4	71	0	0	0	0.189744	0.187371	0.193414	0.189158	0.167329	0.1934	0.189744	0.187371	0.193414	0.189158	0.167329	0.1934	1	1	11.2065	
