10.8089	8	15	10.8089	8	15	10.8088	8	15	0	0	0	0.0100281	0.0091	0.0116333	0.0100318	0.0091	0.0117	0.0100281	0.0091	0.0116333	0.0100318	0.0091	0.0117	1	1	11.8076	
10.8168	8	15	10.8168	8	15	10.8169	8	15	0	0	0	0.0199906	0.0186333	0.0219	0.0199922	0.0186333	0.0219	0.0199906	0.0186333	0.0219	0.0199922	0.0186333	0.0219	1	1	11.8145	
10.8235	8	15	10.8235	8	15	10.8236	8	15	0	0	0	0.0301104	0.028	0.0321333	0.030113	0.028	0.0321333	0.0301104	0.028	0.0321333	0.030113	0.028	0.0321333	1	1	11.8204	
10.8211	8	15	10.8211	8	15	10.8214	8	15	0	0	0	0.0400328	0.0377333	0.0423667	0.0400365	0.0377333	0.0423667	0.0400328	0.0377333	0.0423667	0.0400365	0.0377333	0.0423667	1	1	11.817	
10.8245	8	16	10.8245	8	16	10.8249	8	16	0	0	0	0.0499557	0.0471	0.0527333	0.0499583	0.0471333	0.0528	0.0499557	0.0471	0.0527333	0.0499583	0.0471333	0.0528	1	1	11.8192	
10.8189	8	16	10.8189	8	16	10.8192	8	16	0	0	0	0.0599922	0.0568	0.063	0.0599953	0.0568	0.063	0.0599922	0.0568	0.063	0.0599953	0.0568	0.063	1	1	11.8123	
10.8193	8	16	10.8193	8	16	10.8196	8	16	0	0	0	0.0699875	0.0664333	0.0737333	0.0699875	0.0664333	0.0737333	0.0699875	0.0664333	0.0737333	0.0699875	0.0664333	0.0737333	1	1	11.8113	
10.82	8	16	10.82	8	16	10.8202	8	16	0	0	0	0.0798594	0.0766333	0.0837	0.0798625	0.0765	0.0837333	0.0798594	0.0766333	0.0837	0.0798625	0.0765	0.0837333	1	1	11.8105	
10.8235	8	16	10.8235	8	16	10.8237	8	16	0	0	0	0.0897703	0.0866	0.0943667	0.0897781	0.0866	0.0944333	0.0897703	0.0866	0.0943667	0.0897781	0.0866	0.0944333	1	1	11.8122	
10.8238	8	16	10.8237	8	16	10.8239	8	16	0	0	0	0.099576	0.0957333	0.104833	0.0995854	0.0957333	0.1049	0.099576	0.0957333	0.104833	0.0995854	0.0957333	0.1049	1	1	11.8106	
10.8275	8	16	10.8273	8	16	10.8275	8	16	0	0	0	0.109646	0.105467	0.114533	0.109657	0.105467	0.1146	0.109646	0.105467	0.114533	0.109657	0.105467	0.1146	1	1	11.8123	
10.8299	8	16	10.8297	8	16	10.8299	8	16	0	0	0	0.119622	0.1153	0.125333	0.119633	0.1153	0.1254	0.119622	0.1153	0.125333	0.119633	0.1153	0.1254	1	1	11.8124	
10.8349	8	17	10.8346	8	17	10.8347	8	17	0	0	0	0.129458	0.1255	0.1354	0.129468	0.1255	0.135467	0.129458	0.1255	0.1354	0.129468	0.1255	0.135467	1	1	11.8151	
10.838	8	17	10.8376	8	17	10.8378	8	17	0	0	0	0.139445	0.1351	0.1456	0.139452	0.134967	0.145667	0.139445	0.1351	0.1456	0.139452	0.134967	0.145667	1	1	11.8161	
10.8391	8	17	10.8385	8	17	10.8387	8	17	0	0	0	0.149374	0.144833	0.155667	0.149383	0.1447	0.155733	0.149374	0.144833	0.155667	0.149383	0.1447	0.155733	1	1	11.8148	
10.8401	8	17	10.8393	8	17	10.8395	8	17	0	0	0	0.159415	0.154133	0.1657	0.159424	0.154	0.165767	0.159415	0.154133	0.1657	0.159424	0.154	0.165767	1	1	11.813	
10.8409	8	17	10.8399	8	17	10.84	8	17	0	0	0	0.16943	0.164867	0.176233	0.169443	0.164733	0.1763	0.16943	0.164867	0.176233	0.169443	0.164733	0.1763	1	1	11.811	
10.843	8	18	10.8417	8	18	10.8418	8	18	0	0	0	0.179385	0.1749	0.185833	0.1794	0.174933	0.1859	0.179385	0.1749	0.185833	0.1794	0.174933	0.1859	1	1	11.8101	
10.8467	8	18	10.8449	8	18	10.8451	8	18	0	0	0	0.18944	0.185133	0.196533	0.189453	0.1851	0.1966	0.18944	0.185133	0.196533	0.189453	0.1851	0.1966	1	1	11.8102	
10.8509	8	18	10.8486	8	18	10.8488	8	18	0	0	0	0.199437	0.195633	0.2058	0.199455	0.1956	0.205867	0.199437	0.195633	0.2058	0.199455	0.1956	0.205867	1	1	11.8104	
10.8538	8	18	10.851	8	18	10.8512	8	18	0	0	0	0.209417	0.204667	0.2156	0.209437	0.204633	0.2157	0.209417	0.204667	0.2156	0.209437	0.204633	0.2157	1	1	11.8097	
10.8574	8	18	10.8542	8	18	10.8543	8	18	0	0	0	0.219593	0.213967	0.227	0.219617	0.213933	0.226967	0.219593	0.213967	0.227	0.219617	0.213933	0.226967	1	1	11.809	
10.8623	8	19	10.8582	8	19	10.8584	8	19	0	0	0	0.229599	0.224133	0.2371	0.229621	0.2241	0.237033	0.229599	0.224133	0.2371	0.229621	0.2241	0.237033	1	1	11.809	
10.8679	8	30	10.8631	8	30	10.8633	8	30	0	0	0	0.239598	0.234233	0.247567	0.23962	0.2342	0.2475	0.239598	0.234233	0.247567	0.23962	0.2342	0.2475	1	1	11.8088	
10.8738	8	30	10.868	8	30	10.8682	8	30	0	0	0	0.249678	0.244133	0.2562	0.249699	0.2441	0.256133	0.249678	0.244133	0.2562	0.249699	0.2441	0.256133	1	1	11.8093	
10.8801	8	30	10.8732	8	30	10.8734	8	30	0	0	0	0.25964	0.254933	0.266767	0.259663	0.2549	0.2668	0.25964	0.254933	0.266767	0.259663	0.2549	0.2668	1	1	11.8096	
10.8866	8	30	10.8784	8	30	10.8787	8	30	0	0	0	0.269697	0.264233	0.277733	0.269722	0.264167	0.277667	0.269697	0.264233	0.277733	0.269722	0.264167	0.277667	1	1	11.8091	
10.8949	8	30	10.8853	8	30	10.8856	8	30	0	0	0	0.279699	0.274867	0.288033	0.279724	0.2748	0.287967	0.279699	0.274867	0.288033	0.279724	0.2748	0.287967	1	1	11.81	
10.9037	8	30	10.8925	8	30	10.8927	8	30	0	0	0	0.28966	0.284867	0.2982	0.289685	0.284833	0.298133	0.28966	0.284867	0.2982	0.289685	0.284833	0.298133	1	1	11.8106	
10.9124	8	30	10.8993	8	30	10.8995	8	30	0	0	0	0.299654	0.295033	0.308233	0.29968	0.295	0.308167	0.299654	0.295033	0.308233	0.29968	0.295	0.308167	1	1	11.8109	
10.9216	8	30	10.9065	8	30	10.9067	8	30	0	0	0	0.309671	0.304933	0.3169	0.309699	0.3049	0.3168	0.309671	0.304933	0.3169	0.309699	0.3049	0.3168	1	1	11.8106	
10.9313	8	30	10.9137	8	30	10.9139	8	30	0	0	0	0.319631	0.3153	0.326167	0.319659	0.315267	0.326067	0.319631	0.3153	0.326167	0.319659	0.315267	0.326067	1	1	11.8095	
10.9453	8	30	10.9249	8	30	10.9251	8	30	0	0	0	0.329571	0.3241	0.337333	0.329598	0.324067	0.337233	0.329571	0.3241	0.337333	0.329598	0.324067	0.337233	1	1	11.8106	
10.9592	8	30	10.9355	8	30	10.9357	8	30	0	0	0	0.339564	0.3346	0.347433	0.339592	0.334567	0.347333	0.339564	0.3346	0.347433	0.339592	0.334567	0.347333	1	1	11.8108	
10.9733	8	31	10.9462	8	31	10.9465	8	31	0	0	0	0.349566	0.344133	0.357067	0.349593	0.344133	0.356967	0.349566	0.344133	0.357067	0.349593	0.344133	0.356967	1	1	11.8108	
10.9894	8	31	10.9585	8	31	10.9588	8	31	0	0	0	0.359429	0.354833	0.367267	0.359457	0.3549	0.3672	0.359429	0.354833	0.367267	0.359457	0.3549	0.3672	1	1	11.8115	
11.0077	8	30	10.9727	8	30	10.973	8	30	0	0	0	0.3694	0.364933	0.376433	0.369425	0.364933	0.376367	0.3694	0.364933	0.376433	0.369425	0.364933	0.376367	1	1	11.8118	
11.0295	8	31	10.9895	8	31	10.9897	8	31	0	0	0	0.379397	0.374667	0.386133	0.379418	0.374633	0.386067	0.379397	0.374667	0.386133	0.379418	0.374633	0.386067	1	1	11.8112	
11.0508	8	32	11.0055	8	32	11.0058	8	32	0	0	0	0.389336	0.385	0.396833	0.389355	0.385	0.396767	0.389336	0.385	0.396833	0.389355	0.385	0.396767	1	1	11.8123	
11.0797	8	32	11.0278	8	32	11.0282	8	32	0	0	0	0.399407	0.3947	0.406133	0.399427	0.394667	0.406067	0.399407	0.3947	0.406133	0.399427	0.394667	0.406067	1	1	11.8138	
11.1177	8	31	11.0586	8	31	11.0588	8	31	0	0	0	0.409368	0.404433	0.417533	0.409389	0.404467	0.417667	0.409368	0.404433	0.417533	0.409389	0.404467	0.417667	1	1	11.8146	
11.1582	8	31	11.0908	8	31	11.091	8	31	0	0	0	0.419344	0.414333	0.427767	0.419364	0.414333	0.4279	0.419344	0.414333	0.427767	0.419364	0.414333	0.4279	1	1	11.8153	
11.2142	8	32	11.1371	8	32	11.1373	8	32	0	0	0	0.429437	0.424767	0.437267	0.429459	0.424733	0.4374	0.429437	0.424767	0.437267	0.429459	0.424733	0.4374	1	1	11.8154	
11.2818	8	34	11.1937	8	34	11.1938	8	34	0	0	0	0.439369	0.4349	0.4471	0.439392	0.4349	0.447233	0.439369	0.4349	0.4471	0.439392	0.4349	0.447233	1	1	11.8165	
11.3714	8	33	11.2705	8	33	11.2707	8	33	0	0	0	0.449298	0.4449	0.457067	0.449318	0.444933	0.457167	0.449298	0.4449	0.457067	0.449318	0.444933	0.457167	1	1	11.8177	
11.4959	8	39	11.3796	8	39	11.3798	8	39	0	0	0	0.459259	0.454867	0.466233	0.45928	0.454867	0.466367	0.459259	0.454867	0.466233	0.45928	0.454867	0.466367	1	1	11.8188	
11.6886	8	43	11.5549	8	43	11.5551	8	43	0	0	0	0.469333	0.464967	0.4767	0.469358	0.464967	0.476833	0.469333	0.464967	0.4767	0.469358	0.464967	0.476833	1	1	11.821	
11.9287	8	52	11.7732	8	52	11.7732	8	52	0	0	0	0.47926	0.4743	0.486633	0.479284	0.474367	0.4868	0.47926	0.4743	0.486633	0.479284	0.474367	0.4868	1	1	11.8223	
12.5803	8	65	12.3985	8	65	12.3993	8	65	0	0	0	0.489254	0.484	0.496567	0.4893	0.4841	0.4967	0.489254	0.484	0.496567	0.4893	0.4841	0.4967	1	1	11.8233	
17.7883	8	159	17.5736	8	159	17.5922	8	159	0	0	0	0.499603	0.49572	0.50444	0.499622	0.49572	0.50444	0.499603	0.49572	0.50444	0.499622	0.49572	0.50444	1	1	11.8266	
98.9145	8	1811	98.6617	8	1811	100.002	8	1859	0	0	0	0.509512	0.504571	0.5133	0.508924	0.499729	0.513114	0.509512	0.504571	0.5133	0.508924	0.499729	0.513114	1	1	11.8286	
217.535	8	3782	217.232	8	3782	224.192	8	4009	0	0	0	0.519528	0.514514	0.524	0.517992	0.4994	0.524014	0.519528	0.514514	0.524	0.517992	0.4994	0.524014	1	1	11.8301	
