6.65415	1	22	6.65254	1	22	6.65251	1	22	0	0	0	0.0100281	0.0091	0.0116333	0.0100297	0.00876667	0.0116333	0.0100281	0.0091	0.0116333	0.0100297	0.00876667	0.0116333	1	1	7.65249	
6.59588	1	22	6.59207	1	22	6.59318	1	22	0	0	0	0.0199906	0.0186333	0.0219	0.0199906	0.0173667	0.0224667	0.0199906	0.0186333	0.0219	0.0199906	0.0173667	0.0224667	1	1	7.59189	
6.5955	1	22	6.59031	1	22	6.59058	1	22	0	0	0	0.0301104	0.028	0.0321333	0.0301115	0.0275333	0.0326	0.0301104	0.028	0.0321333	0.0301115	0.0275333	0.0326	1	1	7.59012	
6.60569	1	22	6.59829	1	22	6.59945	1	22	0	0	0	0.0400328	0.0377333	0.0423667	0.0400359	0.0356333	0.0426667	0.0400328	0.0377333	0.0423667	0.0400359	0.0356333	0.0426667	1	1	7.598	
6.57324	1	22	6.56358	1	22	6.56391	1	22	0	0	0	0.0499557	0.0471	0.0527333	0.0499563	0.0466	0.0523667	0.0499557	0.0471	0.0527333	0.0499563	0.0466	0.0523667	1	1	7.56311	
6.56852	1	24	6.55708	1	24	6.55778	1	24	0	0	0	0.0599922	0.0568	0.063	0.0599922	0.0562333	0.0626667	0.0599922	0.0568	0.063	0.0599922	0.0562333	0.0626667	1	1	7.55657	
6.5471	1	26	6.53367	1	26	6.53433	1	26	0	0	0	0.0699875	0.0664333	0.0737333	0.069987	0.0672667	0.0732	0.0699875	0.0664333	0.0737333	0.069987	0.0672667	0.0732	1	1	7.53297	
6.55213	1	25	6.53597	1	25	6.53696	1	25	0	0	0	0.0798594	0.0766333	0.0837	0.0798635	0.0756	0.0847	0.0798594	0.0766333	0.0837	0.0798635	0.0756	0.0847	1	1	7.53513	
6.52739	1	24	6.50828	1	24	6.50853	1	24	0	0	0	0.0897703	0.0866	0.0943667	0.0897745	0.0850667	0.0933	0.0897703	0.0866	0.0943667	0.0897745	0.0850667	0.0933	1	1	7.50753	
6.50719	1	31	6.4864	1	31	6.48672	1	31	0	0	0	0.099576	0.0957333	0.104833	0.0995802	0.0958	0.103333	0.099576	0.0957333	0.104833	0.0995802	0.0958	0.103333	1	1	7.48554	
6.48712	1	28	6.46279	1	28	6.46313	1	28	0	0	0	0.109646	0.105467	0.114533	0.109644	0.103667	0.1159	0.109646	0.105467	0.114533	0.109644	0.103667	0.1159	1	1	7.46179	
6.50469	1	28	6.4782	1	28	6.47892	1	28	0	0	0	0.119622	0.1153	0.125333	0.119629	0.114567	0.124867	0.119622	0.1153	0.125333	0.119629	0.114567	0.124867	1	1	7.47712	
6.49683	1	30	6.46688	1	30	6.46774	1	30	0	0	0	0.129458	0.1255	0.1354	0.129461	0.125033	0.1336	0.129458	0.1255	0.1354	0.129461	0.125033	0.1336	1	1	7.46562	
6.47676	1	27	6.44258	1	27	6.44348	1	27	0	0	0	0.139445	0.1351	0.1456	0.139447	0.1346	0.1434	0.139445	0.1351	0.1456	0.139447	0.1346	0.1434	1	1	7.44124	
6.48155	1	28	6.44384	1	28	6.44407	1	28	0	0	0	0.149374	0.144833	0.155667	0.149373	0.144033	0.1538	0.149374	0.144833	0.155667	0.149373	0.144033	0.1538	1	1	7.44227	
6.48601	1	28	6.44382	1	28	6.44445	1	28	0	0	0	0.159415	0.154133	0.1657	0.159414	0.1518	0.164433	0.159415	0.154133	0.1657	0.159414	0.1518	0.164433	1	1	7.44221	
6.48032	1	28	6.43382	1	28	6.43404	1	28	0	0	0	0.16943	0.164867	0.176233	0.169429	0.1641	0.174533	0.16943	0.164867	0.176233	0.169429	0.1641	0.174533	1	1	7.43209	
6.48907	1	26	6.43858	1	26	6.43898	1	26	0	0	0	0.179385	0.1749	0.185833	0.179386	0.1746	0.185733	0.179385	0.1749	0.185833	0.179386	0.1746	0.185733	1	1	7.43671	
6.47502	1	31	6.42006	1	31	6.42038	1	31	0	0	0	0.18944	0.185133	0.196533	0.189436	0.183467	0.199333	0.18944	0.185133	0.196533	0.189436	0.183467	0.199333	1	1	7.41806	
6.49303	1	28	6.43222	1	28	6.43279	1	28	0	0	0	0.199437	0.195633	0.2058	0.199441	0.194233	0.204433	0.199437	0.195633	0.2058	0.199441	0.194233	0.204433	1	1	7.43018	
6.49381	1	29	6.42815	1	29	6.4286	1	29	0	0	0	0.209417	0.204667	0.2156	0.209423	0.204033	0.2154	0.209417	0.204667	0.2156	0.209423	0.204033	0.2154	1	1	7.42593	
6.49326	1	27	6.42187	1	27	6.42242	1	27	0	0	0	0.219593	0.213967	0.227	0.219606	0.2134	0.2253	0.219593	0.213967	0.227	0.219606	0.2134	0.2253	1	1	7.41948	
6.50154	1	30	6.42127	1	30	6.42168	1	30	0	0	0	0.229599	0.224133	0.2371	0.229611	0.224067	0.2342	0.229599	0.224133	0.2371	0.229611	0.224067	0.2342	1	1	7.41877	
6.50537	1	28	6.42028	1	28	6.42037	1	28	0	0	0	0.239598	0.234233	0.247567	0.239608	0.231867	0.246033	0.239598	0.234233	0.247567	0.239608	0.231867	0.246033	1	1	7.41768	
6.51681	1	34	6.4251	1	34	6.42575	1	34	0	0	0	0.249678	0.244133	0.2562	0.249682	0.243767	0.258967	0.249678	0.244133	0.2562	0.249682	0.243767	0.258967	1	1	7.42237	
6.52321	1	30	6.42227	1	29	6.42289	1	29	0	0	0	0.25964	0.254933	0.266767	0.259654	0.2519	0.266967	0.25964	0.254933	0.266767	0.259654	0.2519	0.266967	1	1	7.41933	
6.53736	1	29	6.42804	1	29	6.42883	1	29	0	0	0	0.269697	0.264233	0.277733	0.26971	0.2628	0.278	0.269697	0.264233	0.277733	0.26971	0.2628	0.278	1	1	7.42492	
6.5518	1	32	6.43477	1	32	6.43508	1	32	0	0	0	0.279699	0.274867	0.288033	0.279709	0.270733	0.287833	0.279699	0.274867	0.288033	0.279709	0.270733	0.287833	1	1	7.43156	
6.56054	1	31	6.43327	1	30	6.43377	1	30	0	0	0	0.28966	0.284867	0.2982	0.289666	0.2836	0.296267	0.28966	0.284867	0.2982	0.289666	0.2836	0.296267	1	1	7.42977	
6.58966	1	35	6.45147	1	31	6.45204	1	31	0	0	0	0.299654	0.295033	0.308233	0.299664	0.289667	0.308	0.299654	0.295033	0.308233	0.299664	0.289667	0.308	1	1	7.44792	
6.59989	1	33	6.44698	1	33	6.44756	1	33	0	0	0	0.309671	0.304933	0.3169	0.30969	0.302533	0.319667	0.309671	0.304933	0.3169	0.30969	0.302533	0.319667	1	1	7.4431	
6.61019	1	35	6.44739	1	33	6.44783	1	33	0	0	0	0.319631	0.3153	0.326167	0.319648	0.312333	0.327233	0.319631	0.3153	0.326167	0.319648	0.312333	0.327233	1	1	7.44362	
6.63378	1	45	6.45437	1	35	6.4548	1	35	0	0	0	0.329571	0.3241	0.337333	0.329588	0.321433	0.3351	0.329571	0.3241	0.337333	0.329588	0.321433	0.3351	1	1	7.45034	
6.652	1	35	6.46085	1	30	6.46123	1	30	0	0	0	0.339564	0.3346	0.347433	0.339583	0.330267	0.346833	0.339564	0.3346	0.347433	0.339583	0.330267	0.346833	1	1	7.45675	
6.66974	1	34	6.46551	1	34	6.4661	1	34	0	0	0	0.349566	0.344133	0.357067	0.349582	0.340867	0.359133	0.349566	0.344133	0.357067	0.349582	0.340867	0.359133	1	1	7.4612	
6.70571	1	43	6.48517	1	34	6.48554	1	34	0	0	0	0.359429	0.354833	0.367267	0.359442	0.3523	0.3677	0.359429	0.354833	0.367267	0.359442	0.3523	0.3677	1	1	7.48045	
6.73227	1	38	6.49362	1	32	6.49427	1	32	0	0	0	0.3694	0.364933	0.376433	0.369412	0.3627	0.378133	0.3694	0.364933	0.376433	0.369412	0.3627	0.378133	1	1	7.4887	
6.76907	1	47	6.51059	1	36	6.51106	1	36	0	0	0	0.379397	0.374667	0.386133	0.379407	0.371933	0.387233	0.379397	0.374667	0.386133	0.379407	0.371933	0.387233	1	1	7.50573	
6.78409	1	41	6.50812	1	35	6.5088	1	35	0	0	0	0.389336	0.385	0.396833	0.389339	0.379633	0.399733	0.389336	0.385	0.396833	0.389339	0.379633	0.399733	1	1	7.50313	
6.83971	1	40	6.52505	1	34	6.52548	1	34	0	0	0	0.399407	0.3947	0.406133	0.399405	0.3902	0.406767	0.399407	0.3947	0.406133	0.399405	0.3902	0.406767	1	1	7.51982	
6.86574	1	39	6.53484	1	34	6.53545	1	34	0	0	0	0.409368	0.404433	0.417533	0.409381	0.400733	0.417833	0.409368	0.404433	0.417533	0.409381	0.400733	0.417833	1	1	7.52945	
6.91021	1	47	6.54539	1	36	6.54608	1	36	0	0	0	0.419344	0.414333	0.427767	0.419346	0.408967	0.4284	0.419344	0.414333	0.427767	0.419346	0.408967	0.4284	1	1	7.53963	
6.95418	1	47	6.56172	1	33	6.56225	1	33	0	0	0	0.429437	0.424767	0.437267	0.42944	0.4187	0.437967	0.429437	0.424767	0.437267	0.42944	0.4187	0.437967	1	1	7.55562	
7.01271	1	42	6.57789	1	34	6.57848	1	34	0	0	0	0.439369	0.4349	0.4471	0.439379	0.429233	0.445933	0.439369	0.4349	0.4471	0.439379	0.429233	0.445933	1	1	7.57173	
7.05662	1	48	6.59273	1	36	6.59341	1	36	0	0	0	0.449298	0.4449	0.457067	0.449311	0.440667	0.458867	0.449298	0.4449	0.457067	0.449311	0.440667	0.458867	1	1	7.58634	
7.12075	1	50	6.60357	1	37	6.60403	1	37	0	0	0	0.459259	0.454867	0.466233	0.459259	0.449833	0.469667	0.459259	0.454867	0.466233	0.459259	0.449833	0.469667	1	1	7.59698	
7.19729	1	50	6.62694	1	33	6.62753	1	33	0	0	0	0.469333	0.464967	0.4767	0.469338	0.462867	0.4768	0.469333	0.464967	0.4767	0.469338	0.462867	0.4768	1	1	7.61989	
7.27419	1	57	6.64233	1	38	6.64269	1	38	0	0	0	0.47926	0.4743	0.486633	0.479251	0.471033	0.488967	0.47926	0.4743	0.486633	0.479251	0.471033	0.488967	1	1	7.63547	
7.36509	1	69	6.66706	1	34	6.66776	1	34	0	0	0	0.489254	0.484	0.496567	0.489274	0.479233	0.4962	0.489254	0.484	0.496567	0.489274	0.479233	0.4962	1	1	7.65968	
7.41652	1	71	6.68078	1	36	6.6812	1	36	0	0	0	0.499178	0.494167	0.5056	0.499199	0.490933	0.510567	0.499178	0.494167	0.5056	0.499199	0.490933	0.510567	1	1	7.67311	
7.53537	1	70	6.69943	1	38	6.70001	1	38	0	0	0	0.509155	0.504	0.515533	0.509186	0.499967	0.519367	0.509155	0.504	0.515533	0.509186	0.499967	0.519367	1	1	7.69171	
7.62785	1	67	6.71479	1	42	6.71528	1	42	0	0	0	0.519157	0.513767	0.525233	0.51917	0.506833	0.527967	0.519157	0.513767	0.525233	0.51917	0.506833	0.527967	1	1	7.70689	
7.77156	1	60	6.74238	1	38	6.74327	1	38	0	0	0	0.529081	0.523233	0.535033	0.529095	0.520333	0.536133	0.529081	0.523233	0.535033	0.529095	0.520333	0.536133	1	1	7.73381	
7.89688	1	65	6.76309	1	39	6.76356	1	39	0	0	0	0.53911	0.533633	0.545067	0.539106	0.5267	0.549767	0.53911	0.533633	0.545067	0.539106	0.5267	0.549767	1	1	7.75443	
8.0238	1	90	6.7808	1	42	6.78157	1	42	0	0	0	0.549167	0.543233	0.554667	0.549186	0.539933	0.5575	0.549167	0.543233	0.554667	0.549186	0.539933	0.5575	1	1	7.77188	
8.1894	1	91	6.80261	1	41	6.80322	1	41	0	0	0	0.559163	0.5524	0.564933	0.559176	0.548133	0.5683	0.559163	0.5524	0.564933	0.559176	0.548133	0.5683	1	1	7.7934	
8.41824	1	90	6.82056	1	43	6.8212	1	43	0	0	0	0.56921	0.562533	0.574867	0.569208	0.559167	0.579733	0.56921	0.562533	0.574867	0.569208	0.559167	0.579733	1	1	7.81099	
8.73217	1	93	6.85538	1	43	6.85588	1	43	0	0	0	0.579327	0.572933	0.585067	0.579321	0.570033	0.589567	0.579327	0.572933	0.585067	0.579321	0.570033	0.589567	1	1	7.84549	
9.05212	1	88	6.87003	1	43	6.87063	1	43	0	0	0	0.589414	0.5829	0.594567	0.589447	0.578433	0.5982	0.589414	0.5829	0.594567	0.589447	0.578433	0.5982	1	1	7.8598	
9.44998	1	141	6.9029	1	46	6.90336	1	46	0	0	0	0.599383	0.593533	0.6047	0.599381	0.587933	0.6119	0.599383	0.593533	0.6047	0.599381	0.587933	0.6119	1	1	7.8926	
9.83428	1	104	6.9278	1	44	6.92845	1	44	0	0	0	0.609403	0.6042	0.614867	0.609403	0.598667	0.6199	0.609403	0.6042	0.614867	0.609403	0.598667	0.6199	1	1	7.91699	
10.6087	1	129	6.95088	1	46	6.95133	1	46	0	0	0	0.619465	0.614633	0.624767	0.619461	0.606367	0.627867	0.619465	0.614633	0.624767	0.619461	0.606367	0.627867	1	1	7.93969	
11.762	1	164	6.98473	1	44	6.98538	1	44	0	0	0	0.629454	0.624267	0.635067	0.629486	0.620333	0.6386	0.629454	0.624267	0.635067	0.629486	0.620333	0.6386	1	1	7.9733	
13.3739	1	222	7.01251	1	48	7.01273	1	48	0	0	0	0.63958	0.63475	0.64475	0.639614	0.633175	0.6485	0.63958	0.63475	0.64475	0.639614	0.633175	0.6485	1	1	8.00058	
17.5497	1	344	7.03018	1	58	7.03017	1	58	0	0	0	0.649576	0.644567	0.6555	0.649462	0.632967	0.660933	0.649576	0.644567	0.6555	0.649462	0.632967	0.660933	1	1	8.01792	
35.3749	1	894	7.07158	1	57	7.07163	1	57	0	0	0	0.65958	0.6538	0.665275	0.659586	0.651825	0.669925	0.65958	0.6538	0.665275	0.659586	0.651825	0.669925	1	1	8.05887	
128.131	1	2072	7.08925	1	60	7.09057	1	60	0	0	0	0.669586	0.665443	0.674414	0.668611	0.660057	0.676471	0.669586	0.665443	0.674414	0.668611	0.660057	0.676471	1	1	8.07653	
414.767	1	3656	7.11111	1	62	7.10849	1	62	0	0	0	0.679583	0.675043	0.684814	0.67524	0.668857	0.680929	0.679583	0.675043	0.684814	0.67524	0.668857	0.680929	1	1	8.09813	
