9.82149	4	20	9.82071	4	20	9.82283	4	20	0	0	0	0.0100281	0.0091	0.0116333	0.0100318	0.0091	0.0117	0.0100281	0.0091	0.0116333	0.0100318	0.0091	0.0117	1	1	10.8178	
9.78717	4	21	9.78539	4	21	9.78669	4	21	0	0	0	0.0199906	0.0186333	0.0219	0.0199901	0.0186333	0.0219	0.0199906	0.0186333	0.0219	0.0199901	0.0186333	0.0219	1	1	10.7786	
9.7734	4	21	9.77064	4	21	9.77242	4	21	0	0	0	0.0301104	0.028	0.0321333	0.0301115	0.028	0.0321333	0.0301104	0.028	0.0321333	0.0301115	0.028	0.0321333	1	1	10.7596	
9.77167	4	21	9.76828	4	21	9.76945	4	21	0	0	0	0.0400328	0.0377333	0.0423667	0.0400339	0.0377	0.0423667	0.0400328	0.0377333	0.0423667	0.0400339	0.0377	0.0423667	1	1	10.7532	
9.77594	4	22	9.77202	4	22	9.77276	4	22	0	0	0	0.0499557	0.0471	0.0527333	0.0499557	0.0471	0.0528	0.0499557	0.0471	0.0527333	0.0499557	0.0471	0.0528	1	1	10.7519	
9.77574	4	22	9.77105	4	22	9.77174	4	22	0	0	0	0.0599922	0.0568	0.063	0.0599917	0.0567667	0.063	0.0599922	0.0568	0.063	0.0599917	0.0567667	0.063	1	1	10.7452	
9.77224	4	22	9.7666	4	22	9.76734	4	22	0	0	0	0.0699875	0.0664333	0.0737333	0.0699865	0.0664	0.0737333	0.0699875	0.0664333	0.0737333	0.0699865	0.0664	0.0737333	1	1	10.7351	
9.77213	4	22	9.76523	4	22	9.76596	4	22	0	0	0	0.0798594	0.0766333	0.0837	0.0798635	0.0765	0.0837333	0.0798594	0.0766333	0.0837	0.0798635	0.0765	0.0837333	1	1	10.7278	
9.77025	4	23	9.762	4	23	9.76271	4	23	0	0	0	0.0897703	0.0866	0.0943667	0.0897766	0.0866	0.0944667	0.0897703	0.0866	0.0943667	0.0897766	0.0866	0.0944667	1	1	10.7177	
9.77247	4	23	9.76273	4	23	9.76343	4	23	0	0	0	0.099576	0.0957333	0.104833	0.0995833	0.0957333	0.104933	0.099576	0.0957333	0.104833	0.0995833	0.0957333	0.104933	1	1	10.7106	
9.77549	4	24	9.76402	4	24	9.76481	4	24	0	0	0	0.109646	0.105467	0.114533	0.109655	0.105467	0.114633	0.109646	0.105467	0.114533	0.109655	0.105467	0.114633	1	1	10.7033	
9.78617	4	25	9.77332	4	25	9.77414	4	25	0	0	0	0.119622	0.1153	0.125333	0.11963	0.1153	0.125433	0.119622	0.1153	0.125333	0.11963	0.1153	0.125433	1	1	10.7019	
9.80183	4	25	9.78747	4	25	9.78818	4	25	0	0	0	0.129458	0.1255	0.1354	0.129466	0.1255	0.1355	0.129458	0.1255	0.1354	0.129466	0.1255	0.1355	1	1	10.7049	
9.81072	4	26	9.79429	4	26	9.79495	4	26	0	0	0	0.139445	0.1351	0.1456	0.139452	0.135	0.1457	0.139445	0.1351	0.1456	0.139452	0.135	0.1457	1	1	10.6987	
9.82167	4	27	9.80337	4	27	9.80416	4	27	0	0	0	0.149374	0.144833	0.155667	0.149383	0.144733	0.155767	0.149374	0.144833	0.155667	0.149383	0.144733	0.155767	1	1	10.6918	
9.83416	4	27	9.81408	4	27	9.81502	4	27	0	0	0	0.159415	0.154133	0.1657	0.159423	0.154033	0.1658	0.159415	0.154133	0.1657	0.159423	0.154033	0.1658	1	1	10.6866	
9.84859	4	27	9.82608	4	27	9.82701	4	27	0	0	0	0.16943	0.164867	0.176233	0.169442	0.164767	0.176333	0.16943	0.164867	0.176233	0.169442	0.164767	0.176333	1	1	10.68	
9.87378	4	28	9.84857	4	28	9.84963	4	28	0	0	0	0.179385	0.1749	0.185833	0.179397	0.174933	0.185933	0.179385	0.1749	0.185833	0.179397	0.174933	0.185933	1	1	10.6756	
9.90543	4	29	9.87759	4	29	9.87868	4	29	0	0	0	0.18944	0.185133	0.196533	0.189452	0.1851	0.1966	0.18944	0.185133	0.196533	0.189452	0.1851	0.1966	1	1	10.6718	
9.94525	4	32	9.91488	4	32	9.91609	4	32	0	0	0	0.199437	0.195633	0.2058	0.199452	0.1956	0.2059	0.199437	0.195633	0.2058	0.199452	0.1956	0.2059	1	1	10.6663	
9.99444	4	34	9.96101	4	34	9.96223	4	34	0	0	0	0.209417	0.204667	0.2156	0.209431	0.204667	0.215733	0.209417	0.204667	0.2156	0.209431	0.204667	0.215733	1	1	10.658	
10.0969	4	36	10.0605	4	36	10.0619	4	36	0	0	0	0.219593	0.213967	0.227	0.219609	0.213933	0.227033	0.219593	0.213967	0.227	0.219609	0.213933	0.227033	1	1	10.6544	
10.2885	4	44	10.2484	4	44	10.2499	4	44	0	0	0	0.229599	0.224133	0.2371	0.22961	0.224133	0.2371	0.229599	0.224133	0.2371	0.22961	0.224133	0.2371	1	1	10.6485	
10.7009	4	57	10.6569	4	57	10.659	4	57	0	0	0	0.239598	0.234233	0.247567	0.239605	0.2342	0.247567	0.239598	0.234233	0.247567	0.239605	0.2342	0.247567	1	1	10.6437	
27.2806	4	300	27.2316	4	300	27.3142	4	300	0	0	0	0.249861	0.24605	0.252767	0.249857	0.246033	0.252783	0.249861	0.24605	0.252767	0.249857	0.246033	0.252783	1	1	10.6422	
257.136	4	3224	257.082	4	3224	264.348	4	3355	0	0	0	0.259708	0.256186	0.263514	0.258802	0.252529	0.263543	0.259708	0.256186	0.263514	0.258802	0.252529	0.263543	1	1	10.6402	
