9.1407	1	20	9.14065	1	20	9.14035	1	20	0	0	0	0.0100281	0.0091	0.0116333	0.0100302	0.0091	0.0116333	0.0100281	0.0091	0.0116333	0.0100302	0.0091	0.0116333	1	1	10.1406	
9.1169	1	25	9.11664	1	25	9.11704	1	25	0	0	0	0.0199906	0.0186333	0.0219	0.0199911	0.0186333	0.0219	0.0199906	0.0186333	0.0219	0.0199911	0.0186333	0.0219	1	1	10.1166	
9.11292	1	26	9.11231	1	26	9.11233	1	26	0	0	0	0.0301104	0.028	0.0321333	0.030112	0.028	0.0321333	0.0301104	0.028	0.0321333	0.030112	0.028	0.0321333	1	1	10.1123	
9.10313	1	26	9.10196	1	26	9.10208	1	26	0	0	0	0.0400328	0.0377333	0.0423667	0.0400333	0.0377	0.0423667	0.0400328	0.0377333	0.0423667	0.0400333	0.0377	0.0423667	1	1	10.1019	
9.10806	1	26	9.10634	1	26	9.10647	1	26	0	0	0	0.0499557	0.0471	0.0527333	0.0499547	0.0471	0.0528	0.0499557	0.0471	0.0527333	0.0499547	0.0471	0.0528	1	1	10.1062	
9.10596	1	26	9.10361	1	26	9.10398	1	26	0	0	0	0.0599922	0.0568	0.063	0.0599922	0.0567667	0.063	0.0599922	0.0568	0.063	0.0599922	0.0567667	0.063	1	1	10.1035	
9.10617	1	26	9.10309	1	26	9.10331	1	26	0	0	0	0.0699875	0.0664333	0.0737333	0.0699865	0.0664	0.0737333	0.0699875	0.0664333	0.0737333	0.0699865	0.0664	0.0737333	1	1	10.1029	
9.11803	1	30	9.11403	1	30	9.11419	1	30	0	0	0	0.0798594	0.0766333	0.0837	0.0798615	0.0765	0.0837333	0.0798594	0.0766333	0.0837	0.0798615	0.0765	0.0837333	1	1	10.1137	
9.12011	1	30	9.1151	1	30	9.11567	1	30	0	0	0	0.0897703	0.0866	0.0943667	0.089775	0.0866	0.0944	0.0897703	0.0866	0.0943667	0.089775	0.0866	0.0944	1	1	10.1147	
9.12601	1	31	9.11972	1	31	9.12025	1	31	0	0	0	0.099576	0.0957333	0.104833	0.0995807	0.0957333	0.104867	0.099576	0.0957333	0.104833	0.0995807	0.0957333	0.104867	1	1	10.1192	
9.13372	1	31	9.1262	1	31	9.12674	1	31	0	0	0	0.109646	0.105467	0.114533	0.109653	0.105467	0.114567	0.109646	0.105467	0.114533	0.109653	0.105467	0.114567	1	1	10.1255	
9.14312	1	31	9.13417	1	31	9.13461	1	31	0	0	0	0.119622	0.1153	0.125333	0.119627	0.1153	0.125367	0.119622	0.1153	0.125333	0.119627	0.1153	0.125367	1	1	10.1332	
9.15284	1	31	9.14231	1	31	9.14275	1	31	0	0	0	0.129458	0.1255	0.1354	0.129461	0.1255	0.135433	0.129458	0.1255	0.1354	0.129461	0.1255	0.135433	1	1	10.141	
9.16573	1	30	9.15335	1	30	9.15365	1	30	0	0	0	0.139445	0.1351	0.1456	0.139447	0.135	0.145633	0.139445	0.1351	0.1456	0.139447	0.135	0.145633	1	1	10.1517	
9.17378	1	30	9.15932	1	30	9.15966	1	30	0	0	0	0.149374	0.144833	0.155667	0.149376	0.144733	0.1557	0.149374	0.144833	0.155667	0.149376	0.144733	0.1557	1	1	10.1572	
9.18624	1	34	9.16943	1	34	9.16974	1	34	0	0	0	0.159415	0.154133	0.1657	0.159416	0.154033	0.165733	0.159415	0.154133	0.1657	0.159416	0.154033	0.165733	1	1	10.1668	
9.20031	1	36	9.18083	1	36	9.18111	1	36	0	0	0	0.16943	0.164867	0.176233	0.169435	0.164767	0.176267	0.16943	0.164867	0.176233	0.169435	0.164767	0.176267	1	1	10.1775	
9.2123	1	46	9.18991	1	46	9.19023	1	46	0	0	0	0.179385	0.1749	0.185833	0.179391	0.174933	0.185867	0.179385	0.1749	0.185833	0.179391	0.174933	0.185867	1	1	10.1859	
9.22818	1	46	9.20251	1	46	9.20289	1	46	0	0	0	0.18944	0.185133	0.196533	0.189446	0.185033	0.196567	0.18944	0.185133	0.196533	0.189446	0.185033	0.196567	1	1	10.1975	
9.24592	1	46	9.21669	1	46	9.21711	1	46	0	0	0	0.199437	0.195633	0.2058	0.199446	0.195533	0.205833	0.199437	0.195633	0.2058	0.199446	0.195533	0.205833	1	1	10.2108	
9.26339	1	51	9.2301	1	51	9.23058	1	51	0	0	0	0.209417	0.204667	0.2156	0.209426	0.2046	0.215667	0.209417	0.204667	0.2156	0.209426	0.2046	0.215667	1	1	10.223	
9.28601	1	51	9.24816	1	51	9.24861	1	51	0	0	0	0.219593	0.213967	0.227	0.219603	0.213867	0.227033	0.219593	0.213967	0.227	0.219603	0.213867	0.227033	1	1	10.2396	
9.30566	1	51	9.26294	1	51	9.26352	1	51	0	0	0	0.229599	0.224133	0.2371	0.229609	0.2241	0.2371	0.229599	0.224133	0.2371	0.229609	0.2241	0.2371	1	1	10.2528	
9.33154	1	51	9.2829	1	51	9.28346	1	51	0	0	0	0.239598	0.234233	0.247567	0.239608	0.234133	0.247567	0.239598	0.234233	0.247567	0.239608	0.234133	0.247567	1	1	10.2706	
9.35563	1	66	9.30054	1	66	9.30117	1	66	0	0	0	0.249678	0.244133	0.2562	0.249689	0.244033	0.2562	0.249678	0.244133	0.2562	0.249689	0.244033	0.2562	1	1	10.2862	
9.387	1	66	9.32442	1	66	9.32491	1	66	0	0	0	0.25964	0.254933	0.266767	0.259652	0.254833	0.266767	0.25964	0.254933	0.266767	0.259652	0.254833	0.266767	1	1	10.3068	
9.42343	1	63	9.35227	1	63	9.35288	1	63	0	0	0	0.269697	0.264233	0.277733	0.26971	0.264067	0.277733	0.269697	0.264233	0.277733	0.26971	0.264067	0.277733	1	1	10.3307	
9.4612	1	66	9.37978	1	66	9.38047	1	66	0	0	0	0.279699	0.274867	0.288033	0.279712	0.274733	0.288033	0.279699	0.274867	0.288033	0.279712	0.274733	0.288033	1	1	10.3532	
9.50479	1	80	9.41211	1	80	9.4129	1	80	0	0	0	0.28966	0.284867	0.2982	0.289673	0.284733	0.2982	0.28966	0.284867	0.2982	0.289673	0.284733	0.2982	1	1	10.3785	
9.55803	1	78	9.45038	1	78	9.45126	1	78	0	0	0	0.299654	0.295033	0.308233	0.29967	0.294933	0.308233	0.299654	0.295033	0.308233	0.29967	0.294933	0.308233	1	1	10.4089	
9.62311	1	94	9.49843	1	94	9.49953	1	94	0	0	0	0.309671	0.304933	0.3169	0.30969	0.304867	0.3169	0.309671	0.304933	0.3169	0.30969	0.304867	0.3169	1	1	10.4463	
9.71032	1	130	9.56211	1	130	9.56301	1	130	0	0	0	0.319631	0.3153	0.326167	0.319653	0.3152	0.326167	0.319631	0.3153	0.326167	0.319653	0.3152	0.326167	1	1	10.4927	
9.83232	1	116	9.65112	1	116	9.65195	1	116	0	0	0	0.329571	0.3241	0.337333	0.329595	0.324033	0.337333	0.329571	0.3241	0.337333	0.329595	0.324033	0.337333	1	1	10.5454	
10.0012	1	147	9.77706	1	147	9.77789	1	147	0	0	0	0.339564	0.3346	0.347433	0.339589	0.3345	0.347433	0.339564	0.3346	0.347433	0.339589	0.3345	0.347433	1	1	10.6039	
10.4667	1	175	10.1186	1	175	10.1195	1	175	0	0	0	0.349781	0.345325	0.355125	0.349778	0.345275	0.355175	0.349781	0.345325	0.355125	0.349778	0.345275	0.355175	1	1	10.6957	
39.7064	1	1022	39.114	1	964	39.3651	1	1007	0	0	0	0.35959	0.356557	0.363129	0.359485	0.356729	0.363129	0.35959	0.356557	0.363129	0.359485	0.356729	0.363129	1	1	10.7894	
160.862	1	5593	129.324	1	3076	135.597	1	3194	0	0	0	0.369597	0.366443	0.373743	0.368885	0.357871	0.373743	0.369597	0.366443	0.373743	0.368885	0.357871	0.373743	1	1	10.8963	
362.202	1	18838	202.021	1	3259	232.317	1	3918	0	0	0	0.379615	0.376286	0.383386	0.377905	0.325443	0.383414	0.379615	0.376286	0.383386	0.377905	0.325443	0.383414	1	1	10.9715	
