10.8717	6	22	10.8354	6	22	10.8352	6	22	0	0	0	0.0100281	0.0091	0.0116333	0.0100318	0.0091	0.0117	0.0100281	0.0091	0.0116333	0.0100318	0.0091	0.0117	1	1	11.8354	
10.955	6	32	10.8748	6	30	10.875	6	30	0	0	0	0.0199906	0.0186333	0.0219	0.0199922	0.0186333	0.0219	0.0199906	0.0186333	0.0219	0.0199922	0.0186333	0.0219	1	1	11.8747	
11.0454	6	34	10.913	6	34	10.9133	6	34	0	0	0	0.0301104	0.028	0.0321333	0.030113	0.028	0.0321333	0.0301104	0.028	0.0321333	0.030113	0.028	0.0321333	1	1	11.9128	
11.1467	6	46	10.9413	6	46	10.9418	6	46	0	0	0	0.0400328	0.0377333	0.0423667	0.0400359	0.0377333	0.0423667	0.0400328	0.0377333	0.0423667	0.0400359	0.0377333	0.0423667	1	1	11.9409	
11.2792	6	46	10.9787	6	46	10.9791	6	46	0	0	0	0.0499557	0.0471	0.0527333	0.0499578	0.0471333	0.0528	0.0499557	0.0471	0.0527333	0.0499578	0.0471333	0.0528	1	1	11.9782	
11.4429	6	62	11.0138	6	62	11.0143	6	62	0	0	0	0.0599922	0.0568	0.063	0.0599948	0.0568	0.063	0.0599922	0.0568	0.063	0.0599948	0.0568	0.063	1	1	12.013	
11.6796	6	63	11.0605	6	62	11.0609	6	62	0	0	0	0.0699875	0.0664333	0.0737333	0.069987	0.0664333	0.0737333	0.0699875	0.0664333	0.0737333	0.069987	0.0664333	0.0737333	1	1	12.0591	
12.0039	6	67	11.1085	6	67	11.1085	6	67	0	0	0	0.0798594	0.0766333	0.0837	0.0798646	0.0765	0.0837333	0.0798594	0.0766333	0.0837	0.0798646	0.0765	0.0837333	1	1	12.1064	
12.5435	6	78	11.1677	6	78	11.1677	6	78	0	0	0	0.0897703	0.0866	0.0943667	0.0897813	0.0866667	0.0945	0.0897703	0.0866	0.0943667	0.0897813	0.0866667	0.0945	1	1	12.1646	
13.4981	6	86	11.2256	6	78	11.2252	6	78	0	0	0	0.099576	0.0957333	0.104833	0.0995891	0.0957667	0.104933	0.099576	0.0957333	0.104833	0.0995891	0.0957667	0.104933	1	1	12.2209	
15.8862	6	208	11.2934	6	83	11.2932	6	83	0	0	0	0.109646	0.105467	0.114533	0.10966	0.105533	0.114633	0.109646	0.105467	0.114533	0.10966	0.105533	0.114633	1	1	12.2867	
27.4088	6	488	11.3688	6	98	11.3674	6	98	0	0	0	0.11976	0.117083	0.122433	0.119768	0.117283	0.122433	0.11976	0.117083	0.122433	0.119768	0.117283	0.122433	1	1	12.3594	
1151.87	6	7298	11.4522	6	114	11.4286	6	114	0	0	0	0.129685	0.127114	0.132057	0.127666	0.122671	0.131957	0.129685	0.127114	0.132057	0.127666	0.122671	0.131957	1	1	12.4391	
