9.14002	1	20	9.14002	1	20	9.13973	1	20	0	0	0	0.0100281	0.0091	0.0116333	0.0100302	0.0091	0.0116333	0.0100281	0.0091	0.0116333	0.0100302	0.0091	0.0116333	1	1	10.14	
9.11487	1	20	9.11487	1	20	9.11527	1	20	0	0	0	0.0199906	0.0186333	0.0219	0.0199911	0.0186333	0.0219	0.0199906	0.0186333	0.0219	0.0199911	0.0186333	0.0219	1	1	10.1149	
9.10911	1	20	9.10909	1	20	9.10912	1	20	0	0	0	0.0301104	0.028	0.0321333	0.030112	0.028	0.0321333	0.0301104	0.028	0.0321333	0.030112	0.028	0.0321333	1	1	10.1091	
9.09707	1	20	9.097	1	20	9.09712	1	20	0	0	0	0.0400328	0.0377333	0.0423667	0.0400333	0.0377	0.0423667	0.0400328	0.0377333	0.0423667	0.0400333	0.0377	0.0423667	1	1	10.097	
9.09794	1	20	9.09783	1	20	9.09796	1	20	0	0	0	0.0499557	0.0471	0.0527333	0.0499547	0.0471	0.0528	0.0499557	0.0471	0.0527333	0.0499547	0.0471	0.0528	1	1	10.0978	
9.09282	1	20	9.0927	1	20	9.09309	1	20	0	0	0	0.0599922	0.0568	0.063	0.0599922	0.0567667	0.063	0.0599922	0.0568	0.063	0.0599922	0.0567667	0.063	1	1	10.0927	
9.0892	1	20	9.08907	1	20	9.08931	1	20	0	0	0	0.0699875	0.0664333	0.0737333	0.0699865	0.0664	0.0737333	0.0699875	0.0664333	0.0737333	0.0699865	0.0664	0.0737333	1	1	10.0891	
9.09665	1	20	9.0964	1	20	9.09658	1	20	0	0	0	0.0798594	0.0766333	0.0837	0.0798615	0.0765	0.0837333	0.0798594	0.0766333	0.0837	0.0798615	0.0765	0.0837333	1	1	10.0964	
9.09371	1	20	9.09339	1	20	9.09401	1	20	0	0	0	0.0897703	0.0866	0.0943667	0.089775	0.0866	0.0944	0.0897703	0.0866	0.0943667	0.089775	0.0866	0.0944	1	1	10.0934	
9.09455	1	20	9.09415	1	20	9.09473	1	20	0	0	0	0.099576	0.0957333	0.104833	0.0995807	0.0957333	0.104867	0.099576	0.0957333	0.104833	0.0995807	0.0957333	0.104867	1	1	10.0941	
9.09535	1	20	9.09488	1	20	9.09548	1	20	0	0	0	0.109646	0.105467	0.114533	0.109653	0.105467	0.114567	0.109646	0.105467	0.114533	0.109653	0.105467	0.114567	1	1	10.0949	
9.09798	1	20	9.09742	1	20	9.09792	1	20	0	0	0	0.119622	0.1153	0.125333	0.119627	0.1153	0.125367	0.119622	0.1153	0.125333	0.119627	0.1153	0.125367	1	1	10.0974	
9.10017	1	20	9.09953	1	20	9.10003	1	20	0	0	0	0.129458	0.1255	0.1354	0.129461	0.1255	0.135433	0.129458	0.1255	0.1354	0.129461	0.1255	0.135433	1	1	10.0995	
9.10205	1	20	9.10133	1	20	9.10173	1	20	0	0	0	0.139445	0.1351	0.1456	0.139447	0.135	0.145633	0.139445	0.1351	0.1456	0.139447	0.135	0.145633	1	1	10.1013	
9.10098	1	20	9.1001	1	20	9.10051	1	20	0	0	0	0.149374	0.144833	0.155667	0.149376	0.144733	0.1557	0.149374	0.144833	0.155667	0.149376	0.144733	0.1557	1	1	10.1001	
9.10295	1	24	9.10195	1	24	9.10236	1	24	0	0	0	0.159415	0.154133	0.1657	0.159416	0.154033	0.165733	0.159415	0.154133	0.1657	0.159416	0.154033	0.165733	1	1	10.102	
9.10418	1	24	9.10307	1	24	9.10346	1	24	0	0	0	0.16943	0.164867	0.176233	0.169434	0.164767	0.176267	0.16943	0.164867	0.176233	0.169434	0.164767	0.176267	1	1	10.1031	
9.10347	1	24	9.10216	1	24	9.10259	1	24	0	0	0	0.179385	0.1749	0.185833	0.17939	0.174933	0.185867	0.179385	0.1749	0.185833	0.17939	0.174933	0.185867	1	1	10.1022	
9.10551	1	24	9.10403	1	24	9.10444	1	24	0	0	0	0.18944	0.185133	0.196533	0.189444	0.185033	0.196567	0.18944	0.185133	0.196533	0.189444	0.185033	0.196567	1	1	10.104	
9.10569	1	24	9.10404	1	24	9.1045	1	24	0	0	0	0.199437	0.195633	0.2058	0.199443	0.195533	0.205833	0.199437	0.195633	0.2058	0.199443	0.195533	0.205833	1	1	10.104	
9.10679	1	24	9.10495	1	24	9.1054	1	24	0	0	0	0.209417	0.204667	0.2156	0.209423	0.2046	0.215667	0.209417	0.204667	0.2156	0.209423	0.2046	0.215667	1	1	10.1049	
9.11059	1	24	9.10851	1	24	9.10891	1	24	0	0	0	0.219593	0.213967	0.227	0.219602	0.213867	0.227033	0.219593	0.213967	0.227	0.219602	0.213867	0.227033	1	1	10.1085	
9.11024	1	24	9.10785	1	24	9.10834	1	24	0	0	0	0.229599	0.224133	0.2371	0.229607	0.2241	0.2371	0.229599	0.224133	0.2371	0.229607	0.2241	0.2371	1	1	10.1078	
9.11187	1	24	9.10924	1	24	9.10971	1	24	0	0	0	0.239598	0.234233	0.247567	0.239606	0.234133	0.247567	0.239598	0.234233	0.247567	0.239606	0.234133	0.247567	1	1	10.1092	
9.11338	1	25	9.11052	1	25	9.11098	1	25	0	0	0	0.249678	0.244133	0.2562	0.249685	0.244033	0.2562	0.249678	0.244133	0.2562	0.249685	0.244033	0.2562	1	1	10.1105	
9.1155	1	25	9.11238	1	25	9.11282	1	25	0	0	0	0.25964	0.254933	0.266767	0.259649	0.254833	0.266767	0.25964	0.254933	0.266767	0.259649	0.254833	0.266767	1	1	10.1123	
9.11633	1	25	9.11284	1	25	9.11331	1	25	0	0	0	0.269697	0.264233	0.277733	0.269706	0.2641	0.277733	0.269697	0.264233	0.277733	0.269706	0.2641	0.277733	1	1	10.1128	
9.11691	1	25	9.11311	1	25	9.11363	1	25	0	0	0	0.279699	0.274867	0.288033	0.279707	0.274733	0.288033	0.279699	0.274867	0.288033	0.279707	0.274733	0.288033	1	1	10.113	
9.1166	1	25	9.11244	1	25	9.11306	1	25	0	0	0	0.28966	0.284867	0.2982	0.289668	0.284767	0.2982	0.28966	0.284867	0.2982	0.289668	0.284767	0.2982	1	1	10.1123	
9.11808	1	25	9.11351	1	25	9.11411	1	25	0	0	0	0.299654	0.295033	0.308233	0.299665	0.294933	0.308233	0.299654	0.295033	0.308233	0.299665	0.294933	0.308233	1	1	10.1134	
9.12026	1	25	9.11525	1	25	9.11586	1	25	0	0	0	0.309671	0.304933	0.3169	0.309684	0.304833	0.3169	0.309671	0.304933	0.3169	0.309684	0.304833	0.3169	1	1	10.1151	
9.12404	1	25	9.11867	1	25	9.11924	1	25	0	0	0	0.319631	0.3153	0.326167	0.319644	0.315167	0.326167	0.319631	0.3153	0.326167	0.319644	0.315167	0.326167	1	1	10.1185	
9.12554	1	25	9.11971	1	25	9.12023	1	25	0	0	0	0.329571	0.3241	0.337333	0.329584	0.323967	0.337333	0.329571	0.3241	0.337333	0.329584	0.323967	0.337333	1	1	10.1195	
9.12796	1	25	9.12159	1	25	9.12208	1	25	0	0	0	0.339564	0.3346	0.347433	0.339579	0.334467	0.347433	0.339564	0.3346	0.347433	0.339579	0.334467	0.347433	1	1	10.1214	
9.12993	1	25	9.12297	1	25	9.12346	1	25	0	0	0	0.349566	0.344133	0.357067	0.349579	0.344033	0.357067	0.349566	0.344133	0.357067	0.349579	0.344033	0.357067	1	1	10.1227	
9.13125	1	25	9.12365	1	25	9.12416	1	25	0	0	0	0.359429	0.354833	0.367267	0.359443	0.3549	0.3673	0.359429	0.354833	0.367267	0.359443	0.3549	0.3673	1	1	10.1233	
9.13418	1	25	9.12588	1	25	9.12637	1	25	0	0	0	0.3694	0.364933	0.376433	0.369412	0.364867	0.376467	0.3694	0.364933	0.376433	0.369412	0.364867	0.376467	1	1	10.1255	
9.13678	1	25	9.12763	1	25	9.12815	1	25	0	0	0	0.379397	0.374667	0.386133	0.379408	0.3746	0.386167	0.379397	0.374667	0.386133	0.379408	0.3746	0.386167	1	1	10.1272	
9.13978	1	25	9.12971	1	25	9.13021	1	25	0	0	0	0.389336	0.385	0.396833	0.389349	0.384967	0.396867	0.389336	0.385	0.396833	0.389349	0.384967	0.396867	1	1	10.1293	
9.14378	1	25	9.13266	1	25	9.13319	1	25	0	0	0	0.399407	0.3947	0.406133	0.399419	0.3946	0.406167	0.399407	0.3947	0.406133	0.399419	0.3946	0.406167	1	1	10.1321	
9.14906	1	25	9.1369	1	25	9.13745	1	25	0	0	0	0.409368	0.404433	0.417533	0.409381	0.404433	0.417667	0.409368	0.404433	0.417533	0.409381	0.404433	0.417667	1	1	10.1363	
9.15438	1	25	9.14098	1	25	9.14157	1	25	0	0	0	0.419344	0.414333	0.427767	0.419357	0.414333	0.4279	0.419344	0.414333	0.427767	0.419357	0.414333	0.4279	1	1	10.1404	
9.15893	1	25	9.14414	1	25	9.14468	1	25	0	0	0	0.429437	0.424767	0.437267	0.429452	0.424767	0.4374	0.429437	0.424767	0.437267	0.429452	0.424767	0.4374	1	1	10.1434	
9.16372	1	25	9.14719	1	25	9.14771	1	25	0	0	0	0.439369	0.4349	0.4471	0.439385	0.434933	0.447233	0.439369	0.4349	0.4471	0.439385	0.434933	0.447233	1	1	10.1464	
9.1691	1	25	9.15068	1	25	9.15121	1	25	0	0	0	0.449298	0.4449	0.457067	0.44931	0.444933	0.457167	0.449298	0.4449	0.457067	0.44931	0.444933	0.457167	1	1	10.1497	
9.17431	1	25	9.15394	1	25	9.15447	1	25	0	0	0	0.459259	0.454867	0.466233	0.459274	0.454833	0.466367	0.459259	0.454867	0.466233	0.459274	0.454833	0.466367	1	1	10.1529	
9.18061	1	25	9.15797	1	25	9.15848	1	25	0	0	0	0.469333	0.464967	0.4767	0.469345	0.465	0.476833	0.469333	0.464967	0.4767	0.469345	0.465	0.476833	1	1	10.1568	
9.18712	1	26	9.16191	1	26	9.16243	1	26	0	0	0	0.47926	0.4743	0.486633	0.479273	0.474267	0.4868	0.47926	0.4743	0.486633	0.479273	0.474267	0.4868	1	1	10.1605	
9.19484	1	26	9.16679	1	26	9.16737	1	26	0	0	0	0.489254	0.484	0.496567	0.489271	0.483967	0.4967	0.489254	0.484	0.496567	0.489271	0.483967	0.4967	1	1	10.1652	
9.2039	1	26	9.17173	1	26	9.17235	1	26	0	0	0	0.499178	0.494167	0.5056	0.499195	0.494133	0.505733	0.499178	0.494167	0.5056	0.499195	0.494133	0.505733	1	1	10.1699	
9.21258	1	26	9.17632	1	26	9.17694	1	26	0	0	0	0.509155	0.504	0.515533	0.509176	0.503967	0.515633	0.509155	0.504	0.515533	0.509176	0.503967	0.515633	1	1	10.1743	
9.22335	1	26	9.18233	1	26	9.18297	1	26	0	0	0	0.519157	0.513767	0.525233	0.519178	0.513733	0.525367	0.519157	0.513767	0.525233	0.519178	0.513733	0.525367	1	1	10.18	
9.23491	1	27	9.18749	1	26	9.1881	1	26	0	0	0	0.529081	0.523233	0.535033	0.529101	0.523233	0.535167	0.529081	0.523233	0.535033	0.529101	0.523233	0.535167	1	1	10.1848	
9.24755	1	27	9.19299	1	26	9.19363	1	26	0	0	0	0.53911	0.533633	0.545067	0.539129	0.533767	0.545033	0.53911	0.533633	0.545067	0.539129	0.533767	0.545033	1	1	10.19	
9.26227	1	27	9.19797	1	26	9.19859	1	26	0	0	0	0.549167	0.543233	0.554667	0.549188	0.543233	0.5547	0.549167	0.543233	0.554667	0.549188	0.543233	0.5547	1	1	10.1945	
9.28169	1	32	9.20516	1	30	9.20582	1	30	0	0	0	0.559163	0.5524	0.564933	0.559183	0.552367	0.564867	0.559163	0.5524	0.564933	0.559183	0.552367	0.564867	1	1	10.2012	
9.30726	1	32	9.21264	1	27	9.21329	1	27	0	0	0	0.56921	0.562533	0.574867	0.569229	0.5625	0.574867	0.56921	0.562533	0.574867	0.569229	0.5625	0.574867	1	1	10.2081	
9.3388	1	35	9.22029	1	29	9.22092	1	29	0	0	0	0.579327	0.572933	0.585067	0.579341	0.572933	0.585067	0.579327	0.572933	0.585067	0.579341	0.572933	0.585067	1	1	10.2151	
9.39492	1	54	9.22838	1	30	9.22898	1	30	0	0	0	0.589414	0.5829	0.594567	0.589429	0.582867	0.594533	0.589414	0.5829	0.594567	0.589429	0.582867	0.594533	1	1	10.2222	
9.49391	1	68	9.2365	1	30	9.23714	1	30	0	0	0	0.599383	0.593533	0.6047	0.599399	0.5935	0.604733	0.599383	0.593533	0.6047	0.599399	0.5935	0.604733	1	1	10.2296	
9.79819	1	93	9.24392	1	30	9.24454	1	30	0	0	0	0.609403	0.6042	0.614867	0.609422	0.604167	0.6149	0.609403	0.6042	0.614867	0.609422	0.604167	0.6149	1	1	10.2363	
25.2026	1	845	9.25487	1	31	9.25313	1	31	0	0	0	0.619596	0.6153	0.623875	0.619443	0.6153	0.623775	0.619596	0.6153	0.623875	0.619443	0.6153	0.623775	1	1	10.2462	
104.342	1	4844	9.26517	1	37	9.26165	1	37	0	0	0	0.629571	0.626	0.635171	0.62874	0.6045	0.635157	0.629571	0.626	0.635171	0.62874	0.6045	0.635157	1	1	10.2548	
182.697	1	8952	9.27586	1	36	9.27024	1	36	0	0	0	0.639567	0.635786	0.645014	0.638039	0.591957	0.645	0.639567	0.635786	0.645014	0.638039	0.591957	0.645	1	1	10.2639	
266.797	1	13183	9.28847	1	34	9.2816	1	34	0	0	0	0.649577	0.645814	0.6551	0.647331	0.5787	0.655086	0.649577	0.645814	0.6551	0.647331	0.5787	0.655086	1	1	10.2745	
