9.54508	1	28	9.54467	1	28	9.54531	1	28	0	0	0	0.0100281	0.0091	0.0116333	0.0100313	0	0.0829333	0.0100281	0.0091	0.0116333	0.0100313	0	0.0829333	1	1	10.5435	
9.57519	1	35	9.57423	1	35	9.57537	1	35	0	0	0	0.0199906	0.0186333	0.0219	0.0199922	0	0.1614	0.0199906	0.0186333	0.0219	0.0199922	0	0.1614	1	1	10.5712	
9.63233	1	35	9.63091	1	35	9.63199	1	35	0	0	0	0.0301104	0.028	0.0321333	0.030113	0	0.243967	0.0301104	0.028	0.0321333	0.030113	0	0.243967	1	1	10.6253	
9.69842	1	36	9.69655	1	36	9.69786	1	36	0	0	0	0.0400328	0.0377333	0.0423667	0.0400349	0	0.322667	0.0400328	0.0377333	0.0423667	0.0400349	0	0.322667	1	1	10.6893	
9.80245	1	37	9.80026	1	37	9.80125	1	37	0	0	0	0.0499557	0.0471	0.0527333	0.0499573	0	0.404867	0.0499557	0.0471	0.0527333	0.0499573	0	0.404867	1	1	10.7904	
9.93717	1	41	9.93433	1	41	9.93451	1	41	0	0	0	0.0599922	0.0568	0.063	0.0599922	0	0.484233	0.0599922	0.0568	0.063	0.0599922	0	0.484233	1	1	10.9224	
10.0612	1	42	10.0577	1	42	10.0583	1	42	0	0	0	0.0699875	0.0664333	0.0737333	0.069987	0	0.565033	0.0699875	0.0664333	0.0737333	0.069987	0	0.565033	1	1	11.0435	
10.2237	1	44	10.2194	1	44	10.2205	1	44	0	0	0	0.0798594	0.0766333	0.0837	0.0798599	0	0.645667	0.0798594	0.0766333	0.0837	0.0798599	0	0.645667	1	1	11.2028	
10.3783	1	44	10.373	1	44	10.3741	1	44	0	0	0	0.0897703	0.0866	0.0943667	0.0897776	0	0.724567	0.0897703	0.0866	0.0943667	0.0897776	0	0.724567	1	1	11.3544	
10.5892	1	57	10.5834	1	57	10.5844	1	57	0	0	0	0.099576	0.0957333	0.104833	0.0995849	0	0.8035	0.099576	0.0957333	0.104833	0.0995849	0	0.8035	1	1	11.5627	
10.8527	1	53	10.8456	1	53	10.8471	1	53	0	0	0	0.109646	0.105467	0.114533	0.109662	0	0.8844	0.109646	0.105467	0.114533	0.109662	0	0.8844	1	1	11.8221	
11.1347	1	55	11.1267	1	55	11.1279	1	55	0	0	0	0.119622	0.1153	0.125333	0.119674	0	0.966933	0.119622	0.1153	0.125333	0.119674	0	0.966933	1	1	12.1004	
11.4889	1	58	11.4796	1	58	11.4886	1	58	0	0	0	0.129458	0.1255	0.1354	0.125	0	1	0.129458	0.1255	0.1354	0.125	0	1	1	1	12.4487	
11.8987	1	64	11.8876	1	64	11.8971	1	71	0	0	0	0.139445	0.1351	0.1456	0.125	0	1	0.139445	0.1351	0.1456	0.125	0	1	1	1	12.8548	
12.3431	1	75	12.3306	1	75	12.3222	1	75	0	0	0	0.149374	0.144833	0.155667	0.125	0	1	0.149374	0.144833	0.155667	0.125	0	1	1	1	13.2936	
12.8917	1	76	12.8765	1	76	12.8933	1	76	0	0	0	0.159415	0.154133	0.1657	0.125	0	1	0.159415	0.154133	0.1657	0.125	0	1	1	1	13.8359	
13.5634	1	74	13.5444	1	74	13.538	1	84	0	0	0	0.16943	0.164867	0.176233	0.125	0	1	0.16943	0.164867	0.176233	0.125	0	1	1	1	14.4999	
14.3193	1	74	14.2984	1	74	14.3462	1	83	0	0	0	0.179385	0.1749	0.185833	0.125	0	1	0.179385	0.1749	0.185833	0.125	0	1	1	1	15.2493	
15.3388	1	88	15.3129	1	88	15.378	1	92	0	0	0	0.18944	0.185133	0.196533	0.125	0	1	0.18944	0.185133	0.196533	0.125	0	1	1	1	16.2588	
16.5315	1	93	16.5017	1	93	16.6181	1	100	0	0	0	0.199437	0.195633	0.2058	0.125	0	1	0.199437	0.195633	0.2058	0.125	0	1	1	1	17.4412	
18.4197	1	98	18.3791	1	98	18.3846	1	107	0	0	0	0.209417	0.204667	0.2156	0.125	0	1	0.209417	0.204667	0.2156	0.125	0	1	1	1	19.3109	
20.6661	1	108	20.6096	1	108	20.686	1	108	0	0	0	0.219593	0.213967	0.227	0.125	0	1	0.219593	0.213967	0.227	0.125	0	1	1	1	21.5325	
24.2379	1	115	24.1452	1	115	24.3912	1	121	0	0	0	0.229599	0.224133	0.2371	0.125	0	1	0.229599	0.224133	0.2371	0.125	0	1	1	1	25.0553	
31.5227	1	205	31.2779	1	123	31.7431	1	130	0	0	0	0.239598	0.234233	0.247567	0.125	0	1	0.239598	0.234233	0.247567	0.125	0	1	1	1	32.142	
526.292	1	21263	53.2644	1	335	56.5734	1	546	0	0	0	0.249678	0.244133	0.2562	0.125	0	1	0.249678	0.244133	0.2562	0.125	0	1	1	1	52.0522	
