9.34611	1	22	9.34585	1	22	9.34777	1	22	0	0	0	0.0100281	0.0091	0.0116333	0.0100307	0.00886667	0.0112333	0.0100281	0.0091	0.0116333	0.0100307	0.00886667	0.0112333	1	1	10.3448	
9.36322	1	22	9.36309	1	22	9.36307	1	22	0	0	0	0.0199906	0.0186333	0.0219	0.0199911	0.0182	0.0217667	0.0199906	0.0186333	0.0219	0.0199911	0.0182	0.0217667	1	1	10.3606	
9.32952	1	24	9.3291	1	24	9.32966	1	24	0	0	0	0.0301104	0.028	0.0321333	0.0301115	0.0267333	0.0319667	0.0301104	0.028	0.0321333	0.0301115	0.0267333	0.0319667	1	1	10.3254	
9.33155	1	27	9.33107	1	27	9.33185	1	27	0	0	0	0.0400328	0.0377333	0.0423667	0.0400307	0.0375333	0.0425333	0.0400328	0.0377333	0.0423667	0.0400307	0.0375333	0.0425333	1	1	10.3258	
9.35385	1	27	9.35313	1	27	9.35387	1	27	0	0	0	0.0499557	0.0471	0.0527333	0.0499552	0.0466667	0.0528667	0.0499557	0.0471	0.0527333	0.0499552	0.0466667	0.0528667	1	1	10.3462	
9.3535	1	28	9.35282	1	28	9.3531	1	28	0	0	0	0.0599922	0.0568	0.063	0.0599953	0.0570667	0.0627333	0.0599922	0.0568	0.063	0.0599953	0.0570667	0.0627333	1	1	10.3453	
9.33647	1	29	9.33552	1	29	9.33642	1	29	0	0	0	0.0699875	0.0664333	0.0737333	0.0699823	0.0670333	0.0731	0.0699875	0.0664333	0.0737333	0.0699823	0.0670333	0.0731	1	1	10.3261	
9.34934	1	30	9.34843	1	30	9.34879	1	30	0	0	0	0.0798594	0.0766333	0.0837	0.0798583	0.0765	0.0841667	0.0798594	0.0766333	0.0837	0.0798583	0.0765	0.0841667	1	1	10.3375	
9.3558	1	28	9.35451	1	28	9.35551	1	28	0	0	0	0.0897703	0.0866	0.0943667	0.0897734	0.0859667	0.0936	0.0897703	0.0866	0.0943667	0.0897734	0.0859667	0.0936	1	1	10.3413	
9.35895	1	32	9.35776	1	32	9.35798	1	32	0	0	0	0.099576	0.0957333	0.104833	0.0995786	0.0955333	0.1046	0.099576	0.0957333	0.104833	0.0995786	0.0955333	0.1046	1	1	10.3427	
9.36491	1	33	9.36344	1	33	9.36444	1	33	0	0	0	0.109646	0.105467	0.114533	0.109652	0.105367	0.1147	0.109646	0.105467	0.114533	0.109652	0.105367	0.1147	1	1	10.3471	
9.37327	1	30	9.37164	1	30	9.37265	1	30	0	0	0	0.119622	0.1153	0.125333	0.119629	0.1147	0.124133	0.119622	0.1153	0.125333	0.119629	0.1147	0.124133	1	1	10.3534	
9.3656	1	36	9.36362	1	36	9.36391	1	36	0	0	0	0.129458	0.1255	0.1354	0.129465	0.124067	0.134633	0.129458	0.1255	0.1354	0.129465	0.124067	0.134633	1	1	10.3428	
9.38686	1	35	9.38504	1	35	9.38601	1	35	0	0	0	0.139445	0.1351	0.1456	0.139449	0.135067	0.144233	0.139445	0.1351	0.1456	0.139449	0.135067	0.144233	1	1	10.3628	
9.39422	1	33	9.39175	1	33	9.39252	1	33	0	0	0	0.149374	0.144833	0.155667	0.149372	0.143867	0.155	0.149374	0.144833	0.155667	0.149372	0.143867	0.155	1	1	10.3678	
9.3844	1	32	9.38189	1	32	9.38248	1	32	0	0	0	0.159415	0.154133	0.1657	0.159423	0.153867	0.1645	0.159415	0.154133	0.1657	0.159423	0.153867	0.1645	1	1	10.3554	
9.3974	1	40	9.3948	1	40	9.39596	1	40	0	0	0	0.16943	0.164867	0.176233	0.169442	0.164133	0.1757	0.16943	0.164867	0.176233	0.169442	0.164133	0.1757	1	1	10.366	
9.40008	1	33	9.39712	1	33	9.39806	1	33	0	0	0	0.179385	0.1749	0.185833	0.179393	0.174233	0.185233	0.179385	0.1749	0.185833	0.179393	0.174233	0.185233	1	1	10.3657	
9.40984	1	35	9.40669	1	35	9.40754	1	35	0	0	0	0.18944	0.185133	0.196533	0.189453	0.1844	0.1947	0.18944	0.185133	0.196533	0.189453	0.1844	0.1947	1	1	10.3743	
9.42083	1	38	9.41752	1	38	9.4188	1	38	0	0	0	0.199437	0.195633	0.2058	0.199454	0.195067	0.205433	0.199437	0.195633	0.2058	0.199454	0.195067	0.205433	1	1	10.382	
9.41651	1	38	9.4131	1	38	9.41377	1	38	0	0	0	0.209417	0.204667	0.2156	0.209428	0.2041	0.215333	0.209417	0.204667	0.2156	0.209428	0.2041	0.215333	1	1	10.3753	
9.43181	1	39	9.42782	1	39	9.42857	1	39	0	0	0	0.219593	0.213967	0.227	0.219606	0.2139	0.226033	0.219593	0.213967	0.227	0.219606	0.2139	0.226033	1	1	10.3877	
9.44454	1	38	9.44033	1	38	9.44113	1	38	0	0	0	0.229599	0.224133	0.2371	0.229612	0.224933	0.2382	0.229599	0.224133	0.2371	0.229612	0.224933	0.2382	1	1	10.3974	
9.44439	1	38	9.44005	1	38	9.44062	1	38	0	0	0	0.239598	0.234233	0.247567	0.239615	0.2331	0.244033	0.239598	0.234233	0.247567	0.239615	0.2331	0.244033	1	1	10.395	
9.47453	1	41	9.46989	1	41	9.47059	1	41	0	0	0	0.249678	0.244133	0.2562	0.249695	0.243067	0.255	0.249678	0.244133	0.2562	0.249695	0.243067	0.255	1	1	10.4211	
9.48526	1	41	9.4805	1	41	9.48089	1	41	0	0	0	0.25964	0.254933	0.266767	0.259654	0.251467	0.2687	0.25964	0.254933	0.266767	0.259654	0.251467	0.2687	1	1	10.4298	
9.48596	1	39	9.4804	1	39	9.48123	1	39	0	0	0	0.269697	0.264233	0.277733	0.269719	0.2622	0.277067	0.269697	0.264233	0.277733	0.269719	0.2622	0.277067	1	1	10.4265	
9.49281	1	39	9.48736	1	39	9.48805	1	39	0	0	0	0.279699	0.274867	0.288033	0.279709	0.272567	0.287633	0.279699	0.274867	0.288033	0.279709	0.272567	0.287633	1	1	10.4314	
9.50945	1	40	9.50347	1	40	9.50446	1	40	0	0	0	0.28966	0.284867	0.2982	0.289675	0.2823	0.296633	0.28966	0.284867	0.2982	0.289675	0.2823	0.296633	1	1	10.4436	
9.53029	1	42	9.52358	1	42	9.5243	1	42	0	0	0	0.299654	0.295033	0.308233	0.299669	0.292533	0.3087	0.299654	0.295033	0.308233	0.299669	0.292533	0.3087	1	1	10.4603	
9.53344	1	40	9.52653	1	40	9.52727	1	40	0	0	0	0.309671	0.304933	0.3169	0.309692	0.3017	0.315733	0.309671	0.304933	0.3169	0.309692	0.3017	0.315733	1	1	10.4611	
9.54219	1	40	9.53477	1	40	9.53568	1	40	0	0	0	0.319631	0.3153	0.326167	0.319653	0.313433	0.326333	0.319631	0.3153	0.326167	0.319653	0.313433	0.326333	1	1	10.4655	
9.57568	1	39	9.56798	1	39	9.56823	1	39	0	0	0	0.329571	0.3241	0.337333	0.329583	0.3237	0.336533	0.329571	0.3241	0.337333	0.329583	0.3237	0.336533	1	1	10.4946	
9.5771	1	38	9.56905	1	38	9.56982	1	38	0	0	0	0.339564	0.3346	0.347433	0.33959	0.3339	0.348267	0.339564	0.3346	0.347433	0.33959	0.3339	0.348267	1	1	10.4937	
9.59187	1	43	9.58375	1	43	9.58469	1	43	0	0	0	0.349566	0.344133	0.357067	0.349594	0.342433	0.358367	0.349566	0.344133	0.357067	0.349594	0.342433	0.358367	1	1	10.5038	
9.60566	1	41	9.59607	1	41	9.5971	1	41	0	0	0	0.359429	0.354833	0.367267	0.359446	0.351267	0.368033	0.359429	0.354833	0.367267	0.359446	0.351267	0.368033	1	1	10.5124	
9.61747	1	40	9.60731	1	40	9.60771	1	40	0	0	0	0.3694	0.364933	0.376433	0.369411	0.361633	0.3769	0.3694	0.364933	0.376433	0.369411	0.361633	0.3769	1	1	10.5206	
9.63993	1	55	9.62875	1	55	9.62979	1	55	0	0	0	0.379397	0.374667	0.386133	0.379411	0.371833	0.3869	0.379397	0.374667	0.386133	0.379411	0.371833	0.3869	1	1	10.5378	
9.65661	1	41	9.64508	1	41	9.64584	1	41	0	0	0	0.389336	0.385	0.396833	0.389353	0.380533	0.395667	0.389336	0.385	0.396833	0.389353	0.380533	0.395667	1	1	10.5504	
9.67574	1	45	9.66408	1	45	9.66514	1	45	0	0	0	0.399407	0.3947	0.406133	0.399419	0.3911	0.410533	0.399407	0.3947	0.406133	0.399419	0.3911	0.410533	1	1	10.5657	
9.68738	1	43	9.67471	1	43	9.67542	1	43	0	0	0	0.409368	0.404433	0.417533	0.409384	0.4001	0.4179	0.409368	0.404433	0.417533	0.409384	0.4001	0.4179	1	1	10.5722	
9.71086	1	42	9.69758	1	42	9.6982	1	42	0	0	0	0.419344	0.414333	0.427767	0.419361	0.4123	0.433167	0.419344	0.414333	0.427767	0.419361	0.4123	0.433167	1	1	10.5912	
9.72049	1	41	9.70585	1	41	9.70638	1	41	0	0	0	0.429437	0.424767	0.437267	0.429447	0.420433	0.438867	0.429437	0.424767	0.437267	0.429447	0.420433	0.438867	1	1	10.5945	
9.73977	1	41	9.72351	1	41	9.72423	1	41	0	0	0	0.439369	0.4349	0.4471	0.439387	0.4316	0.4546	0.439369	0.4349	0.4471	0.439387	0.4316	0.4546	1	1	10.6074	
9.76914	1	44	9.75268	1	44	9.75366	1	44	0	0	0	0.449298	0.4449	0.457067	0.44931	0.437067	0.459267	0.449298	0.4449	0.457067	0.44931	0.437067	0.459267	1	1	10.6338	
9.78736	1	45	9.76959	1	45	9.77041	1	45	0	0	0	0.459259	0.454867	0.466233	0.459282	0.452567	0.466967	0.459259	0.454867	0.466233	0.459282	0.452567	0.466967	1	1	10.6455	
9.81103	1	45	9.79159	1	45	9.79209	1	45	0	0	0	0.469333	0.464967	0.4767	0.469342	0.458533	0.475933	0.469333	0.464967	0.4767	0.469342	0.458533	0.475933	1	1	10.664	
9.82433	1	55	9.80381	1	55	9.80431	1	55	0	0	0	0.47926	0.4743	0.486633	0.479268	0.468333	0.486767	0.47926	0.4743	0.486633	0.479268	0.468333	0.486767	1	1	10.6687	
9.84159	1	43	9.82014	1	43	9.82105	1	43	0	0	0	0.489254	0.484	0.496567	0.489267	0.48	0.4988	0.489254	0.484	0.496567	0.489267	0.48	0.4988	1	1	10.6855	
9.86885	1	44	9.84555	1	44	9.84652	1	44	0	0	0	0.499178	0.494167	0.5056	0.499191	0.491167	0.508	0.499178	0.494167	0.5056	0.499191	0.491167	0.508	1	1	10.702	
9.88714	1	44	9.86144	1	44	9.8622	1	44	0	0	0	0.509155	0.504	0.515533	0.509177	0.498233	0.521433	0.509155	0.504	0.515533	0.509177	0.498233	0.521433	1	1	10.7119	
9.91425	1	48	9.88701	1	48	9.88772	1	48	0	0	0	0.519157	0.513767	0.525233	0.519174	0.5065	0.5313	0.519157	0.513767	0.525233	0.519174	0.5065	0.5313	1	1	10.7334	
9.94192	1	46	9.91356	1	46	9.91429	1	46	0	0	0	0.529081	0.523233	0.535033	0.529084	0.516633	0.539867	0.529081	0.523233	0.535033	0.529084	0.516633	0.539867	1	1	10.7524	
9.9698	1	43	9.93894	1	43	9.9398	1	43	0	0	0	0.53911	0.533633	0.545067	0.539129	0.5281	0.548967	0.53911	0.533633	0.545067	0.539129	0.5281	0.548967	1	1	10.7724	
9.99019	1	60	9.95734	1	60	9.95811	1	60	0	0	0	0.549167	0.543233	0.554667	0.549177	0.541067	0.561133	0.549167	0.543233	0.554667	0.549177	0.541067	0.561133	1	1	10.7861	
10.0195	1	43	9.98517	1	43	9.98601	1	43	0	0	0	0.559163	0.5524	0.564933	0.559178	0.547667	0.568367	0.559163	0.5524	0.564933	0.559178	0.547667	0.568367	1	1	10.8051	
10.0578	1	44	10.0199	1	44	10.0206	1	44	0	0	0	0.56921	0.562533	0.574867	0.569216	0.5605	0.5784	0.56921	0.562533	0.574867	0.569216	0.5605	0.5784	1	1	10.8314	
10.0663	1	47	10.0267	1	47	10.0278	1	47	0	0	0	0.579327	0.572933	0.585067	0.579351	0.5687	0.589233	0.579327	0.572933	0.585067	0.579351	0.5687	0.589233	1	1	10.8357	
10.1037	1	44	10.0604	1	44	10.0614	1	44	0	0	0	0.589414	0.5829	0.594567	0.589442	0.579533	0.6001	0.589414	0.5829	0.594567	0.589442	0.579533	0.6001	1	1	10.8626	
10.1388	1	50	10.091	1	50	10.0921	1	50	0	0	0	0.599383	0.593533	0.6047	0.599396	0.590167	0.6091	0.599383	0.593533	0.6047	0.599396	0.590167	0.6091	1	1	10.8823	
10.1707	1	44	10.1204	1	44	10.1211	1	44	0	0	0	0.609403	0.6042	0.614867	0.609412	0.596333	0.6185	0.609403	0.6042	0.614867	0.609412	0.596333	0.6185	1	1	10.9081	
10.1991	1	55	10.1444	1	55	10.1452	1	55	0	0	0	0.619465	0.614633	0.624767	0.619476	0.610867	0.629733	0.619465	0.614633	0.624767	0.619476	0.610867	0.629733	1	1	10.9217	
10.2304	1	51	10.1704	1	51	10.1712	1	51	0	0	0	0.629454	0.624267	0.635067	0.629453	0.6206	0.641567	0.629454	0.624267	0.635067	0.629453	0.6206	0.641567	1	1	10.9396	
10.2708	1	54	10.2068	1	54	10.2075	1	54	0	0	0	0.63952	0.634633	0.6447	0.639519	0.631167	0.6477	0.63952	0.634633	0.6447	0.639519	0.631167	0.6477	1	1	10.9686	
10.3076	1	48	10.2378	1	48	10.2386	1	48	0	0	0	0.649576	0.644567	0.6555	0.649581	0.636767	0.658433	0.649576	0.644567	0.6555	0.649581	0.636767	0.658433	1	1	10.9928	
10.3481	1	51	10.2725	1	51	10.2734	1	51	0	0	0	0.659584	0.654133	0.665533	0.659593	0.6489	0.671767	0.659584	0.654133	0.665533	0.659593	0.6489	0.671767	1	1	11.0165	
10.3802	1	46	10.2982	1	46	10.2989	1	46	0	0	0	0.669615	0.664333	0.6751	0.66963	0.658933	0.6815	0.669615	0.664333	0.6751	0.66963	0.658933	0.6815	1	1	11.0298	
10.4332	1	54	10.3419	1	54	10.3428	1	54	0	0	0	0.679547	0.674067	0.685333	0.679574	0.667233	0.689833	0.679547	0.674067	0.685333	0.679574	0.667233	0.689833	1	1	11.0613	
10.4644	1	54	10.3657	1	54	10.3666	1	54	0	0	0	0.689654	0.683267	0.6959	0.689661	0.6766	0.6999	0.689654	0.683267	0.6959	0.689661	0.6766	0.6999	1	1	11.0849	
10.5098	1	53	10.4012	1	53	10.4022	1	53	0	0	0	0.699706	0.693133	0.705633	0.699712	0.685733	0.7084	0.699706	0.693133	0.705633	0.699712	0.685733	0.7084	1	1	11.1054	
10.5575	1	55	10.4406	1	55	10.442	1	55	0	0	0	0.709659	0.703333	0.715533	0.709666	0.7019	0.7181	0.709659	0.703333	0.715533	0.709666	0.7019	0.7181	1	1	11.1382	
10.5972	1	54	10.4652	1	54	10.467	1	54	0	0	0	0.71962	0.714067	0.7259	0.719652	0.7079	0.730867	0.71962	0.714067	0.7259	0.719652	0.7079	0.730867	1	1	11.1472	
10.6639	1	47	10.5178	1	47	10.5187	1	47	0	0	0	0.72969	0.724633	0.736133	0.729699	0.718067	0.7408	0.72969	0.724633	0.736133	0.729699	0.718067	0.7408	1	1	11.1893	
10.7131	1	54	10.552	1	54	10.5531	1	54	0	0	0	0.739774	0.734567	0.746067	0.739765	0.732533	0.749567	0.739774	0.734567	0.746067	0.739765	0.732533	0.749567	1	1	11.2124	
10.7787	1	58	10.5983	1	58	10.5992	1	58	0	0	0	0.749683	0.7436	0.756233	0.749699	0.734533	0.763533	0.749683	0.7436	0.756233	0.749699	0.734533	0.763533	1	1	11.2408	
10.8416	1	55	10.6371	1	55	10.6382	1	55	0	0	0	0.759735	0.7534	0.7659	0.75973	0.7499	0.7702	0.759735	0.7534	0.7659	0.75973	0.7499	0.7702	1	1	11.2663	
10.8966	1	53	10.6661	1	53	10.6676	1	53	0	0	0	0.76972	0.763967	0.7754	0.769737	0.759067	0.784533	0.76972	0.763967	0.7754	0.769737	0.759067	0.784533	1	1	11.2862	
10.9968	1	50	10.7374	1	50	10.7384	1	50	0	0	0	0.779798	0.774233	0.785467	0.779802	0.769133	0.7924	0.779798	0.774233	0.785467	0.779802	0.769133	0.7924	1	1	11.3263	
11.0687	1	49	10.7657	1	49	10.7667	1	49	0	0	0	0.789832	0.784733	0.795033	0.789844	0.779867	0.7991	0.789832	0.784733	0.795033	0.789844	0.779867	0.7991	1	1	11.3514	
11.1653	1	57	10.8168	1	57	10.8177	1	57	0	0	0	0.799856	0.7948	0.804767	0.799854	0.7901	0.8163	0.799856	0.7948	0.804767	0.799854	0.7901	0.8163	1	1	11.3837	
11.3082	1	57	10.8764	1	57	10.8776	1	57	0	0	0	0.809769	0.805433	0.814367	0.809754	0.800367	0.821733	0.809769	0.805433	0.814367	0.809754	0.800367	0.821733	1	1	11.4162	
11.4554	1	62	10.9454	1	58	10.9464	1	58	0	0	0	0.819793	0.815767	0.824567	0.819786	0.806533	0.832933	0.819793	0.815767	0.824567	0.819786	0.806533	0.832933	1	1	11.4484	
11.7797	1	124	10.9874	1	60	10.9889	1	60	0	0	0	0.829722	0.825533	0.8347	0.829713	0.821233	0.840833	0.829722	0.825533	0.8347	0.829713	0.821233	0.840833	1	1	11.484	
12.3508	1	133	11.0612	1	58	11.0629	1	58	0	0	0	0.839762	0.834867	0.844667	0.839749	0.824733	0.849967	0.839762	0.834867	0.844667	0.839749	0.824733	0.849967	1	1	11.5064	
30.8547	1	1862	11.1235	1	68	11.1219	1	68	0	0	0	0.84988	0.847586	0.854414	0.849633	0.841529	0.857414	0.84988	0.847586	0.854414	0.849633	0.841529	0.857414	1	1	11.5452	
70.8703	1	4418	11.184	1	73	11.1855	1	73	0	0	0	0.859958	0.857271	0.864357	0.859218	0.8515	0.868157	0.859958	0.857271	0.864357	0.859218	0.8515	0.868157	1	1	11.582	
144.279	1	6857	11.2443	1	75	11.2373	1	75	0	0	0	0.869873	0.867386	0.873543	0.868152	0.860857	0.874171	0.869873	0.867386	0.873543	0.868152	0.860857	0.874171	1	1	11.6112	
230.267	1	9370	11.3354	1	81	11.3293	1	81	0	0	0	0.879934	0.8778	0.883829	0.877174	0.869286	0.884914	0.879934	0.8778	0.883829	0.877174	0.869286	0.884914	1	1	11.6443	
