9.54508	1	28	9.54467	1	28	9.54531	1	28	0	0	0	0.0100281	0.0091	0.0116333	0.0100313	0	0.0829333	0.0100281	0.0091	0.0116333	0.0100313	0	0.0829333	1	1	10.5435	
9.57519	1	35	9.57423	1	35	9.57537	1	35	0	0	0	0.0199906	0.0186333	0.0219	0.0199922	0	0.1614	0.0199906	0.0186333	0.0219	0.0199922	0	0.1614	1	1	10.5712	
9.63207	1	35	9.63063	1	35	9.63171	1	35	0	0	0	0.0301104	0.028	0.0321333	0.030113	0	0.243967	0.0301104	0.028	0.0321333	0.030113	0	0.243967	1	1	10.6251	
9.69842	1	36	9.69655	1	36	9.69786	1	36	0	0	0	0.0400328	0.0377333	0.0423667	0.0400349	0	0.322667	0.0400328	0.0377333	0.0423667	0.0400349	0	0.322667	1	1	10.6893	
9.80219	1	37	9.79999	1	37	9.80098	1	37	0	0	0	0.0499557	0.0471	0.0527333	0.0499573	0	0.404867	0.0499557	0.0471	0.0527333	0.0499573	0	0.404867	1	1	10.7902	
9.93708	1	41	9.93424	1	41	9.93442	1	41	0	0	0	0.0599922	0.0568	0.063	0.0599922	0	0.484233	0.0599922	0.0568	0.063	0.0599922	0	0.484233	1	1	10.9223	
10.0609	1	41	10.0574	1	41	10.0579	1	41	0	0	0	0.0699875	0.0664333	0.0737333	0.069987	0	0.565033	0.0699875	0.0664333	0.0737333	0.069987	0	0.565033	1	1	11.0432	
10.2225	1	44	10.2181	1	44	10.2193	1	44	0	0	0	0.0798594	0.0766333	0.0837	0.0798599	0	0.645667	0.0798594	0.0766333	0.0837	0.0798599	0	0.645667	1	1	11.2016	
10.3778	1	44	10.3724	1	44	10.3735	1	44	0	0	0	0.0897703	0.0866	0.0943667	0.0897776	0	0.724567	0.0897703	0.0866	0.0943667	0.0897776	0	0.724567	1	1	11.3538	
10.5875	1	57	10.5817	1	57	10.5827	1	57	0	0	0	0.099576	0.0957333	0.104833	0.0995849	0	0.8035	0.099576	0.0957333	0.104833	0.0995849	0	0.8035	1	1	11.561	
10.8496	1	53	10.8425	1	53	10.8439	1	53	0	0	0	0.109646	0.105467	0.114533	0.109662	0	0.8844	0.109646	0.105467	0.114533	0.109662	0	0.8844	1	1	11.8189	
11.1309	1	55	11.1228	1	55	11.124	1	55	0	0	0	0.119622	0.1153	0.125333	0.119674	0	0.966933	0.119622	0.1153	0.125333	0.119674	0	0.966933	1	1	12.0964	
11.4826	1	57	11.4731	1	57	11.4826	1	57	0	0	0	0.129458	0.1255	0.1354	0.125	0	1	0.129458	0.1255	0.1354	0.125	0	1	1	1	12.4423	
11.8882	1	64	11.8767	1	64	11.8859	1	64	0	0	0	0.139445	0.1351	0.1456	0.125	0	1	0.139445	0.1351	0.1456	0.125	0	1	1	1	12.844	
12.329	1	75	12.3159	1	75	12.3068	1	75	0	0	0	0.149374	0.144833	0.155667	0.125	0	1	0.149374	0.144833	0.155667	0.125	0	1	1	1	13.2789	
12.8629	1	71	12.8468	1	71	12.8643	1	71	0	0	0	0.159415	0.154133	0.1657	0.125	0	1	0.159415	0.154133	0.1657	0.125	0	1	1	1	13.8062	
13.5221	1	74	13.5019	1	74	13.4979	1	74	0	0	0	0.16943	0.164867	0.176233	0.125	0	1	0.16943	0.164867	0.176233	0.125	0	1	1	1	14.4574	
14.2583	1	71	14.2357	1	71	14.2813	1	78	0	0	0	0.179385	0.1749	0.185833	0.125	0	1	0.179385	0.1749	0.185833	0.125	0	1	1	1	15.1865	
15.2291	1	75	15.2008	1	75	15.2642	1	92	0	0	0	0.18944	0.185133	0.196533	0.125	0	1	0.18944	0.185133	0.196533	0.125	0	1	1	1	16.146	
16.3831	1	93	16.3494	1	93	16.444	1	100	0	0	0	0.199437	0.195633	0.2058	0.125	0	1	0.199437	0.195633	0.2058	0.125	0	1	1	1	17.2882	
18.1525	1	94	18.1059	1	94	18.1143	1	94	0	0	0	0.209417	0.204667	0.2156	0.125	0	1	0.209417	0.204667	0.2156	0.125	0	1	1	1	19.0362	
20.1726	1	95	20.1075	1	95	20.2065	1	104	0	0	0	0.219593	0.213967	0.227	0.125	0	1	0.219593	0.213967	0.227	0.125	0	1	1	1	21.0268	
23.5049	1	102	23.3918	1	102	23.5937	1	102	0	0	0	0.229599	0.224133	0.2371	0.125	0	1	0.229599	0.224133	0.2371	0.125	0	1	1	1	24.2931	
30.2147	1	442	29.589	1	144	30.0578	1	144	0	0	0	0.239598	0.234233	0.247567	0.125	0	1	0.239598	0.234233	0.247567	0.125	0	1	1	1	30.4167	
731.138	1	30571	45.4098	1	315	46.4266	1	403	0	0	0	0.249678	0.244133	0.2562	0.125	0	1	0.249678	0.244133	0.2562	0.125	0	1	1	1	44.1567	
