9.77033	2	21	9.76519	2	21	9.76783	2	21	0	0	0	0.0100281	0.0091	0.0116333	0.0100302	0.0091	0.0117	0.0100281	0.0091	0.0116333	0.0100302	0.0091	0.0117	1	1	10.7595	
9.71554	2	21	9.70619	2	21	9.70812	2	21	0	0	0	0.0199906	0.0186333	0.0219	0.0199906	0.0186333	0.0219	0.0199906	0.0186333	0.0219	0.0199906	0.0186333	0.0219	1	1	10.6927	
9.67996	2	21	9.66529	2	21	9.66654	2	21	0	0	0	0.0301104	0.028	0.0321333	0.0301109	0.028	0.0321333	0.0301104	0.028	0.0321333	0.0301109	0.028	0.0321333	1	1	10.6442	
9.67309	2	22	9.65207	2	22	9.65353	2	22	0	0	0	0.0400328	0.0377333	0.0423667	0.0400339	0.0377	0.0423667	0.0400328	0.0377333	0.0423667	0.0400339	0.0377	0.0423667	1	1	10.6223	
9.66292	2	23	9.63649	2	23	9.6375	2	23	0	0	0	0.0499557	0.0471	0.0527333	0.0499542	0.0470667	0.0528	0.0499557	0.0471	0.0527333	0.0499542	0.0470667	0.0528	1	1	10.5967	
9.66362	2	23	9.62982	2	23	9.6309	2	23	0	0	0	0.0599922	0.0568	0.063	0.0599917	0.0567333	0.063	0.0599922	0.0568	0.063	0.0599917	0.0567333	0.063	1	1	10.58	
9.65957	2	23	9.61792	2	23	9.61897	2	23	0	0	0	0.0699875	0.0664333	0.0737333	0.0699844	0.0663667	0.0737333	0.0699875	0.0664333	0.0737333	0.0699844	0.0663667	0.0737333	1	1	10.5572	
9.66403	2	24	9.61392	2	24	9.61469	2	24	0	0	0	0.0798594	0.0766333	0.0837	0.0798604	0.0765	0.0837333	0.0798594	0.0766333	0.0837	0.0798604	0.0765	0.0837333	1	1	10.5402	
9.67449	2	24	9.61515	2	24	9.61624	2	24	0	0	0	0.0897703	0.0866	0.0943667	0.0897766	0.0866	0.0944333	0.0897703	0.0866	0.0943667	0.0897766	0.0866	0.0944333	1	1	10.5265	
9.68514	2	24	9.61533	2	24	9.61639	2	24	0	0	0	0.099576	0.0957333	0.104833	0.0995833	0.0957333	0.1049	0.099576	0.0957333	0.104833	0.0995833	0.0957333	0.1049	1	1	10.5103	
9.69949	2	24	9.61905	2	24	9.62012	2	24	0	0	0	0.109646	0.105467	0.114533	0.109656	0.105467	0.1146	0.109646	0.105467	0.114533	0.109656	0.105467	0.1146	1	1	10.4961	
9.72161	2	25	9.62597	2	25	9.62696	2	25	0	0	0	0.119622	0.1153	0.125333	0.119632	0.1153	0.1254	0.119622	0.1153	0.125333	0.119632	0.1153	0.1254	1	1	10.4829	
9.75701	2	26	9.64513	2	25	9.64608	2	25	0	0	0	0.129458	0.1255	0.1354	0.129467	0.1255	0.135467	0.129458	0.1255	0.1354	0.129467	0.1255	0.135467	1	1	10.4795	
9.78904	2	27	9.66189	2	26	9.66268	2	26	0	0	0	0.139445	0.1351	0.1456	0.139453	0.134967	0.145667	0.139445	0.1351	0.1456	0.139453	0.134967	0.145667	1	1	10.4676	
9.82957	2	30	9.68117	2	27	9.68195	2	27	0	0	0	0.149374	0.144833	0.155667	0.149381	0.1447	0.155733	0.149374	0.144833	0.155667	0.149381	0.1447	0.155733	1	1	10.4535	
9.8822	2	35	9.70775	2	29	9.70871	2	29	0	0	0	0.159415	0.154133	0.1657	0.159426	0.154	0.165767	0.159415	0.154133	0.1657	0.159426	0.154	0.165767	1	1	10.4445	
9.94837	2	39	9.74708	2	29	9.74797	2	29	0	0	0	0.16943	0.164867	0.176233	0.169446	0.164733	0.176367	0.16943	0.164867	0.176233	0.169446	0.164733	0.176367	1	1	10.4372	
10.0337	2	38	9.7977	2	30	9.79866	2	30	0	0	0	0.179385	0.1749	0.185833	0.179402	0.174933	0.185933	0.179385	0.1749	0.185833	0.179402	0.174933	0.185933	1	1	10.429	
10.1509	2	45	9.86512	2	32	9.86609	2	32	0	0	0	0.18944	0.185133	0.196533	0.189452	0.1851	0.196633	0.18944	0.185133	0.196533	0.189452	0.1851	0.196633	1	1	10.421	
10.2974	2	54	9.95683	2	33	9.95782	2	33	0	0	0	0.199437	0.195633	0.2058	0.199457	0.1956	0.206	0.199437	0.195633	0.2058	0.199457	0.1956	0.206	1	1	10.414	
10.5109	2	59	10.0983	2	37	10.0993	2	37	0	0	0	0.209417	0.204667	0.2156	0.209432	0.204667	0.2158	0.209417	0.204667	0.2156	0.209432	0.204667	0.2158	1	1	10.4053	
10.8459	2	82	10.3244	2	42	10.3251	2	42	0	0	0	0.219593	0.213967	0.227	0.219611	0.213933	0.226967	0.219593	0.213967	0.227	0.219611	0.213933	0.226967	1	1	10.4007	
11.4464	2	91	10.7463	2	49	10.7482	2	49	0	0	0	0.229599	0.224133	0.2371	0.229617	0.224133	0.237033	0.229599	0.224133	0.2371	0.229617	0.224133	0.237033	1	1	10.3958	
12.8629	2	174	11.751	2	68	11.7536	2	68	0	0	0	0.239746	0.23635	0.246225	0.239751	0.2364	0.246275	0.239746	0.23635	0.246225	0.239751	0.2364	0.246275	1	1	10.3943	
31.2135	2	331	29.1583	2	331	29.2647	2	331	0	0	0	0.249778	0.246543	0.253614	0.24985	0.246514	0.253629	0.249778	0.246543	0.253614	0.24985	0.246514	0.253629	1	1	10.3994	
617.274	2	4028	609.131	2	4028	629.119	2	4208	0	0	0	0.259708	0.256186	0.263514	0.257444	0.249114	0.263543	0.259708	0.256186	0.263514	0.257444	0.249114	0.263543	1	1	10.3952	
