9.82149	4	20	9.82071	4	20	9.82283	4	20	0	0	0	0.0100281	0.0091	0.0116333	0.0100318	0.0091	0.0117	0.0100281	0.0091	0.0116333	0.0100318	0.0091	0.0117	1	1	10.8178	
9.78717	4	21	9.78539	4	21	9.78669	4	21	0	0	0	0.0199906	0.0186333	0.0219	0.0199901	0.0186333	0.0219	0.0199906	0.0186333	0.0219	0.0199901	0.0186333	0.0219	1	1	10.7786	
9.7734	4	21	9.77065	4	21	9.77243	4	21	0	0	0	0.0301104	0.028	0.0321333	0.0301115	0.028	0.0321333	0.0301104	0.028	0.0321333	0.0301115	0.028	0.0321333	1	1	10.7596	
9.77167	4	21	9.76829	4	21	9.76946	4	21	0	0	0	0.0400328	0.0377333	0.0423667	0.0400339	0.0377	0.0423667	0.0400328	0.0377333	0.0423667	0.0400339	0.0377	0.0423667	1	1	10.7532	
9.77598	4	22	9.77207	4	22	9.77282	4	22	0	0	0	0.0499557	0.0471	0.0527333	0.0499557	0.0471	0.0528	0.0499557	0.0471	0.0527333	0.0499557	0.0471	0.0528	1	1	10.752	
9.77585	4	22	9.77119	4	22	9.77188	4	22	0	0	0	0.0599922	0.0568	0.063	0.0599917	0.0567667	0.063	0.0599922	0.0568	0.063	0.0599917	0.0567667	0.063	1	1	10.7453	
9.77241	4	22	9.76686	4	22	9.76759	4	22	0	0	0	0.0699875	0.0664333	0.0737333	0.0699865	0.0664	0.0737333	0.0699875	0.0664333	0.0737333	0.0699865	0.0664	0.0737333	1	1	10.7352	
9.77234	4	22	9.76554	4	22	9.76627	4	22	0	0	0	0.0798594	0.0766333	0.0837	0.0798635	0.0765	0.0837333	0.0798594	0.0766333	0.0837	0.0798635	0.0765	0.0837333	1	1	10.728	
9.77054	4	23	9.76241	4	23	9.76313	4	23	0	0	0	0.0897703	0.0866	0.0943667	0.0897766	0.0866	0.0944667	0.0897703	0.0866	0.0943667	0.0897766	0.0866	0.0944667	1	1	10.7179	
9.77281	4	23	9.76325	4	23	9.76395	4	23	0	0	0	0.099576	0.0957333	0.104833	0.0995833	0.0957333	0.104933	0.099576	0.0957333	0.104833	0.0995833	0.0957333	0.104933	1	1	10.7108	
9.77596	4	24	9.76474	4	24	9.76553	4	24	0	0	0	0.109646	0.105467	0.114533	0.109655	0.105467	0.114633	0.109646	0.105467	0.114533	0.109655	0.105467	0.114633	1	1	10.7036	
9.78679	4	25	9.77431	4	25	9.77512	4	25	0	0	0	0.119622	0.1153	0.125333	0.11963	0.1153	0.125433	0.119622	0.1153	0.125333	0.11963	0.1153	0.125433	1	1	10.7024	
9.80256	4	25	9.78865	4	25	9.78936	4	25	0	0	0	0.129458	0.1255	0.1354	0.129466	0.1255	0.1355	0.129458	0.1255	0.1354	0.129466	0.1255	0.1355	1	1	10.7055	
9.81175	4	26	9.7959	4	26	9.79655	4	26	0	0	0	0.139445	0.1351	0.1456	0.139452	0.135	0.1457	0.139445	0.1351	0.1456	0.139452	0.135	0.1457	1	1	10.6994	
9.8229	4	27	9.80528	4	27	9.80607	4	27	0	0	0	0.149374	0.144833	0.155667	0.149383	0.144733	0.155767	0.149374	0.144833	0.155667	0.149383	0.144733	0.155767	1	1	10.6926	
9.83571	4	27	9.8164	4	27	9.81735	4	27	0	0	0	0.159415	0.154133	0.1657	0.159423	0.154033	0.1658	0.159415	0.154133	0.1657	0.159423	0.154033	0.1658	1	1	10.6875	
9.85061	4	27	9.82903	4	27	9.82996	4	27	0	0	0	0.16943	0.164867	0.176233	0.169442	0.164767	0.176333	0.16943	0.164867	0.176233	0.169442	0.164767	0.176333	1	1	10.681	
9.87647	4	29	9.85241	4	29	9.85347	4	29	0	0	0	0.179385	0.1749	0.185833	0.179397	0.174933	0.185933	0.179385	0.1749	0.185833	0.179397	0.174933	0.185933	1	1	10.6768	
9.90877	4	30	9.88231	4	30	9.8834	4	30	0	0	0	0.18944	0.185133	0.196533	0.189452	0.1851	0.1966	0.18944	0.185133	0.196533	0.189452	0.1851	0.1966	1	1	10.6732	
9.94895	4	32	9.92016	4	32	9.92138	4	32	0	0	0	0.199437	0.195633	0.2058	0.199452	0.1956	0.2059	0.199437	0.195633	0.2058	0.199452	0.1956	0.2059	1	1	10.6678	
9.99968	4	34	9.9681	4	34	9.96933	4	34	0	0	0	0.209417	0.204667	0.2156	0.209431	0.204667	0.215733	0.209417	0.204667	0.2156	0.209431	0.204667	0.215733	1	1	10.6597	
10.1028	4	39	10.0685	4	39	10.0699	4	39	0	0	0	0.219593	0.213967	0.227	0.219609	0.213933	0.227033	0.219593	0.213967	0.227	0.219609	0.213933	0.227033	1	1	10.6563	
10.3003	4	48	10.2628	4	48	10.2647	4	48	0	0	0	0.229599	0.224133	0.2371	0.22961	0.224133	0.2371	0.229599	0.224133	0.2371	0.22961	0.224133	0.2371	1	1	10.6507	
10.7026	4	60	10.6614	4	60	10.6639	4	60	0	0	0	0.239598	0.234233	0.247567	0.239605	0.2342	0.247567	0.239598	0.234233	0.247567	0.239605	0.2342	0.247567	1	1	10.6461	
29.9042	4	328	29.8585	4	328	29.9425	4	328	0	0	0	0.249861	0.24605	0.252767	0.249858	0.246033	0.252783	0.249861	0.24605	0.252767	0.249858	0.246033	0.252783	1	1	10.6449	
261.437	4	3270	261.387	4	3270	268.727	4	3395	0	0	0	0.259708	0.256186	0.263514	0.258786	0.252343	0.263543	0.259708	0.256186	0.263514	0.258786	0.252343	0.263543	1	1	10.6431	
