9.77033	2	21	9.76519	2	21	9.76783	2	21	0	0	0	0.0100281	0.0091	0.0116333	0.0100302	0.0091	0.0117	0.0100281	0.0091	0.0116333	0.0100302	0.0091	0.0117	1	1	10.7595	
9.71554	2	21	9.70619	2	21	9.70812	2	21	0	0	0	0.0199906	0.0186333	0.0219	0.0199906	0.0186333	0.0219	0.0199906	0.0186333	0.0219	0.0199906	0.0186333	0.0219	1	1	10.6927	
9.67996	2	21	9.66531	2	21	9.66656	2	21	0	0	0	0.0301104	0.028	0.0321333	0.0301109	0.028	0.0321333	0.0301104	0.028	0.0321333	0.0301109	0.028	0.0321333	1	1	10.6442	
9.673	2	22	9.65199	2	22	9.65345	2	22	0	0	0	0.0400328	0.0377333	0.0423667	0.0400339	0.0377	0.0423667	0.0400328	0.0377333	0.0423667	0.0400339	0.0377	0.0423667	1	1	10.6221	
9.66259	2	23	9.63617	2	23	9.63718	2	23	0	0	0	0.0499557	0.0471	0.0527333	0.0499542	0.0470667	0.0528	0.0499557	0.0471	0.0527333	0.0499542	0.0470667	0.0528	1	1	10.5962	
9.66296	2	23	9.62918	2	23	9.63026	2	23	0	0	0	0.0599922	0.0568	0.063	0.0599917	0.0567333	0.063	0.0599922	0.0568	0.063	0.0599917	0.0567333	0.063	1	1	10.5789	
9.65885	2	23	9.61721	2	23	9.61826	2	23	0	0	0	0.0699875	0.0664333	0.0737333	0.0699844	0.0663667	0.0737333	0.0699875	0.0664333	0.0737333	0.0699844	0.0663667	0.0737333	1	1	10.5558	
9.66298	2	24	9.61288	2	24	9.61365	2	24	0	0	0	0.0798594	0.0766333	0.0837	0.0798604	0.0765	0.0837333	0.0798594	0.0766333	0.0837	0.0798604	0.0765	0.0837333	1	1	10.5382	
9.67319	2	24	9.61387	2	24	9.61496	2	24	0	0	0	0.0897703	0.0866	0.0943667	0.0897766	0.0866	0.0944333	0.0897703	0.0866	0.0943667	0.0897766	0.0866	0.0944333	1	1	10.5237	
9.68325	2	24	9.61346	2	24	9.61452	2	24	0	0	0	0.099576	0.0957333	0.104833	0.0995833	0.0957333	0.1049	0.099576	0.0957333	0.104833	0.0995833	0.0957333	0.1049	1	1	10.5064	
9.69711	2	24	9.61669	2	24	9.61776	2	24	0	0	0	0.109646	0.105467	0.114533	0.109656	0.105467	0.1146	0.109646	0.105467	0.114533	0.109656	0.105467	0.1146	1	1	10.4911	
9.71923	2	25	9.62361	2	25	9.62461	2	25	0	0	0	0.119622	0.1153	0.125333	0.119632	0.1153	0.1254	0.119622	0.1153	0.125333	0.119632	0.1153	0.1254	1	1	10.4766	
9.75506	2	26	9.64323	2	25	9.64417	2	25	0	0	0	0.129458	0.1255	0.1354	0.129467	0.1255	0.135467	0.129458	0.1255	0.1354	0.129467	0.1255	0.135467	1	1	10.4718	
9.7876	2	27	9.66052	2	26	9.66131	2	26	0	0	0	0.139445	0.1351	0.1456	0.139453	0.134967	0.145667	0.139445	0.1351	0.1456	0.139453	0.134967	0.145667	1	1	10.4586	
9.82887	2	30	9.68057	2	27	9.68135	2	27	0	0	0	0.149374	0.144833	0.155667	0.149381	0.1447	0.155733	0.149374	0.144833	0.155667	0.149381	0.1447	0.155733	1	1	10.4431	
9.88352	2	35	9.70918	2	29	9.71014	2	29	0	0	0	0.159415	0.154133	0.1657	0.159426	0.154	0.165767	0.159415	0.154133	0.1657	0.159426	0.154	0.165767	1	1	10.4319	
9.95286	2	39	9.75173	2	29	9.75262	2	29	0	0	0	0.16943	0.164867	0.176233	0.169446	0.164733	0.176367	0.16943	0.164867	0.176233	0.169446	0.164733	0.176367	1	1	10.4224	
10.044	2	38	9.80831	2	30	9.80925	2	30	0	0	0	0.179385	0.1749	0.185833	0.179401	0.174933	0.185933	0.179385	0.1749	0.185833	0.179401	0.174933	0.185933	1	1	10.4117	
10.17	2	45	9.88449	2	32	9.88544	2	32	0	0	0	0.18944	0.185133	0.196533	0.189452	0.1851	0.196633	0.18944	0.185133	0.196533	0.189452	0.1851	0.196633	1	1	10.4012	
10.3317	2	54	9.99149	2	33	9.99244	2	33	0	0	0	0.199437	0.195633	0.2058	0.199456	0.1956	0.206	0.199437	0.195633	0.2058	0.199456	0.1956	0.206	1	1	10.3916	
10.5731	2	59	10.1609	2	37	10.162	2	37	0	0	0	0.209417	0.204667	0.2156	0.209431	0.204667	0.2158	0.209417	0.204667	0.2156	0.209431	0.204667	0.2158	1	1	10.3797	
10.9605	2	82	10.4395	2	45	10.4403	2	45	0	0	0	0.219593	0.213967	0.227	0.21961	0.213933	0.226967	0.219593	0.213967	0.227	0.21961	0.213933	0.226967	1	1	10.3715	
11.6958	2	91	10.9964	2	49	10.9985	2	49	0	0	0	0.229599	0.224133	0.2371	0.229612	0.224133	0.237	0.229599	0.224133	0.2371	0.229612	0.224133	0.237	1	1	10.3634	
13.5691	2	174	12.4577	2	68	12.4608	2	68	0	0	0	0.239746	0.23635	0.246225	0.239746	0.2364	0.246275	0.239746	0.23635	0.246225	0.239746	0.2364	0.246275	1	1	10.3588	
58.1909	2	492	56.1365	2	492	56.3128	2	492	0	0	0	0.249778	0.246543	0.253614	0.249791	0.246514	0.253629	0.249778	0.246543	0.253614	0.249791	0.246514	0.253629	1	1	10.3598	
941.915	2	4028	933.774	2	4028	963.589	2	4208	0	0	0	0.259708	0.256186	0.263514	0.256227	0.248457	0.263543	0.259708	0.256186	0.263514	0.256227	0.248457	0.263543	1	1	10.352	
