9.34611	1	22	9.34585	1	22	9.34777	1	22	0	0	0	0.0100281	0.0091	0.0116333	0.0100307	0.00886667	0.0112333	0.0100281	0.0091	0.0116333	0.0100307	0.00886667	0.0112333	1	1	10.3448	
9.36322	1	22	9.36309	1	22	9.36307	1	22	0	0	0	0.0199906	0.0186333	0.0219	0.0199911	0.0182	0.0217667	0.0199906	0.0186333	0.0219	0.0199911	0.0182	0.0217667	1	1	10.3606	
9.32955	1	24	9.32914	1	24	9.32969	1	24	0	0	0	0.0301104	0.028	0.0321333	0.0301115	0.0267333	0.0319667	0.0301104	0.028	0.0321333	0.0301115	0.0267333	0.0319667	1	1	10.3255	
9.33185	1	27	9.33136	1	27	9.33213	1	27	0	0	0	0.0400328	0.0377333	0.0423667	0.0400307	0.0375333	0.0425333	0.0400328	0.0377333	0.0423667	0.0400307	0.0375333	0.0425333	1	1	10.3261	
9.35414	1	27	9.35333	1	27	9.35408	1	27	0	0	0	0.0499557	0.0471	0.0527333	0.0499552	0.0466667	0.0528667	0.0499557	0.0471	0.0527333	0.0499552	0.0466667	0.0528667	1	1	10.3465	
9.35398	1	28	9.35308	1	28	9.35337	1	28	0	0	0	0.0599922	0.0568	0.063	0.0599953	0.0570667	0.0627333	0.0599922	0.0568	0.063	0.0599953	0.0570667	0.0627333	1	1	10.3456	
9.33654	1	29	9.33535	1	29	9.33625	1	29	0	0	0	0.0699875	0.0664333	0.0737333	0.0699823	0.0670333	0.0731	0.0699875	0.0664333	0.0737333	0.0699823	0.0670333	0.0731	1	1	10.326	
9.35038	1	30	9.34909	1	30	9.3496	1	30	0	0	0	0.0798594	0.0766333	0.0837	0.0798583	0.0765	0.0841667	0.0798594	0.0766333	0.0837	0.0798583	0.0765	0.0841667	1	1	10.3382	
9.35659	1	28	9.35483	1	28	9.35583	1	28	0	0	0	0.0897703	0.0866	0.0943667	0.0897734	0.0859667	0.0936	0.0897703	0.0866	0.0943667	0.0897734	0.0859667	0.0936	1	1	10.3417	
9.36005	1	32	9.35815	1	32	9.35837	1	32	0	0	0	0.099576	0.0957333	0.104833	0.0995786	0.0955333	0.1046	0.099576	0.0957333	0.104833	0.0995786	0.0955333	0.1046	1	1	10.3432	
9.36662	1	33	9.36433	1	33	9.36533	1	33	0	0	0	0.109646	0.105467	0.114533	0.109652	0.105367	0.1147	0.109646	0.105467	0.114533	0.109652	0.105367	0.1147	1	1	10.348	
9.37545	1	30	9.37278	1	30	9.37378	1	30	0	0	0	0.119622	0.1153	0.125333	0.119629	0.1147	0.124133	0.119622	0.1153	0.125333	0.119629	0.1147	0.124133	1	1	10.3545	
9.36748	1	36	9.36398	1	36	9.36427	1	36	0	0	0	0.129458	0.1255	0.1354	0.129465	0.124067	0.134633	0.129458	0.1255	0.1354	0.129465	0.124067	0.134633	1	1	10.3434	
9.39009	1	35	9.38645	1	35	9.38741	1	35	0	0	0	0.139445	0.1351	0.1456	0.139449	0.135067	0.144233	0.139445	0.1351	0.1456	0.139449	0.135067	0.144233	1	1	10.3645	
9.3984	1	33	9.39374	1	33	9.39456	1	33	0	0	0	0.149374	0.144833	0.155667	0.149372	0.143867	0.155	0.149374	0.144833	0.155667	0.149372	0.143867	0.155	1	1	10.3699	
9.38922	1	32	9.3842	1	32	9.38474	1	32	0	0	0	0.159415	0.154133	0.1657	0.159423	0.153867	0.1645	0.159415	0.154133	0.1657	0.159423	0.153867	0.1645	1	1	10.3581	
9.40217	1	40	9.3964	1	40	9.39753	1	40	0	0	0	0.16943	0.164867	0.176233	0.169442	0.164133	0.1757	0.16943	0.164867	0.176233	0.169442	0.164133	0.1757	1	1	10.368	
9.40542	1	31	9.39878	1	31	9.3997	1	31	0	0	0	0.179385	0.1749	0.185833	0.179393	0.174233	0.185233	0.179385	0.1749	0.185833	0.179393	0.174233	0.185233	1	1	10.3676	
9.41725	1	35	9.40946	1	35	9.41033	1	35	0	0	0	0.18944	0.185133	0.196533	0.189453	0.1844	0.1947	0.18944	0.185133	0.196533	0.189453	0.1844	0.1947	1	1	10.3775	
9.43007	1	38	9.42158	1	38	9.42285	1	38	0	0	0	0.199437	0.195633	0.2058	0.199455	0.195067	0.205433	0.199437	0.195633	0.2058	0.199455	0.195067	0.205433	1	1	10.3866	
9.4247	1	34	9.41534	1	34	9.41605	1	34	0	0	0	0.209417	0.204667	0.2156	0.209428	0.2041	0.215333	0.209417	0.204667	0.2156	0.209428	0.2041	0.215333	1	1	10.3781	
9.44261	1	39	9.4319	1	39	9.43274	1	39	0	0	0	0.219593	0.213967	0.227	0.219606	0.2139	0.226033	0.219593	0.213967	0.227	0.219606	0.2139	0.226033	1	1	10.3923	
9.4586	1	34	9.44635	1	34	9.44721	1	34	0	0	0	0.229599	0.224133	0.2371	0.229611	0.224933	0.2382	0.229599	0.224133	0.2371	0.229611	0.224933	0.2382	1	1	10.4038	
9.45902	1	38	9.44521	1	38	9.44579	1	38	0	0	0	0.239598	0.234233	0.247567	0.239614	0.2331	0.244033	0.239598	0.234233	0.247567	0.239614	0.2331	0.244033	1	1	10.4011	
9.49062	1	41	9.4758	1	41	9.47643	1	41	0	0	0	0.249678	0.244133	0.2562	0.249695	0.243067	0.255	0.249678	0.244133	0.2562	0.249695	0.243067	0.255	1	1	10.4276	
9.50586	1	41	9.48949	1	41	9.48984	1	41	0	0	0	0.25964	0.254933	0.266767	0.259653	0.251467	0.268667	0.25964	0.254933	0.266767	0.259653	0.251467	0.268667	1	1	10.4393	
9.50909	1	39	9.4903	1	39	9.49107	1	39	0	0	0	0.269697	0.264233	0.277733	0.269718	0.2622	0.277067	0.269697	0.264233	0.277733	0.269718	0.2622	0.277067	1	1	10.4369	
9.52055	1	39	9.49978	1	39	9.50054	1	39	0	0	0	0.279699	0.274867	0.288033	0.279708	0.272567	0.287633	0.279699	0.274867	0.288033	0.279708	0.272567	0.287633	1	1	10.4438	
9.54	1	40	9.51631	1	40	9.51726	1	40	0	0	0	0.28966	0.284867	0.2982	0.289674	0.282267	0.296633	0.28966	0.284867	0.2982	0.289674	0.282267	0.296633	1	1	10.4566	
9.55805	1	37	9.53239	1	37	9.53314	1	37	0	0	0	0.299654	0.295033	0.308233	0.299669	0.292533	0.3087	0.299654	0.295033	0.308233	0.299669	0.292533	0.3087	1	1	10.4694	
9.5724	1	40	9.54419	1	40	9.54501	1	40	0	0	0	0.309671	0.304933	0.3169	0.309694	0.3017	0.315733	0.309671	0.304933	0.3169	0.309694	0.3017	0.315733	1	1	10.4781	
9.57914	1	40	9.54787	1	40	9.5488	1	40	0	0	0	0.319631	0.3153	0.326167	0.319653	0.313433	0.326333	0.319631	0.3153	0.326167	0.319653	0.313433	0.326333	1	1	10.4778	
9.61571	1	38	9.58167	1	38	9.58197	1	38	0	0	0	0.329571	0.3241	0.337333	0.329583	0.3237	0.3365	0.329571	0.3241	0.337333	0.329583	0.3237	0.3365	1	1	10.5074	
9.62582	1	38	9.58803	1	38	9.58895	1	38	0	0	0	0.339564	0.3346	0.347433	0.339593	0.3339	0.348267	0.339564	0.3346	0.347433	0.339593	0.3339	0.348267	1	1	10.5115	
9.64628	1	43	9.60495	1	43	9.60587	1	43	0	0	0	0.349566	0.344133	0.357067	0.349596	0.342433	0.3584	0.349566	0.344133	0.357067	0.349596	0.342433	0.3584	1	1	10.5232	
9.6648	1	43	9.61834	1	43	9.61939	1	43	0	0	0	0.359429	0.354833	0.367267	0.359447	0.351267	0.368067	0.359429	0.354833	0.367267	0.359447	0.351267	0.368067	1	1	10.5324	
9.68003	1	40	9.62941	1	40	9.62988	1	40	0	0	0	0.3694	0.364933	0.376433	0.369411	0.361633	0.3769	0.3694	0.364933	0.376433	0.369411	0.361633	0.3769	1	1	10.54	
9.71202	1	41	9.65619	1	41	9.65743	1	41	0	0	0	0.379397	0.374667	0.386133	0.379412	0.371833	0.3869	0.379397	0.374667	0.386133	0.379412	0.371833	0.3869	1	1	10.5622	
9.73405	1	40	9.67256	1	40	9.67345	1	40	0	0	0	0.389336	0.385	0.396833	0.389355	0.380567	0.395667	0.389336	0.385	0.396833	0.389355	0.380567	0.395667	1	1	10.5738	
9.76334	1	42	9.69483	1	42	9.69585	1	42	0	0	0	0.399407	0.3947	0.406133	0.399419	0.3911	0.410533	0.399407	0.3947	0.406133	0.399419	0.3911	0.410533	1	1	10.5909	
9.78429	1	44	9.70982	1	44	9.71054	1	44	0	0	0	0.409368	0.404433	0.417533	0.409387	0.4001	0.4179	0.409368	0.404433	0.417533	0.409387	0.4001	0.4179	1	1	10.6007	
9.81413	1	41	9.73421	1	41	9.73472	1	41	0	0	0	0.419344	0.414333	0.427767	0.41936	0.4123	0.4332	0.419344	0.414333	0.427767	0.41936	0.4123	0.4332	1	1	10.6187	
9.83968	1	42	9.7489	1	42	9.74943	1	42	0	0	0	0.429437	0.424767	0.437267	0.429451	0.420433	0.438867	0.429437	0.424767	0.437267	0.429451	0.420433	0.438867	1	1	10.6279	
9.87151	1	46	9.77044	1	46	9.77102	1	46	0	0	0	0.439369	0.4349	0.4471	0.439387	0.431567	0.4546	0.439369	0.4349	0.4471	0.439387	0.431567	0.4546	1	1	10.6446	
9.91296	1	58	9.80224	1	58	9.80329	1	58	0	0	0	0.449298	0.4449	0.457067	0.449307	0.437133	0.459267	0.449298	0.4449	0.457067	0.449307	0.437133	0.459267	1	1	10.6704	
9.94646	1	43	9.8221	1	43	9.82287	1	43	0	0	0	0.459259	0.454867	0.466233	0.459281	0.452567	0.467	0.459259	0.454867	0.466233	0.459281	0.452567	0.467	1	1	10.6821	
9.98448	1	56	9.84548	1	56	9.84624	1	56	0	0	0	0.469333	0.464967	0.4767	0.469339	0.458533	0.475933	0.469333	0.464967	0.4767	0.469339	0.458533	0.475933	1	1	10.7	
10.0101	1	50	9.85635	1	50	9.85688	1	50	0	0	0	0.47926	0.4743	0.486633	0.479267	0.468333	0.486733	0.47926	0.4743	0.486633	0.479267	0.468333	0.486733	1	1	10.7029	
10.069	1	63	9.89825	1	63	9.89925	1	63	0	0	0	0.489254	0.484	0.496567	0.489265	0.48	0.498767	0.489254	0.484	0.496567	0.489265	0.48	0.498767	1	1	10.7378	
10.1047	1	52	9.91535	1	51	9.91652	1	51	0	0	0	0.499178	0.494167	0.5056	0.499189	0.491167	0.508	0.499178	0.494167	0.5056	0.499189	0.491167	0.508	1	1	10.7458	
10.1513	1	61	9.93764	1	61	9.93844	1	61	0	0	0	0.509155	0.504	0.515533	0.509177	0.498233	0.521433	0.509155	0.504	0.515533	0.509177	0.498233	0.521433	1	1	10.7616	
10.2251	1	66	9.98282	1	66	9.98374	1	66	0	0	0	0.519157	0.513767	0.525233	0.519181	0.506567	0.5313	0.519157	0.513767	0.525233	0.519181	0.506567	0.5313	1	1	10.7939	
10.2894	1	75	10.0114	1	75	10.0123	1	75	0	0	0	0.529081	0.523233	0.535033	0.529088	0.516633	0.539867	0.529081	0.523233	0.535033	0.529088	0.516633	0.539867	1	1	10.8122	
10.3673	1	61	10.0399	1	52	10.0408	1	52	0	0	0	0.53911	0.533633	0.545067	0.53913	0.528167	0.5489	0.53911	0.533633	0.545067	0.53913	0.528167	0.5489	1	1	10.8306	
10.4587	1	66	10.0827	1	60	10.0836	1	60	0	0	0	0.549167	0.543233	0.554667	0.549175	0.541067	0.561133	0.549167	0.543233	0.554667	0.549175	0.541067	0.561133	1	1	10.8584	
10.5813	1	119	10.1199	1	50	10.1207	1	50	0	0	0	0.559163	0.5524	0.564933	0.559185	0.5477	0.5684	0.559163	0.5524	0.564933	0.559185	0.5477	0.5684	1	1	10.8801	
10.7316	1	113	10.164	1	60	10.1646	1	60	0	0	0	0.56921	0.562533	0.574867	0.569221	0.560533	0.578433	0.56921	0.562533	0.574867	0.569221	0.560533	0.578433	1	1	10.9103	
10.8985	1	97	10.185	1	65	10.1861	1	65	0	0	0	0.579327	0.572933	0.585067	0.579368	0.568733	0.5893	0.579327	0.572933	0.585067	0.579368	0.568733	0.5893	1	1	10.9141	
11.208	1	125	10.2379	1	66	10.2391	1	66	0	0	0	0.589414	0.5829	0.594567	0.589441	0.579433	0.600167	0.589414	0.5829	0.594567	0.589441	0.579433	0.600167	1	1	10.9531	
12.9798	1	432	10.2861	1	97	10.2873	1	97	0	0	0	0.599588	0.595257	0.604771	0.59956	0.592629	0.6051	0.599588	0.595257	0.604771	0.59956	0.592629	0.6051	1	1	10.9791	
65.885	1	5258	10.3319	1	74	10.3327	1	74	0	0	0	0.609574	0.605571	0.614857	0.609083	0.6035	0.615	0.609574	0.605571	0.614857	0.609083	0.6035	0.615	1	1	11.0021	
166.414	1	9730	10.3846	1	65	10.3824	1	76	0	0	0	0.619548	0.615957	0.6251	0.618048	0.610229	0.623943	0.619548	0.615957	0.6251	0.618048	0.610229	0.623943	1	1	11.0337	
321.051	1	18609	10.4197	1	77	10.4198	1	86	0	0	0	0.629571	0.626	0.635171	0.627023	0.620457	0.632571	0.629571	0.626	0.635171	0.627023	0.620457	0.632571	1	1	11.0493	
