9.77033	2	21	9.76519	2	21	9.76783	2	21	0	0	0	0.0100281	0.0091	0.0116333	0.0100302	0.0091	0.0117	0.0100281	0.0091	0.0116333	0.0100302	0.0091	0.0117	1	1	10.7595	
9.71554	2	21	9.70619	2	21	9.70812	2	21	0	0	0	0.0199906	0.0186333	0.0219	0.0199906	0.0186333	0.0219	0.0199906	0.0186333	0.0219	0.0199906	0.0186333	0.0219	1	1	10.6927	
9.67996	2	21	9.66531	2	21	9.66656	2	21	0	0	0	0.0301104	0.028	0.0321333	0.0301109	0.028	0.0321333	0.0301104	0.028	0.0321333	0.0301109	0.028	0.0321333	1	1	10.6442	
9.673	2	22	9.65199	2	22	9.65345	2	22	0	0	0	0.0400328	0.0377333	0.0423667	0.0400339	0.0377	0.0423667	0.0400328	0.0377333	0.0423667	0.0400339	0.0377	0.0423667	1	1	10.6221	
9.66263	2	23	9.63621	2	23	9.63722	2	23	0	0	0	0.0499557	0.0471	0.0527333	0.0499542	0.0470667	0.0528	0.0499557	0.0471	0.0527333	0.0499542	0.0470667	0.0528	1	1	10.5962	
9.66299	2	23	9.62921	2	23	9.63029	2	23	0	0	0	0.0599922	0.0568	0.063	0.0599917	0.0567333	0.063	0.0599922	0.0568	0.063	0.0599917	0.0567333	0.063	1	1	10.579	
9.65889	2	23	9.61725	2	23	9.6183	2	23	0	0	0	0.0699875	0.0664333	0.0737333	0.0699844	0.0663667	0.0737333	0.0699875	0.0664333	0.0737333	0.0699844	0.0663667	0.0737333	1	1	10.5559	
9.66309	2	24	9.61299	2	24	9.61375	2	24	0	0	0	0.0798594	0.0766333	0.0837	0.0798604	0.0765	0.0837333	0.0798594	0.0766333	0.0837	0.0798604	0.0765	0.0837333	1	1	10.5384	
9.67327	2	24	9.61395	2	24	9.61504	2	24	0	0	0	0.0897703	0.0866	0.0943667	0.0897766	0.0866	0.0944333	0.0897703	0.0866	0.0943667	0.0897766	0.0866	0.0944333	1	1	10.5239	
9.68339	2	24	9.6136	2	24	9.61466	2	24	0	0	0	0.099576	0.0957333	0.104833	0.0995833	0.0957333	0.1049	0.099576	0.0957333	0.104833	0.0995833	0.0957333	0.1049	1	1	10.5067	
9.69722	2	24	9.61681	2	24	9.61788	2	24	0	0	0	0.109646	0.105467	0.114533	0.109656	0.105467	0.1146	0.109646	0.105467	0.114533	0.109656	0.105467	0.1146	1	1	10.4914	
9.71945	2	25	9.62383	2	25	9.62483	2	25	0	0	0	0.119622	0.1153	0.125333	0.119632	0.1153	0.1254	0.119622	0.1153	0.125333	0.119632	0.1153	0.1254	1	1	10.4773	
9.75525	2	26	9.64342	2	25	9.64436	2	25	0	0	0	0.129458	0.1255	0.1354	0.129467	0.1255	0.135467	0.129458	0.1255	0.1354	0.129467	0.1255	0.135467	1	1	10.4727	
9.78775	2	27	9.66066	2	26	9.66145	2	26	0	0	0	0.139445	0.1351	0.1456	0.139453	0.134967	0.145667	0.139445	0.1351	0.1456	0.139453	0.134967	0.145667	1	1	10.4598	
9.82903	2	30	9.68072	2	27	9.68151	2	27	0	0	0	0.149374	0.144833	0.155667	0.149381	0.1447	0.155733	0.149374	0.144833	0.155667	0.149381	0.1447	0.155733	1	1	10.4448	
9.88339	2	35	9.70906	2	29	9.71002	2	29	0	0	0	0.159415	0.154133	0.1657	0.159426	0.154	0.165767	0.159415	0.154133	0.1657	0.159426	0.154	0.165767	1	1	10.434	
9.9522	2	39	9.75107	2	29	9.75196	2	29	0	0	0	0.16943	0.164867	0.176233	0.169446	0.164733	0.176367	0.16943	0.164867	0.176233	0.169446	0.164733	0.176367	1	1	10.4247	
10.0426	2	38	9.80692	2	30	9.80786	2	30	0	0	0	0.179385	0.1749	0.185833	0.179401	0.174933	0.185933	0.179385	0.1749	0.185833	0.179401	0.174933	0.185933	1	1	10.4146	
10.1673	2	45	9.88184	2	32	9.88279	2	32	0	0	0	0.18944	0.185133	0.196533	0.189452	0.1851	0.196633	0.18944	0.185133	0.196533	0.189452	0.1851	0.196633	1	1	10.4046	
10.3267	2	54	9.98649	2	33	9.98744	2	33	0	0	0	0.199437	0.195633	0.2058	0.199456	0.1956	0.206	0.199437	0.195633	0.2058	0.199456	0.1956	0.206	1	1	10.3956	
10.5621	2	59	10.1499	2	37	10.151	2	37	0	0	0	0.209417	0.204667	0.2156	0.209431	0.204667	0.2158	0.209417	0.204667	0.2156	0.209431	0.204667	0.2158	1	1	10.3842	
10.9378	2	82	10.4168	2	45	10.4176	2	45	0	0	0	0.219593	0.213967	0.227	0.21961	0.213933	0.226967	0.219593	0.213967	0.227	0.21961	0.213933	0.226967	1	1	10.3766	
11.6422	2	91	10.9427	2	49	10.9449	2	49	0	0	0	0.229599	0.224133	0.2371	0.229612	0.224133	0.237	0.229599	0.224133	0.2371	0.229612	0.224133	0.237	1	1	10.3692	
13.4135	2	174	12.3022	2	68	12.3048	2	68	0	0	0	0.239746	0.23635	0.246225	0.239749	0.2364	0.246275	0.239746	0.23635	0.246225	0.239749	0.2364	0.246275	1	1	10.3656	
52.9537	2	492	50.8993	2	492	51.0502	2	492	0	0	0	0.249778	0.246543	0.253614	0.249771	0.246514	0.253629	0.249778	0.246543	0.253614	0.249771	0.246514	0.253629	1	1	10.3676	
814.554	2	4028	806.413	2	4028	832.223	2	4208	0	0	0	0.259708	0.256186	0.263514	0.25672	0.248457	0.263543	0.259708	0.256186	0.263514	0.25672	0.248457	0.263543	1	1	10.3607	
