9.5442	1	28	9.54373	1	28	9.54437	1	28	0	0	0	0.0100281	0.0091	0.0116333	0.0100313	0	0.0829333	0.0100281	0.0091	0.0116333	0.0100313	0	0.0829333	1	1	10.5426	
9.57207	1	29	9.57074	1	29	9.57189	1	29	0	0	0	0.0199906	0.0186333	0.0219	0.0199922	0	0.1614	0.0199906	0.0186333	0.0219	0.0199922	0	0.1614	1	1	10.5677	
9.62345	1	29	9.62106	1	29	9.62216	1	29	0	0	0	0.0301104	0.028	0.0321333	0.030113	0	0.243967	0.0301104	0.028	0.0321333	0.030113	0	0.243967	1	1	10.6157	
9.6863	1	29	9.68294	1	29	9.68389	1	29	0	0	0	0.0400328	0.0377333	0.0423667	0.0400339	0	0.322667	0.0400328	0.0377333	0.0423667	0.0400339	0	0.322667	1	1	10.6759	
9.78136	1	37	9.77674	1	37	9.77763	1	37	0	0	0	0.0499557	0.0471	0.0527333	0.0499573	0	0.404867	0.0499557	0.0471	0.0527333	0.0499573	0	0.404867	1	1	10.7673	
9.90176	1	36	9.89501	1	36	9.89524	1	36	0	0	0	0.0599922	0.0568	0.063	0.0599927	0	0.484233	0.0599922	0.0568	0.063	0.0599927	0	0.484233	1	1	10.8837	
10.0023	1	40	9.99321	1	40	9.99379	1	40	0	0	0	0.0699875	0.0664333	0.0737333	0.0699865	0	0.565033	0.0699875	0.0664333	0.0737333	0.0699865	0	0.565033	1	1	10.9799	
10.1608	1	39	10.149	1	39	10.15	1	39	0	0	0	0.0798594	0.0766333	0.0837	0.0798599	0	0.645667	0.0798594	0.0766333	0.0837	0.0798599	0	0.645667	1	1	11.1332	
10.291	1	42	10.2765	1	42	10.2776	1	42	0	0	0	0.0897703	0.0866	0.0943667	0.0897781	0	0.724567	0.0897703	0.0866	0.0943667	0.0897781	0	0.724567	1	1	11.2588	
10.4828	1	42	10.4649	1	42	10.4664	1	42	0	0	0	0.099576	0.0957333	0.104833	0.0995854	0	0.803533	0.099576	0.0957333	0.104833	0.0995854	0	0.803533	1	1	11.4452	
10.6982	1	53	10.6756	1	53	10.6763	1	53	0	0	0	0.109646	0.105467	0.114533	0.109665	0	0.884467	0.109646	0.105467	0.114533	0.109665	0	0.884467	1	1	11.6529	
10.9487	1	48	10.9214	1	48	10.9227	1	48	0	0	0	0.119622	0.1153	0.125333	0.119672	0	0.966867	0.119622	0.1153	0.125333	0.119672	0	0.966867	1	1	11.8958	
11.2546	1	49	11.221	1	49	11.2282	1	49	0	0	0	0.129458	0.1255	0.1354	0.125	0	1	0.129458	0.1255	0.1354	0.125	0	1	1	1	12.1908	
11.5757	1	52	11.5339	1	52	11.5395	1	52	0	0	0	0.139445	0.1351	0.1456	0.125	0	1	0.139445	0.1351	0.1456	0.125	0	1	1	1	12.5011	
11.9538	1	55	11.9042	1	55	11.9052	1	55	0	0	0	0.149374	0.144833	0.155667	0.125	0	1	0.149374	0.144833	0.155667	0.125	0	1	1	1	12.8668	
12.3881	1	58	12.3247	1	58	12.3453	1	60	0	0	0	0.159415	0.154133	0.1657	0.125	0	1	0.159415	0.154133	0.1657	0.125	0	1	1	1	13.2815	
12.9138	1	57	12.8336	1	57	12.833	1	59	0	0	0	0.16943	0.164867	0.176233	0.125	0	1	0.16943	0.164867	0.176233	0.125	0	1	1	1	13.7856	
13.5225	1	57	13.4225	1	57	13.4672	1	60	0	0	0	0.179385	0.1749	0.185833	0.125	0	1	0.179385	0.1749	0.185833	0.125	0	1	1	1	14.3666	
14.317	1	56	14.1845	1	56	14.2146	1	63	0	0	0	0.18944	0.185133	0.196533	0.125	0	1	0.18944	0.185133	0.196533	0.125	0	1	1	1	15.1208	
15.2611	1	81	15.0736	1	71	15.1222	1	78	0	0	0	0.199437	0.195633	0.2058	0.125	0	1	0.199437	0.195633	0.2058	0.125	0	1	1	1	15.9956	
16.6923	1	189	16.3361	1	102	16.3594	1	102	0	0	0	0.209417	0.204667	0.2156	0.125	0	1	0.209417	0.204667	0.2156	0.125	0	1	1	1	17.2305	
19.0755	1	275	17.8993	1	114	17.9657	1	114	0	0	0	0.219593	0.213967	0.227	0.125	0	1	0.219593	0.213967	0.227	0.125	0	1	1	1	18.7429	
112.668	1	9865	20.236	1	146	20.2836	1	168	0	0	0	0.229599	0.224133	0.2371	0.125	0	1	0.229599	0.224133	0.2371	0.125	0	1	1	1	20.931	
3241.21	1	184769	21.6026	1	230	21.5983	1	257	0	0	0	0.239598	0.234233	0.247567	0.125	0	1	0.239598	0.234233	0.247567	0.125	0	1	1	1	21.9964	
