9.76714	4	20	9.76688	4	20	9.76686	4	20	0	0	0	0.00499391	0.00472	0.00529667	0.00499385	0.00472	0.00529667	0.00499391	0.00472	0.00529667	0.00499385	0.00472	0.00529667	1	1	10.7651	
9.766	4	20	9.7653	4	20	9.76527	4	20	0	0	0	0.0100062	0.00967333	0.0105533	0.0100059	0.00967333	0.0105533	0.0100062	0.00967333	0.0105533	0.0100059	0.00967333	0.0105533	1	1	10.7617	
9.76608	4	21	9.76488	4	21	9.76489	4	21	0	0	0	0.0150311	0.0147333	0.0154867	0.0150309	0.0147333	0.01549	0.0150311	0.0147333	0.0154867	0.0150309	0.0147333	0.01549	1	1	10.7594	
9.76296	4	22	9.7613	4	21	9.76135	4	21	0	0	0	0.020063	0.01956	0.0207733	0.0200629	0.01956	0.0207767	0.020063	0.01956	0.0207733	0.0200629	0.01956	0.0207767	1	1	10.7541	
9.7619	4	22	9.7598	4	21	9.75987	4	21	0	0	0	0.0250671	0.0246267	0.02574	0.0250668	0.0246233	0.0257433	0.0250671	0.0246267	0.02574	0.0250668	0.0246233	0.0257433	1	1	10.7507	
9.76331	4	22	9.76063	4	21	9.76067	4	21	0	0	0	0.0300682	0.02952	0.0307533	0.0300679	0.0295233	0.0307567	0.0300682	0.02952	0.0307533	0.0300679	0.0295233	0.0307567	1	1	10.7496	
9.76628	4	22	9.76297	4	22	9.76302	4	22	0	0	0	0.0350706	0.03449	0.03577	0.0350702	0.0344933	0.0357767	0.0350706	0.03449	0.03577	0.0350702	0.0344933	0.0357767	1	1	10.7497	
9.76566	4	22	9.76171	4	22	9.76174	4	22	0	0	0	0.0400941	0.0393233	0.0409733	0.0400936	0.0393267	0.04098	0.0400941	0.0393233	0.0409733	0.0400936	0.0393267	0.04098	1	1	10.7464	
9.76443	4	22	9.75984	4	22	9.75987	4	22	0	0	0	0.0450691	0.0443367	0.0459767	0.0450685	0.04434	0.04597	0.0450691	0.0443367	0.0459767	0.0450685	0.04434	0.04597	1	1	10.7424	
9.76397	4	22	9.75862	4	22	9.75864	4	22	0	0	0	0.050078	0.0492567	0.05102	0.0500775	0.04926	0.0510167	0.050078	0.0492567	0.05102	0.0500775	0.04926	0.0510167	1	1	10.7389	
9.76307	4	22	9.757	4	22	9.75705	4	22	0	0	0	0.055088	0.0542567	0.05612	0.0550874	0.05426	0.0561167	0.055088	0.0542567	0.05612	0.0550874	0.05426	0.0561167	1	1	10.7348	
9.76369	4	22	9.75677	4	22	9.75684	4	22	0	0	0	0.0600776	0.05914	0.0611567	0.0600772	0.05914	0.0611567	0.0600776	0.05914	0.0611567	0.0600772	0.05914	0.0611567	1	1	10.732	
9.76679	4	23	9.75901	4	22	9.75907	4	22	0	0	0	0.0651088	0.0642067	0.0661033	0.0651087	0.0642067	0.0661033	0.0651088	0.0642067	0.0661033	0.0651087	0.0642067	0.0661033	1	1	10.7316	
9.76831	4	23	9.75956	4	22	9.75961	4	22	0	0	0	0.0700993	0.06919	0.0710567	0.070099	0.0691833	0.0710567	0.0700993	0.06919	0.0710567	0.070099	0.0691833	0.0710567	1	1	10.7294	
9.768	4	23	9.75828	4	23	9.75834	4	23	0	0	0	0.0750704	0.0741733	0.0760867	0.0750702	0.07417	0.0760867	0.0750704	0.0741733	0.0760867	0.0750702	0.07417	0.0760867	1	1	10.7254	
9.76964	4	23	9.75894	4	23	9.75902	4	23	0	0	0	0.0800622	0.07906	0.0811233	0.0800622	0.0790533	0.0811233	0.0800622	0.07906	0.0811233	0.0800622	0.0790533	0.0811233	1	1	10.723	
9.76926	4	24	9.75751	4	24	9.75758	4	24	0	0	0	0.0850491	0.0840467	0.08615	0.0850492	0.08404	0.08615	0.0850491	0.0840467	0.08615	0.0850492	0.08404	0.08615	1	1	10.7186	
9.77052	4	24	9.75768	4	24	9.75774	4	24	0	0	0	0.0900403	0.08904	0.0911	0.0900401	0.0890333	0.0911	0.0900403	0.08904	0.0911	0.0900401	0.0890333	0.0911	1	1	10.7156	
9.77168	4	25	9.75762	4	25	9.75766	4	25	0	0	0	0.0950421	0.0939633	0.09615	0.095042	0.0939567	0.09615	0.0950421	0.0939633	0.09615	0.095042	0.0939567	0.09615	1	1	10.7124	
9.77447	4	25	9.75912	4	25	9.75919	4	25	0	0	0	0.100013	0.0988367	0.101037	0.100014	0.09883	0.101037	0.100013	0.0988367	0.101037	0.100014	0.09883	0.101037	1	1	10.7103	
9.77634	4	25	9.75972	4	25	9.7598	4	25	0	0	0	0.105002	0.10396	0.106083	0.105002	0.103953	0.106087	0.105002	0.10396	0.106083	0.105002	0.103953	0.106087	1	1	10.7073	
9.77877	4	25	9.76075	4	25	9.76083	4	25	0	0	0	0.110025	0.108947	0.111093	0.110025	0.10894	0.111097	0.110025	0.108947	0.111093	0.110025	0.10894	0.111097	1	1	10.7044	
9.78105	4	26	9.76166	4	26	9.76172	4	26	0	0	0	0.115005	0.113947	0.116063	0.115005	0.11394	0.116067	0.115005	0.113947	0.116063	0.115005	0.11394	0.116067	1	1	10.7013	
9.7839	4	26	9.76305	4	26	9.76311	4	26	0	0	0	0.119998	0.118917	0.12105	0.119998	0.118913	0.121053	0.119998	0.118917	0.12105	0.119998	0.118913	0.121053	1	1	10.6984	
9.78651	4	26	9.76416	4	26	9.76421	4	26	0	0	0	0.124993	0.123957	0.126023	0.124993	0.123953	0.126023	0.124993	0.123957	0.126023	0.124993	0.123953	0.126023	1	1	10.6951	
9.79048	4	26	9.76653	4	26	9.76659	4	26	0	0	0	0.129989	0.128887	0.130963	0.129989	0.128883	0.130967	0.129989	0.128887	0.130963	0.129989	0.128883	0.130967	1	1	10.6927	
9.79436	4	26	9.76867	4	26	9.76873	4	26	0	0	0	0.134996	0.13394	0.136053	0.134996	0.13394	0.136057	0.134996	0.13394	0.136053	0.134996	0.13394	0.136057	1	1	10.6896	
9.79943	4	26	9.77194	4	26	9.772	4	26	0	0	0	0.139993	0.13878	0.140917	0.139994	0.13878	0.14092	0.139993	0.13878	0.140917	0.139994	0.13878	0.14092	1	1	10.6872	
9.80522	4	27	9.7759	4	27	9.77597	4	27	0	0	0	0.144979	0.143707	0.145863	0.14498	0.143707	0.14586	0.144979	0.143707	0.145863	0.14498	0.143707	0.14586	1	1	10.6852	
9.81202	4	27	9.78074	4	27	9.7808	4	27	0	0	0	0.149981	0.148657	0.151093	0.149981	0.148657	0.15109	0.149981	0.148657	0.151093	0.149981	0.148657	0.15109	1	1	10.6835	
9.81892	4	28	9.78554	4	27	9.78561	4	27	0	0	0	0.154962	0.1535	0.156267	0.154962	0.153497	0.156263	0.154962	0.1535	0.156267	0.154962	0.153497	0.156263	1	1	10.6811	
9.8279	4	28	9.79229	4	28	9.79235	4	28	0	0	0	0.159973	0.158617	0.16114	0.159974	0.158617	0.16114	0.159973	0.158617	0.16114	0.159974	0.158617	0.16114	1	1	10.6796	
9.83665	4	29	9.79876	4	29	9.79882	4	29	0	0	0	0.164998	0.16344	0.166243	0.164998	0.16344	0.166247	0.164998	0.16344	0.166243	0.164998	0.16344	0.166247	1	1	10.6775	
9.84537	4	29	9.80512	4	29	9.80517	4	29	0	0	0	0.170007	0.168467	0.171367	0.170008	0.168467	0.171367	0.170007	0.168467	0.171367	0.170008	0.168467	0.171367	1	1	10.6746	
9.85675	4	30	9.81414	4	30	9.81419	4	30	0	0	0	0.175015	0.173497	0.17646	0.175015	0.173497	0.176463	0.175015	0.173497	0.17646	0.175015	0.173497	0.176463	1	1	10.6727	
9.86872	4	31	9.82351	4	31	9.82356	4	31	0	0	0	0.180034	0.178407	0.18157	0.180035	0.178407	0.18157	0.180034	0.178407	0.18157	0.180035	0.178407	0.18157	1	1	10.6701	
9.88332	4	32	9.83547	4	32	9.83553	4	32	0	0	0	0.185042	0.183203	0.186423	0.185042	0.1832	0.186423	0.185042	0.183203	0.186423	0.185042	0.1832	0.186423	1	1	10.6678	
9.90032	4	32	9.84973	4	32	9.84979	4	32	0	0	0	0.190052	0.188203	0.191317	0.190053	0.1882	0.191317	0.190052	0.188203	0.191317	0.190053	0.1882	0.191317	1	1	10.6656	
9.92005	4	34	9.86648	4	34	9.86654	4	34	0	0	0	0.195078	0.193557	0.196443	0.195078	0.193553	0.196443	0.195078	0.193557	0.196443	0.195078	0.193553	0.196443	1	1	10.6636	
9.94309	4	35	9.88651	4	35	9.88656	4	35	0	0	0	0.200077	0.19841	0.20126	0.200077	0.198407	0.20126	0.200077	0.19841	0.20126	0.200077	0.198407	0.20126	1	1	10.6616	
9.97096	4	38	9.91124	4	38	9.9113	4	38	0	0	0	0.20508	0.203317	0.206423	0.20508	0.203313	0.20642	0.20508	0.203317	0.206423	0.20508	0.203313	0.20642	1	1	10.6594	
10.0044	4	40	9.94135	4	40	9.9414	4	40	0	0	0	0.210069	0.20816	0.211343	0.210069	0.208157	0.21134	0.210069	0.20816	0.211343	0.210069	0.208157	0.21134	1	1	10.6571	
10.0453	4	44	9.97869	4	44	9.97875	4	44	0	0	0	0.215034	0.2131	0.21641	0.215033	0.213097	0.216407	0.215034	0.2131	0.21641	0.215033	0.213097	0.216407	1	1	10.6547	
10.1025	4	49	10.032	4	49	10.0321	4	49	0	0	0	0.220027	0.217907	0.22134	0.220027	0.217903	0.22135	0.220027	0.217907	0.22134	0.220027	0.217903	0.22135	1	1	10.6526	
10.1763	4	53	10.102	4	53	10.1021	4	53	0	0	0	0.225021	0.222973	0.226473	0.22502	0.22297	0.22647	0.225021	0.222973	0.226473	0.22502	0.22297	0.22647	1	1	10.6501	
10.2901	4	58	10.2116	4	56	10.2116	4	56	0	0	0	0.230021	0.22809	0.231733	0.23002	0.228087	0.23174	0.230021	0.22809	0.231733	0.23002	0.228087	0.23174	1	1	10.6479	
10.4789	4	65	10.3961	4	63	10.3961	4	63	0	0	0	0.235028	0.233103	0.23677	0.235027	0.2331	0.236777	0.235028	0.233103	0.23677	0.235027	0.2331	0.236777	1	1	10.646	
10.8459	4	82	10.7584	4	82	10.7585	4	82	0	0	0	0.240018	0.238197	0.241943	0.240018	0.238193	0.24195	0.240018	0.238197	0.241943	0.240018	0.238193	0.24195	1	1	10.6439	
12.2224	4	134	12.1301	4	134	12.1317	4	134	0	0	0	0.245008	0.24338	0.246617	0.245009	0.24338	0.246613	0.245008	0.24338	0.246617	0.245009	0.24338	0.246613	1	1	10.643	
80.8049	4	1426	80.7076	4	1426	80.7489	4	1426	0	0	0	0.24997	0.248531	0.251476	0.249949	0.248533	0.25147	0.24997	0.248531	0.251476	0.249949	0.248533	0.25147	1	1	10.6412	
1319.09	4	16746	1318.98	4	16746	1338.72	4	17058	0	0	0	0.25498	0.253557	0.256451	0.254475	0.251076	0.256446	0.25498	0.253557	0.256451	0.254475	0.251076	0.256446	1	1	10.6392	
