9.77245	2	24	9.76918	2	24	9.76956	2	24	0	0	0	0.00499391	0.00472	0.00529667	0.00499396	0.00472	0.00529667	0.00499391	0.00472	0.00529667	0.00499396	0.00472	0.00529667	1	1	10.7692	
9.76958	2	24	9.76299	2	24	9.76312	2	24	0	0	0	0.0100062	0.00967333	0.0105533	0.010006	0.00967333	0.0105533	0.0100062	0.00967333	0.0105533	0.010006	0.00967333	0.0105533	1	1	10.763	
9.76402	2	24	9.75386	2	24	9.75399	2	24	0	0	0	0.0150311	0.0147333	0.0154867	0.015031	0.0147333	0.01549	0.0150311	0.0147333	0.0154867	0.015031	0.0147333	0.01549	1	1	10.7538	
9.76523	2	24	9.7514	2	24	9.75151	2	24	0	0	0	0.020063	0.01956	0.0207733	0.0200629	0.01956	0.0207767	0.020063	0.01956	0.0207733	0.0200629	0.01956	0.0207767	1	1	10.7513	
9.76714	2	24	9.74919	2	24	9.7493	2	24	0	0	0	0.0250671	0.0246267	0.02574	0.0250668	0.0246233	0.0257433	0.0250671	0.0246267	0.02574	0.0250668	0.0246233	0.0257433	1	1	10.7491	
9.76732	2	24	9.74496	2	24	9.74505	2	24	0	0	0	0.0300682	0.02952	0.0307533	0.0300679	0.0295233	0.0307567	0.0300682	0.02952	0.0307533	0.0300679	0.0295233	0.0307567	1	1	10.7448	
9.77036	2	24	9.74336	2	24	9.74343	2	24	0	0	0	0.0350706	0.03449	0.03577	0.0350703	0.0344933	0.0357767	0.0350706	0.03449	0.03577	0.0350703	0.0344933	0.0357767	1	1	10.7431	
9.77034	2	24	9.73863	2	24	9.73867	2	24	0	0	0	0.0400941	0.0393233	0.0409733	0.0400937	0.0393267	0.04098	0.0400941	0.0393233	0.0409733	0.0400937	0.0393267	0.04098	1	1	10.7383	
9.77676	2	24	9.74006	2	24	9.74009	2	24	0	0	0	0.0450691	0.0443367	0.0459767	0.0450686	0.04434	0.04597	0.0450691	0.0443367	0.0459767	0.0450686	0.04434	0.04597	1	1	10.7397	
9.78272	2	24	9.7406	2	24	9.74063	2	24	0	0	0	0.050078	0.0492567	0.05102	0.0500776	0.04926	0.0510167	0.050078	0.0492567	0.05102	0.0500776	0.04926	0.0510167	1	1	10.7401	
9.78967	2	24	9.74196	2	24	9.742	2	24	0	0	0	0.055088	0.0542567	0.05612	0.0550874	0.05426	0.0561167	0.055088	0.0542567	0.05612	0.0550874	0.05426	0.0561167	1	1	10.7413	
9.79513	2	24	9.74148	2	24	9.74152	2	24	0	0	0	0.0600776	0.05914	0.0611567	0.0600774	0.05914	0.0611567	0.0600776	0.05914	0.0611567	0.0600774	0.05914	0.0611567	1	1	10.7407	
9.80468	2	24	9.74444	2	24	9.74449	2	24	0	0	0	0.0651088	0.0642067	0.0661033	0.0651089	0.0642067	0.0661033	0.0651088	0.0642067	0.0661033	0.0651089	0.0642067	0.0661033	1	1	10.7434	
9.81658	2	24	9.74963	2	24	9.74968	2	24	0	0	0	0.0700993	0.06919	0.0710567	0.0700991	0.0691867	0.0710567	0.0700993	0.06919	0.0710567	0.0700991	0.0691867	0.0710567	1	1	10.7484	
9.82886	2	25	9.75459	2	24	9.75465	2	24	0	0	0	0.0750704	0.0741733	0.0760867	0.0750704	0.07417	0.0760867	0.0750704	0.0741733	0.0760867	0.0750704	0.07417	0.0760867	1	1	10.7531	
9.84375	2	25	9.76153	2	24	9.76158	2	24	0	0	0	0.0800622	0.07906	0.0811233	0.0800623	0.0790567	0.0811233	0.0800622	0.07906	0.0811233	0.0800623	0.0790567	0.0811233	1	1	10.7598	
9.85903	2	25	9.76904	2	24	9.7691	2	24	0	0	0	0.0850491	0.0840467	0.08615	0.0850493	0.0840433	0.08615	0.0850491	0.0840467	0.08615	0.0850493	0.0840433	0.08615	1	1	10.767	
9.87614	2	25	9.77734	2	25	9.77739	2	25	0	0	0	0.0900403	0.08904	0.0911	0.0900401	0.0890367	0.0911	0.0900403	0.08904	0.0911	0.0900401	0.0890367	0.0911	1	1	10.775	
9.89474	2	25	9.78669	2	25	9.78674	2	25	0	0	0	0.0950421	0.0939633	0.09615	0.095042	0.09396	0.09615	0.0950421	0.0939633	0.09615	0.095042	0.09396	0.09615	1	1	10.7839	
9.9147	2	26	9.79632	2	25	9.7964	2	25	0	0	0	0.100013	0.0988367	0.101037	0.100014	0.0988333	0.101037	0.100013	0.0988367	0.101037	0.100014	0.0988333	0.101037	1	1	10.7932	
9.93393	2	27	9.80488	2	25	9.80494	2	25	0	0	0	0.105002	0.10396	0.106083	0.105002	0.103957	0.106083	0.105002	0.10396	0.106083	0.105002	0.103957	0.106083	1	1	10.8014	
9.95783	2	34	9.81705	2	25	9.81714	2	25	0	0	0	0.110025	0.108947	0.111093	0.110025	0.108943	0.111093	0.110025	0.108947	0.111093	0.110025	0.108943	0.111093	1	1	10.8131	
9.98426	2	35	9.83085	2	25	9.83093	2	25	0	0	0	0.115005	0.113947	0.116063	0.115005	0.113943	0.116063	0.115005	0.113947	0.116063	0.115005	0.113943	0.116063	1	1	10.8264	
10.0117	2	39	9.84492	2	26	9.84499	2	26	0	0	0	0.119998	0.118917	0.12105	0.119998	0.118917	0.12105	0.119998	0.118917	0.12105	0.119998	0.118917	0.12105	1	1	10.8399	
10.04	2	39	9.8585	2	26	9.85858	2	26	0	0	0	0.124993	0.123957	0.126023	0.124993	0.123957	0.12602	0.124993	0.123957	0.126023	0.124993	0.123957	0.12602	1	1	10.8529	
10.0734	2	40	9.87622	2	26	9.87629	2	26	0	0	0	0.129989	0.128887	0.130963	0.129989	0.128887	0.130963	0.129989	0.128887	0.130963	0.129989	0.128887	0.130963	1	1	10.8699	
10.1083	2	40	9.89387	2	26	9.89394	2	26	0	0	0	0.134996	0.13394	0.136053	0.134996	0.133943	0.136053	0.134996	0.13394	0.136053	0.134996	0.133943	0.136053	1	1	10.8869	
10.1466	2	40	9.91337	2	26	9.91343	2	26	0	0	0	0.139993	0.13878	0.140917	0.139994	0.138783	0.140917	0.139993	0.13878	0.140917	0.139994	0.138783	0.140917	1	1	10.9055	
10.187	2	40	9.93373	2	27	9.9338	2	27	0	0	0	0.144979	0.143707	0.145863	0.14498	0.14371	0.14586	0.144979	0.143707	0.145863	0.14498	0.14371	0.14586	1	1	10.9249	
10.233	2	42	9.95695	2	27	9.95702	2	27	0	0	0	0.149981	0.148657	0.151093	0.149982	0.14866	0.15109	0.149981	0.148657	0.151093	0.149982	0.14866	0.15109	1	1	10.947	
10.2833	2	44	9.98239	2	27	9.98245	2	27	0	0	0	0.154962	0.1535	0.156267	0.154963	0.1535	0.156263	0.154962	0.1535	0.156267	0.154963	0.1535	0.156263	1	1	10.9714	
10.3377	2	48	10.009	2	29	10.009	2	29	0	0	0	0.159973	0.158617	0.16114	0.159974	0.15862	0.16114	0.159973	0.158617	0.16114	0.159974	0.15862	0.16114	1	1	10.9966	
10.3978	2	49	10.0388	2	28	10.0388	2	28	0	0	0	0.164998	0.16344	0.166243	0.164998	0.163443	0.166247	0.164998	0.16344	0.166243	0.164998	0.163443	0.166247	1	1	11.025	
10.4621	2	54	10.0698	2	32	10.0699	2	32	0	0	0	0.170007	0.168467	0.171367	0.170008	0.16847	0.171367	0.170007	0.168467	0.171367	0.170008	0.16847	0.171367	1	1	11.0544	
10.5385	2	59	10.1067	2	30	10.1067	2	30	0	0	0	0.175015	0.173497	0.17646	0.175016	0.1735	0.176467	0.175015	0.173497	0.17646	0.175016	0.1735	0.176467	1	1	11.0893	
10.6215	2	73	10.1458	2	33	10.1458	2	33	0	0	0	0.180034	0.178407	0.18157	0.180035	0.178407	0.181573	0.180034	0.178407	0.18157	0.180035	0.178407	0.181573	1	1	11.1262	
10.7181	2	73	10.1915	2	31	10.1916	2	31	0	0	0	0.185042	0.183203	0.186423	0.185042	0.183203	0.186427	0.185042	0.183203	0.186423	0.185042	0.183203	0.186427	1	1	11.1691	
10.8307	2	65	10.2444	2	40	10.2445	2	40	0	0	0	0.190052	0.188203	0.191317	0.190053	0.188203	0.19132	0.190052	0.188203	0.191317	0.190053	0.188203	0.19132	1	1	11.2185	
10.9624	2	77	10.3053	2	38	10.3054	2	38	0	0	0	0.195078	0.193557	0.196443	0.195078	0.193553	0.196447	0.195078	0.193557	0.196443	0.195078	0.193553	0.196447	1	1	11.2753	
11.1167	2	76	10.3767	2	40	10.3767	2	40	0	0	0	0.200077	0.19841	0.20126	0.200077	0.198403	0.201263	0.200077	0.19841	0.20126	0.200077	0.198403	0.201263	1	1	11.3411	
11.3138	2	87	10.4721	2	54	10.4722	2	54	0	0	0	0.20508	0.203317	0.206423	0.205079	0.20331	0.20642	0.20508	0.203317	0.206423	0.205079	0.20331	0.20642	1	1	11.429	
11.5627	2	103	10.5986	2	56	10.5986	2	56	0	0	0	0.210069	0.20816	0.211343	0.210068	0.208153	0.21134	0.210069	0.20816	0.211343	0.210068	0.208153	0.21134	1	1	11.5461	
11.8988	2	117	10.7716	2	70	10.7716	2	70	0	0	0	0.215034	0.2131	0.21641	0.215032	0.213087	0.216407	0.215034	0.2131	0.21641	0.215032	0.213087	0.216407	1	1	11.7039	
12.3987	2	147	11.0281	2	98	11.0282	2	98	0	0	0	0.220027	0.217907	0.22134	0.220026	0.217897	0.221353	0.220027	0.217907	0.22134	0.220026	0.217897	0.221353	1	1	11.9415	
13.4525	2	361	11.4754	2	100	11.4754	2	100	0	0	0	0.225021	0.222973	0.226473	0.225016	0.22296	0.22647	0.225021	0.222973	0.226473	0.225016	0.22296	0.22647	1	1	12.351	
74.3996	2	5641	12.3285	2	120	12.3302	2	120	0	0	0	0.22998	0.22849	0.231584	0.229958	0.228496	0.231578	0.22998	0.22849	0.231584	0.229958	0.228496	0.231578	1	1	13.1189	
8291.43	2	444281	12.9434	2	168	12.9526	2	168	0	0	0	0.234953	0.233591	0.236426	0.23283	0.165734	0.23642	0.234953	0.233591	0.236426	0.23283	0.165734	0.23642	1	1	13.527	
