10.7975	8	15	10.7975	8	15	10.7975	8	15	0	0	0	0.00499391	0.00472	0.00529667	0.00499396	0.00472	0.00529667	0.00499391	0.00472	0.00529667	0.00499396	0.00472	0.00529667	1	1	11.7968	
10.8051	8	15	10.8051	8	15	10.8051	8	15	0	0	0	0.0100062	0.00967333	0.0105533	0.010006	0.00967	0.0105533	0.0100062	0.00967333	0.0105533	0.010006	0.00967	0.0105533	1	1	11.804	
10.8129	8	15	10.8129	8	15	10.8128	8	15	0	0	0	0.0150311	0.0147333	0.0154867	0.015031	0.0147333	0.01549	0.0150311	0.0147333	0.0154867	0.015031	0.0147333	0.01549	1	1	11.8114	
10.8142	8	15	10.8142	8	15	10.8142	8	15	0	0	0	0.020063	0.01956	0.0207733	0.020063	0.01956	0.0207767	0.020063	0.01956	0.0207733	0.020063	0.01956	0.0207767	1	1	11.8122	
10.8147	8	15	10.8147	8	15	10.8147	8	15	0	0	0	0.0250671	0.0246267	0.02574	0.025067	0.0246233	0.0257433	0.0250671	0.0246267	0.02574	0.025067	0.0246233	0.0257433	1	1	11.8121	
10.8148	8	15	10.8148	8	15	10.8149	8	15	0	0	0	0.0300682	0.02952	0.0307533	0.030068	0.0295233	0.0307567	0.0300682	0.02952	0.0307533	0.030068	0.0295233	0.0307567	1	1	11.8117	
10.8159	8	16	10.8159	8	16	10.816	8	16	0	0	0	0.0350706	0.03449	0.03577	0.0350704	0.0344933	0.0357767	0.0350706	0.03449	0.03577	0.0350704	0.0344933	0.0357767	1	1	11.8121	
10.8167	8	16	10.8167	8	16	10.8167	8	16	0	0	0	0.0400941	0.0393233	0.0409733	0.0400939	0.0393267	0.04098	0.0400941	0.0393233	0.0409733	0.0400939	0.0393267	0.04098	1	1	11.8124	
10.8166	8	16	10.8166	8	16	10.8166	8	16	0	0	0	0.0450691	0.0443367	0.0459767	0.0450689	0.04434	0.04597	0.0450691	0.0443367	0.0459767	0.0450689	0.04434	0.04597	1	1	11.8116	
10.8187	8	16	10.8186	8	16	10.8187	8	16	0	0	0	0.050078	0.0492567	0.05102	0.0500779	0.04926	0.0510167	0.050078	0.0492567	0.05102	0.0500779	0.04926	0.0510167	1	1	11.8129	
10.8195	8	16	10.8194	8	16	10.8194	8	16	0	0	0	0.055088	0.0542567	0.05612	0.0550878	0.05426	0.0561167	0.055088	0.0542567	0.05612	0.0550878	0.05426	0.0561167	1	1	11.813	
10.8202	8	16	10.8201	8	16	10.8202	8	16	0	0	0	0.0600776	0.05914	0.0611567	0.0600777	0.05914	0.0611567	0.0600776	0.05914	0.0611567	0.0600777	0.05914	0.0611567	1	1	11.8131	
10.8203	8	16	10.8201	8	16	10.8201	8	16	0	0	0	0.0651088	0.0642067	0.0661033	0.0651091	0.0642067	0.0661033	0.0651088	0.0642067	0.0661033	0.0651091	0.0642067	0.0661033	1	1	11.8123	
10.8217	8	16	10.8214	8	16	10.8214	8	16	0	0	0	0.0700993	0.06919	0.0710567	0.0700995	0.0691833	0.0710567	0.0700993	0.06919	0.0710567	0.0700995	0.0691833	0.0710567	1	1	11.8129	
10.822	8	16	10.8217	8	16	10.8217	8	16	0	0	0	0.0750704	0.0741733	0.0760867	0.0750707	0.07417	0.0760867	0.0750704	0.0741733	0.0760867	0.0750707	0.07417	0.0760867	1	1	11.8125	
10.8237	8	16	10.8232	8	16	10.8233	8	16	0	0	0	0.0800622	0.07906	0.0811233	0.0800627	0.0790533	0.0811233	0.0800622	0.07906	0.0811233	0.0800627	0.0790533	0.0811233	1	1	11.8133	
10.8249	8	16	10.8243	8	16	10.8243	8	16	0	0	0	0.0850491	0.0840467	0.08615	0.0850498	0.08404	0.08615	0.0850491	0.0840467	0.08615	0.0850498	0.08404	0.08615	1	1	11.8134	
10.8257	8	16	10.8249	8	16	10.825	8	16	0	0	0	0.0900403	0.08904	0.0911	0.0900406	0.0890333	0.0911	0.0900403	0.08904	0.0911	0.0900406	0.0890333	0.0911	1	1	11.8132	
10.8263	8	16	10.8254	8	16	10.8254	8	16	0	0	0	0.0950421	0.0939633	0.09615	0.0950426	0.0939567	0.09615	0.0950421	0.0939633	0.09615	0.0950426	0.0939567	0.09615	1	1	11.8128	
10.8276	8	16	10.8265	8	16	10.8265	8	16	0	0	0	0.100013	0.0988367	0.101037	0.100014	0.09883	0.101037	0.100013	0.0988367	0.101037	0.100014	0.09883	0.101037	1	1	11.813	
10.8288	8	16	10.8275	8	16	10.8275	8	16	0	0	0	0.105002	0.10396	0.106083	0.105003	0.103953	0.106087	0.105002	0.10396	0.106083	0.105003	0.103953	0.106087	1	1	11.813	
10.8296	8	17	10.8281	8	17	10.8281	8	17	0	0	0	0.110025	0.108947	0.111093	0.110025	0.10894	0.111097	0.110025	0.108947	0.111093	0.110025	0.10894	0.111097	1	1	11.8127	
10.8308	8	17	10.8289	8	17	10.8289	8	17	0	0	0	0.115005	0.113947	0.116063	0.115006	0.11394	0.116067	0.115005	0.113947	0.116063	0.115006	0.11394	0.116067	1	1	11.8126	
10.8324	8	17	10.8303	8	17	10.8303	8	17	0	0	0	0.119998	0.118917	0.12105	0.119998	0.118913	0.121053	0.119998	0.118917	0.12105	0.119998	0.118913	0.121053	1	1	11.8129	
10.8334	8	18	10.8309	8	18	10.8309	8	18	0	0	0	0.124993	0.123957	0.126023	0.124994	0.123953	0.126023	0.124993	0.123957	0.126023	0.124994	0.123953	0.126023	1	1	11.8125	
10.8346	8	18	10.8317	8	18	10.8317	8	18	0	0	0	0.129989	0.128887	0.130963	0.129989	0.128883	0.130967	0.129989	0.128887	0.130963	0.129989	0.128883	0.130967	1	1	11.8124	
10.8365	8	18	10.8332	8	18	10.8332	8	18	0	0	0	0.134996	0.13394	0.136053	0.134997	0.13394	0.136057	0.134996	0.13394	0.136053	0.134997	0.13394	0.136057	1	1	11.8127	
10.8383	8	17	10.8345	8	17	10.8345	8	17	0	0	0	0.139993	0.13878	0.140917	0.139995	0.13878	0.14092	0.139993	0.13878	0.140917	0.139995	0.13878	0.14092	1	1	11.8129	
10.8398	8	17	10.8355	8	17	10.8355	8	17	0	0	0	0.144979	0.143707	0.145863	0.144981	0.143707	0.14586	0.144979	0.143707	0.145863	0.144981	0.143707	0.14586	1	1	11.8128	
10.8416	8	17	10.8367	8	17	10.8367	8	17	0	0	0	0.149981	0.148657	0.151093	0.149982	0.148657	0.15109	0.149981	0.148657	0.151093	0.149982	0.148657	0.15109	1	1	11.8127	
10.8437	8	17	10.8382	8	17	10.8382	8	17	0	0	0	0.154962	0.1535	0.156267	0.154963	0.153503	0.156263	0.154962	0.1535	0.156267	0.154963	0.153503	0.156263	1	1	11.8129	
10.8462	8	19	10.8401	8	19	10.8401	8	19	0	0	0	0.159973	0.158617	0.16114	0.159975	0.158617	0.16114	0.159973	0.158617	0.16114	0.159975	0.158617	0.16114	1	1	11.8133	
10.8482	8	19	10.8413	8	19	10.8413	8	19	0	0	0	0.164998	0.16344	0.166243	0.164999	0.16344	0.166247	0.164998	0.16344	0.166243	0.164999	0.16344	0.166247	1	1	11.8132	
10.8504	8	19	10.8426	8	19	10.8427	8	19	0	0	0	0.170007	0.168467	0.171367	0.170009	0.168467	0.171367	0.170007	0.168467	0.171367	0.170009	0.168467	0.171367	1	1	11.8132	
10.853	8	19	10.8444	8	19	10.8445	8	19	0	0	0	0.175015	0.173497	0.17646	0.175017	0.173497	0.176467	0.175015	0.173497	0.17646	0.175017	0.173497	0.176467	1	1	11.8137	
10.8558	8	19	10.8463	8	19	10.8463	8	19	0	0	0	0.180034	0.178407	0.18157	0.180036	0.178407	0.181573	0.180034	0.178407	0.18157	0.180036	0.178407	0.181573	1	1	11.814	
10.8585	8	19	10.8479	8	19	10.848	8	19	0	0	0	0.185042	0.183203	0.186423	0.185043	0.183207	0.186427	0.185042	0.183203	0.186423	0.185043	0.183207	0.186427	1	1	11.8143	
10.8612	8	19	10.8496	8	19	10.8496	8	19	0	0	0	0.190052	0.188203	0.191317	0.190054	0.188207	0.19132	0.190052	0.188203	0.191317	0.190054	0.188207	0.19132	1	1	11.8144	
10.8638	8	19	10.8511	8	19	10.8511	8	19	0	0	0	0.195078	0.193557	0.196443	0.195079	0.19356	0.196447	0.195078	0.193557	0.196443	0.195079	0.19356	0.196447	1	1	11.8142	
10.8668	8	30	10.8528	8	30	10.8528	8	30	0	0	0	0.200077	0.19841	0.20126	0.200078	0.198407	0.201263	0.200077	0.19841	0.20126	0.200078	0.198407	0.201263	1	1	11.8142	
10.8704	8	30	10.855	8	30	10.8551	8	30	0	0	0	0.20508	0.203317	0.206423	0.205082	0.203313	0.206423	0.20508	0.203317	0.206423	0.205082	0.203313	0.206423	1	1	11.8145	
10.8738	8	30	10.8571	8	30	10.8571	8	30	0	0	0	0.210069	0.20816	0.211343	0.210071	0.208157	0.211343	0.210069	0.20816	0.211343	0.210071	0.208157	0.211343	1	1	11.8147	
10.8769	8	30	10.8586	8	30	10.8586	8	30	0	0	0	0.215034	0.2131	0.21641	0.215035	0.213097	0.21641	0.215034	0.2131	0.21641	0.215035	0.213097	0.21641	1	1	11.8145	
10.8804	8	30	10.8604	8	30	10.8604	8	30	0	0	0	0.220027	0.217907	0.22134	0.220028	0.217903	0.22135	0.220027	0.217907	0.22134	0.220028	0.217903	0.22135	1	1	11.8143	
10.8841	8	30	10.8624	8	30	10.8625	8	30	0	0	0	0.225021	0.222973	0.226473	0.225022	0.22297	0.226473	0.225021	0.222973	0.226473	0.225022	0.22297	0.226473	1	1	11.8143	
10.888	8	30	10.8643	8	30	10.8644	8	30	0	0	0	0.230021	0.22809	0.231733	0.230022	0.228087	0.23174	0.230021	0.22809	0.231733	0.230022	0.228087	0.23174	1	1	11.8143	
10.892	8	30	10.8664	8	30	10.8664	8	30	0	0	0	0.235028	0.233103	0.23677	0.235029	0.2331	0.236777	0.235028	0.233103	0.23677	0.235029	0.2331	0.236777	1	1	11.8143	
10.8964	8	30	10.8688	8	30	10.8688	8	30	0	0	0	0.240018	0.238197	0.241943	0.240019	0.238193	0.24195	0.240018	0.238197	0.241943	0.240019	0.238193	0.24195	1	1	11.8145	
10.9014	8	30	10.8714	8	30	10.8714	8	30	0	0	0	0.245024	0.242773	0.24693	0.245025	0.24277	0.24693	0.245024	0.242773	0.24693	0.245025	0.24277	0.24693	1	1	11.8149	
10.9063	8	31	10.8739	8	31	10.8739	8	31	0	0	0	0.250034	0.247733	0.252193	0.250035	0.24773	0.252197	0.250034	0.247733	0.252193	0.250035	0.24773	0.252197	1	1	11.8151	
10.9114	8	31	10.8764	8	31	10.8764	8	31	0	0	0	0.255015	0.25275	0.257127	0.255016	0.252747	0.25713	0.255015	0.25275	0.257127	0.255016	0.252747	0.25713	1	1	11.8151	
10.9169	8	30	10.8791	8	30	10.8791	8	30	0	0	0	0.260024	0.257637	0.262147	0.260025	0.257633	0.262153	0.260024	0.257637	0.262147	0.260025	0.257633	0.262153	1	1	11.8153	
10.9228	8	31	10.882	8	31	10.8821	8	31	0	0	0	0.265017	0.262427	0.26717	0.265018	0.262423	0.267177	0.265017	0.262427	0.26717	0.265018	0.262423	0.267177	1	1	11.8157	
10.9293	8	30	10.8853	8	30	10.8853	8	30	0	0	0	0.270019	0.26732	0.27215	0.27002	0.267317	0.272157	0.270019	0.26732	0.27215	0.27002	0.267317	0.272157	1	1	11.816	
10.9358	8	31	10.8883	8	31	10.8883	8	31	0	0	0	0.275021	0.272227	0.277133	0.275021	0.272223	0.277143	0.275021	0.272227	0.277133	0.275021	0.272223	0.277143	1	1	11.816	
10.9424	8	31	10.8912	8	31	10.8912	8	31	0	0	0	0.280024	0.27711	0.28227	0.280025	0.277107	0.28228	0.280024	0.27711	0.28227	0.280025	0.277107	0.28228	1	1	11.816	
10.9494	8	31	10.8943	8	31	10.8943	8	31	0	0	0	0.284984	0.28202	0.2873	0.284985	0.282017	0.28731	0.284984	0.28202	0.2873	0.284985	0.282017	0.28731	1	1	11.8161	
10.9569	8	31	10.8976	8	31	10.8976	8	31	0	0	0	0.290004	0.28696	0.292427	0.290005	0.286957	0.292437	0.290004	0.28696	0.292427	0.290005	0.286957	0.292437	1	1	11.816	
10.9652	8	31	10.9013	8	31	10.9014	8	31	0	0	0	0.295023	0.291793	0.297347	0.295024	0.29179	0.297357	0.295023	0.291793	0.297347	0.295024	0.29179	0.297357	1	1	11.8161	
10.9738	8	31	10.9051	8	31	10.9051	8	31	0	0	0	0.300015	0.296733	0.302347	0.300016	0.29673	0.302357	0.300015	0.296733	0.302347	0.300016	0.29673	0.302357	1	1	11.8163	
10.9833	8	31	10.9095	8	31	10.9095	8	31	0	0	0	0.30501	0.301723	0.30717	0.305012	0.30172	0.30718	0.30501	0.301723	0.30717	0.305012	0.30172	0.30718	1	1	11.8168	
10.9934	8	31	10.9141	8	31	10.9141	8	31	0	0	0	0.310018	0.306597	0.3122	0.310019	0.306593	0.31221	0.310018	0.306597	0.3122	0.310019	0.306593	0.31221	1	1	11.8173	
11.0037	8	31	10.9185	8	31	10.9185	8	31	0	0	0	0.314986	0.311583	0.31721	0.314987	0.31158	0.31722	0.314986	0.311583	0.31721	0.314987	0.31158	0.31722	1	1	11.8174	
11.0143	8	31	10.9227	8	31	10.9227	8	31	0	0	0	0.319994	0.316567	0.322197	0.319996	0.316567	0.3222	0.319994	0.316567	0.322197	0.319996	0.316567	0.3222	1	1	11.8176	
11.0258	8	32	10.9272	8	32	10.9272	8	32	0	0	0	0.325005	0.321523	0.327163	0.325007	0.321523	0.327167	0.325005	0.321523	0.327163	0.325007	0.321523	0.327167	1	1	11.8178	
11.0382	8	32	10.9321	8	32	10.9321	8	32	0	0	0	0.329995	0.326493	0.332253	0.329997	0.326493	0.332257	0.329995	0.326493	0.332253	0.329997	0.326493	0.332257	1	1	11.8179	
11.0519	8	32	10.9378	8	32	10.9378	8	32	0	0	0	0.334995	0.331413	0.337203	0.334997	0.331413	0.337207	0.334995	0.331413	0.337203	0.334997	0.331413	0.337207	1	1	11.8182	
11.0666	8	32	10.9434	8	32	10.9434	8	32	0	0	0	0.340001	0.336503	0.34213	0.340003	0.336503	0.342143	0.340001	0.336503	0.34213	0.340003	0.336503	0.342143	1	1	11.8184	
11.0818	8	32	10.9491	8	32	10.9491	8	32	0	0	0	0.344977	0.34145	0.347093	0.344978	0.34145	0.347107	0.344977	0.34145	0.347093	0.344978	0.34145	0.347107	1	1	11.8188	
11.0983	8	32	10.9552	8	32	10.9552	8	32	0	0	0	0.349965	0.34621	0.35204	0.349966	0.34621	0.35204	0.349965	0.34621	0.35204	0.349966	0.34621	0.35204	1	1	11.8191	
11.1163	8	32	10.962	8	32	10.962	8	32	0	0	0	0.354962	0.351113	0.35706	0.354963	0.351113	0.357073	0.354962	0.351113	0.35706	0.354963	0.351113	0.357073	1	1	11.8197	
11.1359	8	32	10.9694	8	32	10.9694	8	32	0	0	0	0.359946	0.356217	0.362117	0.359947	0.356213	0.36213	0.359946	0.356217	0.362117	0.359947	0.356213	0.36213	1	1	11.8201	
11.157	8	33	10.977	8	33	10.977	8	33	0	0	0	0.364961	0.361297	0.367087	0.364962	0.361293	0.367097	0.364961	0.361297	0.367087	0.364962	0.361293	0.367097	1	1	11.8204	
11.1795	8	31	10.9852	8	31	10.9852	8	31	0	0	0	0.369962	0.36614	0.37218	0.369963	0.366137	0.37219	0.369962	0.36614	0.37218	0.369963	0.366137	0.37219	1	1	11.8208	
11.2051	8	32	10.994	8	32	10.994	8	32	0	0	0	0.374957	0.371073	0.37707	0.374958	0.37107	0.37708	0.374957	0.371073	0.37707	0.374958	0.37107	0.37708	1	1	11.8211	
11.2325	8	33	11.0035	8	33	11.0035	8	33	0	0	0	0.379938	0.37607	0.382213	0.379939	0.376067	0.38222	0.379938	0.37607	0.382213	0.379939	0.376067	0.38222	1	1	11.8217	
11.262	8	33	11.0134	8	33	11.0134	8	33	0	0	0	0.384944	0.381013	0.387093	0.384945	0.38101	0.3871	0.384944	0.381013	0.387093	0.384945	0.38101	0.3871	1	1	11.8222	
11.2949	8	36	11.0252	8	34	11.0252	8	34	0	0	0	0.389928	0.385823	0.39206	0.389928	0.38582	0.392067	0.389928	0.385823	0.39206	0.389928	0.38582	0.392067	1	1	11.8229	
11.333	8	34	11.0384	8	34	11.0384	8	34	0	0	0	0.394923	0.390957	0.39708	0.394923	0.39095	0.397087	0.394923	0.390957	0.39708	0.394923	0.39095	0.397087	1	1	11.8235	
11.373	8	33	11.0514	8	33	11.0514	8	33	0	0	0	0.399943	0.395987	0.40203	0.399944	0.39598	0.402037	0.399943	0.395987	0.40203	0.399944	0.39598	0.402037	1	1	11.8243	
11.4187	8	34	11.0658	8	34	11.0658	8	34	0	0	0	0.404934	0.400923	0.407463	0.404935	0.400917	0.40747	0.404934	0.400923	0.407463	0.404935	0.400917	0.40747	1	1	11.825	
11.4702	8	35	11.0803	8	34	11.0803	8	34	0	0	0	0.409933	0.406057	0.412473	0.409934	0.40605	0.412483	0.409933	0.406057	0.412473	0.409934	0.40605	0.412483	1	1	11.8258	
11.5298	8	38	11.0998	8	35	11.0999	8	35	0	0	0	0.414948	0.410933	0.41741	0.414948	0.41093	0.41742	0.414948	0.410933	0.41741	0.414948	0.41093	0.41742	1	1	11.8268	
11.5954	8	46	11.1191	8	35	11.1191	8	35	0	0	0	0.419968	0.415927	0.422297	0.419968	0.415923	0.422303	0.419968	0.415927	0.422297	0.419968	0.415923	0.422303	1	1	11.8279	
11.6695	8	51	11.1402	8	37	11.1402	8	37	0	0	0	0.424933	0.420963	0.427083	0.424933	0.42096	0.427083	0.424933	0.420963	0.427083	0.424933	0.42096	0.427083	1	1	11.8287	
11.7597	8	52	11.1656	8	39	11.1656	8	39	0	0	0	0.429919	0.42584	0.43224	0.429918	0.425833	0.43224	0.429919	0.42584	0.43224	0.429918	0.425833	0.43224	1	1	11.8296	
11.8631	8	54	11.1929	8	41	11.1929	8	41	0	0	0	0.4349	0.430777	0.437183	0.434899	0.43077	0.437183	0.4349	0.430777	0.437183	0.434899	0.43077	0.437183	1	1	11.8307	
11.9885	8	59	11.2249	8	41	11.2249	8	41	0	0	0	0.439918	0.435807	0.442153	0.439917	0.435803	0.442153	0.439918	0.435807	0.442153	0.439917	0.435803	0.442153	1	1	11.8318	
12.1443	8	69	11.2649	8	43	11.2649	8	43	0	0	0	0.444945	0.440747	0.447317	0.444944	0.44074	0.447317	0.444945	0.440747	0.447317	0.444944	0.44074	0.447317	1	1	11.8331	
12.3399	8	79	11.3147	8	42	11.3146	8	42	0	0	0	0.449951	0.445773	0.452347	0.44995	0.445767	0.452347	0.449951	0.445773	0.452347	0.44995	0.445767	0.452347	1	1	11.8342	
12.587	8	77	11.377	8	43	11.377	8	43	0	0	0	0.454952	0.45091	0.45769	0.454951	0.450893	0.45769	0.454952	0.45091	0.45769	0.454951	0.450893	0.45769	1	1	11.836	
12.9272	8	109	11.4553	8	49	11.4553	8	49	0	0	0	0.459963	0.455857	0.462693	0.459962	0.455837	0.462693	0.459963	0.455857	0.462693	0.459962	0.455837	0.462693	1	1	11.8375	
13.4356	8	150	11.5499	8	54	11.5499	8	54	0	0	0	0.464999	0.46081	0.467627	0.464999	0.460807	0.467627	0.464999	0.46081	0.467627	0.464999	0.460807	0.467627	1	1	11.8391	
14.5242	8	242	11.7076	8	56	11.7076	8	56	0	0	0	0.470001	0.46574	0.4725	0.470001	0.465743	0.4725	0.470001	0.46574	0.4725	0.470001	0.465743	0.4725	1	1	11.8408	
143.612	8	9121	11.8388	8	66	11.8369	8	66	0	0	0	0.475024	0.47328	0.476767	0.474934	0.470653	0.476763	0.475024	0.47328	0.476767	0.474934	0.470653	0.476763	1	1	11.8425	
802.956	8	42008	12.218	8	83	12.2105	8	83	0	0	0	0.480025	0.47828	0.481649	0.479464	0.460393	0.481644	0.480025	0.47828	0.481649	0.479464	0.460393	0.481644	1	1	11.8445	
