9.22476	1	28	9.22025	1	28	9.22047	1	28	0	0	0	0.00499391	0.00472	0.00529667	0.00499406	0.00465333	0.00528667	0.00499391	0.00472	0.00529667	0.00499406	0.00465333	0.00528667	1	1	10.22	
9.23833	1	28	9.22865	1	28	9.22878	1	28	0	0	0	0.0100062	0.00967333	0.0105533	0.0100061	0.00963	0.01051	0.0100062	0.00967333	0.0105533	0.0100061	0.00963	0.01051	1	1	10.2283	
9.26662	1	35	9.25286	1	35	9.25301	1	35	0	0	0	0.0150311	0.0147333	0.0154867	0.0150311	0.01449	0.0156967	0.0150311	0.0147333	0.0154867	0.0150311	0.01449	0.0156967	1	1	10.2522	
9.2734	1	36	9.25405	1	36	9.25428	1	36	0	0	0	0.020063	0.01956	0.0207733	0.020063	0.01938	0.0207667	0.020063	0.01956	0.0207733	0.020063	0.01938	0.0207667	1	1	10.2532	
9.28348	1	38	9.25852	1	38	9.2586	1	38	0	0	0	0.0250671	0.0246267	0.02574	0.0250667	0.0243367	0.0257767	0.0250671	0.0246267	0.02574	0.0250667	0.0243367	0.0257767	1	1	10.2574	
9.30119	1	39	9.27038	1	39	9.2705	1	39	0	0	0	0.0300682	0.02952	0.0307533	0.0300683	0.0293567	0.0306933	0.0300682	0.02952	0.0307533	0.0300683	0.0293567	0.0306933	1	1	10.2689	
9.32295	1	38	9.28518	1	38	9.28525	1	38	0	0	0	0.0350706	0.03449	0.03577	0.0350703	0.0342933	0.0360533	0.0350706	0.03449	0.03577	0.0350703	0.0342933	0.0360533	1	1	10.2834	
9.33414	1	46	9.28998	1	46	9.29	1	46	0	0	0	0.0400941	0.0393233	0.0409733	0.0400936	0.0393867	0.0409467	0.0400941	0.0393233	0.0409733	0.0400936	0.0393867	0.0409467	1	1	10.2878	
9.35749	1	50	9.30644	1	50	9.30657	1	50	0	0	0	0.0450691	0.0443367	0.0459767	0.0450685	0.0442967	0.04594	0.0450691	0.0443367	0.0459767	0.0450685	0.0442967	0.04594	1	1	10.3039	
9.37348	1	49	9.31453	1	49	9.31466	1	49	0	0	0	0.050078	0.0492567	0.05102	0.0500772	0.0493767	0.0508867	0.050078	0.0492567	0.05102	0.0500772	0.0493767	0.0508867	1	1	10.3116	
9.3994	1	62	9.33233	1	62	9.33237	1	62	0	0	0	0.055088	0.0542567	0.05612	0.0550877	0.0541967	0.0560667	0.055088	0.0542567	0.05612	0.0550877	0.0541967	0.0560667	1	1	10.3291	
9.41947	1	56	9.34303	1	56	9.34306	1	56	0	0	0	0.0600776	0.05914	0.0611567	0.0600773	0.0589267	0.06103	0.0600776	0.05914	0.0611567	0.0600773	0.0589267	0.06103	1	1	10.3393	
9.44179	1	67	9.35628	1	66	9.35639	1	66	0	0	0	0.0651088	0.0642067	0.0661033	0.0651089	0.06428	0.0660633	0.0651088	0.0642067	0.0661033	0.0651089	0.06428	0.0660633	1	1	10.3521	
9.46571	1	62	9.37057	1	62	9.37063	1	62	0	0	0	0.0700993	0.06919	0.0710567	0.070099	0.0690767	0.07117	0.0700993	0.06919	0.0710567	0.070099	0.0690767	0.07117	1	1	10.3658	
9.48678	1	61	9.38125	1	61	9.3813	1	61	0	0	0	0.0750704	0.0741733	0.0760867	0.0750701	0.07423	0.07616	0.0750704	0.0741733	0.0760867	0.0750701	0.07423	0.07616	1	1	10.3759	
9.51614	1	67	9.39901	1	67	9.39896	1	67	0	0	0	0.0800622	0.07906	0.0811233	0.080062	0.0788167	0.0813667	0.0800622	0.07906	0.0811233	0.080062	0.0788167	0.0813667	1	1	10.3932	
9.54272	1	71	9.41356	1	71	9.41367	1	71	0	0	0	0.0850491	0.0840467	0.08615	0.0850493	0.0838867	0.08631	0.0850491	0.0840467	0.08615	0.0850493	0.0838867	0.08631	1	1	10.407	
9.57206	1	69	9.42933	1	69	9.42935	1	69	0	0	0	0.0900403	0.08904	0.0911	0.0900401	0.0889867	0.09141	0.0900403	0.08904	0.0911	0.0900401	0.0889867	0.09141	1	1	10.422	
9.61253	1	72	9.45637	1	72	9.45648	1	72	0	0	0	0.0950421	0.0939633	0.09615	0.0950419	0.09409	0.09594	0.0950421	0.0939633	0.09615	0.0950419	0.09409	0.09594	1	1	10.4484	
9.63743	1	75	9.46716	1	75	9.46723	1	75	0	0	0	0.100013	0.0988367	0.101037	0.100014	0.09855	0.101647	0.100013	0.0988367	0.101037	0.100014	0.09855	0.101647	1	1	10.4584	
9.67302	1	68	9.48494	1	68	9.48505	1	68	0	0	0	0.105002	0.10396	0.106083	0.105002	0.10343	0.106833	0.105002	0.10396	0.106083	0.105002	0.10343	0.106833	1	1	10.4753	
9.70731	1	87	9.50221	1	87	9.50236	1	87	0	0	0	0.110025	0.108947	0.111093	0.110025	0.109143	0.111327	0.110025	0.108947	0.111093	0.110025	0.109143	0.111327	1	1	10.4917	
9.75442	1	82	9.52881	1	82	9.52889	1	82	0	0	0	0.115005	0.113947	0.116063	0.115005	0.113457	0.11667	0.115005	0.113947	0.116063	0.115005	0.113457	0.11667	1	1	10.5169	
9.79488	1	90	9.54786	1	90	9.54796	1	90	0	0	0	0.119998	0.118917	0.12105	0.119998	0.118137	0.121237	0.119998	0.118917	0.12105	0.119998	0.118137	0.121237	1	1	10.535	
9.83475	1	104	9.56413	1	104	9.56422	1	104	0	0	0	0.124993	0.123957	0.126023	0.124993	0.123847	0.126633	0.124993	0.123957	0.126023	0.124993	0.123847	0.126633	1	1	10.5501	
9.88253	1	94	9.58819	1	94	9.58821	1	94	0	0	0	0.129989	0.128887	0.130963	0.129989	0.12853	0.131273	0.129989	0.128887	0.130963	0.129989	0.12853	0.131273	1	1	10.5727	
9.94567	1	110	9.62157	1	106	9.62166	1	106	0	0	0	0.134996	0.13394	0.136053	0.134996	0.133367	0.136623	0.134996	0.13394	0.136053	0.134996	0.133367	0.136623	1	1	10.6046	
10.0012	1	102	9.6454	1	102	9.64549	1	102	0	0	0	0.139993	0.13878	0.140917	0.139994	0.138793	0.141253	0.139993	0.13878	0.140917	0.139994	0.138793	0.141253	1	1	10.627	
10.0695	1	128	9.67749	1	128	9.67753	1	128	0	0	0	0.144979	0.143707	0.145863	0.14498	0.143813	0.146627	0.144979	0.143707	0.145863	0.14498	0.143813	0.146627	1	1	10.6575	
10.134	1	113	9.70304	1	113	9.7031	1	113	0	0	0	0.149981	0.148657	0.151093	0.149981	0.148263	0.15172	0.149981	0.148657	0.151093	0.149981	0.148263	0.15172	1	1	10.6812	
10.2024	1	123	9.72906	1	123	9.72918	1	123	0	0	0	0.154962	0.1535	0.156267	0.154963	0.153623	0.156423	0.154962	0.1535	0.156267	0.154963	0.153623	0.156423	1	1	10.7053	
10.2927	1	119	9.76281	1	118	9.76284	1	118	0	0	0	0.159973	0.158617	0.16114	0.159973	0.15834	0.16146	0.159973	0.158617	0.16114	0.159973	0.15834	0.16146	1	1	10.7366	
10.3818	1	126	9.79364	1	126	9.79377	1	126	0	0	0	0.164998	0.16344	0.166243	0.164997	0.163463	0.166993	0.164998	0.16344	0.166243	0.164997	0.163463	0.166993	1	1	10.7642	
10.497	1	145	9.83855	1	145	9.8387	1	145	0	0	0	0.170007	0.168467	0.171367	0.170009	0.16796	0.171683	0.170007	0.168467	0.171367	0.170009	0.16796	0.171683	1	1	10.8066	
10.6031	1	169	9.8604	1	169	9.86052	1	169	0	0	0	0.175015	0.173497	0.17646	0.175015	0.17369	0.176717	0.175015	0.173497	0.17646	0.175015	0.17369	0.176717	1	1	10.8255	
10.7352	1	148	9.89899	1	148	9.89907	1	148	0	0	0	0.180034	0.178407	0.18157	0.180035	0.17817	0.18165	0.180034	0.178407	0.18157	0.180035	0.17817	0.18165	1	1	10.8611	
10.9292	1	175	9.95555	1	173	9.95564	1	173	0	0	0	0.185042	0.183203	0.186423	0.185042	0.182883	0.186767	0.185042	0.183203	0.186423	0.185042	0.182883	0.186767	1	1	10.9128	
11.1199	1	190	9.99578	1	183	9.99586	1	183	0	0	0	0.190052	0.188203	0.191317	0.190053	0.18822	0.192553	0.190052	0.188203	0.191317	0.190053	0.18822	0.192553	1	1	10.9495	
11.3913	1	219	10.0493	1	219	10.0493	1	219	0	0	0	0.195078	0.193557	0.196443	0.195078	0.192237	0.19721	0.195078	0.193557	0.196443	0.195078	0.192237	0.19721	1	1	10.9982	
11.7251	1	171	10.0969	1	156	10.097	1	156	0	0	0	0.200077	0.19841	0.20126	0.200078	0.197567	0.2019	0.200077	0.19841	0.20126	0.200078	0.197567	0.2019	1	1	11.0406	
12.2329	1	212	10.154	1	209	10.1541	1	209	0	0	0	0.20508	0.203317	0.206423	0.205079	0.201753	0.206973	0.20508	0.203317	0.206423	0.205079	0.201753	0.206973	1	1	11.0908	
13.0038	1	290	10.2122	1	200	10.2125	1	200	0	0	0	0.210069	0.20816	0.211343	0.210069	0.20861	0.211683	0.210069	0.20816	0.211343	0.210069	0.20861	0.211683	1	1	11.1421	
14.5374	1	536	10.2698	1	231	10.2698	1	231	0	0	0	0.215034	0.2131	0.21641	0.215032	0.21305	0.21699	0.215034	0.2131	0.21641	0.215032	0.21305	0.21699	1	1	11.1922	
189.426	1	17246	10.3361	1	202	10.3367	1	204	0	0	0	0.219954	0.218769	0.22125	0.219899	0.218473	0.221469	0.219954	0.218769	0.22125	0.219899	0.218473	0.221469	1	1	11.2498	
2493.32	1	178278	10.3962	1	218	10.396	1	218	0	0	0	0.224951	0.223659	0.226327	0.224221	0.222686	0.22529	0.224951	0.223659	0.226327	0.224221	0.222686	0.22529	1	1	11.302	
