9.095	1	20	9.095	1	20	9.09531	1	20	0	0	0	0.00499391	0.00472	0.00529667	0.00499385	0.00472	0.00529667	0.00499391	0.00472	0.00529667	0.00499385	0.00472	0.00529667	1	1	10.095	
9.0879	1	20	9.0879	1	20	9.08806	1	20	0	0	0	0.0100062	0.00967333	0.0105533	0.0100059	0.00967	0.0105533	0.0100062	0.00967333	0.0105533	0.0100059	0.00967	0.0105533	1	1	10.0879	
9.08583	1	20	9.08581	1	20	9.08591	1	20	0	0	0	0.0150311	0.0147333	0.0154867	0.0150309	0.0147333	0.01549	0.0150311	0.0147333	0.0154867	0.0150309	0.0147333	0.01549	1	1	10.0858	
9.09274	1	20	9.09272	1	20	9.0928	1	20	0	0	0	0.020063	0.01956	0.0207733	0.0200627	0.01956	0.0207767	0.020063	0.01956	0.0207733	0.0200627	0.01956	0.0207767	1	1	10.0927	
9.09087	1	20	9.09084	1	20	9.09091	1	20	0	0	0	0.0250671	0.0246267	0.02574	0.0250667	0.0246233	0.0257433	0.0250671	0.0246267	0.02574	0.0250667	0.0246233	0.0257433	1	1	10.0908	
9.08986	1	20	9.08982	1	20	9.08987	1	20	0	0	0	0.0300682	0.02952	0.0307533	0.0300679	0.0295233	0.0307567	0.0300682	0.02952	0.0307533	0.0300679	0.0295233	0.0307567	1	1	10.0898	
9.09057	1	25	9.09052	1	25	9.09061	1	25	0	0	0	0.0350706	0.03449	0.03577	0.0350703	0.0344933	0.0357733	0.0350706	0.03449	0.03577	0.0350703	0.0344933	0.0357733	1	1	10.0905	
9.09059	1	25	9.09051	1	25	9.09061	1	25	0	0	0	0.0400941	0.0393233	0.0409733	0.0400939	0.0393267	0.0409767	0.0400941	0.0393233	0.0409733	0.0400939	0.0393267	0.0409767	1	1	10.0905	
9.09254	1	25	9.09244	1	25	9.09256	1	25	0	0	0	0.0450691	0.0443367	0.0459767	0.0450689	0.04434	0.04597	0.0450691	0.0443367	0.0459767	0.0450689	0.04434	0.04597	1	1	10.0924	
9.09236	1	25	9.09224	1	25	9.09235	1	25	0	0	0	0.050078	0.0492567	0.05102	0.0500779	0.04926	0.0510167	0.050078	0.0492567	0.05102	0.0500779	0.04926	0.0510167	1	1	10.0922	
9.09121	1	25	9.09107	1	25	9.09116	1	25	0	0	0	0.055088	0.0542567	0.05612	0.0550877	0.05426	0.0561167	0.055088	0.0542567	0.05612	0.0550877	0.05426	0.0561167	1	1	10.0911	
9.09164	1	25	9.09146	1	25	9.09153	1	25	0	0	0	0.0600776	0.05914	0.0611567	0.0600774	0.05914	0.0611567	0.0600776	0.05914	0.0611567	0.0600774	0.05914	0.0611567	1	1	10.0915	
9.09124	1	25	9.09103	1	25	9.09112	1	25	0	0	0	0.0651088	0.0642067	0.0661033	0.065109	0.0642067	0.0661033	0.0651088	0.0642067	0.0661033	0.065109	0.0642067	0.0661033	1	1	10.091	
9.09159	1	25	9.09135	1	25	9.09145	1	25	0	0	0	0.0700993	0.06919	0.0710567	0.0700994	0.0691833	0.0710567	0.0700993	0.06919	0.0710567	0.0700994	0.0691833	0.0710567	1	1	10.0914	
9.09107	1	25	9.09081	1	25	9.09092	1	25	0	0	0	0.0750704	0.0741733	0.0760867	0.0750707	0.0741733	0.0760867	0.0750704	0.0741733	0.0760867	0.0750707	0.0741733	0.0760867	1	1	10.0908	
9.08966	1	25	9.08935	1	25	9.08944	1	25	0	0	0	0.0800622	0.07906	0.0811233	0.0800628	0.0790533	0.0811233	0.0800622	0.07906	0.0811233	0.0800628	0.0790533	0.0811233	1	1	10.0893	
9.08953	1	25	9.08918	1	25	9.08927	1	25	0	0	0	0.0850491	0.0840467	0.08615	0.0850497	0.08404	0.08615	0.0850491	0.0840467	0.08615	0.0850497	0.08404	0.08615	1	1	10.0892	
9.09056	1	25	9.09017	1	25	9.09027	1	25	0	0	0	0.0900403	0.08904	0.0911	0.0900405	0.0890333	0.0911	0.0900403	0.08904	0.0911	0.0900405	0.0890333	0.0911	1	1	10.0902	
9.09036	1	25	9.08991	1	25	9.09	1	25	0	0	0	0.0950421	0.0939633	0.09615	0.0950424	0.0939567	0.09615	0.0950421	0.0939633	0.09615	0.0950424	0.0939567	0.09615	1	1	10.0899	
9.09161	1	25	9.09109	1	25	9.09119	1	25	0	0	0	0.100013	0.0988367	0.101037	0.100014	0.09883	0.101037	0.100013	0.0988367	0.101037	0.100014	0.09883	0.101037	1	1	10.0911	
9.09152	1	25	9.09095	1	25	9.09104	1	25	0	0	0	0.105002	0.10396	0.106083	0.105002	0.103953	0.106087	0.105002	0.10396	0.106083	0.105002	0.103953	0.106087	1	1	10.0909	
9.09378	1	25	9.09314	1	25	9.09323	1	25	0	0	0	0.110025	0.108947	0.111093	0.110025	0.10894	0.111097	0.110025	0.108947	0.111093	0.110025	0.10894	0.111097	1	1	10.0931	
9.09393	1	25	9.09324	1	25	9.09332	1	25	0	0	0	0.115005	0.113947	0.116063	0.115005	0.11394	0.116067	0.115005	0.113947	0.116063	0.115005	0.11394	0.116067	1	1	10.0932	
9.09372	1	25	9.09295	1	25	9.09304	1	25	0	0	0	0.119998	0.118917	0.12105	0.119998	0.118913	0.121053	0.119998	0.118917	0.12105	0.119998	0.118913	0.121053	1	1	10.0929	
9.0945	1	25	9.09366	1	25	9.09374	1	25	0	0	0	0.124993	0.123957	0.126023	0.124993	0.123953	0.126023	0.124993	0.123957	0.126023	0.124993	0.123953	0.126023	1	1	10.0936	
9.095	1	26	9.09406	1	26	9.09415	1	26	0	0	0	0.129989	0.128887	0.130963	0.129989	0.128883	0.130967	0.129989	0.128887	0.130963	0.129989	0.128883	0.130967	1	1	10.094	
9.09591	1	30	9.09489	1	30	9.09497	1	30	0	0	0	0.134996	0.13394	0.136053	0.134996	0.13394	0.136057	0.134996	0.13394	0.136053	0.134996	0.13394	0.136057	1	1	10.0948	
9.09712	1	30	9.096	1	30	9.09607	1	30	0	0	0	0.139993	0.13878	0.140917	0.139994	0.13878	0.14092	0.139993	0.13878	0.140917	0.139994	0.13878	0.14092	1	1	10.0959	
9.09856	1	30	9.09731	1	30	9.09739	1	30	0	0	0	0.144979	0.143707	0.145863	0.14498	0.143707	0.14586	0.144979	0.143707	0.145863	0.14498	0.143707	0.14586	1	1	10.0972	
9.10028	1	30	9.09892	1	30	9.099	1	30	0	0	0	0.149981	0.148657	0.151093	0.149981	0.148657	0.15109	0.149981	0.148657	0.151093	0.149981	0.148657	0.15109	1	1	10.0988	
9.10172	1	30	9.10023	1	30	9.1003	1	30	0	0	0	0.154962	0.1535	0.156267	0.154963	0.1535	0.156263	0.154962	0.1535	0.156267	0.154963	0.1535	0.156263	1	1	10.1001	
9.10267	1	30	9.10106	1	30	9.10114	1	30	0	0	0	0.159973	0.158617	0.16114	0.159974	0.158617	0.16114	0.159973	0.158617	0.16114	0.159974	0.158617	0.16114	1	1	10.1009	
9.10453	1	31	9.1028	1	31	9.10287	1	31	0	0	0	0.164998	0.16344	0.166243	0.164998	0.16344	0.166247	0.164998	0.16344	0.166243	0.164998	0.16344	0.166247	1	1	10.1026	
9.10522	1	31	9.10334	1	31	9.1034	1	31	0	0	0	0.170007	0.168467	0.171367	0.170008	0.168467	0.171367	0.170007	0.168467	0.171367	0.170008	0.168467	0.171367	1	1	10.1032	
9.10653	1	31	9.1045	1	31	9.10456	1	31	0	0	0	0.175015	0.173497	0.17646	0.175016	0.173497	0.176463	0.175015	0.173497	0.17646	0.175016	0.173497	0.176463	1	1	10.1043	
9.1076	1	31	9.10541	1	31	9.10547	1	31	0	0	0	0.180034	0.178407	0.18157	0.180035	0.178407	0.18157	0.180034	0.178407	0.18157	0.180035	0.178407	0.18157	1	1	10.1052	
9.1091	1	31	9.10674	1	31	9.1068	1	31	0	0	0	0.185042	0.183203	0.186423	0.185042	0.183203	0.186423	0.185042	0.183203	0.186423	0.185042	0.183203	0.186423	1	1	10.1065	
9.11005	1	31	9.10753	1	31	9.10758	1	31	0	0	0	0.190052	0.188203	0.191317	0.190053	0.188203	0.191317	0.190052	0.188203	0.191317	0.190053	0.188203	0.191317	1	1	10.1072	
9.11078	1	31	9.10808	1	31	9.10813	1	31	0	0	0	0.195078	0.193557	0.196443	0.195078	0.193557	0.196443	0.195078	0.193557	0.196443	0.195078	0.193557	0.196443	1	1	10.1078	
9.11219	1	31	9.10932	1	31	9.10937	1	31	0	0	0	0.200077	0.19841	0.20126	0.200077	0.198407	0.20126	0.200077	0.19841	0.20126	0.200077	0.198407	0.20126	1	1	10.109	
9.11391	1	31	9.11083	1	31	9.11088	1	31	0	0	0	0.20508	0.203317	0.206423	0.20508	0.203313	0.20642	0.20508	0.203317	0.206423	0.20508	0.203313	0.20642	1	1	10.1104	
9.11602	1	31	9.11272	1	31	9.11277	1	31	0	0	0	0.210069	0.20816	0.211343	0.210069	0.208157	0.21134	0.210069	0.20816	0.211343	0.210069	0.208157	0.21134	1	1	10.1123	
9.11782	1	31	9.11432	1	31	9.11436	1	31	0	0	0	0.215034	0.2131	0.21641	0.215033	0.213097	0.216407	0.215034	0.2131	0.21641	0.215033	0.213097	0.216407	1	1	10.1139	
9.11912	1	31	9.11538	1	31	9.11542	1	31	0	0	0	0.220027	0.217907	0.22134	0.220027	0.217903	0.221363	0.220027	0.217907	0.22134	0.220027	0.217903	0.221363	1	1	10.1149	
9.12097	1	31	9.11698	1	31	9.11703	1	31	0	0	0	0.225021	0.222973	0.226473	0.225021	0.22297	0.22647	0.225021	0.222973	0.226473	0.225021	0.22297	0.22647	1	1	10.1164	
9.12305	1	31	9.1188	1	31	9.11885	1	31	0	0	0	0.230021	0.22809	0.231733	0.230021	0.228087	0.231753	0.230021	0.22809	0.231733	0.230021	0.228087	0.231753	1	1	10.1182	
9.1247	1	31	9.12017	1	31	9.12022	1	31	0	0	0	0.235028	0.233103	0.23677	0.235027	0.2331	0.23679	0.235028	0.233103	0.23677	0.235027	0.2331	0.23679	1	1	10.1195	
9.12668	1	31	9.1219	1	31	9.12195	1	31	0	0	0	0.240018	0.238197	0.241943	0.240018	0.238193	0.241963	0.240018	0.238197	0.241943	0.240018	0.238193	0.241963	1	1	10.1211	
9.12875	1	31	9.12368	1	31	9.12373	1	31	0	0	0	0.245024	0.242773	0.24693	0.245024	0.24277	0.246927	0.245024	0.242773	0.24693	0.245024	0.24277	0.246927	1	1	10.1229	
9.13073	1	31	9.12536	1	31	9.12541	1	31	0	0	0	0.250034	0.247733	0.252193	0.250034	0.24773	0.25221	0.250034	0.247733	0.252193	0.250034	0.24773	0.25221	1	1	10.1245	
9.13321	1	31	9.12752	1	31	9.12757	1	31	0	0	0	0.255015	0.25275	0.257127	0.255015	0.252747	0.257143	0.255015	0.25275	0.257127	0.255015	0.252747	0.257143	1	1	10.1265	
9.13571	1	31	9.12969	1	31	9.12974	1	31	0	0	0	0.260024	0.257637	0.262147	0.260024	0.257633	0.262167	0.260024	0.257637	0.262147	0.260024	0.257633	0.262167	1	1	10.1286	
9.13809	1	31	9.13174	1	31	9.13179	1	31	0	0	0	0.265017	0.262427	0.26717	0.265017	0.262423	0.26719	0.265017	0.262427	0.26717	0.265017	0.262423	0.26719	1	1	10.1306	
9.14019	1	31	9.13346	1	31	9.13351	1	31	0	0	0	0.270019	0.26732	0.27215	0.270019	0.267317	0.27217	0.270019	0.26732	0.27215	0.270019	0.267317	0.27217	1	1	10.1322	
9.14308	1	31	9.13596	1	31	9.13601	1	31	0	0	0	0.275021	0.272227	0.277133	0.275021	0.272223	0.277157	0.275021	0.272227	0.277133	0.275021	0.272223	0.277157	1	1	10.1346	
9.14552	1	31	9.13799	1	31	9.13804	1	31	0	0	0	0.280024	0.27711	0.28227	0.280024	0.277103	0.282293	0.280024	0.27711	0.28227	0.280024	0.277103	0.282293	1	1	10.1365	
9.14832	1	31	9.14039	1	31	9.14044	1	31	0	0	0	0.284984	0.28202	0.2873	0.284984	0.282013	0.287323	0.284984	0.28202	0.2873	0.284984	0.282013	0.287323	1	1	10.1388	
9.15123	1	31	9.14288	1	31	9.14292	1	31	0	0	0	0.290004	0.28696	0.292427	0.290004	0.28695	0.29245	0.290004	0.28696	0.292427	0.290004	0.28695	0.29245	1	1	10.1412	
9.15417	1	36	9.14535	1	36	9.1454	1	36	0	0	0	0.295023	0.291793	0.297347	0.295023	0.291783	0.29737	0.295023	0.291793	0.297347	0.295023	0.291783	0.29737	1	1	10.1435	
9.1571	1	36	9.14779	1	36	9.14783	1	36	0	0	0	0.300015	0.296733	0.302347	0.300015	0.296723	0.30237	0.300015	0.296733	0.302347	0.300015	0.296723	0.30237	1	1	10.1458	
9.15979	1	36	9.14998	1	36	9.15003	1	36	0	0	0	0.30501	0.301723	0.30717	0.305011	0.301713	0.307193	0.30501	0.301723	0.30717	0.305011	0.301713	0.307193	1	1	10.1478	
9.16314	1	36	9.15281	1	36	9.15286	1	36	0	0	0	0.310018	0.306597	0.3122	0.310018	0.306587	0.312223	0.310018	0.306597	0.3122	0.310018	0.306587	0.312223	1	1	10.1505	
9.16678	1	36	9.15589	1	36	9.15594	1	36	0	0	0	0.314986	0.311583	0.31721	0.314987	0.311573	0.317233	0.314986	0.311583	0.31721	0.314987	0.311573	0.317233	1	1	10.1534	
9.1707	1	36	9.15923	1	36	9.15927	1	36	0	0	0	0.319994	0.316567	0.322197	0.319995	0.31656	0.322193	0.319994	0.316567	0.322197	0.319995	0.31656	0.322193	1	1	10.1565	
9.17439	1	36	9.16226	1	36	9.16231	1	36	0	0	0	0.325005	0.321523	0.327163	0.325006	0.321517	0.32716	0.325005	0.321523	0.327163	0.325006	0.321517	0.32716	1	1	10.1593	
9.17807	1	36	9.16529	1	36	9.16534	1	36	0	0	0	0.329995	0.326493	0.332253	0.329996	0.326487	0.33225	0.329995	0.326493	0.332253	0.329996	0.326487	0.33225	1	1	10.1621	
9.1822	1	36	9.16876	1	36	9.16881	1	36	0	0	0	0.334995	0.331413	0.337203	0.334996	0.331407	0.3372	0.334995	0.331413	0.337203	0.334996	0.331407	0.3372	1	1	10.1653	
9.18653	1	36	9.17241	1	36	9.17246	1	36	0	0	0	0.340001	0.336503	0.34213	0.340002	0.336497	0.342157	0.340001	0.336503	0.34213	0.340002	0.336497	0.342157	1	1	10.1687	
9.1911	1	36	9.17621	1	36	9.17626	1	36	0	0	0	0.344977	0.34145	0.347093	0.344978	0.341443	0.347123	0.344977	0.34145	0.347093	0.344978	0.341443	0.347123	1	1	10.1722	
9.19552	1	36	9.17986	1	36	9.17991	1	36	0	0	0	0.349965	0.34621	0.35204	0.349966	0.346203	0.35204	0.349965	0.34621	0.35204	0.349966	0.346203	0.35204	1	1	10.1755	
9.20005	1	36	9.18356	1	36	9.18361	1	36	0	0	0	0.354962	0.351113	0.35706	0.354963	0.351107	0.35709	0.354962	0.351113	0.35706	0.354963	0.351107	0.35709	1	1	10.1788	
9.20488	1	36	9.18756	1	36	9.18762	1	36	0	0	0	0.359946	0.356217	0.362117	0.359947	0.35621	0.362147	0.359946	0.356217	0.362117	0.359947	0.35621	0.362147	1	1	10.1825	
9.21016	1	36	9.19196	1	36	9.19202	1	36	0	0	0	0.364961	0.361297	0.367087	0.364962	0.36129	0.367113	0.364961	0.361297	0.367087	0.364962	0.36129	0.367113	1	1	10.1864	
9.21557	1	36	9.19645	1	36	9.19652	1	36	0	0	0	0.369962	0.36614	0.37218	0.369964	0.366133	0.37221	0.369962	0.36614	0.37218	0.369964	0.366133	0.37221	1	1	10.1905	
9.22087	1	36	9.20076	1	36	9.20083	1	36	0	0	0	0.374957	0.371073	0.37707	0.374959	0.371067	0.377097	0.374957	0.371073	0.37707	0.374959	0.371067	0.377097	1	1	10.1945	
9.22654	1	46	9.20541	1	46	9.20548	1	46	0	0	0	0.379938	0.37607	0.382213	0.379939	0.376063	0.382237	0.379938	0.37607	0.382213	0.379939	0.376063	0.382237	1	1	10.1986	
9.23224	1	46	9.21002	1	46	9.21009	1	46	0	0	0	0.384944	0.381013	0.387093	0.384945	0.381007	0.387117	0.384944	0.381013	0.387093	0.384945	0.381007	0.387117	1	1	10.2028	
9.23844	1	46	9.21505	1	46	9.21512	1	46	0	0	0	0.389928	0.385823	0.39206	0.389929	0.385817	0.392083	0.389928	0.385823	0.39206	0.389929	0.385817	0.392083	1	1	10.2072	
9.24501	1	46	9.22036	1	46	9.22043	1	46	0	0	0	0.394923	0.390957	0.39708	0.394924	0.390947	0.397103	0.394923	0.390957	0.39708	0.394924	0.390947	0.397103	1	1	10.2119	
9.25178	1	46	9.22581	1	46	9.22588	1	46	0	0	0	0.399943	0.395987	0.40203	0.399944	0.395977	0.402053	0.399943	0.395987	0.40203	0.399944	0.395977	0.402053	1	1	10.2167	
9.25881	1	50	9.23145	1	50	9.23152	1	50	0	0	0	0.404934	0.400923	0.407463	0.404935	0.400913	0.407487	0.404934	0.400923	0.407463	0.404935	0.400913	0.407487	1	1	10.2216	
9.26596	1	38	9.23717	1	38	9.23724	1	38	0	0	0	0.409933	0.406057	0.412473	0.409934	0.406047	0.412497	0.409933	0.406057	0.412473	0.409934	0.406047	0.412497	1	1	10.2265	
9.27363	1	50	9.24326	1	50	9.24334	1	50	0	0	0	0.414948	0.410933	0.41741	0.414949	0.410923	0.417437	0.414948	0.410933	0.41741	0.414949	0.410923	0.417437	1	1	10.2317	
9.28176	1	50	9.24974	1	50	9.24982	1	50	0	0	0	0.419968	0.415927	0.422297	0.419969	0.415913	0.422323	0.419968	0.415927	0.422297	0.419969	0.415913	0.422323	1	1	10.2374	
9.28951	1	50	9.2558	1	50	9.25588	1	50	0	0	0	0.424933	0.420963	0.427083	0.424934	0.42095	0.42708	0.424933	0.420963	0.427083	0.424934	0.42095	0.42708	1	1	10.2425	
9.29763	1	50	9.2621	1	50	9.26218	1	50	0	0	0	0.429919	0.42584	0.43224	0.429919	0.425827	0.432237	0.429919	0.42584	0.43224	0.429919	0.425827	0.432237	1	1	10.2477	
9.30723	1	50	9.26968	1	50	9.26976	1	50	0	0	0	0.4349	0.430777	0.437183	0.4349	0.430763	0.43718	0.4349	0.430777	0.437183	0.4349	0.430763	0.43718	1	1	10.254	
9.31746	1	62	9.27777	1	62	9.27785	1	62	0	0	0	0.439918	0.435807	0.442153	0.439918	0.435793	0.44215	0.439918	0.435807	0.442153	0.439918	0.435793	0.44215	1	1	10.2607	
9.3277	1	50	9.28575	1	50	9.28583	1	50	0	0	0	0.444945	0.440747	0.447317	0.444945	0.440733	0.447313	0.444945	0.440747	0.447317	0.444945	0.440733	0.447313	1	1	10.2673	
9.33985	1	78	9.29539	1	78	9.29546	1	78	0	0	0	0.449951	0.445773	0.452347	0.449951	0.44576	0.452343	0.449951	0.445773	0.452347	0.449951	0.44576	0.452343	1	1	10.2751	
9.35204	1	63	9.30486	1	63	9.30494	1	63	0	0	0	0.454952	0.45091	0.45769	0.454952	0.450897	0.457687	0.454952	0.45091	0.45769	0.454952	0.450897	0.457687	1	1	10.2825	
9.36387	1	63	9.3139	1	63	9.31398	1	63	0	0	0	0.459963	0.455857	0.462693	0.459963	0.455843	0.46269	0.459963	0.455857	0.462693	0.459963	0.455843	0.46269	1	1	10.2899	
9.37778	1	62	9.32477	1	62	9.32486	1	62	0	0	0	0.464999	0.46081	0.467627	0.464999	0.460797	0.467623	0.464999	0.46081	0.467627	0.464999	0.460797	0.467623	1	1	10.2982	
9.39231	1	68	9.3358	1	68	9.33589	1	68	0	0	0	0.470001	0.46574	0.4725	0.470002	0.465727	0.472497	0.470001	0.46574	0.4725	0.470002	0.465727	0.472497	1	1	10.3066	
9.40747	1	66	9.3473	1	66	9.3474	1	66	0	0	0	0.47498	0.4707	0.477357	0.474981	0.470683	0.477353	0.47498	0.4707	0.477357	0.474981	0.470683	0.477353	1	1	10.3154	
9.42348	1	78	9.35917	1	78	9.35927	1	78	0	0	0	0.479986	0.475563	0.48226	0.479987	0.475547	0.482257	0.479986	0.475563	0.48226	0.479987	0.475547	0.482257	1	1	10.3243	
9.44192	1	78	9.37314	1	78	9.37323	1	78	0	0	0	0.484968	0.480527	0.48739	0.484969	0.48051	0.487387	0.484968	0.480527	0.48739	0.484969	0.48051	0.487387	1	1	10.3342	
9.46433	1	82	9.3904	1	82	9.39048	1	82	0	0	0	0.489984	0.4858	0.49218	0.489984	0.485783	0.492177	0.489984	0.4858	0.49218	0.489984	0.485783	0.492177	1	1	10.3462	
9.48904	1	94	9.40922	1	94	9.4093	1	94	0	0	0	0.495004	0.49079	0.497313	0.495004	0.490773	0.49731	0.495004	0.49079	0.497313	0.495004	0.490773	0.49731	1	1	10.3583	
9.51285	1	98	9.42658	1	98	9.42666	1	98	0	0	0	0.5	0.495827	0.502247	0.500001	0.495813	0.502247	0.5	0.495827	0.502247	0.500001	0.495813	0.502247	1	1	10.3702	
9.54185	1	96	9.44809	1	96	9.44817	1	96	0	0	0	0.505012	0.500743	0.507327	0.505013	0.50073	0.507327	0.505012	0.500743	0.507327	0.505013	0.50073	0.507327	1	1	10.3834	
9.57571	1	94	9.47259	1	94	9.47267	1	94	0	0	0	0.510001	0.505623	0.51228	0.510002	0.50561	0.51228	0.510001	0.505623	0.51228	0.510002	0.50561	0.51228	1	1	10.3975	
9.61732	1	111	9.50399	1	111	9.50408	1	111	0	0	0	0.515003	0.510713	0.517367	0.515004	0.5107	0.51737	0.515003	0.510713	0.517367	0.515004	0.5107	0.51737	1	1	10.4139	
9.66973	1	98	9.54377	1	98	9.54386	1	98	0	0	0	0.519992	0.515693	0.52247	0.519993	0.51568	0.522473	0.519992	0.515693	0.52247	0.519993	0.51568	0.522473	1	1	10.4315	
9.73887	1	114	9.59527	1	114	9.59535	1	114	0	0	0	0.524983	0.520763	0.527543	0.524984	0.52075	0.527543	0.524983	0.520763	0.527543	0.524984	0.52075	0.527543	1	1	10.452	
9.84312	1	111	9.67325	1	111	9.67336	1	111	0	0	0	0.530007	0.525883	0.53272	0.530009	0.52587	0.53272	0.530007	0.525883	0.53272	0.530009	0.52587	0.53272	1	1	10.4759	
10.0946	1	134	9.88027	1	132	9.88038	1	132	0	0	0	0.535012	0.53083	0.537613	0.535014	0.530817	0.537613	0.535012	0.53083	0.537613	0.535014	0.530817	0.537613	1	1	10.5075	
13.1225	1	324	12.8252	1	312	12.8252	1	312	0	0	0	0.540074	0.538253	0.54257	0.540076	0.538248	0.542567	0.540074	0.538253	0.54257	0.540076	0.538248	0.542567	1	1	10.5419	
170.517	1	8627	170.049	1	8622	171.311	1	8676	0	0	0	0.545038	0.543399	0.547187	0.544899	0.542037	0.547183	0.545038	0.543399	0.547187	0.544899	0.542037	0.547183	1	1	10.5765	
418.087	1	19542	416.938	1	19492	424.314	1	19790	0	0	0	0.550025	0.548277	0.552247	0.549672	0.544673	0.552243	0.550025	0.548277	0.552247	0.549672	0.544673	0.552243	1	1	10.6185	
