8.05911	1	24	8.05877	1	24	8.05878	1	24	0	0	0	0.00499391	0.00472	0.00529667	0.00499401	0.00472	0.00524667	0.00499391	0.00472	0.00529667	0.00499401	0.00472	0.00524667	1	1	9.05846	
8.05498	1	25	8.05436	1	25	8.05427	1	25	0	0	0	0.0100062	0.00967333	0.0105533	0.010006	0.0096	0.01031	0.0100062	0.00967333	0.0105533	0.010006	0.0096	0.01031	1	1	9.05394	
8.05209	1	22	8.05107	1	22	8.05115	1	22	0	0	0	0.0150311	0.0147333	0.0154867	0.0150311	0.0146367	0.0154467	0.0150311	0.0147333	0.0154867	0.0150311	0.0146367	0.0154467	1	1	9.05027	
8.03537	1	27	8.03411	1	27	8.03414	1	27	0	0	0	0.020063	0.01956	0.0207733	0.0200629	0.0194933	0.0205167	0.020063	0.01956	0.0207733	0.0200629	0.0194933	0.0205167	1	1	9.03314	
8.04247	1	27	8.04081	1	27	8.04095	1	27	0	0	0	0.0250671	0.0246267	0.02574	0.0250669	0.0244367	0.0255833	0.0250671	0.0246267	0.02574	0.0250669	0.0244367	0.0255833	1	1	9.03944	
8.03292	1	26	8.03099	1	26	8.03109	1	26	0	0	0	0.0300682	0.02952	0.0307533	0.0300681	0.0291667	0.03084	0.0300682	0.02952	0.0307533	0.0300681	0.0291667	0.03084	1	1	9.0294	
8.01901	1	29	8.01659	1	29	8.0166	1	29	0	0	0	0.0350706	0.03449	0.03577	0.0350703	0.0343067	0.0357933	0.0350706	0.03449	0.03577	0.0350703	0.0343067	0.0357933	1	1	9.01473	
8.03335	1	28	8.03071	1	28	8.03083	1	28	0	0	0	0.0400941	0.0393233	0.0409733	0.0400936	0.0394	0.0410533	0.0400941	0.0393233	0.0409733	0.0400936	0.0394	0.0410533	1	1	9.02865	
8.02609	1	29	8.02295	1	29	8.023	1	29	0	0	0	0.0450691	0.0443367	0.0459767	0.0450685	0.0441433	0.04607	0.0450691	0.0443367	0.0459767	0.0450685	0.0441433	0.04607	1	1	9.02055	
8.02595	1	31	8.02234	1	31	8.02242	1	31	0	0	0	0.050078	0.0492567	0.05102	0.0500774	0.0489633	0.05136	0.050078	0.0492567	0.05102	0.0500774	0.0489633	0.05136	1	1	9.01968	
8.02136	1	28	8.01736	1	28	8.01748	1	28	0	0	0	0.055088	0.0542567	0.05612	0.0550872	0.05379	0.0559233	0.055088	0.0542567	0.05612	0.0550872	0.05379	0.0559233	1	1	9.01442	
8.0202	1	32	8.01583	1	32	8.0159	1	32	0	0	0	0.0600776	0.05914	0.0611567	0.0600774	0.0592767	0.0609467	0.0600776	0.05914	0.0611567	0.0600774	0.0592767	0.0609467	1	1	9.01256	
8.01784	1	33	8.01317	1	33	8.0133	1	33	0	0	0	0.0651088	0.0642067	0.0661033	0.065109	0.0637033	0.0663033	0.0651088	0.0642067	0.0661033	0.065109	0.0637033	0.0663033	1	1	9.00976	
8.01002	1	28	8.00487	1	28	8.00492	1	28	0	0	0	0.0700993	0.06919	0.0710567	0.0700992	0.0691467	0.0714033	0.0700993	0.06919	0.0710567	0.0700992	0.0691467	0.0714033	1	1	9.00106	
8.00049	1	30	7.99492	1	30	7.99497	1	30	0	0	0	0.0750704	0.0741733	0.0760867	0.0750699	0.0736733	0.07626	0.0750704	0.0741733	0.0760867	0.0750699	0.0736733	0.07626	1	1	8.99072	
8.00871	1	33	8.00272	1	33	8.00283	1	33	0	0	0	0.0800622	0.07906	0.0811233	0.0800618	0.0790433	0.0812	0.0800622	0.07906	0.0811233	0.0800618	0.0790433	0.0812	1	1	8.99823	
8.0062	1	32	7.99958	1	32	7.99966	1	32	0	0	0	0.0850491	0.0840467	0.08615	0.0850491	0.0832167	0.0863867	0.0850491	0.0840467	0.08615	0.0850491	0.0832167	0.0863867	1	1	8.99472	
8.00096	1	32	7.994	1	32	7.9941	1	32	0	0	0	0.0900403	0.08904	0.0911	0.0900399	0.08826	0.09168	0.0900403	0.08904	0.0911	0.0900399	0.08826	0.09168	1	1	8.989	
8.00098	1	31	7.99353	1	31	7.99364	1	31	0	0	0	0.0950421	0.0939633	0.09615	0.0950422	0.0931733	0.09621	0.0950421	0.0939633	0.09615	0.0950422	0.0931733	0.09621	1	1	8.98817	
7.99586	1	30	7.98798	1	30	7.98802	1	30	0	0	0	0.100013	0.0988367	0.101037	0.100013	0.0984067	0.101573	0.100013	0.0988367	0.101037	0.100013	0.0984067	0.101573	1	1	8.98215	
7.99612	1	35	7.98758	1	35	7.98771	1	35	0	0	0	0.105002	0.10396	0.106083	0.105002	0.10377	0.106223	0.105002	0.10396	0.106083	0.105002	0.10377	0.106223	1	1	8.98158	
7.99485	1	32	7.98591	1	32	7.98601	1	32	0	0	0	0.110025	0.108947	0.111093	0.110025	0.108903	0.11113	0.110025	0.108947	0.111093	0.110025	0.108903	0.11113	1	1	8.9795	
8.00035	1	31	7.99093	1	31	7.99106	1	31	0	0	0	0.115005	0.113947	0.116063	0.115005	0.113333	0.11632	0.115005	0.113947	0.116063	0.115005	0.113333	0.11632	1	1	8.98421	
7.99745	1	33	7.98738	1	33	7.98742	1	33	0	0	0	0.119998	0.118917	0.12105	0.119998	0.11857	0.121523	0.119998	0.118917	0.12105	0.119998	0.11857	0.121523	1	1	8.98045	
7.99851	1	35	7.98779	1	35	7.98786	1	35	0	0	0	0.124993	0.123957	0.126023	0.124993	0.123503	0.126233	0.124993	0.123957	0.126023	0.124993	0.123503	0.126233	1	1	8.98032	
7.99595	1	31	7.98475	1	31	7.98477	1	31	0	0	0	0.129989	0.128887	0.130963	0.129989	0.12839	0.13112	0.129989	0.128887	0.130963	0.129989	0.12839	0.13112	1	1	8.97701	
7.98727	1	34	7.97544	1	34	7.97551	1	34	0	0	0	0.134996	0.13394	0.136053	0.134996	0.133147	0.136907	0.134996	0.13394	0.136053	0.134996	0.133147	0.136907	1	1	8.96727	
7.99549	1	34	7.98289	1	34	7.98298	1	34	0	0	0	0.139993	0.13878	0.140917	0.139993	0.138077	0.141723	0.139993	0.13878	0.140917	0.139993	0.138077	0.141723	1	1	8.9744	
7.99272	1	33	7.97932	1	33	7.9794	1	33	0	0	0	0.144979	0.143707	0.145863	0.14498	0.14296	0.146677	0.144979	0.143707	0.145863	0.14498	0.14296	0.146677	1	1	8.9705	
7.99177	1	37	7.97821	1	37	7.97827	1	37	0	0	0	0.149981	0.148657	0.151093	0.149981	0.148527	0.151507	0.149981	0.148657	0.151093	0.149981	0.148527	0.151507	1	1	8.96893	
7.997	1	34	7.9825	1	34	7.98259	1	34	0	0	0	0.154962	0.1535	0.156267	0.154963	0.15376	0.15669	0.154962	0.1535	0.156267	0.154963	0.15376	0.15669	1	1	8.97276	
7.99482	1	35	7.98013	1	35	7.9802	1	35	0	0	0	0.159973	0.158617	0.16114	0.159974	0.15738	0.161557	0.159973	0.158617	0.16114	0.159974	0.15738	0.161557	1	1	8.97015	
7.99714	1	35	7.98127	1	35	7.98134	1	35	0	0	0	0.164998	0.16344	0.166243	0.164998	0.16345	0.166563	0.164998	0.16344	0.166243	0.164998	0.16345	0.166563	1	1	8.97089	
7.99669	1	33	7.97996	1	33	7.98004	1	33	0	0	0	0.170007	0.168467	0.171367	0.170008	0.16839	0.171873	0.170007	0.168467	0.171367	0.170008	0.16839	0.171873	1	1	8.96919	
8.00027	1	34	7.98304	1	34	7.98313	1	34	0	0	0	0.175015	0.173497	0.17646	0.175015	0.172917	0.176657	0.175015	0.173497	0.17646	0.175015	0.172917	0.176657	1	1	8.97198	
7.99759	1	36	7.97954	1	36	7.97959	1	36	0	0	0	0.180034	0.178407	0.18157	0.180035	0.178193	0.18189	0.180034	0.178407	0.18157	0.180035	0.178193	0.18189	1	1	8.96799	
7.99687	1	37	7.97814	1	37	7.97822	1	37	0	0	0	0.185042	0.183203	0.186423	0.185043	0.18337	0.187337	0.185042	0.183203	0.186423	0.185043	0.18337	0.187337	1	1	8.9662	
8.00057	1	35	7.98092	1	35	7.98102	1	35	0	0	0	0.190052	0.188203	0.191317	0.190053	0.18822	0.192053	0.190052	0.188203	0.191317	0.190053	0.18822	0.192053	1	1	8.96858	
8.00441	1	38	7.98339	1	38	7.98348	1	38	0	0	0	0.195078	0.193557	0.196443	0.195078	0.193563	0.197107	0.195078	0.193557	0.196443	0.195078	0.193563	0.197107	1	1	8.97075	
8.0039	1	42	7.98223	1	42	7.98229	1	42	0	0	0	0.200077	0.19841	0.20126	0.200076	0.198443	0.201873	0.200077	0.19841	0.20126	0.200076	0.198443	0.201873	1	1	8.96925	
8.00853	1	40	7.98612	1	40	7.98623	1	40	0	0	0	0.20508	0.203317	0.206423	0.205081	0.203273	0.206967	0.20508	0.203317	0.206423	0.205081	0.203273	0.206967	1	1	8.97265	
8.00546	1	39	7.98196	1	39	7.98201	1	39	0	0	0	0.210069	0.20816	0.211343	0.21007	0.20851	0.211873	0.210069	0.20816	0.211343	0.21007	0.20851	0.211873	1	1	8.96805	
8.01139	1	40	7.98724	1	40	7.98729	1	40	0	0	0	0.215034	0.2131	0.21641	0.215033	0.21313	0.21675	0.215034	0.2131	0.21641	0.215033	0.21313	0.21675	1	1	8.973	
8.00975	1	42	7.9842	1	42	7.98426	1	42	0	0	0	0.220027	0.217907	0.22134	0.220027	0.21832	0.22213	0.220027	0.217907	0.22134	0.220027	0.21832	0.22213	1	1	8.96945	
8.01615	1	39	7.98958	1	39	7.98966	1	39	0	0	0	0.225021	0.222973	0.226473	0.225021	0.223047	0.226857	0.225021	0.222973	0.226473	0.225021	0.223047	0.226857	1	1	8.97429	
8.01618	1	37	7.98879	1	37	7.98881	1	37	0	0	0	0.230021	0.22809	0.231733	0.230021	0.228273	0.231823	0.230021	0.22809	0.231733	0.230021	0.228273	0.231823	1	1	8.97314	
8.01759	1	39	7.98902	1	39	7.98908	1	39	0	0	0	0.235028	0.233103	0.23677	0.235027	0.233323	0.236933	0.235028	0.233103	0.23677	0.235027	0.233323	0.236933	1	1	8.97309	
8.02366	1	42	7.99427	1	42	7.99432	1	42	0	0	0	0.240018	0.238197	0.241943	0.240017	0.237453	0.24148	0.240018	0.238197	0.241943	0.240017	0.237453	0.24148	1	1	8.97767	
8.02622	1	35	7.9955	1	35	7.99557	1	35	0	0	0	0.245024	0.242773	0.24693	0.245024	0.242493	0.24691	0.245024	0.242773	0.24693	0.245024	0.242493	0.24691	1	1	8.97846	
8.02698	1	39	7.99511	1	39	7.99518	1	39	0	0	0	0.250034	0.247733	0.252193	0.250033	0.247877	0.252067	0.250034	0.247733	0.252193	0.250033	0.247877	0.252067	1	1	8.9776	
8.03416	1	41	8.00102	1	41	8.00108	1	41	0	0	0	0.255015	0.25275	0.257127	0.255015	0.252803	0.25668	0.255015	0.25275	0.257127	0.255015	0.252803	0.25668	1	1	8.98313	
8.03596	1	42	8.00196	1	42	8.00208	1	42	0	0	0	0.260024	0.257637	0.262147	0.260024	0.257493	0.26196	0.260024	0.257637	0.262147	0.260024	0.257493	0.26196	1	1	8.9837	
8.04041	1	40	8.00436	1	40	8.00445	1	40	0	0	0	0.265017	0.262427	0.26717	0.265018	0.263377	0.26701	0.265017	0.262427	0.26717	0.265018	0.263377	0.26701	1	1	8.98564	
8.0438	1	41	8.00667	1	41	8.00678	1	41	0	0	0	0.270019	0.26732	0.27215	0.270019	0.267583	0.27226	0.270019	0.26732	0.27215	0.270019	0.267583	0.27226	1	1	8.98745	
8.04995	1	37	8.01153	1	37	8.01161	1	37	0	0	0	0.275021	0.272227	0.277133	0.27502	0.273067	0.276773	0.275021	0.272227	0.277133	0.27502	0.273067	0.276773	1	1	8.99169	
8.0532	1	39	8.0131	1	39	8.01315	1	39	0	0	0	0.280024	0.27711	0.28227	0.280024	0.277207	0.282113	0.280024	0.27711	0.28227	0.280024	0.277207	0.282113	1	1	8.99279	
8.05799	1	40	8.01649	1	40	8.01654	1	40	0	0	0	0.284984	0.28202	0.2873	0.284984	0.282193	0.287197	0.284984	0.28202	0.2873	0.284984	0.282193	0.287197	1	1	8.99578	
8.06284	1	39	8.0196	1	39	8.01966	1	39	0	0	0	0.290004	0.28696	0.292427	0.290004	0.287733	0.29257	0.290004	0.28696	0.292427	0.290004	0.287733	0.29257	1	1	8.99832	
8.06872	1	41	8.02342	1	41	8.02352	1	41	0	0	0	0.295023	0.291793	0.297347	0.295023	0.292807	0.297137	0.295023	0.291793	0.297347	0.295023	0.292807	0.297137	1	1	9.00179	
8.07228	1	44	8.0259	1	44	8.02599	1	44	0	0	0	0.300015	0.296733	0.302347	0.300014	0.298003	0.302443	0.300015	0.296733	0.302347	0.300014	0.298003	0.302443	1	1	9.00374	
8.07302	1	41	8.02456	1	41	8.0246	1	41	0	0	0	0.30501	0.301723	0.30717	0.30501	0.30288	0.306923	0.30501	0.301723	0.30717	0.30501	0.30288	0.306923	1	1	9.00174	
8.08237	1	38	8.03231	1	38	8.03235	1	38	0	0	0	0.310018	0.306597	0.3122	0.310018	0.30776	0.312047	0.310018	0.306597	0.3122	0.310018	0.30776	0.312047	1	1	9.00884	
8.09038	1	44	8.03845	1	44	8.03852	1	44	0	0	0	0.314986	0.311583	0.31721	0.314986	0.312487	0.317567	0.314986	0.311583	0.31721	0.314986	0.312487	0.317567	1	1	9.01457	
8.09435	1	40	8.04108	1	40	8.04112	1	40	0	0	0	0.319994	0.316567	0.322197	0.319994	0.317867	0.322393	0.319994	0.316567	0.322197	0.319994	0.317867	0.322393	1	1	9.01672	
8.0985	1	42	8.04337	1	42	8.04341	1	42	0	0	0	0.325005	0.321523	0.327163	0.325004	0.323033	0.327483	0.325005	0.321523	0.327163	0.325004	0.323033	0.327483	1	1	9.01849	
8.10433	1	39	8.04717	1	39	8.04724	1	39	0	0	0	0.329995	0.326493	0.332253	0.329996	0.327463	0.332523	0.329995	0.326493	0.332253	0.329996	0.327463	0.332523	1	1	9.02175	
8.11399	1	40	8.05371	1	40	8.05381	1	40	0	0	0	0.334995	0.331413	0.337203	0.334996	0.33268	0.337963	0.334995	0.331413	0.337203	0.334996	0.33268	0.337963	1	1	9.02773	
8.11892	1	40	8.05701	1	40	8.05707	1	40	0	0	0	0.340001	0.336503	0.34213	0.340001	0.33741	0.343217	0.340001	0.336503	0.34213	0.340001	0.33741	0.343217	1	1	9.03069	
8.12749	1	40	8.06336	1	40	8.06344	1	40	0	0	0	0.344977	0.34145	0.347093	0.344977	0.342383	0.346993	0.344977	0.34145	0.347093	0.344977	0.342383	0.346993	1	1	9.03618	
8.13204	1	41	8.06575	1	41	8.0658	1	41	0	0	0	0.349965	0.34621	0.35204	0.349965	0.347993	0.352593	0.349965	0.34621	0.35204	0.349965	0.347993	0.352593	1	1	9.03809	
8.13852	1	42	8.07009	1	42	8.07014	1	42	0	0	0	0.354962	0.351113	0.35706	0.354961	0.352463	0.357117	0.354962	0.351113	0.35706	0.354961	0.352463	0.357117	1	1	9.04179	
8.14623	1	41	8.07484	1	41	8.07493	1	41	0	0	0	0.359946	0.356217	0.362117	0.359946	0.35719	0.362783	0.359946	0.356217	0.362117	0.359946	0.35719	0.362783	1	1	9.04596	
8.15507	1	40	8.08176	1	40	8.08184	1	40	0	0	0	0.364961	0.361297	0.367087	0.364962	0.362843	0.367143	0.364961	0.361297	0.367087	0.364962	0.362843	0.367143	1	1	9.0523	
8.16179	1	43	8.08558	1	43	8.08567	1	43	0	0	0	0.369962	0.36614	0.37218	0.369963	0.36744	0.373097	0.369962	0.36614	0.37218	0.369963	0.36744	0.373097	1	1	9.05537	
8.16799	1	40	8.0894	1	40	8.08948	1	40	0	0	0	0.374957	0.371073	0.37707	0.374959	0.372847	0.377707	0.374957	0.371073	0.37707	0.374959	0.372847	0.377707	1	1	9.05863	
8.1746	1	42	8.09342	1	42	8.0935	1	42	0	0	0	0.379938	0.37607	0.382213	0.379937	0.378183	0.382487	0.379938	0.37607	0.382213	0.379937	0.378183	0.382487	1	1	9.06213	
8.18342	1	41	8.09942	1	41	8.09948	1	41	0	0	0	0.384944	0.381013	0.387093	0.384945	0.381993	0.387603	0.384944	0.381013	0.387093	0.384945	0.381993	0.387603	1	1	9.06761	
8.19255	1	43	8.10527	1	43	8.10536	1	43	0	0	0	0.389928	0.385823	0.39206	0.389928	0.386723	0.392453	0.389928	0.385823	0.39206	0.389928	0.386723	0.392453	1	1	9.07272	
8.20068	1	45	8.10925	1	41	8.1093	1	41	0	0	0	0.394923	0.390957	0.39708	0.394923	0.39288	0.397337	0.394923	0.390957	0.39708	0.394923	0.39288	0.397337	1	1	9.07606	
8.20856	1	41	8.11421	1	41	8.11431	1	41	0	0	0	0.399943	0.395987	0.40203	0.399944	0.39757	0.40215	0.399943	0.395987	0.40203	0.399944	0.39757	0.40215	1	1	9.08032	
8.21845	1	41	8.12074	1	41	8.12084	1	41	0	0	0	0.404934	0.400923	0.407463	0.404933	0.402303	0.40823	0.404934	0.400923	0.407463	0.404933	0.402303	0.40823	1	1	9.08628	
8.22848	1	44	8.12713	1	44	8.12721	1	44	0	0	0	0.409933	0.406057	0.412473	0.409933	0.407947	0.41192	0.409933	0.406057	0.412473	0.409933	0.407947	0.41192	1	1	9.09206	
8.2371	1	44	8.1325	1	42	8.13255	1	42	0	0	0	0.414948	0.410933	0.41741	0.414947	0.411493	0.41845	0.414948	0.410933	0.41741	0.414947	0.411493	0.41845	1	1	9.09689	
8.24882	1	42	8.13964	1	42	8.1397	1	42	0	0	0	0.419968	0.415927	0.422297	0.419967	0.41781	0.42286	0.419968	0.415927	0.422297	0.419967	0.41781	0.42286	1	1	9.10319	
8.25902	1	43	8.14631	1	43	8.14635	1	43	0	0	0	0.424933	0.420963	0.427083	0.424933	0.422177	0.42812	0.424933	0.420963	0.427083	0.424933	0.422177	0.42812	1	1	9.10913	
8.26624	1	42	8.14966	1	42	8.14974	1	42	0	0	0	0.429919	0.42584	0.43224	0.429918	0.427207	0.432343	0.429919	0.42584	0.43224	0.429918	0.427207	0.432343	1	1	9.11203	
8.2777	1	44	8.15705	1	41	8.15711	1	41	0	0	0	0.4349	0.430777	0.437183	0.4349	0.431253	0.438057	0.4349	0.430777	0.437183	0.4349	0.431253	0.438057	1	1	9.11843	
8.28905	1	45	8.16421	1	45	8.16427	1	45	0	0	0	0.439918	0.435807	0.442153	0.439918	0.437333	0.442777	0.439918	0.435807	0.442153	0.439918	0.437333	0.442777	1	1	9.12485	
8.29945	1	44	8.16971	1	44	8.1698	1	44	0	0	0	0.444945	0.440747	0.447317	0.444945	0.44227	0.4482	0.444945	0.440747	0.447317	0.444945	0.44227	0.4482	1	1	9.12995	
8.31204	1	42	8.17798	1	41	8.17801	1	41	0	0	0	0.449951	0.445773	0.452347	0.449949	0.447467	0.453797	0.449951	0.445773	0.452347	0.449949	0.447467	0.453797	1	1	9.13705	
8.32382	1	41	8.18415	1	41	8.18425	1	41	0	0	0	0.454952	0.45091	0.45769	0.454951	0.452103	0.457203	0.454952	0.45091	0.45769	0.454951	0.452103	0.457203	1	1	9.14257	
8.33985	1	43	8.19439	1	43	8.19445	1	43	0	0	0	0.459963	0.455857	0.462693	0.459962	0.456583	0.462273	0.459963	0.455857	0.462693	0.459962	0.456583	0.462273	1	1	9.15201	
8.34871	1	41	8.19954	1	41	8.19962	1	41	0	0	0	0.464999	0.46081	0.467627	0.464998	0.46251	0.467833	0.464999	0.46081	0.467627	0.464998	0.46251	0.467833	1	1	9.15648	
8.3606	1	44	8.20392	1	44	8.204	1	44	0	0	0	0.470001	0.46574	0.4725	0.470001	0.466747	0.47304	0.470001	0.46574	0.4725	0.470001	0.466747	0.47304	1	1	9.16024	
8.37545	1	45	8.21366	1	42	8.21374	1	42	0	0	0	0.47498	0.4707	0.477357	0.474978	0.471393	0.47723	0.47498	0.4707	0.477357	0.474978	0.471393	0.47723	1	1	9.16917	
8.3894	1	44	8.2216	1	44	8.22167	1	44	0	0	0	0.479986	0.475563	0.48226	0.479985	0.47685	0.48305	0.479986	0.475563	0.48226	0.479985	0.47685	0.48305	1	1	9.17608	
8.40285	1	50	8.22844	1	50	8.22853	1	50	0	0	0	0.484968	0.480527	0.48739	0.484967	0.48196	0.488067	0.484968	0.480527	0.48739	0.484967	0.48196	0.488067	1	1	9.18211	
8.41667	1	47	8.23608	1	44	8.23616	1	44	0	0	0	0.489984	0.4858	0.49218	0.489983	0.487673	0.492903	0.489984	0.4858	0.49218	0.489983	0.487673	0.492903	1	1	9.18908	
8.43213	1	55	8.24423	1	55	8.24431	1	55	0	0	0	0.495004	0.49079	0.497313	0.495003	0.49157	0.49714	0.495004	0.49079	0.497313	0.495003	0.49157	0.49714	1	1	9.19639	
8.44566	1	44	8.252	1	44	8.25206	1	44	0	0	0	0.5	0.495827	0.502247	0.499999	0.496887	0.502547	0.5	0.495827	0.502247	0.499999	0.496887	0.502547	1	1	9.20304	
8.46387	1	46	8.25988	1	43	8.25995	1	43	0	0	0	0.505012	0.500743	0.507327	0.505011	0.5015	0.507787	0.505012	0.500743	0.507327	0.505011	0.5015	0.507787	1	1	9.21021	
8.47727	1	43	8.26786	1	43	8.26792	1	43	0	0	0	0.510001	0.505623	0.51228	0.51	0.50674	0.51347	0.510001	0.505623	0.51228	0.51	0.50674	0.51347	1	1	9.2174	
8.49498	1	53	8.27799	1	48	8.27806	1	48	0	0	0	0.515003	0.510713	0.517367	0.515001	0.512333	0.518077	0.515003	0.510713	0.517367	0.515001	0.512333	0.518077	1	1	9.22657	
8.51095	1	51	8.28419	1	51	8.28429	1	51	0	0	0	0.519992	0.515693	0.52247	0.519993	0.51648	0.523423	0.519992	0.515693	0.52247	0.519993	0.51648	0.523423	1	1	9.232	
8.53198	1	47	8.29477	1	45	8.29485	1	45	0	0	0	0.524983	0.520763	0.527543	0.524983	0.520863	0.528	0.524983	0.520763	0.527543	0.524983	0.520863	0.528	1	1	9.24152	
8.54799	1	46	8.30148	1	44	8.30156	1	44	0	0	0	0.530007	0.525883	0.53272	0.530007	0.527613	0.53322	0.530007	0.525883	0.53272	0.530007	0.527613	0.53322	1	1	9.24729	
8.56767	1	54	8.31203	1	54	8.3121	1	54	0	0	0	0.535012	0.53083	0.537613	0.535011	0.531747	0.53812	0.535012	0.53083	0.537613	0.535011	0.531747	0.53812	1	1	9.25664	
8.58829	1	52	8.32173	1	51	8.3218	1	51	0	0	0	0.540039	0.5359	0.542677	0.540039	0.53746	0.543487	0.540039	0.5359	0.542677	0.540039	0.53746	0.543487	1	1	9.26555	
8.60776	1	53	8.33083	1	46	8.3309	1	46	0	0	0	0.545036	0.54088	0.547587	0.545038	0.542017	0.5483	0.545036	0.54088	0.547587	0.545038	0.542017	0.5483	1	1	9.27356	
8.62711	1	47	8.33773	1	46	8.33779	1	46	0	0	0	0.550021	0.54579	0.552727	0.550021	0.547213	0.552847	0.550021	0.54579	0.552727	0.550021	0.547213	0.552847	1	1	9.27985	
8.6475	1	51	8.34771	1	45	8.34777	1	45	0	0	0	0.555002	0.550523	0.557777	0.555003	0.55234	0.558177	0.555002	0.550523	0.557777	0.555003	0.55234	0.558177	1	1	9.28886	
8.67071	1	47	8.35912	1	44	8.35921	1	44	0	0	0	0.560012	0.555857	0.56275	0.560011	0.556507	0.562643	0.560012	0.555857	0.56275	0.560011	0.556507	0.562643	1	1	9.2986	
8.69155	1	50	8.36936	1	50	8.36944	1	50	0	0	0	0.565034	0.560913	0.56781	0.565033	0.560817	0.56916	0.565034	0.560913	0.56781	0.565033	0.560817	0.56916	1	1	9.30793	
8.72086	1	51	8.37862	1	48	8.37872	1	48	0	0	0	0.570039	0.566027	0.572807	0.570039	0.5669	0.573607	0.570039	0.566027	0.572807	0.570039	0.5669	0.573607	1	1	9.31624	
8.74392	1	56	8.38922	1	46	8.38934	1	46	0	0	0	0.575031	0.57091	0.57767	0.57503	0.571353	0.57834	0.575031	0.57091	0.57767	0.57503	0.571353	0.57834	1	1	9.32559	
8.77033	1	55	8.39773	1	46	8.39781	1	46	0	0	0	0.580058	0.575917	0.582753	0.580061	0.576743	0.583823	0.580058	0.575917	0.582753	0.580061	0.576743	0.583823	1	1	9.33291	
8.79901	1	63	8.41077	1	52	8.41087	1	52	0	0	0	0.585059	0.581083	0.587723	0.585058	0.58155	0.58805	0.585059	0.581083	0.587723	0.585058	0.58155	0.58805	1	1	9.34501	
8.82342	1	57	8.4192	1	56	8.41927	1	56	0	0	0	0.590056	0.58606	0.59262	0.590056	0.586403	0.59322	0.590056	0.58606	0.59262	0.590056	0.586403	0.59322	1	1	9.35228	
8.85352	1	57	8.43218	1	51	8.43228	1	51	0	0	0	0.59505	0.591137	0.5976	0.595051	0.591933	0.597827	0.59505	0.591137	0.5976	0.595051	0.591933	0.597827	1	1	9.36382	
8.88897	1	50	8.44226	1	50	8.44236	1	50	0	0	0	0.600046	0.596187	0.602547	0.600045	0.596567	0.603753	0.600046	0.596187	0.602547	0.600045	0.596567	0.603753	1	1	9.37292	
8.91349	1	59	8.44862	1	51	8.44869	1	51	0	0	0	0.605056	0.601253	0.60742	0.605054	0.60146	0.608087	0.605056	0.601253	0.60742	0.605054	0.60146	0.608087	1	1	9.37808	
8.94602	1	52	8.46144	1	51	8.46152	1	51	0	0	0	0.610057	0.606133	0.612123	0.610058	0.606223	0.612937	0.610057	0.606133	0.612123	0.610058	0.606223	0.612937	1	1	9.38956	
8.98505	1	61	8.4756	1	52	8.47568	1	52	0	0	0	0.615068	0.61134	0.617157	0.615068	0.60997	0.618463	0.615068	0.61134	0.617157	0.615068	0.60997	0.618463	1	1	9.40228	
9.02012	1	61	8.4859	1	49	8.48599	1	49	0	0	0	0.620061	0.616433	0.62212	0.620061	0.61741	0.622933	0.620061	0.616433	0.62212	0.620061	0.61741	0.622933	1	1	9.41161	
9.05864	1	60	8.49825	1	55	8.49833	1	55	0	0	0	0.62505	0.621447	0.627117	0.62505	0.622043	0.62836	0.62505	0.621447	0.627117	0.62505	0.622043	0.62836	1	1	9.42209	
9.09521	1	65	8.50986	1	55	8.50994	1	55	0	0	0	0.630067	0.626393	0.632107	0.630068	0.62729	0.633193	0.630067	0.626393	0.632107	0.630068	0.62729	0.633193	1	1	9.43248	
9.14449	1	60	8.5225	1	50	8.52257	1	50	0	0	0	0.635038	0.631577	0.637193	0.635038	0.63118	0.638317	0.635038	0.631577	0.637193	0.635038	0.63118	0.638317	1	1	9.44392	
9.19561	1	60	8.53631	1	60	8.53638	1	60	0	0	0	0.640027	0.636747	0.64215	0.640029	0.636877	0.642633	0.640027	0.636747	0.64215	0.640029	0.636877	0.642633	1	1	9.45609	
9.23919	1	74	8.54614	1	51	8.54622	1	51	0	0	0	0.64502	0.64182	0.647273	0.645019	0.641997	0.648493	0.64502	0.64182	0.647273	0.645019	0.641997	0.648493	1	1	9.46415	
9.29117	1	66	8.56153	1	65	8.56163	1	65	0	0	0	0.650013	0.6468	0.652227	0.650013	0.647413	0.65313	0.650013	0.6468	0.652227	0.650013	0.647413	0.65313	1	1	9.47812	
9.34566	1	70	8.56856	1	52	8.56863	1	52	0	0	0	0.655024	0.651857	0.657	0.655026	0.651383	0.657883	0.655024	0.651857	0.657	0.655026	0.651383	0.657883	1	1	9.48379	
9.41246	1	77	8.5855	1	52	8.58558	1	52	0	0	0	0.660002	0.656903	0.66187	0.660003	0.656453	0.663077	0.660002	0.656903	0.66187	0.660003	0.656453	0.663077	1	1	9.49959	
9.46945	1	68	8.59964	1	59	8.59972	1	59	0	0	0	0.665016	0.66176	0.6669	0.665018	0.66172	0.668137	0.665016	0.66176	0.6669	0.665018	0.66172	0.668137	1	1	9.51213	
9.54826	1	88	8.61316	1	59	8.61325	1	59	0	0	0	0.67002	0.666667	0.671793	0.670023	0.66636	0.673263	0.67002	0.666667	0.671793	0.670023	0.66636	0.673263	1	1	9.52354	
9.62835	1	74	8.62461	1	52	8.62467	1	52	0	0	0	0.675015	0.67167	0.676763	0.675015	0.670503	0.67815	0.675015	0.67167	0.676763	0.675015	0.670503	0.67815	1	1	9.53347	
9.71335	1	91	8.64252	1	59	8.64256	1	59	0	0	0	0.680023	0.6765	0.68189	0.680022	0.675547	0.683737	0.680023	0.6765	0.68189	0.680022	0.675547	0.683737	1	1	9.5494	
9.79639	1	89	8.65281	1	57	8.65288	1	57	0	0	0	0.684981	0.681483	0.686857	0.68498	0.680683	0.68799	0.684981	0.681483	0.686857	0.68498	0.680683	0.68799	1	1	9.55821	
9.92207	1	87	8.66899	1	61	8.66909	1	61	0	0	0	0.690009	0.686687	0.6919	0.690008	0.686363	0.69431	0.690009	0.686687	0.6919	0.690008	0.686363	0.69431	1	1	9.57262	
10.0317	1	89	8.6823	1	60	8.68238	1	60	0	0	0	0.695019	0.691787	0.696903	0.695021	0.691977	0.698463	0.695019	0.691787	0.696903	0.695021	0.691977	0.698463	1	1	9.584	
10.197	1	123	8.6995	1	61	8.69958	1	61	0	0	0	0.700013	0.697063	0.70203	0.700014	0.69525	0.704387	0.700013	0.697063	0.70203	0.700014	0.69525	0.704387	1	1	9.59931	
10.3778	1	109	8.71258	1	61	8.71265	1	61	0	0	0	0.70501	0.701873	0.706997	0.705009	0.700017	0.70775	0.70501	0.701873	0.706997	0.705009	0.700017	0.70775	1	1	9.6106	
10.6205	1	120	8.73063	1	57	8.73068	1	57	0	0	0	0.70999	0.70697	0.711967	0.709992	0.70685	0.716243	0.70999	0.70697	0.711967	0.709992	0.70685	0.716243	1	1	9.62573	
10.8735	1	154	8.74215	1	62	8.74224	1	62	0	0	0	0.715006	0.711693	0.716933	0.715004	0.711587	0.718743	0.715006	0.711693	0.716933	0.715004	0.711587	0.718743	1	1	9.63524	
11.4598	1	207	8.76022	1	62	8.76028	1	62	0	0	0	0.719997	0.71692	0.721913	0.719998	0.717433	0.723157	0.719997	0.71692	0.721913	0.719998	0.717433	0.723157	1	1	9.65084	
12.1769	1	216	8.77357	1	57	8.77367	1	57	0	0	0	0.724992	0.721873	0.726853	0.724993	0.719587	0.72843	0.724992	0.721873	0.726853	0.724993	0.719587	0.72843	1	1	9.66277	
17.5636	1	907	8.79589	1	66	8.79592	1	66	0	0	0	0.73005	0.72876	0.731274	0.730062	0.727146	0.733997	0.73005	0.72876	0.731274	0.730062	0.727146	0.733997	1	1	9.68209	
217.389	1	13498	8.81277	1	63	8.81296	1	63	0	0	0	0.735033	0.733753	0.736189	0.73482	0.732506	0.737447	0.735033	0.733753	0.736189	0.73482	0.732506	0.737447	1	1	9.69651	
