9.76166	2	20	9.75942	2	20	9.75979	2	20	0	0	0	0.00499391	0.00472	0.00529667	0.00499396	0.00472	0.00529667	0.00499391	0.00472	0.00529667	0.00499396	0.00472	0.00529667	1	1	10.7559	
9.75049	2	21	9.74599	2	21	9.74613	2	21	0	0	0	0.0100062	0.00967333	0.0105533	0.010006	0.00967333	0.0105533	0.0100062	0.00967333	0.0105533	0.010006	0.00967333	0.0105533	1	1	10.7394	
9.73619	2	21	9.72942	2	21	9.72955	2	21	0	0	0	0.0150311	0.0147333	0.0154867	0.015031	0.0147333	0.01549	0.0150311	0.0147333	0.0154867	0.015031	0.0147333	0.01549	1	1	10.719	
9.72721	2	21	9.71797	2	21	9.71808	2	21	0	0	0	0.020063	0.01956	0.0207733	0.0200629	0.01956	0.0207767	0.020063	0.01956	0.0207733	0.0200629	0.01956	0.0207767	1	1	10.7038	
9.71953	2	21	9.70761	2	21	9.70772	2	21	0	0	0	0.0250671	0.0246267	0.02574	0.0250668	0.0246233	0.0257433	0.0250671	0.0246267	0.02574	0.0250668	0.0246233	0.0257433	1	1	10.6895	
9.71043	2	22	9.69557	2	22	9.69567	2	22	0	0	0	0.0300682	0.02952	0.0307533	0.0300679	0.0295233	0.0307567	0.0300682	0.02952	0.0307533	0.0300679	0.0295233	0.0307567	1	1	10.6734	
9.703	2	22	9.6852	2	22	9.68527	2	22	0	0	0	0.0350706	0.03449	0.03577	0.0350703	0.0344933	0.0357767	0.0350706	0.03449	0.03577	0.0350703	0.0344933	0.0357767	1	1	10.6587	
9.69331	2	22	9.67257	2	22	9.67261	2	22	0	0	0	0.0400941	0.0393233	0.0409733	0.0400937	0.0393267	0.04098	0.0400941	0.0393233	0.0409733	0.0400937	0.0393267	0.04098	1	1	10.6418	
9.68874	2	23	9.66496	2	23	9.665	2	23	0	0	0	0.0450691	0.0443367	0.0459767	0.0450686	0.04434	0.04597	0.0450691	0.0443367	0.0459767	0.0450686	0.04434	0.04597	1	1	10.6293	
9.68399	2	23	9.6569	2	23	9.65694	2	23	0	0	0	0.050078	0.0492567	0.05102	0.0500776	0.04926	0.0510167	0.050078	0.0492567	0.05102	0.0500776	0.04926	0.0510167	1	1	10.6162	
9.67907	2	23	9.64867	2	23	9.64871	2	23	0	0	0	0.055088	0.0542567	0.05612	0.0550874	0.05426	0.0561167	0.055088	0.0542567	0.05612	0.0550874	0.05426	0.0561167	1	1	10.6029	
9.67422	2	23	9.64037	2	23	9.64043	2	23	0	0	0	0.0600776	0.05914	0.0611567	0.0600774	0.05914	0.0611567	0.0600776	0.05914	0.0611567	0.0600774	0.05914	0.0611567	1	1	10.5893	
9.67304	2	23	9.63541	2	23	9.63547	2	23	0	0	0	0.0651088	0.0642067	0.0661033	0.0651089	0.0642067	0.0661033	0.0651088	0.0642067	0.0661033	0.0651089	0.0642067	0.0661033	1	1	10.5785	
9.67284	2	24	9.6315	2	24	9.63156	2	24	0	0	0	0.0700993	0.06919	0.0710567	0.0700991	0.0691867	0.0710567	0.0700993	0.06919	0.0710567	0.0700991	0.0691867	0.0710567	1	1	10.5686	
9.6728	2	24	9.62737	2	24	9.62743	2	24	0	0	0	0.0750704	0.0741733	0.0760867	0.0750703	0.07417	0.0760867	0.0750704	0.0741733	0.0760867	0.0750703	0.07417	0.0760867	1	1	10.5581	
9.67526	2	24	9.62535	2	24	9.6254	2	24	0	0	0	0.0800622	0.07906	0.0811233	0.0800622	0.0790567	0.0811233	0.0800622	0.07906	0.0811233	0.0800622	0.0790567	0.0811233	1	1	10.5494	
9.67676	2	24	9.62266	2	24	9.62271	2	24	0	0	0	0.0850491	0.0840467	0.08615	0.0850492	0.0840433	0.08615	0.0850491	0.0840467	0.08615	0.0850492	0.0840433	0.08615	1	1	10.5397	
9.68071	2	24	9.62192	2	24	9.62198	2	24	0	0	0	0.0900403	0.08904	0.0911	0.0900401	0.0890367	0.0911	0.0900403	0.08904	0.0911	0.0900401	0.0890367	0.0911	1	1	10.5314	
9.68498	2	25	9.6212	2	25	9.62125	2	25	0	0	0	0.0950421	0.0939633	0.09615	0.095042	0.09396	0.09615	0.0950421	0.0939633	0.09615	0.095042	0.09396	0.09615	1	1	10.5227	
9.69139	2	25	9.62214	2	25	9.6222	2	25	0	0	0	0.100013	0.0988367	0.101037	0.100014	0.0988333	0.101037	0.100013	0.0988367	0.101037	0.100014	0.0988333	0.101037	1	1	10.5152	
9.69698	2	25	9.62215	2	25	9.62221	2	25	0	0	0	0.105002	0.10396	0.106083	0.105002	0.103957	0.106083	0.105002	0.10396	0.106083	0.105002	0.103957	0.106083	1	1	10.5064	
9.70565	2	25	9.62482	2	25	9.62488	2	25	0	0	0	0.110025	0.108947	0.111093	0.110025	0.108943	0.111093	0.110025	0.108947	0.111093	0.110025	0.108943	0.111093	1	1	10.4994	
9.71575	2	26	9.62857	2	25	9.62862	2	25	0	0	0	0.115005	0.113947	0.116063	0.115005	0.113943	0.116063	0.115005	0.113947	0.116063	0.115005	0.113943	0.116063	1	1	10.4926	
9.72688	2	27	9.63291	2	27	9.63296	2	27	0	0	0	0.119998	0.118917	0.12105	0.119998	0.118917	0.12105	0.119998	0.118917	0.12105	0.119998	0.118917	0.12105	1	1	10.4858	
9.73849	2	28	9.63718	2	28	9.63723	2	28	0	0	0	0.124993	0.123957	0.126023	0.124993	0.123957	0.12602	0.124993	0.123957	0.126023	0.124993	0.123957	0.12602	1	1	10.4784	
9.75253	2	30	9.64365	2	28	9.6437	2	28	0	0	0	0.129989	0.128887	0.130963	0.129989	0.128887	0.130963	0.129989	0.128887	0.130963	0.129989	0.128887	0.130963	1	1	10.4722	
9.76881	2	31	9.65164	2	28	9.65169	2	28	0	0	0	0.134996	0.13394	0.136053	0.134996	0.133943	0.136053	0.134996	0.13394	0.136053	0.134996	0.133943	0.136053	1	1	10.4661	
9.78748	2	31	9.66118	2	28	9.66122	2	28	0	0	0	0.139993	0.13878	0.140917	0.139994	0.138783	0.140917	0.139993	0.13878	0.140917	0.139994	0.138783	0.140917	1	1	10.4604	
9.80745	2	35	9.67186	2	28	9.67191	2	28	0	0	0	0.144979	0.143707	0.145863	0.14498	0.14371	0.14586	0.144979	0.143707	0.145863	0.14498	0.14371	0.14586	1	1	10.4549	
9.8302	2	38	9.68387	2	28	9.68392	2	28	0	0	0	0.149981	0.148657	0.151093	0.149982	0.14866	0.15109	0.149981	0.148657	0.151093	0.149982	0.14866	0.15109	1	1	10.4489	
9.85751	2	44	9.69966	2	28	9.6997	2	28	0	0	0	0.154962	0.1535	0.156267	0.154963	0.1535	0.156263	0.154962	0.1535	0.156267	0.154963	0.1535	0.156263	1	1	10.445	
9.88692	2	38	9.71674	2	29	9.71679	2	29	0	0	0	0.159973	0.158617	0.16114	0.159974	0.15862	0.16114	0.159973	0.158617	0.16114	0.159974	0.15862	0.16114	1	1	10.4397	
9.92039	2	42	9.73691	2	29	9.73696	2	29	0	0	0	0.164998	0.16344	0.166243	0.164999	0.163443	0.166247	0.164998	0.16344	0.166243	0.164999	0.163443	0.166247	1	1	10.4354	
9.95514	2	42	9.75793	2	31	9.75798	2	31	0	0	0	0.170007	0.168467	0.171367	0.170008	0.16847	0.171367	0.170007	0.168467	0.171367	0.170008	0.16847	0.171367	1	1	10.4295	
9.99803	2	57	9.78428	2	31	9.78433	2	31	0	0	0	0.175015	0.173497	0.17646	0.175016	0.1735	0.176467	0.175015	0.173497	0.17646	0.175016	0.1735	0.176467	1	1	10.4248	
10.0463	2	73	9.81513	2	33	9.81517	2	33	0	0	0	0.180034	0.178407	0.18157	0.180035	0.178407	0.181573	0.180034	0.178407	0.18157	0.180035	0.178407	0.181573	1	1	10.4202	
10.1031	2	73	9.85169	2	33	9.85173	2	33	0	0	0	0.185042	0.183203	0.186423	0.185042	0.183203	0.186427	0.185042	0.183203	0.186423	0.185042	0.183203	0.186427	1	1	10.4165	
10.1689	2	65	9.89418	2	34	9.89422	2	34	0	0	0	0.190052	0.188203	0.191317	0.190053	0.188203	0.19132	0.190052	0.188203	0.191317	0.190053	0.188203	0.19132	1	1	10.4119	
10.2467	2	77	9.94453	2	35	9.94456	2	35	0	0	0	0.195078	0.193557	0.196443	0.195078	0.193553	0.196447	0.195078	0.193557	0.196443	0.195078	0.193553	0.196447	1	1	10.407	
10.3369	2	68	10.005	2	38	10.005	2	38	0	0	0	0.200077	0.19841	0.20126	0.200077	0.198407	0.201263	0.200077	0.19841	0.20126	0.200077	0.198407	0.201263	1	1	10.403	
10.4475	2	87	10.08	2	39	10.08	2	39	0	0	0	0.20508	0.203317	0.206423	0.205081	0.203313	0.20642	0.20508	0.203317	0.206423	0.205081	0.203313	0.20642	1	1	10.3989	
10.5811	2	100	10.1741	2	41	10.1741	2	41	0	0	0	0.210069	0.20816	0.211343	0.210069	0.208157	0.21134	0.210069	0.20816	0.211343	0.210069	0.208157	0.21134	1	1	10.3951	
10.7487	2	91	10.293	2	44	10.293	2	44	0	0	0	0.215034	0.2131	0.21641	0.215033	0.213093	0.216407	0.215034	0.2131	0.21641	0.215033	0.213093	0.216407	1	1	10.391	
10.9693	2	92	10.4501	2	50	10.4501	2	50	0	0	0	0.220027	0.217907	0.22134	0.220027	0.2179	0.22135	0.220027	0.217907	0.22134	0.220027	0.2179	0.22135	1	1	10.387	
11.2654	2	111	10.6704	2	56	10.6705	2	56	0	0	0	0.225021	0.222973	0.226473	0.22502	0.222967	0.22647	0.225021	0.222973	0.226473	0.22502	0.222967	0.22647	1	1	10.3843	
11.6953	2	118	10.9997	2	66	11	2	66	0	0	0	0.230021	0.22809	0.231733	0.230019	0.228083	0.23174	0.230021	0.22809	0.231733	0.230019	0.228083	0.23174	1	1	10.3815	
12.3884	2	127	11.5568	2	76	11.5574	2	76	0	0	0	0.235028	0.233103	0.23677	0.235025	0.2331	0.236777	0.235028	0.233103	0.23677	0.235025	0.2331	0.236777	1	1	10.3788	
13.6308	2	156	12.6114	2	107	12.6126	2	107	0	0	0	0.240018	0.238197	0.241943	0.240013	0.238193	0.24195	0.240018	0.238197	0.241943	0.240013	0.238193	0.24195	1	1	10.3766	
16.9221	2	215	15.5986	2	169	15.6034	2	169	0	0	0	0.245024	0.242773	0.24693	0.245018	0.24277	0.246927	0.245024	0.242773	0.24693	0.245018	0.24277	0.246927	1	1	10.3736	
153.367	2	1731	151.462	2	1731	151.533	2	1755	0	0	0	0.249992	0.248438	0.251934	0.249962	0.248444	0.251928	0.249992	0.248438	0.251934	0.249962	0.248444	0.251928	1	1	10.3706	
3973.32	2	20434	3970.3	2	20434	4038.7	2	20816	0	0	0	0.25498	0.253557	0.256451	0.253416	0.249106	0.256446	0.25498	0.253557	0.256451	0.253416	0.249106	0.256446	1	1	10.3687	
