9.13457	1	27	9.13026	1	27	9.13022	1	27	0	0	0	0.00499391	0.00472	0.00529667	0.00499391	0.00471667	0.00522667	0.00499391	0.00472	0.00529667	0.00499391	0.00471667	0.00522667	1	1	10.1301	
9.14127	1	27	9.13268	1	27	9.13278	1	27	0	0	0	0.0100062	0.00967333	0.0105533	0.010006	0.00945333	0.0104833	0.0100062	0.00967333	0.0105533	0.010006	0.00945333	0.0104833	1	1	10.1324	
9.15845	1	31	9.14525	1	31	9.14535	1	31	0	0	0	0.0150311	0.0147333	0.0154867	0.0150308	0.0145267	0.0155167	0.0150311	0.0147333	0.0154867	0.0150308	0.0145267	0.0155167	1	1	10.1446	
9.17619	1	34	9.15807	1	34	9.15812	1	34	0	0	0	0.020063	0.01956	0.0207733	0.0200629	0.0196233	0.02067	0.020063	0.01956	0.0207733	0.0200629	0.0196233	0.02067	1	1	10.1572	
9.17675	1	38	9.15312	1	38	9.15316	1	38	0	0	0	0.0250671	0.0246267	0.02574	0.0250667	0.0243533	0.02574	0.0250671	0.0246267	0.02574	0.0250667	0.0243533	0.02574	1	1	10.152	
9.20298	1	44	9.17346	1	44	9.17361	1	44	0	0	0	0.0300682	0.02952	0.0307533	0.0300679	0.02915	0.0307533	0.0300682	0.02952	0.0307533	0.0300679	0.02915	0.0307533	1	1	10.1721	
9.22147	1	38	9.18603	1	38	9.18613	1	38	0	0	0	0.0350706	0.03449	0.03577	0.0350701	0.0342967	0.0357467	0.0350706	0.03449	0.03577	0.0350701	0.0342967	0.0357467	1	1	10.1844	
9.23459	1	50	9.19311	1	50	9.19309	1	50	0	0	0	0.0400941	0.0393233	0.0409733	0.0400935	0.0392633	0.0410633	0.0400941	0.0393233	0.0409733	0.0400935	0.0392633	0.0410633	1	1	10.1911	
9.25347	1	52	9.20535	1	52	9.20537	1	52	0	0	0	0.0450691	0.0443367	0.0459767	0.0450685	0.0440967	0.0460667	0.0450691	0.0443367	0.0459767	0.0450685	0.0440967	0.0460667	1	1	10.2031	
9.27578	1	43	9.22018	1	43	9.2202	1	43	0	0	0	0.050078	0.0492567	0.05102	0.0500776	0.0489867	0.0509467	0.050078	0.0492567	0.05102	0.0500776	0.0489867	0.0509467	1	1	10.2174	
9.294	1	45	9.23036	1	45	9.23046	1	45	0	0	0	0.055088	0.0542567	0.05612	0.0550875	0.05382	0.0564	0.055088	0.0542567	0.05612	0.0550875	0.05382	0.0564	1	1	10.2272	
9.3122	1	48	9.24086	1	48	9.24104	1	48	0	0	0	0.0600776	0.05914	0.0611567	0.0600775	0.0591367	0.0608933	0.0600776	0.05914	0.0611567	0.0600775	0.0591367	0.0608933	1	1	10.2373	
9.3383	1	53	9.25825	1	53	9.25832	1	53	0	0	0	0.0651088	0.0642067	0.0661033	0.0651088	0.0641733	0.0659533	0.0651088	0.0642067	0.0661033	0.0651088	0.0641733	0.0659533	1	1	10.2542	
9.3634	1	55	9.27331	1	55	9.27337	1	55	0	0	0	0.0700993	0.06919	0.0710567	0.070099	0.0692367	0.07124	0.0700993	0.06919	0.0710567	0.070099	0.0692367	0.07124	1	1	10.2687	
9.37923	1	55	9.28019	1	54	9.2803	1	54	0	0	0	0.0750704	0.0741733	0.0760867	0.0750703	0.0738833	0.0761033	0.0750704	0.0741733	0.0760867	0.0750703	0.0738833	0.0761033	1	1	10.2753	
9.41479	1	64	9.30496	1	64	9.30505	1	64	0	0	0	0.0800622	0.07906	0.0811233	0.0800618	0.0790433	0.0811033	0.0800622	0.07906	0.0811233	0.0800618	0.0790433	0.0811033	1	1	10.2994	
9.43317	1	64	9.3128	1	64	9.31286	1	64	0	0	0	0.0850491	0.0840467	0.08615	0.0850491	0.0842133	0.0862	0.0850491	0.0840467	0.08615	0.0850491	0.0842133	0.0862	1	1	10.3066	
9.45918	1	66	9.3256	1	66	9.3257	1	66	0	0	0	0.0900403	0.08904	0.0911	0.0900396	0.08875	0.0909933	0.0900403	0.08904	0.0911	0.0900396	0.08875	0.0909933	1	1	10.3188	
9.48511	1	66	9.33916	1	66	9.33923	1	66	0	0	0	0.0950421	0.0939633	0.09615	0.0950418	0.09368	0.0964133	0.0950421	0.0939633	0.09615	0.0950418	0.09368	0.0964133	1	1	10.3319	
9.52421	1	73	9.3644	1	73	9.36443	1	73	0	0	0	0.100013	0.0988367	0.101037	0.100013	0.0987633	0.101347	0.100013	0.0988367	0.101037	0.100013	0.0987633	0.101347	1	1	10.3564	
9.54737	1	75	9.37177	1	75	9.37183	1	75	0	0	0	0.105002	0.10396	0.106083	0.105002	0.103513	0.10633	0.105002	0.10396	0.106083	0.105002	0.103513	0.10633	1	1	10.363	
9.58247	1	96	9.38991	1	96	9.38998	1	96	0	0	0	0.110025	0.108947	0.111093	0.110025	0.108107	0.111597	0.110025	0.108947	0.111093	0.110025	0.108107	0.111597	1	1	10.3799	
9.6199	1	94	9.40978	1	94	9.40987	1	94	0	0	0	0.115005	0.113947	0.116063	0.115005	0.1141	0.116207	0.115005	0.113947	0.116063	0.115005	0.1141	0.116207	1	1	10.3991	
9.66112	1	84	9.43198	1	84	9.43212	1	84	0	0	0	0.119998	0.118917	0.12105	0.119998	0.118703	0.121427	0.119998	0.118917	0.12105	0.119998	0.118703	0.121427	1	1	10.4202	
9.70053	1	83	9.44974	1	83	9.44982	1	83	0	0	0	0.124993	0.123957	0.126023	0.124993	0.123727	0.126493	0.124993	0.123957	0.126023	0.124993	0.123727	0.126493	1	1	10.4366	
9.74104	1	107	9.46904	1	107	9.46906	1	107	0	0	0	0.129989	0.128887	0.130963	0.129989	0.12835	0.13113	0.129989	0.128887	0.130963	0.129989	0.12835	0.13113	1	1	10.4549	
9.78851	1	98	9.49092	1	97	9.49093	1	97	0	0	0	0.134996	0.13394	0.136053	0.134996	0.132933	0.136693	0.134996	0.13394	0.136053	0.134996	0.132933	0.136693	1	1	10.4755	
9.8416	1	123	9.51469	1	123	9.51483	1	123	0	0	0	0.139993	0.13878	0.140917	0.139994	0.13829	0.141897	0.139993	0.13878	0.140917	0.139994	0.13829	0.141897	1	1	10.498	
9.90185	1	95	9.54168	1	95	9.5417	1	95	0	0	0	0.144979	0.143707	0.145863	0.144979	0.143657	0.1465	0.144979	0.143707	0.145863	0.144979	0.143657	0.1465	1	1	10.5231	
9.95882	1	114	9.56715	1	106	9.56731	1	106	0	0	0	0.149981	0.148657	0.151093	0.149981	0.148647	0.151907	0.149981	0.148657	0.151093	0.149981	0.148647	0.151907	1	1	10.5471	
10.0202	1	113	9.58898	1	113	9.58906	1	113	0	0	0	0.154962	0.1535	0.156267	0.154963	0.153323	0.15623	0.154962	0.1535	0.156267	0.154963	0.153323	0.15623	1	1	10.5674	
10.0992	1	117	9.62067	1	112	9.62076	1	112	0	0	0	0.159973	0.158617	0.16114	0.159973	0.15876	0.162183	0.159973	0.158617	0.16114	0.159973	0.15876	0.162183	1	1	10.597	
10.1784	1	125	9.65264	1	123	9.65276	1	123	0	0	0	0.164998	0.16344	0.166243	0.164998	0.16339	0.166963	0.164998	0.16344	0.166243	0.164998	0.16339	0.166963	1	1	10.6267	
10.2715	1	153	9.68404	1	153	9.68413	1	153	0	0	0	0.170007	0.168467	0.171367	0.170007	0.168247	0.171927	0.170007	0.168467	0.171367	0.170007	0.168247	0.171927	1	1	10.6557	
10.3759	1	190	9.72185	1	189	9.72199	1	189	0	0	0	0.175015	0.173497	0.17646	0.175016	0.172537	0.176867	0.175015	0.173497	0.17646	0.175016	0.172537	0.176867	1	1	10.6905	
10.5	1	176	9.75985	1	176	9.75996	1	176	0	0	0	0.180034	0.178407	0.18157	0.180036	0.177577	0.181473	0.180034	0.178407	0.18157	0.180036	0.177577	0.181473	1	1	10.7254	
10.6386	1	188	9.79726	1	187	9.79733	1	187	0	0	0	0.185042	0.183203	0.186423	0.185042	0.183463	0.186553	0.185042	0.183203	0.186423	0.185042	0.183463	0.186553	1	1	10.7598	
10.7983	1	142	9.83611	1	141	9.83621	1	141	0	0	0	0.190052	0.188203	0.191317	0.190053	0.18816	0.19162	0.190052	0.188203	0.191317	0.190053	0.18816	0.19162	1	1	10.795	
11.0096	1	156	9.88535	1	151	9.88553	1	151	0	0	0	0.195078	0.193557	0.196443	0.195078	0.19284	0.196973	0.195078	0.193557	0.196443	0.195078	0.19284	0.196973	1	1	10.8399	
11.2492	1	202	9.92977	1	200	9.92989	1	200	0	0	0	0.200077	0.19841	0.20126	0.200078	0.197993	0.202747	0.200077	0.19841	0.20126	0.200078	0.197993	0.202747	1	1	10.8794	
11.5801	1	172	9.976	1	169	9.97618	1	169	0	0	0	0.20508	0.203317	0.206423	0.205081	0.20336	0.206807	0.20508	0.203317	0.206423	0.205081	0.20336	0.206807	1	1	10.9211	
12.0025	1	211	10.0288	1	200	10.029	1	200	0	0	0	0.210069	0.20816	0.211343	0.210071	0.20815	0.21225	0.210069	0.20816	0.211343	0.210071	0.20815	0.21225	1	1	10.9687	
12.6437	1	238	10.0748	1	174	10.0749	1	174	0	0	0	0.215034	0.2131	0.21641	0.215033	0.213117	0.21702	0.215034	0.2131	0.21641	0.215033	0.213117	0.21702	1	1	11.0083	
14.292	1	508	10.1409	1	192	10.1411	1	192	0	0	0	0.220027	0.217907	0.22134	0.220026	0.217687	0.22226	0.220027	0.217907	0.22134	0.220026	0.217687	0.22226	1	1	11.0667	
34.2241	1	3525	10.2034	1	203	10.2035	1	203	0	0	0	0.224951	0.223659	0.226327	0.22496	0.22333	0.226083	0.224951	0.223659	0.226327	0.22496	0.22333	0.226083	1	1	11.1208	
2058.1	1	153403	10.2606	1	236	10.2599	1	236	0	0	0	0.229947	0.228651	0.231294	0.229311	0.22824	0.230799	0.229947	0.228651	0.231294	0.229311	0.22824	0.230799	1	1	11.1701	
