9.76166	2	20	9.75942	2	20	9.75979	2	20	0	0	0	0.00499391	0.00472	0.00529667	0.00499396	0.00472	0.00529667	0.00499391	0.00472	0.00529667	0.00499396	0.00472	0.00529667	1	1	10.7559	
9.7505	2	21	9.746	2	21	9.74613	2	21	0	0	0	0.0100062	0.00967333	0.0105533	0.010006	0.00967333	0.0105533	0.0100062	0.00967333	0.0105533	0.010006	0.00967333	0.0105533	1	1	10.7394	
9.73619	2	21	9.72942	2	21	9.72955	2	21	0	0	0	0.0150311	0.0147333	0.0154867	0.015031	0.0147333	0.01549	0.0150311	0.0147333	0.0154867	0.015031	0.0147333	0.01549	1	1	10.719	
9.72724	2	21	9.71801	2	21	9.71812	2	21	0	0	0	0.020063	0.01956	0.0207733	0.0200629	0.01956	0.0207767	0.020063	0.01956	0.0207733	0.0200629	0.01956	0.0207767	1	1	10.7039	
9.71959	2	21	9.70767	2	21	9.70779	2	21	0	0	0	0.0250671	0.0246267	0.02574	0.0250668	0.0246233	0.0257433	0.0250671	0.0246267	0.02574	0.0250668	0.0246233	0.0257433	1	1	10.6896	
9.71052	2	22	9.69566	2	22	9.69576	2	22	0	0	0	0.0300682	0.02952	0.0307533	0.0300679	0.0295233	0.0307567	0.0300682	0.02952	0.0307533	0.0300679	0.0295233	0.0307567	1	1	10.6735	
9.70316	2	22	9.68536	2	22	9.68543	2	22	0	0	0	0.0350706	0.03449	0.03577	0.0350703	0.0344933	0.0357767	0.0350706	0.03449	0.03577	0.0350703	0.0344933	0.0357767	1	1	10.6589	
9.69354	2	22	9.6728	2	22	9.67284	2	22	0	0	0	0.0400941	0.0393233	0.0409733	0.0400937	0.0393267	0.04098	0.0400941	0.0393233	0.0409733	0.0400937	0.0393267	0.04098	1	1	10.6421	
9.68903	2	23	9.66525	2	23	9.66529	2	23	0	0	0	0.0450691	0.0443367	0.0459767	0.0450686	0.04434	0.04597	0.0450691	0.0443367	0.0459767	0.0450686	0.04434	0.04597	1	1	10.6297	
9.68438	2	23	9.65729	2	23	9.65733	2	23	0	0	0	0.050078	0.0492567	0.05102	0.0500776	0.04926	0.0510167	0.050078	0.0492567	0.05102	0.0500776	0.04926	0.0510167	1	1	10.6167	
9.67953	2	23	9.64913	2	23	9.64917	2	23	0	0	0	0.055088	0.0542567	0.05612	0.0550874	0.05426	0.0561167	0.055088	0.0542567	0.05612	0.0550874	0.05426	0.0561167	1	1	10.6035	
9.67478	2	23	9.64093	2	23	9.64098	2	23	0	0	0	0.0600776	0.05914	0.0611567	0.0600774	0.05914	0.0611567	0.0600776	0.05914	0.0611567	0.0600774	0.05914	0.0611567	1	1	10.5901	
9.67371	2	23	9.63607	2	23	9.63613	2	23	0	0	0	0.0651088	0.0642067	0.0661033	0.0651089	0.0642067	0.0661033	0.0651088	0.0642067	0.0661033	0.0651089	0.0642067	0.0661033	1	1	10.5795	
9.67362	2	24	9.63228	2	24	9.63234	2	24	0	0	0	0.0700993	0.06919	0.0710567	0.0700991	0.0691867	0.0710567	0.0700993	0.06919	0.0710567	0.0700991	0.0691867	0.0710567	1	1	10.5699	
9.67373	2	24	9.6283	2	24	9.62836	2	24	0	0	0	0.0750704	0.0741733	0.0760867	0.0750703	0.07417	0.0760867	0.0750704	0.0741733	0.0760867	0.0750703	0.07417	0.0760867	1	1	10.5597	
9.67635	2	24	9.62643	2	24	9.62648	2	24	0	0	0	0.0800622	0.07906	0.0811233	0.0800622	0.0790567	0.0811233	0.0800622	0.07906	0.0811233	0.0800622	0.0790567	0.0811233	1	1	10.5513	
9.67798	2	24	9.62387	2	24	9.62392	2	24	0	0	0	0.0850491	0.0840467	0.08615	0.0850492	0.0840433	0.08615	0.0850491	0.0840467	0.08615	0.0850492	0.0840433	0.08615	1	1	10.5419	
9.68206	2	24	9.62326	2	24	9.62331	2	24	0	0	0	0.0900403	0.08904	0.0911	0.0900401	0.0890367	0.0911	0.0900403	0.08904	0.0911	0.0900401	0.0890367	0.0911	1	1	10.5339	
9.68651	2	25	9.62271	2	25	9.62276	2	25	0	0	0	0.0950421	0.0939633	0.09615	0.095042	0.09396	0.09615	0.0950421	0.0939633	0.09615	0.095042	0.09396	0.09615	1	1	10.5258	
9.69308	2	25	9.62379	2	25	9.62385	2	25	0	0	0	0.100013	0.0988367	0.101037	0.100014	0.0988333	0.101037	0.100013	0.0988367	0.101037	0.100014	0.0988333	0.101037	1	1	10.5187	
9.69874	2	25	9.62387	2	25	9.62392	2	25	0	0	0	0.105002	0.10396	0.106083	0.105002	0.103957	0.106083	0.105002	0.10396	0.106083	0.105002	0.103957	0.106083	1	1	10.5102	
9.70752	2	25	9.62664	2	25	9.6267	2	25	0	0	0	0.110025	0.108947	0.111093	0.110025	0.108943	0.111093	0.110025	0.108947	0.111093	0.110025	0.108943	0.111093	1	1	10.5038	
9.71772	2	26	9.63047	2	25	9.63052	2	25	0	0	0	0.115005	0.113947	0.116063	0.115005	0.113943	0.116063	0.115005	0.113947	0.116063	0.115005	0.113943	0.116063	1	1	10.4974	
9.72891	2	27	9.63487	2	27	9.63491	2	27	0	0	0	0.119998	0.118917	0.12105	0.119998	0.118917	0.12105	0.119998	0.118917	0.12105	0.119998	0.118917	0.12105	1	1	10.4912	
9.74053	2	28	9.63914	2	28	9.6392	2	28	0	0	0	0.124993	0.123957	0.126023	0.124993	0.123957	0.12602	0.124993	0.123957	0.126023	0.124993	0.123957	0.12602	1	1	10.4845	
9.75455	2	30	9.64558	2	28	9.64564	2	28	0	0	0	0.129989	0.128887	0.130963	0.129989	0.128887	0.130963	0.129989	0.128887	0.130963	0.129989	0.128887	0.130963	1	1	10.4789	
9.77079	2	31	9.65352	2	28	9.65357	2	28	0	0	0	0.134996	0.13394	0.136053	0.134996	0.133943	0.136053	0.134996	0.13394	0.136053	0.134996	0.133943	0.136053	1	1	10.4735	
9.78914	2	31	9.66273	2	28	9.66277	2	28	0	0	0	0.139993	0.13878	0.140917	0.139994	0.138783	0.140917	0.139993	0.13878	0.140917	0.139994	0.138783	0.140917	1	1	10.4686	
9.80879	2	35	9.67307	2	28	9.67312	2	28	0	0	0	0.144979	0.143707	0.145863	0.14498	0.14371	0.14586	0.144979	0.143707	0.145863	0.14498	0.14371	0.14586	1	1	10.4638	
9.83113	2	38	9.68466	2	28	9.68471	2	28	0	0	0	0.149981	0.148657	0.151093	0.149982	0.14866	0.15109	0.149981	0.148657	0.151093	0.149982	0.14866	0.15109	1	1	10.4588	
9.8577	2	44	9.6997	2	28	9.69974	2	28	0	0	0	0.154962	0.1535	0.156267	0.154963	0.1535	0.156263	0.154962	0.1535	0.156267	0.154963	0.1535	0.156263	1	1	10.4557	
9.88623	2	38	9.71588	2	29	9.71593	2	29	0	0	0	0.159973	0.158617	0.16114	0.159974	0.15862	0.16114	0.159973	0.158617	0.16114	0.159974	0.15862	0.16114	1	1	10.4513	
9.91834	2	42	9.73466	2	29	9.73471	2	29	0	0	0	0.164998	0.16344	0.166243	0.164999	0.163443	0.166247	0.164998	0.16344	0.166243	0.164999	0.163443	0.166247	1	1	10.4478	
9.95153	2	42	9.75412	2	31	9.75416	2	31	0	0	0	0.170007	0.168467	0.171367	0.170008	0.16847	0.171367	0.170007	0.168467	0.171367	0.170008	0.16847	0.171367	1	1	10.4428	
9.99248	2	57	9.7785	2	31	9.77855	2	31	0	0	0	0.175015	0.173497	0.17646	0.175016	0.1735	0.176467	0.175015	0.173497	0.17646	0.175016	0.1735	0.176467	1	1	10.4391	
10.0382	2	73	9.80672	2	33	9.80676	2	33	0	0	0	0.180034	0.178407	0.18157	0.180035	0.178407	0.181573	0.180034	0.178407	0.18157	0.180035	0.178407	0.181573	1	1	10.4355	
10.0914	2	73	9.83969	2	33	9.83973	2	33	0	0	0	0.185042	0.183203	0.186423	0.185042	0.183203	0.186427	0.185042	0.183203	0.186423	0.185042	0.183203	0.186427	1	1	10.4328	
10.1525	2	65	9.87747	2	34	9.87752	2	34	0	0	0	0.190052	0.188203	0.191317	0.190053	0.188203	0.19132	0.190052	0.188203	0.191317	0.190053	0.188203	0.19132	1	1	10.4291	
10.2244	2	77	9.92191	2	35	9.92194	2	35	0	0	0	0.195078	0.193557	0.196443	0.195078	0.193553	0.196447	0.195078	0.193557	0.196443	0.195078	0.193553	0.196447	1	1	10.4254	
10.3068	2	68	9.97451	2	38	9.97454	2	38	0	0	0	0.200077	0.19841	0.20126	0.200077	0.198407	0.201263	0.200077	0.19841	0.20126	0.200077	0.198407	0.201263	1	1	10.4224	
10.4064	2	87	10.0385	2	39	10.0385	2	39	0	0	0	0.20508	0.203317	0.206423	0.205081	0.203313	0.20642	0.20508	0.203317	0.206423	0.205081	0.203313	0.20642	1	1	10.4194	
10.5264	2	100	10.119	2	41	10.119	2	41	0	0	0	0.210069	0.20816	0.211343	0.210069	0.208157	0.21134	0.210069	0.20816	0.211343	0.210069	0.208157	0.21134	1	1	10.4168	
10.6741	2	91	10.218	2	44	10.218	2	44	0	0	0	0.215034	0.2131	0.21641	0.215033	0.213093	0.216407	0.215034	0.2131	0.21641	0.215033	0.213093	0.216407	1	1	10.4139	
10.868	2	92	10.3483	2	50	10.3483	2	50	0	0	0	0.220027	0.217907	0.22134	0.220027	0.2179	0.22135	0.220027	0.217907	0.22134	0.220027	0.2179	0.22135	1	1	10.4111	
11.1218	2	111	10.5263	2	54	10.5263	2	54	0	0	0	0.225021	0.222973	0.226473	0.225021	0.222967	0.22647	0.225021	0.222973	0.226473	0.225021	0.222967	0.22647	1	1	10.4096	
11.4839	2	118	10.7878	2	57	10.788	2	57	0	0	0	0.230021	0.22809	0.231733	0.23002	0.228083	0.23174	0.230021	0.22809	0.231733	0.23002	0.228083	0.23174	1	1	10.4081	
12.0411	2	127	11.2089	2	76	11.2093	2	76	0	0	0	0.235028	0.233103	0.23677	0.235026	0.233097	0.236777	0.235028	0.233103	0.23677	0.235026	0.233097	0.236777	1	1	10.4067	
13.0006	2	156	11.9806	2	90	11.9812	2	90	0	0	0	0.240018	0.238197	0.241943	0.240015	0.238193	0.24195	0.240018	0.238197	0.241943	0.240015	0.238193	0.24195	1	1	10.4058	
15.355	2	215	14.0307	2	136	14.0339	2	136	0	0	0	0.245024	0.242773	0.24693	0.245021	0.24277	0.246927	0.245024	0.242773	0.24693	0.245021	0.24277	0.246927	1	1	10.4042	
104.952	2	1755	103.055	2	1755	103.094	2	1755	0	0	0	0.24997	0.248531	0.251476	0.249944	0.248533	0.25147	0.24997	0.248531	0.251476	0.249944	0.248533	0.25147	1	1	10.4024	
2413.32	2	20434	2410.3	2	20434	2452.82	2	20816	0	0	0	0.25498	0.253557	0.256451	0.254013	0.249106	0.256446	0.25498	0.253557	0.256451	0.254013	0.249106	0.256446	1	1	10.4021	
