9.76166	2	20	9.75942	2	20	9.75979	2	20	0	0	0	0.00499391	0.00472	0.00529667	0.00499396	0.00472	0.00529667	0.00499391	0.00472	0.00529667	0.00499396	0.00472	0.00529667	1	1	10.7559	
9.75049	2	21	9.74599	2	21	9.74613	2	21	0	0	0	0.0100062	0.00967333	0.0105533	0.010006	0.00967333	0.0105533	0.0100062	0.00967333	0.0105533	0.010006	0.00967333	0.0105533	1	1	10.7394	
9.73619	2	21	9.72942	2	21	9.72955	2	21	0	0	0	0.0150311	0.0147333	0.0154867	0.015031	0.0147333	0.01549	0.0150311	0.0147333	0.0154867	0.015031	0.0147333	0.01549	1	1	10.719	
9.72721	2	21	9.71797	2	21	9.71808	2	21	0	0	0	0.020063	0.01956	0.0207733	0.0200629	0.01956	0.0207767	0.020063	0.01956	0.0207733	0.0200629	0.01956	0.0207767	1	1	10.7038	
9.71953	2	21	9.70761	2	21	9.70772	2	21	0	0	0	0.0250671	0.0246267	0.02574	0.0250668	0.0246233	0.0257433	0.0250671	0.0246267	0.02574	0.0250668	0.0246233	0.0257433	1	1	10.6895	
9.71043	2	22	9.69557	2	22	9.69567	2	22	0	0	0	0.0300682	0.02952	0.0307533	0.0300679	0.0295233	0.0307567	0.0300682	0.02952	0.0307533	0.0300679	0.0295233	0.0307567	1	1	10.6734	
9.703	2	22	9.68519	2	22	9.68527	2	22	0	0	0	0.0350706	0.03449	0.03577	0.0350703	0.0344933	0.0357767	0.0350706	0.03449	0.03577	0.0350703	0.0344933	0.0357767	1	1	10.6587	
9.6933	2	22	9.67256	2	22	9.6726	2	22	0	0	0	0.0400941	0.0393233	0.0409733	0.0400937	0.0393267	0.04098	0.0400941	0.0393233	0.0409733	0.0400937	0.0393267	0.04098	1	1	10.6418	
9.68873	2	23	9.66495	2	23	9.66499	2	23	0	0	0	0.0450691	0.0443367	0.0459767	0.0450686	0.04434	0.04597	0.0450691	0.0443367	0.0459767	0.0450686	0.04434	0.04597	1	1	10.6293	
9.68398	2	23	9.65689	2	23	9.65693	2	23	0	0	0	0.050078	0.0492567	0.05102	0.0500776	0.04926	0.0510167	0.050078	0.0492567	0.05102	0.0500776	0.04926	0.0510167	1	1	10.6162	
9.67906	2	23	9.64865	2	23	9.6487	2	23	0	0	0	0.055088	0.0542567	0.05612	0.0550874	0.05426	0.0561167	0.055088	0.0542567	0.05612	0.0550874	0.05426	0.0561167	1	1	10.6028	
9.67421	2	23	9.64036	2	23	9.64041	2	23	0	0	0	0.0600776	0.05914	0.0611567	0.0600774	0.05914	0.0611567	0.0600776	0.05914	0.0611567	0.0600774	0.05914	0.0611567	1	1	10.5893	
9.67302	2	23	9.63539	2	23	9.63544	2	23	0	0	0	0.0651088	0.0642067	0.0661033	0.0651089	0.0642067	0.0661033	0.0651088	0.0642067	0.0661033	0.0651089	0.0642067	0.0661033	1	1	10.5784	
9.67281	2	24	9.63147	2	24	9.63153	2	24	0	0	0	0.0700993	0.06919	0.0710567	0.0700991	0.0691867	0.0710567	0.0700993	0.06919	0.0710567	0.0700991	0.0691867	0.0710567	1	1	10.5686	
9.67274	2	24	9.62732	2	24	9.62738	2	24	0	0	0	0.0750704	0.0741733	0.0760867	0.0750703	0.07417	0.0760867	0.0750704	0.0741733	0.0760867	0.0750703	0.07417	0.0760867	1	1	10.558	
9.67519	2	24	9.62529	2	24	9.62534	2	24	0	0	0	0.0800622	0.07906	0.0811233	0.0800622	0.0790567	0.0811233	0.0800622	0.07906	0.0811233	0.0800622	0.0790567	0.0811233	1	1	10.5493	
9.67668	2	24	9.62258	2	24	9.62264	2	24	0	0	0	0.0850491	0.0840467	0.08615	0.0850492	0.0840433	0.08615	0.0850491	0.0840467	0.08615	0.0850492	0.0840433	0.08615	1	1	10.5396	
9.6806	2	24	9.62182	2	24	9.62187	2	24	0	0	0	0.0900403	0.08904	0.0911	0.0900401	0.0890367	0.0911	0.0900403	0.08904	0.0911	0.0900401	0.0890367	0.0911	1	1	10.5312	
9.68485	2	25	9.62107	2	25	9.62112	2	25	0	0	0	0.0950421	0.0939633	0.09615	0.095042	0.09396	0.09615	0.0950421	0.0939633	0.09615	0.095042	0.09396	0.09615	1	1	10.5225	
9.69124	2	25	9.62199	2	25	9.62205	2	25	0	0	0	0.100013	0.0988367	0.101037	0.100014	0.0988333	0.101037	0.100013	0.0988367	0.101037	0.100014	0.0988333	0.101037	1	1	10.5149	
9.6968	2	25	9.62197	2	25	9.62203	2	25	0	0	0	0.105002	0.10396	0.106083	0.105002	0.103957	0.106083	0.105002	0.10396	0.106083	0.105002	0.103957	0.106083	1	1	10.506	
9.70546	2	25	9.62463	2	25	9.62469	2	25	0	0	0	0.110025	0.108947	0.111093	0.110025	0.108943	0.111093	0.110025	0.108947	0.111093	0.110025	0.108943	0.111093	1	1	10.4989	
9.71556	2	26	9.62837	2	25	9.62842	2	25	0	0	0	0.115005	0.113947	0.116063	0.115005	0.113943	0.116063	0.115005	0.113947	0.116063	0.115005	0.113943	0.116063	1	1	10.4921	
9.72668	2	27	9.6327	2	27	9.63275	2	27	0	0	0	0.119998	0.118917	0.12105	0.119998	0.118917	0.12105	0.119998	0.118917	0.12105	0.119998	0.118917	0.12105	1	1	10.4852	
9.7383	2	28	9.63698	2	28	9.63704	2	28	0	0	0	0.124993	0.123957	0.126023	0.124993	0.123957	0.12602	0.124993	0.123957	0.126023	0.124993	0.123957	0.12602	1	1	10.4776	
9.75231	2	30	9.64344	2	28	9.64349	2	28	0	0	0	0.129989	0.128887	0.130963	0.129989	0.128887	0.130963	0.129989	0.128887	0.130963	0.129989	0.128887	0.130963	1	1	10.4713	
9.76861	2	31	9.65145	2	28	9.6515	2	28	0	0	0	0.134996	0.13394	0.136053	0.134996	0.133943	0.136053	0.134996	0.13394	0.136053	0.134996	0.133943	0.136053	1	1	10.465	
9.78729	2	31	9.66099	2	28	9.66103	2	28	0	0	0	0.139993	0.13878	0.140917	0.139994	0.138783	0.140917	0.139993	0.13878	0.140917	0.139994	0.138783	0.140917	1	1	10.4593	
9.8073	2	35	9.6717	2	28	9.67175	2	28	0	0	0	0.144979	0.143707	0.145863	0.14498	0.14371	0.14586	0.144979	0.143707	0.145863	0.14498	0.14371	0.14586	1	1	10.4536	
9.83013	2	38	9.6838	2	28	9.68385	2	28	0	0	0	0.149981	0.148657	0.151093	0.149982	0.14866	0.15109	0.149981	0.148657	0.151093	0.149982	0.14866	0.15109	1	1	10.4475	
9.85757	2	44	9.69972	2	28	9.69977	2	28	0	0	0	0.154962	0.1535	0.156267	0.154963	0.1535	0.156263	0.154962	0.1535	0.156267	0.154963	0.1535	0.156263	1	1	10.4434	
9.88713	2	38	9.71695	2	29	9.71699	2	29	0	0	0	0.159973	0.158617	0.16114	0.159974	0.15862	0.16114	0.159973	0.158617	0.16114	0.159974	0.15862	0.16114	1	1	10.4379	
9.92076	2	42	9.73727	2	29	9.73732	2	29	0	0	0	0.164998	0.16344	0.166243	0.164999	0.163443	0.166247	0.164998	0.16344	0.166243	0.164999	0.163443	0.166247	1	1	10.4333	
9.95574	2	42	9.75854	2	31	9.75858	2	31	0	0	0	0.170007	0.168467	0.171367	0.170008	0.16847	0.171367	0.170007	0.168467	0.171367	0.170008	0.16847	0.171367	1	1	10.4272	
9.99907	2	57	9.78532	2	31	9.78536	2	31	0	0	0	0.175015	0.173497	0.17646	0.175016	0.1735	0.176467	0.175015	0.173497	0.17646	0.175016	0.1735	0.176467	1	1	10.4223	
10.0479	2	73	9.81673	2	33	9.81677	2	33	0	0	0	0.180034	0.178407	0.18157	0.180035	0.178407	0.181573	0.180034	0.178407	0.18157	0.180035	0.178407	0.181573	1	1	10.4174	
10.1054	2	73	9.85398	2	33	9.85403	2	33	0	0	0	0.185042	0.183203	0.186423	0.185042	0.183203	0.186427	0.185042	0.183203	0.186423	0.185042	0.183203	0.186427	1	1	10.4135	
10.1721	2	65	9.89746	2	34	9.8975	2	34	0	0	0	0.190052	0.188203	0.191317	0.190053	0.188203	0.19132	0.190052	0.188203	0.191317	0.190053	0.188203	0.19132	1	1	10.4086	
10.2513	2	77	9.94916	2	35	9.94918	2	35	0	0	0	0.195078	0.193557	0.196443	0.195078	0.193553	0.196447	0.195078	0.193557	0.196443	0.195078	0.193553	0.196447	1	1	10.4034	
10.3438	2	68	10.0119	2	38	10.0119	2	38	0	0	0	0.200077	0.19841	0.20126	0.200077	0.198407	0.201263	0.200077	0.19841	0.20126	0.200077	0.198407	0.201263	1	1	10.399	
10.4572	2	87	10.0897	2	39	10.0897	2	39	0	0	0	0.20508	0.203317	0.206423	0.205081	0.203313	0.20642	0.20508	0.203317	0.206423	0.205081	0.203313	0.20642	1	1	10.3945	
10.5952	2	100	10.1883	2	41	10.1883	2	41	0	0	0	0.210069	0.20816	0.211343	0.210069	0.208157	0.21134	0.210069	0.20816	0.211343	0.210069	0.208157	0.21134	1	1	10.3904	
10.7684	2	91	10.3127	2	44	10.3127	2	44	0	0	0	0.215034	0.2131	0.21641	0.215033	0.213093	0.216407	0.215034	0.2131	0.21641	0.215033	0.213093	0.216407	1	1	10.3859	
10.9976	2	92	10.4784	2	50	10.4784	2	50	0	0	0	0.220027	0.217907	0.22134	0.220027	0.2179	0.22135	0.220027	0.217907	0.22134	0.220027	0.2179	0.22135	1	1	10.3816	
11.3078	2	111	10.7128	2	56	10.7129	2	56	0	0	0	0.225021	0.222973	0.226473	0.22502	0.222963	0.22647	0.225021	0.222973	0.226473	0.22502	0.222963	0.22647	1	1	10.3785	
11.7645	2	118	11.0689	2	66	11.0692	2	66	0	0	0	0.230021	0.22809	0.231733	0.230019	0.22808	0.23174	0.230021	0.22809	0.231733	0.230019	0.22808	0.23174	1	1	10.3752	
12.5044	2	127	11.6729	2	76	11.6734	2	76	0	0	0	0.235028	0.233103	0.23677	0.235025	0.233097	0.236777	0.235028	0.233103	0.23677	0.235025	0.233097	0.236777	1	1	10.3721	
13.8585	2	156	12.8391	2	107	12.8403	2	107	0	0	0	0.240018	0.238197	0.241943	0.240013	0.238193	0.24195	0.240018	0.238197	0.241943	0.240013	0.238193	0.24195	1	1	10.3694	
17.6222	2	215	16.2499	2	169	16.2509	2	169	0	0	0	0.245008	0.24338	0.246617	0.245008	0.24338	0.246613	0.245008	0.24338	0.246617	0.245008	0.24338	0.246613	1	1	10.3659	
159.859	2	1731	157.954	2	1731	158.015	2	1755	0	0	0	0.249992	0.248438	0.251934	0.249963	0.248444	0.251928	0.249992	0.248438	0.251934	0.249963	0.248444	0.251928	1	1	10.3624	
4667.17	2	20434	4664.15	2	20434	4741.41	2	20816	0	0	0	0.25498	0.253557	0.256451	0.253164	0.249106	0.256446	0.25498	0.253557	0.256451	0.253164	0.249106	0.256446	1	1	10.36	
