8.06541	1	25	8.06285	1	25	8.06285	1	25	0	0	0	0.00499391	0.00472	0.00529667	0.00499401	0.00472	0.00524667	0.00499391	0.00472	0.00529667	0.00499401	0.00472	0.00524667	1	1	9.06269	
8.06766	1	34	8.06316	1	34	8.06307	1	34	0	0	0	0.0100062	0.00967333	0.0105533	0.010006	0.0096	0.01031	0.0100062	0.00967333	0.0105533	0.010006	0.0096	0.01031	1	1	9.063	
8.07231	1	29	8.06507	1	29	8.06516	1	29	0	0	0	0.0150311	0.0147333	0.0154867	0.0150311	0.0146367	0.0154467	0.0150311	0.0147333	0.0154867	0.0150311	0.0146367	0.0154467	1	1	9.06479	
8.06163	1	33	8.05224	1	33	8.05228	1	33	0	0	0	0.020063	0.01956	0.0207733	0.0200629	0.0194933	0.0205167	0.020063	0.01956	0.0207733	0.0200629	0.0194933	0.0205167	1	1	9.05181	
8.07747	1	38	8.06541	1	38	8.06556	1	38	0	0	0	0.0250671	0.0246267	0.02574	0.0250669	0.0244367	0.0255833	0.0250671	0.0246267	0.02574	0.0250669	0.0244367	0.0255833	1	1	9.06487	
8.07031	1	33	8.05535	1	33	8.0555	1	33	0	0	0	0.0300682	0.02952	0.0307533	0.0300681	0.0291667	0.03084	0.0300682	0.02952	0.0307533	0.0300681	0.0291667	0.03084	1	1	9.05473	
8.0669	1	35	8.04875	1	35	8.04876	1	35	0	0	0	0.0350706	0.03449	0.03577	0.0350703	0.0343067	0.0357933	0.0350706	0.03449	0.03577	0.0350703	0.0343067	0.0357933	1	1	9.04797	
8.08862	1	42	8.06771	1	42	8.06782	1	42	0	0	0	0.0400941	0.0393233	0.0409733	0.0400936	0.0394	0.0410533	0.0400941	0.0393233	0.0409733	0.0400936	0.0394	0.0410533	1	1	9.06691	
8.08916	1	37	8.06487	1	37	8.06498	1	37	0	0	0	0.0450691	0.0443367	0.0459767	0.0450685	0.0441433	0.04607	0.0450691	0.0443367	0.0459767	0.0450685	0.0441433	0.04607	1	1	9.06382	
8.09836	1	48	8.07055	1	48	8.07062	1	48	0	0	0	0.050078	0.0492567	0.05102	0.0500774	0.0489633	0.05136	0.050078	0.0492567	0.05102	0.0500774	0.0489633	0.05136	1	1	9.06946	
8.09985	1	51	8.06861	1	51	8.06874	1	51	0	0	0	0.055088	0.0542567	0.05612	0.0550873	0.05379	0.0559233	0.055088	0.0542567	0.05612	0.0550873	0.05379	0.0559233	1	1	9.06736	
8.10799	1	40	8.07314	1	40	8.07322	1	40	0	0	0	0.0600776	0.05914	0.0611567	0.0600774	0.0592767	0.0609467	0.0600776	0.05914	0.0611567	0.0600774	0.0592767	0.0609467	1	1	9.07167	
8.113	1	48	8.07437	1	48	8.07447	1	48	0	0	0	0.0651088	0.0642067	0.0661033	0.065109	0.0637033	0.0663033	0.0651088	0.0642067	0.0661033	0.065109	0.0637033	0.0663033	1	1	9.07275	
8.11527	1	44	8.07283	1	44	8.07288	1	44	0	0	0	0.0700993	0.06919	0.0710567	0.0700992	0.0691467	0.0714033	0.0700993	0.06919	0.0710567	0.0700992	0.0691467	0.0714033	1	1	9.07101	
8.11253	1	51	8.06645	1	51	8.06651	1	51	0	0	0	0.0750704	0.0741733	0.0760867	0.0750699	0.0736733	0.07626	0.0750704	0.0741733	0.0760867	0.0750699	0.0736733	0.07626	1	1	9.06445	
8.12843	1	50	8.07807	1	50	8.07818	1	50	0	0	0	0.0800622	0.07906	0.0811233	0.0800618	0.0790433	0.0812	0.0800622	0.07906	0.0811233	0.0800618	0.0790433	0.0812	1	1	9.07587	
8.13762	1	53	8.08209	1	53	8.08216	1	53	0	0	0	0.0850491	0.0840467	0.08615	0.0850491	0.0832167	0.0863867	0.0850491	0.0840467	0.08615	0.0850491	0.0832167	0.0863867	1	1	9.07973	
8.14152	1	51	8.08162	1	51	8.08173	1	51	0	0	0	0.0900403	0.08904	0.0911	0.0900401	0.08826	0.09168	0.0900403	0.08904	0.0911	0.0900401	0.08826	0.09168	1	1	9.07905	
8.15183	1	56	8.08668	1	56	8.08679	1	56	0	0	0	0.0950421	0.0939633	0.09615	0.0950422	0.0931733	0.09621	0.0950421	0.0939633	0.09615	0.0950422	0.0931733	0.09621	1	1	9.08393	
8.15603	1	55	8.08611	1	55	8.08615	1	55	0	0	0	0.100013	0.0988367	0.101037	0.100013	0.0984067	0.101573	0.100013	0.0988367	0.101037	0.100013	0.0984067	0.101573	1	1	9.08309	
8.16709	1	66	8.09123	1	66	8.09134	1	66	0	0	0	0.105002	0.10396	0.106083	0.105002	0.10377	0.106223	0.105002	0.10396	0.106083	0.105002	0.10377	0.106223	1	1	9.08807	
8.1768	1	59	8.09576	1	59	8.09587	1	59	0	0	0	0.110025	0.108947	0.111093	0.110025	0.108903	0.11113	0.110025	0.108947	0.111093	0.110025	0.108903	0.11113	1	1	9.09227	
8.19217	1	60	8.10522	1	60	8.10536	1	60	0	0	0	0.115005	0.113947	0.116063	0.115005	0.113333	0.11632	0.115005	0.113947	0.116063	0.115005	0.113333	0.11632	1	1	9.10146	
8.20163	1	60	8.10833	1	60	8.10839	1	60	0	0	0	0.119998	0.118917	0.12105	0.119998	0.118567	0.121523	0.119998	0.118917	0.12105	0.119998	0.118567	0.121523	1	1	9.10432	
8.21575	1	76	8.11619	1	76	8.11627	1	76	0	0	0	0.124993	0.123957	0.126023	0.124993	0.123503	0.126233	0.124993	0.123957	0.126023	0.124993	0.123503	0.126233	1	1	9.11179	
8.22592	1	65	8.11948	1	64	8.1195	1	64	0	0	0	0.129989	0.128887	0.130963	0.129989	0.12839	0.13112	0.129989	0.128887	0.130963	0.129989	0.12839	0.13112	1	1	9.11482	
8.23006	1	75	8.11603	1	75	8.11608	1	75	0	0	0	0.134996	0.13394	0.136053	0.134996	0.133143	0.136907	0.134996	0.13394	0.136053	0.134996	0.133143	0.136907	1	1	9.11108	
8.25492	1	72	8.13187	1	72	8.13196	1	72	0	0	0	0.139993	0.13878	0.140917	0.139993	0.138077	0.141723	0.139993	0.13878	0.140917	0.139993	0.138077	0.141723	1	1	9.12652	
8.26366	1	72	8.13349	1	72	8.13356	1	72	0	0	0	0.144979	0.143707	0.145863	0.144979	0.14296	0.146677	0.144979	0.143707	0.145863	0.144979	0.14296	0.146677	1	1	9.12779	
8.28043	1	80	8.14164	1	80	8.14173	1	80	0	0	0	0.149981	0.148657	0.151093	0.149981	0.148527	0.151507	0.149981	0.148657	0.151093	0.149981	0.148527	0.151507	1	1	9.1354	
8.29945	1	100	8.15045	1	100	8.15054	1	100	0	0	0	0.154962	0.1535	0.156267	0.154963	0.15376	0.15669	0.154962	0.1535	0.156267	0.154963	0.15376	0.15669	1	1	9.14385	
8.31518	1	95	8.15748	1	93	8.15757	1	93	0	0	0	0.159973	0.158617	0.16114	0.159974	0.15738	0.161557	0.159973	0.158617	0.16114	0.159974	0.15738	0.161557	1	1	9.1505	
8.33337	1	88	8.16464	1	88	8.16468	1	88	0	0	0	0.164998	0.16344	0.166243	0.164997	0.163453	0.166563	0.164998	0.16344	0.166243	0.164997	0.163453	0.166563	1	1	9.15728	
8.35518	1	81	8.17479	1	81	8.17486	1	81	0	0	0	0.170007	0.168467	0.171367	0.170008	0.16839	0.171873	0.170007	0.168467	0.171367	0.170008	0.16839	0.171873	1	1	9.16683	
8.37575	1	110	8.18398	1	110	8.18406	1	110	0	0	0	0.175015	0.173497	0.17646	0.175015	0.172917	0.176657	0.175015	0.173497	0.17646	0.175015	0.172917	0.176657	1	1	9.17569	
8.39602	1	105	8.19073	1	105	8.19077	1	105	0	0	0	0.180034	0.178407	0.18157	0.180035	0.17819	0.18189	0.180034	0.178407	0.18157	0.180035	0.17819	0.18189	1	1	9.18191	
8.41822	1	91	8.19899	1	91	8.19907	1	91	0	0	0	0.185042	0.183203	0.186423	0.185042	0.18337	0.187337	0.185042	0.183203	0.186423	0.185042	0.18337	0.187337	1	1	9.18968	
8.44243	1	92	8.20879	1	92	8.20889	1	92	0	0	0	0.190052	0.188203	0.191317	0.190053	0.18822	0.192053	0.190052	0.188203	0.191317	0.190053	0.18822	0.192053	1	1	9.19881	
8.47275	1	111	8.2219	1	111	8.22197	1	111	0	0	0	0.195078	0.193557	0.196443	0.195078	0.193563	0.197107	0.195078	0.193557	0.196443	0.195078	0.193563	0.197107	1	1	9.21131	
8.49222	1	99	8.22527	1	99	8.22534	1	99	0	0	0	0.200077	0.19841	0.20126	0.200077	0.198443	0.201873	0.200077	0.19841	0.20126	0.200077	0.198443	0.201873	1	1	9.21385	
8.52599	1	112	8.24278	1	112	8.24296	1	112	0	0	0	0.20508	0.203317	0.206423	0.205081	0.203273	0.206963	0.20508	0.203317	0.206423	0.205081	0.203273	0.206963	1	1	9.23065	
8.55442	1	125	8.24962	1	125	8.24969	1	125	0	0	0	0.210069	0.20816	0.211343	0.21007	0.208513	0.211877	0.210069	0.20816	0.211343	0.21007	0.208513	0.211877	1	1	9.23676	
8.59336	1	127	8.26629	1	127	8.26639	1	127	0	0	0	0.215034	0.2131	0.21641	0.215033	0.213127	0.21675	0.215034	0.2131	0.21641	0.215033	0.213127	0.21675	1	1	9.25265	
8.62547	1	123	8.27566	1	122	8.27576	1	122	0	0	0	0.220027	0.217907	0.22134	0.220027	0.21832	0.22213	0.220027	0.217907	0.22134	0.220027	0.21832	0.22213	1	1	9.26122	
8.66582	1	118	8.2914	1	118	8.29147	1	118	0	0	0	0.225021	0.222973	0.226473	0.225021	0.223047	0.22685	0.225021	0.222973	0.226473	0.225021	0.223047	0.22685	1	1	9.27586	
8.71124	1	143	8.3049	1	139	8.30492	1	139	0	0	0	0.230021	0.22809	0.231733	0.23002	0.228273	0.23182	0.230021	0.22809	0.231733	0.23002	0.228273	0.23182	1	1	9.28837	
8.75872	1	126	8.31872	1	124	8.31881	1	124	0	0	0	0.235028	0.233103	0.23677	0.235028	0.233323	0.236933	0.235028	0.233103	0.23677	0.235028	0.233323	0.236933	1	1	9.30134	
8.81011	1	125	8.33605	1	124	8.33614	1	124	0	0	0	0.240018	0.238197	0.241943	0.240018	0.237453	0.24148	0.240018	0.238197	0.241943	0.240018	0.237453	0.24148	1	1	9.3174	
8.86239	1	144	8.34885	1	139	8.34897	1	139	0	0	0	0.245024	0.242773	0.24693	0.245024	0.242497	0.246907	0.245024	0.242773	0.24693	0.245024	0.242497	0.246907	1	1	9.32923	
8.92292	1	138	8.36455	1	131	8.36466	1	131	0	0	0	0.250034	0.247733	0.252193	0.250033	0.247883	0.252067	0.250034	0.247733	0.252193	0.250033	0.247883	0.252067	1	1	9.34349	
8.9952	1	152	8.38637	1	152	8.38644	1	152	0	0	0	0.255015	0.25275	0.257127	0.255015	0.25281	0.25668	0.255015	0.25275	0.257127	0.255015	0.25281	0.25668	1	1	9.36388	
9.07757	1	148	8.40537	1	148	8.40552	1	148	0	0	0	0.260024	0.257637	0.262147	0.260024	0.257493	0.261957	0.260024	0.257637	0.262147	0.260024	0.257493	0.261957	1	1	9.38145	
9.17041	1	175	8.42325	1	168	8.42342	1	168	0	0	0	0.265017	0.262427	0.26717	0.265018	0.26338	0.267013	0.265017	0.262427	0.26717	0.265018	0.26338	0.267013	1	1	9.39789	
9.2573	1	175	8.44032	1	175	8.44049	1	175	0	0	0	0.270019	0.26732	0.27215	0.27002	0.26759	0.272263	0.270019	0.26732	0.27215	0.27002	0.26759	0.272263	1	1	9.41322	
9.38655	1	150	8.46486	1	150	8.46501	1	150	0	0	0	0.275021	0.272227	0.277133	0.275022	0.27307	0.276763	0.275021	0.272227	0.277133	0.275022	0.27307	0.276763	1	1	9.43549	
9.52019	1	140	8.48964	1	139	8.48972	1	139	0	0	0	0.280024	0.27711	0.28227	0.280024	0.27721	0.282113	0.280024	0.27711	0.28227	0.280024	0.27721	0.282113	1	1	9.45862	
9.68027	1	188	8.51058	1	188	8.5107	1	188	0	0	0	0.284984	0.28202	0.2873	0.284985	0.2822	0.287197	0.284984	0.28202	0.2873	0.284985	0.2822	0.287197	1	1	9.47737	
9.89042	1	198	8.53094	1	196	8.53107	1	196	0	0	0	0.290004	0.28696	0.292427	0.290004	0.287737	0.29257	0.290004	0.28696	0.292427	0.290004	0.287737	0.29257	1	1	9.49579	
10.157	1	195	8.55738	1	189	8.55763	1	189	0	0	0	0.295023	0.291793	0.297347	0.295024	0.292803	0.297137	0.295023	0.291793	0.297347	0.295024	0.292803	0.297137	1	1	9.51913	
10.546	1	229	8.58467	1	200	8.58476	1	200	0	0	0	0.300015	0.296733	0.302347	0.300013	0.298	0.302437	0.300015	0.296733	0.302347	0.300013	0.298	0.302437	1	1	9.54373	
11.0665	1	337	8.6106	1	172	8.61066	1	172	0	0	0	0.30501	0.301723	0.30717	0.30501	0.30288	0.30692	0.30501	0.301723	0.30717	0.30501	0.30288	0.30692	1	1	9.56704	
12.0902	1	487	8.63759	1	204	8.63781	1	204	0	0	0	0.310018	0.306597	0.3122	0.310015	0.307753	0.31205	0.310018	0.306597	0.3122	0.310015	0.307753	0.31205	1	1	9.59021	
16.6354	1	1151	8.6718	1	211	8.67185	1	211	0	0	0	0.315038	0.31317	0.316772	0.31504	0.31245	0.316462	0.315038	0.31317	0.316772	0.31504	0.31245	0.316462	1	1	9.62093	
369.887	1	36923	8.69524	1	206	8.69518	1	206	0	0	0	0.320027	0.318237	0.321763	0.319827	0.318163	0.321844	0.320027	0.318237	0.321763	0.319827	0.318163	0.321844	1	1	9.64077	
