8.05911	1	24	8.05877	1	24	8.05878	1	24	0	0	0	0.00499391	0.00472	0.00529667	0.00499401	0.00472	0.00524667	0.00499391	0.00472	0.00529667	0.00499401	0.00472	0.00524667	1	1	9.05846	
8.05498	1	25	8.05436	1	25	8.05427	1	25	0	0	0	0.0100062	0.00967333	0.0105533	0.010006	0.0096	0.01031	0.0100062	0.00967333	0.0105533	0.010006	0.0096	0.01031	1	1	9.05394	
8.05209	1	22	8.05107	1	22	8.05115	1	22	0	0	0	0.0150311	0.0147333	0.0154867	0.0150311	0.0146367	0.0154467	0.0150311	0.0147333	0.0154867	0.0150311	0.0146367	0.0154467	1	1	9.05027	
8.03537	1	27	8.03411	1	27	8.03414	1	27	0	0	0	0.020063	0.01956	0.0207733	0.0200629	0.0194933	0.0205167	0.020063	0.01956	0.0207733	0.0200629	0.0194933	0.0205167	1	1	9.03314	
8.04249	1	27	8.04083	1	27	8.04098	1	27	0	0	0	0.0250671	0.0246267	0.02574	0.0250669	0.0244367	0.0255833	0.0250671	0.0246267	0.02574	0.0250669	0.0244367	0.0255833	1	1	9.03946	
8.03293	1	26	8.031	1	26	8.0311	1	26	0	0	0	0.0300682	0.02952	0.0307533	0.0300681	0.0291667	0.03084	0.0300682	0.02952	0.0307533	0.0300681	0.0291667	0.03084	1	1	9.02941	
8.01899	1	29	8.01658	1	29	8.01659	1	29	0	0	0	0.0350706	0.03449	0.03577	0.0350703	0.0343067	0.0357933	0.0350706	0.03449	0.03577	0.0350703	0.0343067	0.0357933	1	1	9.01471	
8.03332	1	28	8.03069	1	28	8.03081	1	28	0	0	0	0.0400941	0.0393233	0.0409733	0.0400936	0.0394	0.0410533	0.0400941	0.0393233	0.0409733	0.0400936	0.0394	0.0410533	1	1	9.02863	
8.02609	1	29	8.02296	1	29	8.02302	1	29	0	0	0	0.0450691	0.0443367	0.0459767	0.0450685	0.0441433	0.04607	0.0450691	0.0443367	0.0459767	0.0450685	0.0441433	0.04607	1	1	9.02056	
8.02593	1	31	8.02233	1	31	8.02241	1	31	0	0	0	0.050078	0.0492567	0.05102	0.0500774	0.0489633	0.05136	0.050078	0.0492567	0.05102	0.0500774	0.0489633	0.05136	1	1	9.01967	
8.02135	1	28	8.01737	1	28	8.01749	1	28	0	0	0	0.055088	0.0542567	0.05612	0.0550872	0.05379	0.0559233	0.055088	0.0542567	0.05612	0.0550872	0.05379	0.0559233	1	1	9.01443	
8.02016	1	32	8.01582	1	32	8.01589	1	32	0	0	0	0.0600776	0.05914	0.0611567	0.0600774	0.0592767	0.0609467	0.0600776	0.05914	0.0611567	0.0600774	0.0592767	0.0609467	1	1	9.01255	
8.01778	1	33	8.01316	1	33	8.0133	1	33	0	0	0	0.0651088	0.0642067	0.0661033	0.065109	0.0637033	0.0663033	0.0651088	0.0642067	0.0661033	0.065109	0.0637033	0.0663033	1	1	9.00975	
8.00994	1	28	8.00483	1	28	8.00489	1	28	0	0	0	0.0700993	0.06919	0.0710567	0.0700992	0.0691467	0.0714033	0.0700993	0.06919	0.0710567	0.0700992	0.0691467	0.0714033	1	1	9.00102	
8.00043	1	30	7.99491	1	30	7.99495	1	30	0	0	0	0.0750704	0.0741733	0.0760867	0.0750699	0.0736733	0.07626	0.0750704	0.0741733	0.0760867	0.0750699	0.0736733	0.07626	1	1	8.99069	
8.00866	1	33	8.00273	1	33	8.00283	1	33	0	0	0	0.0800622	0.07906	0.0811233	0.0800618	0.0790433	0.0812	0.0800622	0.07906	0.0811233	0.0800618	0.0790433	0.0812	1	1	8.99823	
8.00616	1	32	7.99962	1	32	7.99969	1	32	0	0	0	0.0850491	0.0840467	0.08615	0.0850491	0.0832167	0.0863867	0.0850491	0.0840467	0.08615	0.0850491	0.0832167	0.0863867	1	1	8.99475	
8.00082	1	32	7.99394	1	32	7.99405	1	32	0	0	0	0.0900403	0.08904	0.0911	0.0900399	0.08826	0.09168	0.0900403	0.08904	0.0911	0.0900399	0.08826	0.09168	1	1	8.98893	
8.00078	1	31	7.99343	1	31	7.99354	1	31	0	0	0	0.0950421	0.0939633	0.09615	0.0950422	0.0931733	0.09621	0.0950421	0.0939633	0.09615	0.0950422	0.0931733	0.09621	1	1	8.98806	
7.99563	1	34	7.98791	1	34	7.98794	1	34	0	0	0	0.100013	0.0988367	0.101037	0.100013	0.0984067	0.101573	0.100013	0.0988367	0.101037	0.100013	0.0984067	0.101573	1	1	8.98207	
7.99587	1	35	7.98748	1	35	7.9876	1	35	0	0	0	0.105002	0.10396	0.106083	0.105002	0.10377	0.106223	0.105002	0.10396	0.106083	0.105002	0.10377	0.106223	1	1	8.98145	
7.99459	1	32	7.98581	1	32	7.98592	1	32	0	0	0	0.110025	0.108947	0.111093	0.110025	0.108903	0.11113	0.110025	0.108947	0.111093	0.110025	0.108903	0.11113	1	1	8.97939	
8.00004	1	31	7.9908	1	31	7.99093	1	31	0	0	0	0.115005	0.113947	0.116063	0.115005	0.113333	0.11632	0.115005	0.113947	0.116063	0.115005	0.113333	0.11632	1	1	8.98404	
7.99707	1	39	7.98722	1	39	7.98726	1	39	0	0	0	0.119998	0.118917	0.12105	0.119998	0.11857	0.121523	0.119998	0.118917	0.12105	0.119998	0.11857	0.121523	1	1	8.98025	
7.99827	1	35	7.98778	1	35	7.98785	1	35	0	0	0	0.124993	0.123957	0.126023	0.124993	0.123503	0.126233	0.124993	0.123957	0.126023	0.124993	0.123503	0.126233	1	1	8.98027	
7.99557	1	34	7.98465	1	34	7.98467	1	34	0	0	0	0.129989	0.128887	0.130963	0.129989	0.12839	0.13112	0.129989	0.128887	0.130963	0.129989	0.12839	0.13112	1	1	8.97688	
7.98672	1	34	7.97521	1	34	7.97528	1	34	0	0	0	0.134996	0.13394	0.136053	0.134996	0.133147	0.136907	0.134996	0.13394	0.136053	0.134996	0.133147	0.136907	1	1	8.96699	
7.995	1	34	7.98272	1	34	7.98281	1	34	0	0	0	0.139993	0.13878	0.140917	0.139993	0.138077	0.141723	0.139993	0.13878	0.140917	0.139993	0.138077	0.141723	1	1	8.97419	
7.99198	1	33	7.97897	1	33	7.97905	1	33	0	0	0	0.144979	0.143707	0.145863	0.14498	0.14296	0.146677	0.144979	0.143707	0.145863	0.14498	0.14296	0.146677	1	1	8.97009	
7.99117	1	37	7.97801	1	37	7.97808	1	37	0	0	0	0.149981	0.148657	0.151093	0.149981	0.148527	0.151507	0.149981	0.148657	0.151093	0.149981	0.148527	0.151507	1	1	8.96868	
7.99628	1	34	7.98223	1	34	7.98231	1	34	0	0	0	0.154962	0.1535	0.156267	0.154963	0.15376	0.15669	0.154962	0.1535	0.156267	0.154963	0.15376	0.15669	1	1	8.97242	
7.99408	1	35	7.97988	1	35	7.97995	1	35	0	0	0	0.159973	0.158617	0.16114	0.159974	0.15738	0.161557	0.159973	0.158617	0.16114	0.159974	0.15738	0.161557	1	1	8.96983	
7.99627	1	35	7.98099	1	35	7.98105	1	35	0	0	0	0.164998	0.16344	0.166243	0.164998	0.16345	0.166563	0.164998	0.16344	0.166243	0.164998	0.16345	0.166563	1	1	8.9705	
7.99588	1	38	7.97976	1	38	7.97983	1	38	0	0	0	0.170007	0.168467	0.171367	0.170008	0.16839	0.171873	0.170007	0.168467	0.171367	0.170008	0.16839	0.171873	1	1	8.96889	
7.99911	1	35	7.9825	1	35	7.98259	1	35	0	0	0	0.175015	0.173497	0.17646	0.175015	0.172917	0.176657	0.175015	0.173497	0.17646	0.175015	0.172917	0.176657	1	1	8.97134	
7.99653	1	36	7.97918	1	36	7.97923	1	36	0	0	0	0.180034	0.178407	0.18157	0.180035	0.178193	0.18189	0.180034	0.178407	0.18157	0.180035	0.178193	0.18189	1	1	8.96754	
7.99567	1	37	7.97773	1	37	7.97781	1	37	0	0	0	0.185042	0.183203	0.186423	0.185043	0.18337	0.187337	0.185042	0.183203	0.186423	0.185043	0.18337	0.187337	1	1	8.96569	
7.99912	1	35	7.98035	1	35	7.98045	1	35	0	0	0	0.190052	0.188203	0.191317	0.190053	0.18822	0.192053	0.190052	0.188203	0.191317	0.190053	0.18822	0.192053	1	1	8.96789	
8.00289	1	38	7.98278	1	38	7.98287	1	38	0	0	0	0.195078	0.193557	0.196443	0.195078	0.193563	0.197107	0.195078	0.193557	0.196443	0.195078	0.193563	0.197107	1	1	8.97001	
8.00223	1	42	7.98158	1	42	7.98163	1	42	0	0	0	0.200077	0.19841	0.20126	0.200076	0.198443	0.201873	0.200077	0.19841	0.20126	0.200076	0.198443	0.201873	1	1	8.96848	
8.007	1	40	7.98565	1	40	7.98576	1	40	0	0	0	0.20508	0.203317	0.206423	0.205081	0.203273	0.206967	0.20508	0.203317	0.206423	0.205081	0.203273	0.206967	1	1	8.97204	
8.00386	1	40	7.98152	1	40	7.98156	1	40	0	0	0	0.210069	0.20816	0.211343	0.21007	0.20851	0.211873	0.210069	0.20816	0.211343	0.21007	0.20851	0.211873	1	1	8.96746	
8.00934	1	40	7.98643	1	40	7.98648	1	40	0	0	0	0.215034	0.2131	0.21641	0.215033	0.21313	0.21675	0.215034	0.2131	0.21641	0.215033	0.21313	0.21675	1	1	8.97204	
8.00756	1	42	7.98331	1	42	7.98338	1	42	0	0	0	0.220027	0.217907	0.22134	0.220027	0.21832	0.22213	0.220027	0.217907	0.22134	0.220027	0.21832	0.22213	1	1	8.96841	
8.01388	1	39	7.98878	1	39	7.98886	1	39	0	0	0	0.225021	0.222973	0.226473	0.225021	0.223047	0.226857	0.225021	0.222973	0.226473	0.225021	0.223047	0.226857	1	1	8.97338	
8.01376	1	36	7.98785	1	36	7.98788	1	36	0	0	0	0.230021	0.22809	0.231733	0.230021	0.228273	0.231823	0.230021	0.22809	0.231733	0.230021	0.228273	0.231823	1	1	8.97205	
8.01517	1	39	7.98824	1	39	7.9883	1	39	0	0	0	0.235028	0.233103	0.23677	0.235027	0.233323	0.236933	0.235028	0.233103	0.23677	0.235027	0.233323	0.236933	1	1	8.97213	
8.02109	1	42	7.99342	1	42	7.99347	1	42	0	0	0	0.240018	0.238197	0.241943	0.240017	0.237453	0.24148	0.240018	0.238197	0.241943	0.240017	0.237453	0.24148	1	1	8.97666	
8.02346	1	36	7.9946	1	36	7.99467	1	36	0	0	0	0.245024	0.242773	0.24693	0.245024	0.242493	0.24691	0.245024	0.242773	0.24693	0.245024	0.242493	0.24691	1	1	8.97738	
8.02434	1	39	7.99441	1	39	7.99448	1	39	0	0	0	0.250034	0.247733	0.252193	0.250033	0.247877	0.252067	0.250034	0.247733	0.252193	0.250033	0.247877	0.252067	1	1	8.97669	
8.031	1	41	7.99996	1	41	8.00002	1	41	0	0	0	0.255015	0.25275	0.257127	0.255015	0.252803	0.25668	0.255015	0.25275	0.257127	0.255015	0.252803	0.25668	1	1	8.98192	
8.03289	1	42	8.00102	1	42	8.00114	1	42	0	0	0	0.260024	0.257637	0.262147	0.260024	0.257493	0.26196	0.260024	0.257637	0.262147	0.260024	0.257493	0.26196	1	1	8.98259	
8.03676	1	40	8.00311	1	40	8.0032	1	40	0	0	0	0.265017	0.262427	0.26717	0.265018	0.263377	0.26701	0.265017	0.262427	0.26717	0.265018	0.263377	0.26701	1	1	8.98416	
8.04027	1	41	8.00566	1	41	8.00577	1	41	0	0	0	0.270019	0.26732	0.27215	0.270019	0.267583	0.27226	0.270019	0.26732	0.27215	0.270019	0.267583	0.27226	1	1	8.98625	
8.0461	1	37	8.01037	1	37	8.01044	1	37	0	0	0	0.275021	0.272227	0.277133	0.27502	0.273067	0.276773	0.275021	0.272227	0.277133	0.27502	0.273067	0.276773	1	1	8.99029	
8.0491	1	42	8.01186	1	42	8.01191	1	42	0	0	0	0.280024	0.27711	0.28227	0.280024	0.277207	0.282113	0.280024	0.27711	0.28227	0.280024	0.277207	0.282113	1	1	8.99129	
8.05348	1	40	8.01492	1	40	8.01497	1	40	0	0	0	0.284984	0.28202	0.2873	0.284984	0.282193	0.287197	0.284984	0.28202	0.2873	0.284984	0.282193	0.287197	1	1	8.99397	
8.05804	1	39	8.018	1	39	8.01807	1	39	0	0	0	0.290004	0.28696	0.292427	0.290004	0.287733	0.29257	0.290004	0.28696	0.292427	0.290004	0.287733	0.29257	1	1	8.99652	
8.06389	1	41	8.02197	1	41	8.02208	1	41	0	0	0	0.295023	0.291793	0.297347	0.295023	0.292807	0.297137	0.295023	0.291793	0.297347	0.295023	0.292807	0.297137	1	1	9.00016	
8.06756	1	42	8.02474	1	42	8.02482	1	42	0	0	0	0.300015	0.296733	0.302347	0.300014	0.298003	0.302443	0.300015	0.296733	0.302347	0.300014	0.298003	0.302443	1	1	9.00237	
8.06739	1	41	8.02271	1	41	8.02275	1	41	0	0	0	0.30501	0.301723	0.30717	0.30501	0.30288	0.306923	0.30501	0.301723	0.30717	0.30501	0.30288	0.306923	1	1	8.99969	
8.07629	1	38	8.03014	1	38	8.03019	1	38	0	0	0	0.310018	0.306597	0.3122	0.310018	0.30776	0.312047	0.310018	0.306597	0.3122	0.310018	0.30776	0.312047	1	1	9.00652	
8.08463	1	44	8.0368	1	44	8.03687	1	44	0	0	0	0.314986	0.311583	0.31721	0.314986	0.312487	0.317567	0.314986	0.311583	0.31721	0.314986	0.312487	0.317567	1	1	9.01267	
8.08783	1	41	8.03892	1	41	8.03897	1	41	0	0	0	0.319994	0.316567	0.322197	0.319994	0.317867	0.322393	0.319994	0.316567	0.322197	0.319994	0.317867	0.322393	1	1	9.01434	
8.09176	1	41	8.04123	1	41	8.04128	1	41	0	0	0	0.325005	0.321523	0.327163	0.325004	0.323033	0.327483	0.325005	0.321523	0.327163	0.325004	0.323033	0.327483	1	1	9.01607	
8.09746	1	42	8.04517	1	42	8.04524	1	42	0	0	0	0.329995	0.326493	0.332253	0.329996	0.327463	0.332523	0.329995	0.326493	0.332253	0.329996	0.327463	0.332523	1	1	9.0195	
8.10695	1	40	8.05179	1	40	8.05189	1	40	0	0	0	0.334995	0.331413	0.337203	0.334996	0.33268	0.337963	0.334995	0.331413	0.337203	0.334996	0.33268	0.337963	1	1	9.02558	
8.11139	1	40	8.05497	1	40	8.05503	1	40	0	0	0	0.340001	0.336503	0.34213	0.340001	0.33741	0.343217	0.340001	0.336503	0.34213	0.340001	0.33741	0.343217	1	1	9.02843	
8.11871	1	43	8.06028	1	43	8.06036	1	43	0	0	0	0.344977	0.34145	0.347093	0.344977	0.342383	0.346993	0.344977	0.34145	0.347093	0.344977	0.342383	0.346993	1	1	9.03293	
8.12323	1	41	8.06298	1	41	8.06302	1	41	0	0	0	0.349965	0.34621	0.35204	0.349965	0.347993	0.352593	0.349965	0.34621	0.35204	0.349965	0.347993	0.352593	1	1	9.03507	
8.12978	1	42	8.06771	1	42	8.06777	1	42	0	0	0	0.354962	0.351113	0.35706	0.354961	0.352463	0.357117	0.354962	0.351113	0.35706	0.354961	0.352463	0.357117	1	1	9.03915	
8.13696	1	41	8.07205	1	41	8.07213	1	41	0	0	0	0.359946	0.356217	0.362117	0.359946	0.35719	0.362783	0.359946	0.356217	0.362117	0.359946	0.35719	0.362783	1	1	9.0429	
8.14528	1	40	8.07898	1	40	8.07905	1	40	0	0	0	0.364961	0.361297	0.367087	0.364962	0.362843	0.367143	0.364961	0.361297	0.367087	0.364962	0.362843	0.367143	1	1	9.04929	
8.15145	1	41	8.08241	1	41	8.0825	1	41	0	0	0	0.369962	0.36614	0.37218	0.369963	0.36744	0.373097	0.369962	0.36614	0.37218	0.369963	0.36744	0.373097	1	1	9.05204	
8.15711	1	40	8.08622	1	40	8.08631	1	40	0	0	0	0.374957	0.371073	0.37707	0.374958	0.372847	0.377707	0.374957	0.371073	0.37707	0.374958	0.372847	0.377707	1	1	9.05527	
8.1641	1	42	8.09086	1	42	8.09094	1	42	0	0	0	0.379938	0.37607	0.382213	0.379938	0.378183	0.382487	0.379938	0.37607	0.382213	0.379938	0.378183	0.382487	1	1	9.05949	
8.17262	1	41	8.09707	1	41	8.09714	1	41	0	0	0	0.384944	0.381013	0.387093	0.384945	0.381993	0.387603	0.384944	0.381013	0.387093	0.384945	0.381993	0.387603	1	1	9.06508	
8.18056	1	49	8.10206	1	49	8.10215	1	49	0	0	0	0.389928	0.385823	0.39206	0.389928	0.386723	0.392453	0.389928	0.385823	0.39206	0.389928	0.386723	0.392453	1	1	9.06946	
8.18803	1	45	8.10596	1	43	8.10601	1	43	0	0	0	0.394923	0.390957	0.39708	0.394923	0.39288	0.397333	0.394923	0.390957	0.39708	0.394923	0.39288	0.397333	1	1	9.07261	
8.19482	1	45	8.11019	1	45	8.11029	1	45	0	0	0	0.399943	0.395987	0.40203	0.399944	0.39757	0.40215	0.399943	0.395987	0.40203	0.399944	0.39757	0.40215	1	1	9.07623	
8.20425	1	41	8.11682	1	41	8.11692	1	41	0	0	0	0.404934	0.400923	0.407463	0.404933	0.402303	0.40823	0.404934	0.400923	0.407463	0.404933	0.402303	0.40823	1	1	9.08237	
8.214	1	42	8.1232	1	42	8.12327	1	42	0	0	0	0.409933	0.406057	0.412473	0.409933	0.407947	0.41192	0.409933	0.406057	0.412473	0.409933	0.407947	0.41192	1	1	9.08816	
8.22244	1	44	8.12884	1	42	8.12889	1	42	0	0	0	0.414948	0.410933	0.41741	0.414947	0.411493	0.41845	0.414948	0.410933	0.41741	0.414947	0.411493	0.41845	1	1	9.09309	
8.23327	1	45	8.13584	1	45	8.1359	1	45	0	0	0	0.419968	0.415927	0.422297	0.419967	0.41781	0.42286	0.419968	0.415927	0.422297	0.419967	0.41781	0.42286	1	1	9.0994	
8.24266	1	43	8.14236	1	43	8.14241	1	43	0	0	0	0.424933	0.420963	0.427083	0.424933	0.422177	0.42812	0.424933	0.420963	0.427083	0.424933	0.422177	0.42812	1	1	9.10515	
8.24922	1	50	8.14549	1	50	8.14557	1	50	0	0	0	0.429919	0.42584	0.43224	0.429918	0.427207	0.432347	0.429919	0.42584	0.43224	0.429918	0.427207	0.432347	1	1	9.1079	
8.26008	1	42	8.15278	1	42	8.15285	1	42	0	0	0	0.4349	0.430777	0.437183	0.4349	0.431253	0.438057	0.4349	0.430777	0.437183	0.4349	0.431253	0.438057	1	1	9.1143	
8.2707	1	44	8.16004	1	44	8.16009	1	44	0	0	0	0.439918	0.435807	0.442153	0.439918	0.437333	0.442773	0.439918	0.435807	0.442153	0.439918	0.437333	0.442773	1	1	9.12088	
8.28015	1	44	8.16527	1	44	8.16536	1	44	0	0	0	0.444945	0.440747	0.447317	0.444945	0.442273	0.448197	0.444945	0.440747	0.447317	0.444945	0.442273	0.448197	1	1	9.12562	
8.29221	1	42	8.17317	1	42	8.1732	1	42	0	0	0	0.449951	0.445773	0.452347	0.44995	0.447467	0.453797	0.449951	0.445773	0.452347	0.44995	0.447467	0.453797	1	1	9.13256	
8.30233	1	43	8.17891	1	43	8.17901	1	43	0	0	0	0.454952	0.45091	0.45769	0.454951	0.452103	0.457203	0.454952	0.45091	0.45769	0.454951	0.452103	0.457203	1	1	9.1377	
8.31756	1	42	8.18934	1	42	8.18941	1	42	0	0	0	0.459963	0.455857	0.462693	0.459962	0.456583	0.462273	0.459963	0.455857	0.462693	0.459962	0.456583	0.462273	1	1	9.14748	
8.3256	1	43	8.1938	1	43	8.19388	1	43	0	0	0	0.464999	0.46081	0.467627	0.464999	0.462513	0.467833	0.464999	0.46081	0.467627	0.464999	0.462513	0.467833	1	1	9.15125	
8.33549	1	46	8.19787	1	46	8.19794	1	46	0	0	0	0.470001	0.46574	0.4725	0.47	0.466743	0.473037	0.470001	0.46574	0.4725	0.47	0.466743	0.473037	1	1	9.15473	
8.35024	1	45	8.20793	1	42	8.20801	1	42	0	0	0	0.47498	0.4707	0.477357	0.474978	0.471393	0.47723	0.47498	0.4707	0.477357	0.474978	0.471393	0.47723	1	1	9.16388	
8.3606	1	44	8.2147	1	44	8.21479	1	44	0	0	0	0.479986	0.475563	0.48226	0.479986	0.476847	0.48305	0.479986	0.475563	0.48226	0.479986	0.476847	0.48305	1	1	9.16988	
8.37485	1	43	8.22256	1	43	8.22266	1	43	0	0	0	0.484968	0.480527	0.48739	0.484967	0.481963	0.488067	0.484968	0.480527	0.48739	0.484967	0.481963	0.488067	1	1	9.1768	
8.38861	1	49	8.22992	1	49	8.22999	1	49	0	0	0	0.489984	0.4858	0.49218	0.489983	0.48767	0.492903	0.489984	0.4858	0.49218	0.489983	0.48767	0.492903	1	1	9.18359	
8.40162	1	55	8.23794	1	55	8.23801	1	55	0	0	0	0.495004	0.49079	0.497313	0.495004	0.49157	0.49714	0.495004	0.49079	0.497313	0.495004	0.49157	0.49714	1	1	9.19094	
8.41184	1	46	8.244	1	43	8.24407	1	43	0	0	0	0.5	0.495827	0.502247	0.499999	0.49689	0.502547	0.5	0.495827	0.502247	0.499999	0.49689	0.502547	1	1	9.19602	
8.43081	1	46	8.25403	1	44	8.2541	1	44	0	0	0	0.505012	0.500743	0.507327	0.505011	0.50149	0.507783	0.505012	0.500743	0.507327	0.505011	0.50149	0.507783	1	1	9.20523	
8.44177	1	44	8.26087	1	44	8.26092	1	44	0	0	0	0.510001	0.505623	0.51228	0.51	0.50674	0.51347	0.510001	0.505623	0.51228	0.51	0.50674	0.51347	1	1	9.21157	
8.45712	1	52	8.26936	1	46	8.26942	1	46	0	0	0	0.515003	0.510713	0.517367	0.515001	0.51233	0.518077	0.515003	0.510713	0.517367	0.515001	0.51233	0.518077	1	1	9.21911	
8.47314	1	46	8.27684	1	44	8.27693	1	44	0	0	0	0.519992	0.515693	0.52247	0.519992	0.51648	0.523423	0.519992	0.515693	0.52247	0.519992	0.51648	0.523423	1	1	9.22587	
8.48973	1	51	8.28622	1	51	8.28629	1	51	0	0	0	0.524983	0.520763	0.527543	0.524983	0.52086	0.528	0.524983	0.520763	0.527543	0.524983	0.52086	0.528	1	1	9.23425	
8.50609	1	51	8.29308	1	51	8.29315	1	51	0	0	0	0.530007	0.525883	0.53272	0.530006	0.527613	0.53322	0.530007	0.525883	0.53272	0.530006	0.527613	0.53322	1	1	9.2406	
8.52297	1	46	8.3028	1	42	8.30287	1	42	0	0	0	0.535012	0.53083	0.537613	0.535012	0.531747	0.53812	0.535012	0.53083	0.537613	0.535012	0.531747	0.53812	1	1	9.24907	
8.54076	1	46	8.31257	1	45	8.31263	1	45	0	0	0	0.540039	0.5359	0.542677	0.540038	0.53746	0.543487	0.540039	0.5359	0.542677	0.540038	0.53746	0.543487	1	1	9.25827	
8.55845	1	51	8.32162	1	45	8.32168	1	45	0	0	0	0.545036	0.54088	0.547587	0.545037	0.542023	0.548297	0.545036	0.54088	0.547587	0.545037	0.542023	0.548297	1	1	9.26648	
8.57409	1	51	8.3283	1	45	8.32835	1	45	0	0	0	0.550021	0.54579	0.552727	0.55002	0.54721	0.552843	0.550021	0.54579	0.552727	0.55002	0.54721	0.552843	1	1	9.27245	
8.59176	1	53	8.33704	1	53	8.33711	1	53	0	0	0	0.555002	0.550523	0.557777	0.555004	0.55234	0.558183	0.555002	0.550523	0.557777	0.555004	0.55234	0.558183	1	1	9.28034	
8.61404	1	52	8.34741	1	45	8.34749	1	45	0	0	0	0.560012	0.555857	0.56275	0.560011	0.556503	0.56264	0.560012	0.555857	0.56275	0.560011	0.556503	0.56264	1	1	9.28935	
8.63207	1	54	8.3587	1	51	8.3588	1	51	0	0	0	0.565034	0.560913	0.56781	0.565034	0.56082	0.56916	0.565034	0.560913	0.56781	0.565034	0.56082	0.56916	1	1	9.29987	
8.6578	1	48	8.36816	1	44	8.36826	1	44	0	0	0	0.570039	0.566027	0.572807	0.570039	0.5669	0.573603	0.570039	0.566027	0.572807	0.570039	0.5669	0.573603	1	1	9.30857	
8.67263	1	51	8.3767	1	44	8.37682	1	44	0	0	0	0.575031	0.57091	0.57767	0.57503	0.571353	0.578343	0.575031	0.57091	0.57767	0.57503	0.571353	0.578343	1	1	9.31623	
8.69758	1	51	8.38679	1	46	8.38687	1	46	0	0	0	0.580058	0.575917	0.582753	0.580059	0.57674	0.583823	0.580058	0.575917	0.582753	0.580059	0.57674	0.583823	1	1	9.32507	
8.72268	1	54	8.39921	1	48	8.3993	1	48	0	0	0	0.585059	0.581083	0.587723	0.585058	0.58155	0.588047	0.585059	0.581083	0.587723	0.585058	0.58155	0.588047	1	1	9.33687	
8.74331	1	50	8.40631	1	50	8.40637	1	50	0	0	0	0.590056	0.58606	0.59262	0.590056	0.5864	0.593213	0.590056	0.58606	0.59262	0.590056	0.5864	0.593213	1	1	9.34318	
8.76935	1	51	8.41809	1	49	8.41818	1	49	0	0	0	0.59505	0.591137	0.5976	0.595051	0.591937	0.59782	0.59505	0.591137	0.5976	0.595051	0.591937	0.59782	1	1	9.35378	
8.79688	1	56	8.42924	1	52	8.42933	1	52	0	0	0	0.600046	0.596187	0.602547	0.600045	0.59657	0.603757	0.600046	0.596187	0.602547	0.600045	0.59657	0.603757	1	1	9.364	
8.81771	1	56	8.43594	1	49	8.43599	1	49	0	0	0	0.605056	0.601253	0.60742	0.605055	0.60145	0.60809	0.605056	0.601253	0.60742	0.605055	0.60145	0.60809	1	1	9.36994	
8.84552	1	53	8.44743	1	49	8.4475	1	49	0	0	0	0.610057	0.606133	0.612123	0.610056	0.60622	0.61294	0.610057	0.606133	0.612123	0.610056	0.60622	0.61294	1	1	9.3801	
8.87792	1	56	8.46126	1	52	8.46135	1	52	0	0	0	0.615068	0.61134	0.617157	0.615068	0.60997	0.61846	0.615068	0.61134	0.617157	0.615068	0.60997	0.61846	1	1	9.39301	
8.90499	1	52	8.47165	1	51	8.47173	1	51	0	0	0	0.620061	0.616433	0.62212	0.62006	0.61741	0.622933	0.620061	0.616433	0.62212	0.62006	0.61741	0.622933	1	1	9.4027	
8.93272	1	60	8.48058	1	50	8.48067	1	50	0	0	0	0.62505	0.621447	0.627117	0.625049	0.622047	0.628363	0.62505	0.621447	0.627117	0.625049	0.622047	0.628363	1	1	9.41027	
8.96335	1	67	8.49361	1	52	8.49369	1	52	0	0	0	0.630067	0.626393	0.632107	0.630067	0.62729	0.633187	0.630067	0.626393	0.632107	0.630067	0.62729	0.633187	1	1	9.42204	
9.00115	1	56	8.5049	1	51	8.50496	1	51	0	0	0	0.635038	0.631577	0.637193	0.635037	0.631173	0.638313	0.635038	0.631577	0.637193	0.635037	0.631173	0.638313	1	1	9.43264	
9.04143	1	63	8.51605	1	52	8.51616	1	52	0	0	0	0.640027	0.636747	0.64215	0.640029	0.636873	0.64264	0.640027	0.636747	0.64215	0.640029	0.636873	0.64264	1	1	9.44291	
9.07958	1	69	8.52966	1	46	8.52974	1	46	0	0	0	0.64502	0.64182	0.647273	0.64502	0.641993	0.648493	0.64502	0.64182	0.647273	0.64502	0.641993	0.648493	1	1	9.45522	
9.11246	1	63	8.54243	1	50	8.54254	1	50	0	0	0	0.650013	0.6468	0.652227	0.650013	0.647417	0.653133	0.650013	0.6468	0.652227	0.650013	0.647417	0.653133	1	1	9.46657	
9.15102	1	68	8.54988	1	57	8.54997	1	57	0	0	0	0.655024	0.651857	0.657	0.655026	0.65137	0.657877	0.655024	0.651857	0.657	0.655026	0.65137	0.657877	1	1	9.47307	
9.19304	1	61	8.56178	1	53	8.56187	1	53	0	0	0	0.660002	0.656903	0.66187	0.660004	0.65646	0.66308	0.660002	0.656903	0.66187	0.660004	0.65646	0.66308	1	1	9.48407	
9.2388	1	62	8.57943	1	47	8.57953	1	47	0	0	0	0.665016	0.66176	0.6669	0.665016	0.66172	0.668137	0.665016	0.66176	0.6669	0.665016	0.66172	0.668137	1	1	9.50069	
9.29017	1	80	8.59161	1	53	8.59169	1	53	0	0	0	0.67002	0.666667	0.671793	0.670022	0.66636	0.673263	0.67002	0.666667	0.671793	0.670022	0.66636	0.673263	1	1	9.51176	
9.33504	1	68	8.60111	1	48	8.60117	1	48	0	0	0	0.675015	0.67167	0.676763	0.675015	0.670503	0.678153	0.675015	0.67167	0.676763	0.675015	0.670503	0.678153	1	1	9.51981	
9.38928	1	66	8.6184	1	47	8.6185	1	47	0	0	0	0.680023	0.6765	0.68189	0.680023	0.675543	0.68374	0.680023	0.6765	0.68189	0.680023	0.675543	0.68374	1	1	9.53591	
9.44576	1	66	8.62688	1	52	8.62693	1	52	0	0	0	0.684981	0.681483	0.686857	0.68498	0.68068	0.68799	0.684981	0.681483	0.686857	0.68498	0.68068	0.68799	1	1	9.54297	
9.51295	1	75	8.64282	1	60	8.64293	1	60	0	0	0	0.690009	0.686687	0.6919	0.690009	0.686367	0.69431	0.690009	0.686687	0.6919	0.690009	0.686367	0.69431	1	1	9.55814	
9.58272	1	71	8.65623	1	52	8.6563	1	52	0	0	0	0.695019	0.691787	0.696903	0.69502	0.691967	0.698467	0.695019	0.691787	0.696903	0.69502	0.691967	0.698467	1	1	9.57015	
9.64925	1	83	8.66974	1	53	8.66982	1	53	0	0	0	0.700013	0.697063	0.70203	0.700014	0.695247	0.704387	0.700013	0.697063	0.70203	0.700014	0.695247	0.704387	1	1	9.58264	
9.72165	1	78	8.6827	1	55	8.68276	1	55	0	0	0	0.70501	0.701873	0.706997	0.705011	0.700013	0.70774	0.70501	0.701873	0.706997	0.705011	0.700013	0.70774	1	1	9.59405	
9.80667	1	83	8.69799	1	54	8.69809	1	54	0	0	0	0.70999	0.70697	0.711967	0.709991	0.706857	0.716257	0.70999	0.70697	0.711967	0.709991	0.706857	0.716257	1	1	9.60797	
9.91793	1	76	8.71464	1	57	8.71472	1	57	0	0	0	0.715006	0.711693	0.716933	0.715006	0.71159	0.718747	0.715006	0.711693	0.716933	0.715006	0.71159	0.718747	1	1	9.62331	
10.0125	1	86	8.72741	1	54	8.72747	1	54	0	0	0	0.719997	0.71692	0.721913	0.719997	0.71744	0.72316	0.719997	0.71692	0.721913	0.719997	0.71744	0.72316	1	1	9.63438	
10.0998	1	90	8.73671	1	58	8.73678	1	58	0	0	0	0.724992	0.721873	0.726853	0.724988	0.71957	0.728423	0.724992	0.721873	0.726853	0.724988	0.71957	0.728423	1	1	9.6429	
10.2326	1	95	8.75837	1	55	8.75845	1	55	0	0	0	0.729996	0.726887	0.731893	0.729997	0.72652	0.73664	0.729996	0.726887	0.731893	0.729997	0.72652	0.73664	1	1	9.66278	
10.3663	1	119	8.77149	1	59	8.77158	1	59	0	0	0	0.734987	0.731967	0.736917	0.734986	0.7318	0.73792	0.734987	0.731967	0.736917	0.734986	0.7318	0.73792	1	1	9.67465	
10.5269	1	104	8.78944	1	57	8.78952	1	57	0	0	0	0.73998	0.736857	0.74184	0.739979	0.735653	0.743323	0.73998	0.736857	0.74184	0.739979	0.735653	0.743323	1	1	9.69056	
10.6976	1	98	8.80075	1	52	8.80088	1	52	0	0	0	0.744989	0.74181	0.746823	0.74499	0.74127	0.747657	0.744989	0.74181	0.746823	0.74499	0.74127	0.747657	1	1	9.70063	
10.9302	1	117	8.81751	1	62	8.8176	1	62	0	0	0	0.750013	0.74697	0.751997	0.750015	0.746883	0.753313	0.750013	0.74697	0.751997	0.750015	0.746883	0.753313	1	1	9.71564	
11.1656	1	121	8.83775	1	56	8.83782	1	56	0	0	0	0.755031	0.752057	0.757047	0.755033	0.7516	0.7588	0.755031	0.752057	0.757047	0.755033	0.7516	0.7588	1	1	9.73426	
11.4737	1	167	8.85048	1	55	8.85058	1	55	0	0	0	0.760017	0.75709	0.761897	0.760018	0.756087	0.7648	0.760017	0.75709	0.761897	0.760018	0.756087	0.7648	1	1	9.74562	
11.9603	1	251	8.86859	1	56	8.86864	1	56	0	0	0	0.764986	0.762083	0.766777	0.764986	0.761363	0.768953	0.764986	0.762083	0.766777	0.764986	0.761363	0.768953	1	1	9.76258	
12.5244	1	233	8.88771	1	64	8.88776	1	64	0	0	0	0.770007	0.767193	0.771797	0.770001	0.76568	0.773253	0.770007	0.767193	0.771797	0.770001	0.76568	0.773253	1	1	9.77951	
13.3526	1	239	8.90478	1	60	8.90489	1	60	0	0	0	0.774999	0.772357	0.77653	0.774999	0.77102	0.780037	0.774999	0.772357	0.77653	0.774999	0.77102	0.780037	1	1	9.79495	
14.8772	1	309	8.92515	1	63	8.92518	1	63	0	0	0	0.780033	0.777683	0.781185	0.780024	0.776883	0.78351	0.780033	0.777683	0.781185	0.780024	0.776883	0.78351	1	1	9.81372	
54.3498	1	3450	8.9407	1	69	8.94075	1	69	0	0	0	0.784981	0.783866	0.786266	0.784942	0.782673	0.787267	0.784981	0.783866	0.786266	0.784942	0.782673	0.787267	1	1	9.82704	
233.136	1	10784	8.96207	1	67	8.96197	1	67	0	0	0	0.789984	0.7889	0.79135	0.789736	0.787519	0.79148	0.789984	0.7889	0.79135	0.789736	0.787519	0.79148	1	1	9.84671	
