9.09515	1	20	9.09515	1	20	9.09545	1	20	0	0	0	0.00499391	0.00472	0.00529667	0.00499385	0.00472	0.00529667	0.00499391	0.00472	0.00529667	0.00499385	0.00472	0.00529667	1	1	10.0951	
9.08823	1	25	9.08815	1	25	9.08831	1	25	0	0	0	0.0100062	0.00967333	0.0105533	0.0100059	0.00967	0.0105533	0.0100062	0.00967333	0.0105533	0.0100059	0.00967	0.0105533	1	1	10.0881	
9.0866	1	25	9.08643	1	25	9.08652	1	25	0	0	0	0.0150311	0.0147333	0.0154867	0.0150309	0.0147333	0.01549	0.0150311	0.0147333	0.0154867	0.0150309	0.0147333	0.01549	1	1	10.0864	
9.0942	1	26	9.09393	1	26	9.09401	1	26	0	0	0	0.020063	0.01956	0.0207733	0.0200627	0.01956	0.0207767	0.020063	0.01956	0.0207733	0.0200627	0.01956	0.0207767	1	1	10.0939	
9.09317	1	26	9.09276	1	26	9.09283	1	26	0	0	0	0.0250671	0.0246267	0.02574	0.0250667	0.0246233	0.0257433	0.0250671	0.0246267	0.02574	0.0250667	0.0246233	0.0257433	1	1	10.0928	
9.09304	1	26	9.09247	1	26	9.09253	1	26	0	0	0	0.0300682	0.02952	0.0307533	0.0300679	0.0295233	0.0307567	0.0300682	0.02952	0.0307533	0.0300679	0.0295233	0.0307567	1	1	10.0925	
9.09489	1	30	9.09412	1	30	9.09422	1	30	0	0	0	0.0350706	0.03449	0.03577	0.0350703	0.0344933	0.0357733	0.0350706	0.03449	0.03577	0.0350703	0.0344933	0.0357733	1	1	10.0941	
9.09609	1	30	9.09509	1	30	9.09519	1	30	0	0	0	0.0400941	0.0393233	0.0409733	0.0400939	0.0393267	0.0409767	0.0400941	0.0393233	0.0409733	0.0400939	0.0393267	0.0409767	1	1	10.0951	
9.0992	1	30	9.09795	1	30	9.09806	1	30	0	0	0	0.0450691	0.0443367	0.0459767	0.0450689	0.04434	0.04597	0.0450691	0.0443367	0.0459767	0.0450689	0.04434	0.04597	1	1	10.0979	
9.10046	1	34	9.09893	1	34	9.09904	1	34	0	0	0	0.050078	0.0492567	0.05102	0.0500779	0.04926	0.0510167	0.050078	0.0492567	0.05102	0.0500779	0.04926	0.0510167	1	1	10.0989	
9.101	1	34	9.09915	1	34	9.09924	1	34	0	0	0	0.055088	0.0542567	0.05612	0.0550877	0.05426	0.0561167	0.055088	0.0542567	0.05612	0.0550877	0.05426	0.0561167	1	1	10.099	
9.10305	1	34	9.10084	1	34	9.10092	1	34	0	0	0	0.0600776	0.05914	0.0611567	0.0600774	0.05914	0.0611567	0.0600776	0.05914	0.0611567	0.0600774	0.05914	0.0611567	1	1	10.1007	
9.10441	1	34	9.10186	1	34	9.10195	1	34	0	0	0	0.0651088	0.0642067	0.0661033	0.065109	0.0642067	0.0661033	0.0651088	0.0642067	0.0661033	0.065109	0.0642067	0.0661033	1	1	10.1017	
9.10685	1	34	9.10385	1	34	9.10394	1	34	0	0	0	0.0700993	0.06919	0.0710567	0.0700994	0.0691833	0.0710567	0.0700993	0.06919	0.0710567	0.0700994	0.0691833	0.0710567	1	1	10.1037	
9.10834	1	34	9.10494	1	34	9.10504	1	34	0	0	0	0.0750704	0.0741733	0.0760867	0.0750707	0.0741733	0.0760867	0.0750704	0.0741733	0.0760867	0.0750707	0.0741733	0.0760867	1	1	10.1047	
9.10912	1	34	9.1052	1	34	9.10529	1	34	0	0	0	0.0800622	0.07906	0.0811233	0.0800628	0.0790533	0.0811233	0.0800622	0.07906	0.0811233	0.0800628	0.0790533	0.0811233	1	1	10.1049	
9.11136	1	34	9.10694	1	34	9.10703	1	34	0	0	0	0.0850491	0.0840467	0.08615	0.0850497	0.08404	0.08615	0.0850491	0.0840467	0.08615	0.0850497	0.08404	0.08615	1	1	10.1066	
9.11532	1	34	9.11033	1	34	9.11042	1	34	0	0	0	0.0900403	0.08904	0.0911	0.0900405	0.0890333	0.0911	0.0900403	0.08904	0.0911	0.0900405	0.0890333	0.0911	1	1	10.1099	
9.11756	1	34	9.11197	1	34	9.11206	1	34	0	0	0	0.0950421	0.0939633	0.09615	0.0950424	0.0939567	0.09615	0.0950421	0.0939633	0.09615	0.0950424	0.0939567	0.09615	1	1	10.1115	
9.12191	1	34	9.11569	1	34	9.11578	1	34	0	0	0	0.100013	0.0988367	0.101037	0.100014	0.09883	0.101037	0.100013	0.0988367	0.101037	0.100014	0.09883	0.101037	1	1	10.1151	
9.12494	1	34	9.11808	1	34	9.11816	1	34	0	0	0	0.105002	0.10396	0.106083	0.105002	0.103953	0.106087	0.105002	0.10396	0.106083	0.105002	0.103953	0.106087	1	1	10.1174	
9.13059	1	34	9.12301	1	34	9.12309	1	34	0	0	0	0.110025	0.108947	0.111093	0.110025	0.10894	0.111097	0.110025	0.108947	0.111093	0.110025	0.10894	0.111097	1	1	10.1223	
9.13416	1	34	9.12587	1	34	9.12596	1	34	0	0	0	0.115005	0.113947	0.116063	0.115005	0.11394	0.116067	0.115005	0.113947	0.116063	0.115005	0.11394	0.116067	1	1	10.125	
9.13739	1	34	9.12832	1	34	9.12841	1	34	0	0	0	0.119998	0.118917	0.12105	0.119998	0.118913	0.121053	0.119998	0.118917	0.12105	0.119998	0.118913	0.121053	1	1	10.1273	
9.14181	1	34	9.13191	1	34	9.13199	1	34	0	0	0	0.124993	0.123957	0.126023	0.124993	0.123953	0.126023	0.124993	0.123957	0.126023	0.124993	0.123953	0.126023	1	1	10.1308	
9.1464	1	36	9.13561	1	36	9.13569	1	36	0	0	0	0.129989	0.128887	0.130963	0.129989	0.128883	0.130967	0.129989	0.128887	0.130963	0.129989	0.128883	0.130967	1	1	10.1343	
9.15154	1	36	9.13979	1	36	9.13986	1	36	0	0	0	0.134996	0.13394	0.136053	0.134996	0.13394	0.136057	0.134996	0.13394	0.136053	0.134996	0.13394	0.136057	1	1	10.1383	
9.15716	1	36	9.14439	1	36	9.14446	1	36	0	0	0	0.139993	0.13878	0.140917	0.139994	0.13878	0.14092	0.139993	0.13878	0.140917	0.139994	0.13878	0.14092	1	1	10.1427	
9.16324	1	36	9.1494	1	36	9.14946	1	36	0	0	0	0.144979	0.143707	0.145863	0.14498	0.143707	0.14586	0.144979	0.143707	0.145863	0.14498	0.143707	0.14586	1	1	10.1475	
9.1698	1	36	9.15479	1	36	9.15485	1	36	0	0	0	0.149981	0.148657	0.151093	0.149981	0.148657	0.15109	0.149981	0.148657	0.151093	0.149981	0.148657	0.15109	1	1	10.1526	
9.17613	1	36	9.15995	1	36	9.16001	1	36	0	0	0	0.154962	0.1535	0.156267	0.154963	0.1535	0.156263	0.154962	0.1535	0.156267	0.154963	0.1535	0.156263	1	1	10.1575	
9.18205	1	46	9.16462	1	46	9.16468	1	46	0	0	0	0.159973	0.158617	0.16114	0.159974	0.158617	0.16114	0.159973	0.158617	0.16114	0.159974	0.158617	0.16114	1	1	10.1619	
9.18932	1	46	9.17052	1	46	9.17059	1	46	0	0	0	0.164998	0.16344	0.166243	0.164998	0.16344	0.166247	0.164998	0.16344	0.166243	0.164998	0.16344	0.166247	1	1	10.1675	
9.19574	1	46	9.17555	1	46	9.17561	1	46	0	0	0	0.170007	0.168467	0.171367	0.170008	0.168467	0.171367	0.170007	0.168467	0.171367	0.170008	0.168467	0.171367	1	1	10.1722	
9.2025	1	46	9.18088	1	46	9.18094	1	46	0	0	0	0.175015	0.173497	0.17646	0.175016	0.173497	0.176463	0.175015	0.173497	0.17646	0.175016	0.173497	0.176463	1	1	10.1772	
9.20981	1	46	9.18664	1	46	9.1867	1	46	0	0	0	0.180034	0.178407	0.18157	0.180035	0.178407	0.18157	0.180034	0.178407	0.18157	0.180035	0.178407	0.18157	1	1	10.1826	
9.21706	1	46	9.19233	1	46	9.19238	1	46	0	0	0	0.185042	0.183203	0.186423	0.185042	0.183203	0.186423	0.185042	0.183203	0.186423	0.185042	0.183203	0.186423	1	1	10.1879	
9.22436	1	46	9.198	1	46	9.19805	1	46	0	0	0	0.190052	0.188203	0.191317	0.190053	0.188203	0.191317	0.190052	0.188203	0.191317	0.190053	0.188203	0.191317	1	1	10.1931	
9.23208	1	50	9.20387	1	50	9.20391	1	50	0	0	0	0.195078	0.193557	0.196443	0.195078	0.193557	0.196443	0.195078	0.193557	0.196443	0.195078	0.193557	0.196443	1	1	10.1985	
9.24064	1	50	9.21059	1	50	9.21064	1	50	0	0	0	0.200077	0.19841	0.20126	0.200077	0.198407	0.20126	0.200077	0.19841	0.20126	0.200077	0.198407	0.20126	1	1	10.2047	
9.24981	1	50	9.21787	1	50	9.21791	1	50	0	0	0	0.20508	0.203317	0.206423	0.205081	0.203313	0.20642	0.20508	0.203317	0.206423	0.205081	0.203313	0.20642	1	1	10.2114	
9.25946	1	50	9.22542	1	50	9.22546	1	50	0	0	0	0.210069	0.20816	0.211343	0.210069	0.208157	0.21134	0.210069	0.20816	0.211343	0.210069	0.208157	0.21134	1	1	10.2183	
9.26936	1	62	9.23319	1	62	9.23323	1	62	0	0	0	0.215034	0.2131	0.21641	0.215033	0.213097	0.216407	0.215034	0.2131	0.21641	0.215033	0.213097	0.216407	1	1	10.2254	
9.2791	1	62	9.24055	1	62	9.24059	1	62	0	0	0	0.220027	0.217907	0.22134	0.220027	0.217903	0.221367	0.220027	0.217907	0.22134	0.220027	0.217903	0.221367	1	1	10.2321	
9.29036	1	62	9.24928	1	62	9.24932	1	62	0	0	0	0.225021	0.222973	0.226473	0.225021	0.22297	0.22647	0.225021	0.222973	0.226473	0.225021	0.22297	0.22647	1	1	10.24	
9.30262	1	62	9.25891	1	62	9.25895	1	62	0	0	0	0.230021	0.22809	0.231733	0.230021	0.228087	0.231757	0.230021	0.22809	0.231733	0.230021	0.228087	0.231757	1	1	10.2486	
9.31385	1	62	9.26734	1	62	9.26738	1	62	0	0	0	0.235028	0.233103	0.23677	0.235028	0.2331	0.236793	0.235028	0.233103	0.23677	0.235028	0.2331	0.236793	1	1	10.2562	
9.32654	1	63	9.27701	1	63	9.27705	1	63	0	0	0	0.240018	0.238197	0.241943	0.240018	0.238193	0.241967	0.240018	0.238197	0.241943	0.240018	0.238193	0.241967	1	1	10.2648	
9.34007	1	74	9.28742	1	74	9.28747	1	74	0	0	0	0.245024	0.242773	0.24693	0.245024	0.24277	0.246927	0.245024	0.242773	0.24693	0.245024	0.24277	0.246927	1	1	10.274	
9.35432	1	67	9.29833	1	67	9.29838	1	67	0	0	0	0.250034	0.247733	0.252193	0.250034	0.24773	0.252213	0.250034	0.247733	0.252193	0.250034	0.24773	0.252213	1	1	10.2836	
9.37015	1	67	9.31061	1	66	9.31067	1	66	0	0	0	0.255015	0.25275	0.257127	0.255015	0.252747	0.257147	0.255015	0.25275	0.257127	0.255015	0.252747	0.257147	1	1	10.2943	
9.3865	1	67	9.32301	1	66	9.32306	1	66	0	0	0	0.260024	0.257637	0.262147	0.260024	0.257633	0.26217	0.260024	0.257637	0.262147	0.260024	0.257633	0.26217	1	1	10.305	
9.40345	1	110	9.33592	1	110	9.33598	1	110	0	0	0	0.265017	0.262427	0.26717	0.265018	0.262423	0.267193	0.265017	0.262427	0.26717	0.265018	0.262423	0.267193	1	1	10.316	
9.42099	1	111	9.34894	1	111	9.349	1	111	0	0	0	0.270019	0.26732	0.27215	0.270019	0.267317	0.272173	0.270019	0.26732	0.27215	0.270019	0.267317	0.272173	1	1	10.3271	
9.44129	1	111	9.36427	1	111	9.36433	1	111	0	0	0	0.275021	0.272227	0.277133	0.275021	0.272223	0.27716	0.275021	0.272227	0.277133	0.275021	0.272223	0.27716	1	1	10.34	
9.46193	1	94	9.37962	1	94	9.37968	1	94	0	0	0	0.280024	0.27711	0.28227	0.280024	0.277103	0.282297	0.280024	0.27711	0.28227	0.280024	0.277103	0.282297	1	1	10.3526	
9.48359	1	94	9.39566	1	94	9.39573	1	94	0	0	0	0.284984	0.28202	0.2873	0.284984	0.282013	0.287327	0.284984	0.28202	0.2873	0.284984	0.282013	0.287327	1	1	10.3659	
9.50756	1	94	9.41337	1	94	9.41344	1	94	0	0	0	0.290004	0.28696	0.292427	0.290004	0.28695	0.292457	0.290004	0.28696	0.292427	0.290004	0.28695	0.292457	1	1	10.3799	
9.53483	1	127	9.43371	1	127	9.43379	1	127	0	0	0	0.295023	0.291793	0.297347	0.295023	0.291783	0.297377	0.295023	0.291793	0.297347	0.295023	0.291783	0.297377	1	1	10.396	
9.56231	1	126	9.45379	1	126	9.45386	1	126	0	0	0	0.300015	0.296733	0.302347	0.300015	0.296723	0.302377	0.300015	0.296733	0.302347	0.300015	0.296723	0.302377	1	1	10.4117	
9.5941	1	126	9.47719	1	126	9.47728	1	126	0	0	0	0.30501	0.301723	0.30717	0.305011	0.301713	0.3072	0.30501	0.301723	0.30717	0.305011	0.301713	0.3072	1	1	10.4294	
9.63162	1	110	9.50509	1	110	9.50516	1	110	0	0	0	0.310018	0.306597	0.3122	0.310018	0.306587	0.312227	0.310018	0.306597	0.3122	0.310018	0.306587	0.312227	1	1	10.45	
9.67176	1	130	9.53465	1	130	9.53472	1	130	0	0	0	0.314986	0.311583	0.31721	0.314987	0.311573	0.31724	0.314986	0.311583	0.31721	0.314987	0.311573	0.31724	1	1	10.4716	
9.7201	1	162	9.57037	1	162	9.57045	1	162	0	0	0	0.319994	0.316567	0.322197	0.319995	0.31656	0.322193	0.319994	0.316567	0.322197	0.319995	0.31656	0.322193	1	1	10.4956	
9.7759	1	148	9.61119	1	148	9.61128	1	148	0	0	0	0.325005	0.321523	0.327163	0.325006	0.321517	0.32716	0.325005	0.321523	0.327163	0.325006	0.321517	0.32716	1	1	10.5211	
9.8458	1	147	9.66208	1	147	9.66217	1	147	0	0	0	0.329995	0.326493	0.332253	0.329996	0.326487	0.33225	0.329995	0.326493	0.332253	0.329996	0.326487	0.33225	1	1	10.5504	
9.92587	1	194	9.72076	1	194	9.72085	1	194	0	0	0	0.334995	0.331413	0.337203	0.334997	0.331407	0.3372	0.334995	0.331413	0.337203	0.334997	0.331407	0.3372	1	1	10.5806	
10.0409	1	179	9.80571	1	179	9.8058	1	179	0	0	0	0.340001	0.336503	0.34213	0.340003	0.336497	0.342167	0.340001	0.336503	0.34213	0.340003	0.336497	0.342167	1	1	10.6166	
10.2025	1	196	9.9263	1	196	9.92645	1	196	0	0	0	0.344977	0.34145	0.347093	0.344979	0.341443	0.347123	0.344977	0.34145	0.347093	0.344979	0.341443	0.347123	1	1	10.6567	
10.5241	1	222	10.1827	1	222	10.1828	1	222	0	0	0	0.349965	0.34621	0.35204	0.349966	0.346203	0.352043	0.349965	0.34621	0.35204	0.349966	0.346203	0.352043	1	1	10.7018	
12.3379	1	223	11.8818	1	207	11.8831	1	207	0	0	0	0.355027	0.352035	0.356835	0.355031	0.352027	0.356888	0.355027	0.352035	0.356835	0.355031	0.352027	0.356888	1	1	10.752	
285.616	1	9756	284.954	1	9719	287.403	1	9778	0	0	0	0.360018	0.358071	0.361633	0.359866	0.35722	0.361627	0.360018	0.358071	0.361633	0.359866	0.35722	0.361627	1	1	10.8013	
