9.1217	1	22	9.12162	1	22	9.12157	1	22	0	0	0	0.00499391	0.00472	0.00529667	0.00499391	0.00471667	0.00522667	0.00499391	0.00472	0.00529667	0.00499391	0.00471667	0.00522667	1	1	10.1211	
9.11506	1	26	9.11482	1	26	9.11487	1	26	0	0	0	0.0100062	0.00967333	0.0105533	0.010006	0.00945333	0.0104833	0.0100062	0.00967333	0.0105533	0.010006	0.00945333	0.0104833	1	1	10.1138	
9.11979	1	28	9.11931	1	28	9.11942	1	28	0	0	0	0.0150311	0.0147333	0.0154867	0.0150308	0.0145267	0.0155167	0.0150311	0.0147333	0.0154867	0.0150308	0.0145267	0.0155167	1	1	10.1178	
9.12273	1	26	9.12209	1	26	9.12216	1	26	0	0	0	0.020063	0.01956	0.0207733	0.0200628	0.0196233	0.02067	0.020063	0.01956	0.0207733	0.0200628	0.0196233	0.02067	1	1	10.1199	
9.10606	1	27	9.10503	1	27	9.10508	1	27	0	0	0	0.0250671	0.0246267	0.02574	0.0250667	0.0243533	0.02574	0.0250671	0.0246267	0.02574	0.0250667	0.0243533	0.02574	1	1	10.1022	
9.11825	1	28	9.11697	1	28	9.11713	1	28	0	0	0	0.0300682	0.02952	0.0307533	0.0300679	0.02915	0.0307533	0.0300682	0.02952	0.0307533	0.0300679	0.02915	0.0307533	1	1	10.1137	
9.12237	1	27	9.12069	1	27	9.12078	1	27	0	0	0	0.0350706	0.03449	0.03577	0.0350701	0.0342967	0.0357467	0.0350706	0.03449	0.03577	0.0350701	0.0342967	0.0357467	1	1	10.117	
9.11841	1	28	9.11628	1	28	9.11625	1	28	0	0	0	0.0400941	0.0393233	0.0409733	0.0400934	0.0392633	0.0410633	0.0400941	0.0393233	0.0409733	0.0400934	0.0392633	0.0410633	1	1	10.1118	
9.12055	1	28	9.11805	1	28	9.11806	1	28	0	0	0	0.0450691	0.0443367	0.0459767	0.0450685	0.0440967	0.0460667	0.0450691	0.0443367	0.0459767	0.0450685	0.0440967	0.0460667	1	1	10.1131	
9.12519	1	28	9.12225	1	28	9.12226	1	28	0	0	0	0.050078	0.0492567	0.05102	0.0500777	0.0489867	0.0509467	0.050078	0.0492567	0.05102	0.0500777	0.0489867	0.0509467	1	1	10.1166	
9.12245	1	31	9.11894	1	31	9.11902	1	31	0	0	0	0.055088	0.0542567	0.05612	0.0550877	0.05382	0.0564	0.055088	0.0542567	0.05612	0.0550877	0.05382	0.0564	1	1	10.1127	
9.12355	1	29	9.11946	1	29	9.11956	1	29	0	0	0	0.0600776	0.05914	0.0611567	0.0600773	0.0591367	0.0608933	0.0600776	0.05914	0.0611567	0.0600773	0.0591367	0.0608933	1	1	10.1129	
9.12844	1	28	9.12366	1	28	9.12373	1	28	0	0	0	0.0651088	0.0642067	0.0661033	0.0651089	0.0641733	0.0659533	0.0651088	0.0642067	0.0661033	0.0651089	0.0641733	0.0659533	1	1	10.1163	
9.13433	1	30	9.12887	1	30	9.1289	1	30	0	0	0	0.0700993	0.06919	0.0710567	0.0700989	0.0692333	0.07124	0.0700993	0.06919	0.0710567	0.0700989	0.0692333	0.07124	1	1	10.1208	
9.133	1	30	9.1269	1	30	9.12698	1	30	0	0	0	0.0750704	0.0741733	0.0760867	0.0750704	0.0738833	0.0761033	0.0750704	0.0741733	0.0760867	0.0750704	0.0738833	0.0761033	1	1	10.1182	
9.14227	1	31	9.13525	1	31	9.1353	1	31	0	0	0	0.0800622	0.07906	0.0811233	0.0800618	0.0790433	0.0811033	0.0800622	0.07906	0.0811233	0.0800618	0.0790433	0.0811033	1	1	10.1258	
9.13979	1	35	9.13194	1	35	9.13198	1	35	0	0	0	0.0850491	0.0840467	0.08615	0.0850491	0.0842133	0.0862	0.0850491	0.0840467	0.08615	0.0850491	0.0842133	0.0862	1	1	10.1218	
9.14202	1	33	9.13331	1	33	9.13339	1	33	0	0	0	0.0900403	0.08904	0.0911	0.0900397	0.08875	0.0909933	0.0900403	0.08904	0.0911	0.0900397	0.08875	0.0909933	1	1	10.1227	
9.1435	1	31	9.13379	1	31	9.13385	1	31	0	0	0	0.0950421	0.0939633	0.09615	0.0950417	0.09368	0.0964133	0.0950421	0.0939633	0.09615	0.0950417	0.09368	0.0964133	1	1	10.1225	
9.15176	1	34	9.14116	1	34	9.14123	1	34	0	0	0	0.100013	0.0988367	0.101037	0.100013	0.0987633	0.10135	0.100013	0.0988367	0.101037	0.100013	0.0987633	0.10135	1	1	10.1291	
9.15055	1	35	9.139	1	35	9.13905	1	35	0	0	0	0.105002	0.10396	0.106083	0.105002	0.103513	0.10633	0.105002	0.10396	0.106083	0.105002	0.103513	0.10633	1	1	10.1264	
9.15437	1	36	9.14165	1	36	9.14175	1	36	0	0	0	0.110025	0.108947	0.111093	0.110025	0.108107	0.111597	0.110025	0.108947	0.111093	0.110025	0.108107	0.111597	1	1	10.1281	
9.1564	1	35	9.14251	1	35	9.14261	1	35	0	0	0	0.115005	0.113947	0.116063	0.115005	0.1141	0.116207	0.115005	0.113947	0.116063	0.115005	0.1141	0.116207	1	1	10.1285	
9.16456	1	36	9.14945	1	36	9.14955	1	36	0	0	0	0.119998	0.118917	0.12105	0.119998	0.118703	0.121427	0.119998	0.118917	0.12105	0.119998	0.118703	0.121427	1	1	10.1344	
9.16843	1	36	9.15205	1	36	9.15213	1	36	0	0	0	0.124993	0.123957	0.126023	0.124993	0.12373	0.126493	0.124993	0.123957	0.126023	0.124993	0.12373	0.126493	1	1	10.1361	
9.16655	1	38	9.14883	1	38	9.14888	1	38	0	0	0	0.129989	0.128887	0.130963	0.129988	0.12835	0.13113	0.129989	0.128887	0.130963	0.129988	0.12835	0.13113	1	1	10.1321	
9.17552	1	38	9.15621	1	38	9.15625	1	38	0	0	0	0.134996	0.13394	0.136053	0.134996	0.132933	0.136693	0.134996	0.13394	0.136053	0.134996	0.132933	0.136693	1	1	10.1389	
9.17815	1	41	9.15741	1	41	9.1575	1	41	0	0	0	0.139993	0.13878	0.140917	0.139994	0.13829	0.141893	0.139993	0.13878	0.140917	0.139994	0.13829	0.141893	1	1	10.1392	
9.18262	1	40	9.16032	1	40	9.16036	1	40	0	0	0	0.144979	0.143707	0.145863	0.14498	0.143657	0.146507	0.144979	0.143707	0.145863	0.14498	0.143657	0.146507	1	1	10.1411	
9.18787	1	36	9.16412	1	36	9.16423	1	36	0	0	0	0.149981	0.148657	0.151093	0.149981	0.14865	0.151907	0.149981	0.148657	0.151093	0.149981	0.14865	0.151907	1	1	10.1439	
9.19165	1	39	9.16589	1	39	9.16598	1	39	0	0	0	0.154962	0.1535	0.156267	0.154963	0.153323	0.15623	0.154962	0.1535	0.156267	0.154963	0.153323	0.15623	1	1	10.145	
9.19767	1	46	9.17011	1	46	9.17019	1	46	0	0	0	0.159973	0.158617	0.16114	0.159973	0.15876	0.162183	0.159973	0.158617	0.16114	0.159973	0.15876	0.162183	1	1	10.1486	
9.20572	1	46	9.17635	1	46	9.17643	1	46	0	0	0	0.164998	0.16344	0.166243	0.164998	0.163397	0.166963	0.164998	0.16344	0.166243	0.164998	0.163397	0.166963	1	1	10.1538	
9.21211	1	40	9.18066	1	40	9.18074	1	40	0	0	0	0.170007	0.168467	0.171367	0.170007	0.168247	0.171927	0.170007	0.168467	0.171367	0.170007	0.168247	0.171927	1	1	10.157	
9.21819	1	41	9.18467	1	41	9.18474	1	41	0	0	0	0.175015	0.173497	0.17646	0.175015	0.172533	0.176873	0.175015	0.173497	0.17646	0.175015	0.172533	0.176873	1	1	10.1601	
9.22551	1	45	9.19009	1	45	9.19019	1	45	0	0	0	0.180034	0.178407	0.18157	0.180036	0.177577	0.181467	0.180034	0.178407	0.18157	0.180036	0.177577	0.181467	1	1	10.1647	
9.23391	1	48	9.19599	1	48	9.19607	1	48	0	0	0	0.185042	0.183203	0.186423	0.185042	0.183467	0.18655	0.185042	0.183203	0.186423	0.185042	0.183467	0.18655	1	1	10.1694	
9.24355	1	52	9.20346	1	52	9.20352	1	52	0	0	0	0.190052	0.188203	0.191317	0.190053	0.18816	0.19162	0.190052	0.188203	0.191317	0.190053	0.18816	0.19162	1	1	10.1757	
9.25181	1	44	9.20874	1	44	9.20885	1	44	0	0	0	0.195078	0.193557	0.196443	0.195079	0.192843	0.196973	0.195078	0.193557	0.196443	0.195079	0.192843	0.196973	1	1	10.18	
9.2615	1	55	9.21577	1	55	9.21585	1	55	0	0	0	0.200077	0.19841	0.20126	0.200078	0.197993	0.202747	0.200077	0.19841	0.20126	0.200078	0.197993	0.202747	1	1	10.1856	
9.26592	1	48	9.21762	1	48	9.21768	1	48	0	0	0	0.20508	0.203317	0.206423	0.205081	0.20336	0.20681	0.20508	0.203317	0.206423	0.205081	0.20336	0.20681	1	1	10.1866	
9.27647	1	48	9.22495	1	48	9.22502	1	48	0	0	0	0.210069	0.20816	0.211343	0.21007	0.20815	0.21225	0.210069	0.20816	0.211343	0.21007	0.20815	0.21225	1	1	10.1924	
9.28486	1	60	9.23054	1	60	9.23058	1	60	0	0	0	0.215034	0.2131	0.21641	0.215033	0.21312	0.21702	0.215034	0.2131	0.21641	0.215033	0.21312	0.21702	1	1	10.1971	
9.29194	1	51	9.23422	1	51	9.23428	1	51	0	0	0	0.220027	0.217907	0.22134	0.220027	0.217693	0.222263	0.220027	0.217907	0.22134	0.220027	0.217693	0.222263	1	1	10.1999	
9.30621	1	49	9.24528	1	49	9.24531	1	49	0	0	0	0.225021	0.222973	0.226473	0.22502	0.221983	0.22655	0.225021	0.222973	0.226473	0.22502	0.221983	0.22655	1	1	10.2096	
9.31466	1	50	9.25015	1	50	9.25025	1	50	0	0	0	0.230021	0.22809	0.231733	0.230021	0.22783	0.231963	0.230021	0.22809	0.231733	0.230021	0.22783	0.231963	1	1	10.213	
9.32571	1	60	9.25733	1	60	9.25739	1	60	0	0	0	0.235028	0.233103	0.23677	0.235028	0.23281	0.236887	0.235028	0.233103	0.23677	0.235028	0.23281	0.236887	1	1	10.2185	
9.33387	1	55	9.26166	1	55	9.26169	1	55	0	0	0	0.240018	0.238197	0.241943	0.240017	0.238063	0.24148	0.240018	0.238197	0.241943	0.240017	0.238063	0.24148	1	1	10.2219	
9.3427	1	68	9.26648	1	68	9.26656	1	68	0	0	0	0.245024	0.242773	0.24693	0.245024	0.24309	0.24764	0.245024	0.242773	0.24693	0.245024	0.24309	0.24764	1	1	10.2252	
9.35699	1	62	9.27692	1	62	9.27699	1	62	0	0	0	0.250034	0.247733	0.252193	0.250034	0.24715	0.2518	0.250034	0.247733	0.252193	0.250034	0.24715	0.2518	1	1	10.234	
9.36874	1	49	9.28332	1	49	9.28341	1	49	0	0	0	0.255015	0.25275	0.257127	0.255015	0.253107	0.25739	0.255015	0.25275	0.257127	0.255015	0.253107	0.25739	1	1	10.2391	
9.38282	1	67	9.2929	1	67	9.293	1	67	0	0	0	0.260024	0.257637	0.262147	0.260024	0.25776	0.262623	0.260024	0.257637	0.262147	0.260024	0.25776	0.262623	1	1	10.247	
9.39596	1	57	9.30063	1	57	9.30069	1	57	0	0	0	0.265017	0.262427	0.26717	0.265017	0.262467	0.267103	0.265017	0.262427	0.26717	0.265017	0.262467	0.267103	1	1	10.2532	
9.4061	1	54	9.30501	1	54	9.30509	1	54	0	0	0	0.270019	0.26732	0.27215	0.270019	0.26814	0.27242	0.270019	0.26732	0.27215	0.270019	0.26814	0.27242	1	1	10.2562	
9.42024	1	75	9.31384	1	75	9.31395	1	75	0	0	0	0.275021	0.272227	0.277133	0.27502	0.272943	0.277543	0.275021	0.272227	0.277133	0.27502	0.272943	0.277543	1	1	10.2629	
9.43468	1	56	9.32228	1	55	9.32238	1	55	0	0	0	0.280024	0.27711	0.28227	0.280024	0.278147	0.282113	0.280024	0.27711	0.28227	0.280024	0.278147	0.282113	1	1	10.2697	
9.45201	1	61	9.33311	1	61	9.33321	1	61	0	0	0	0.284984	0.28202	0.2873	0.284984	0.2823	0.288273	0.284984	0.28202	0.2873	0.284984	0.2823	0.288273	1	1	10.2785	
9.4692	1	63	9.34341	1	63	9.3435	1	63	0	0	0	0.290004	0.28696	0.292427	0.290004	0.28735	0.292967	0.290004	0.28696	0.292427	0.290004	0.28735	0.292967	1	1	10.2868	
9.48425	1	65	9.35129	1	65	9.35136	1	65	0	0	0	0.295023	0.291793	0.297347	0.295024	0.292627	0.297247	0.295023	0.291793	0.297347	0.295024	0.292627	0.297247	1	1	10.2923	
9.50099	1	61	9.36048	1	61	9.36054	1	61	0	0	0	0.300015	0.296733	0.302347	0.300015	0.298043	0.30208	0.300015	0.296733	0.302347	0.300015	0.298043	0.30208	1	1	10.3	
9.52303	1	76	9.37359	1	76	9.37367	1	76	0	0	0	0.30501	0.301723	0.30717	0.305011	0.302953	0.307363	0.30501	0.301723	0.30717	0.305011	0.302953	0.307363	1	1	10.3106	
9.53902	1	77	9.38216	1	77	9.38227	1	77	0	0	0	0.310018	0.306597	0.3122	0.310018	0.306843	0.312293	0.310018	0.306597	0.3122	0.310018	0.306843	0.312293	1	1	10.3172	
9.5577	1	64	9.39035	1	64	9.39041	1	64	0	0	0	0.314986	0.311583	0.31721	0.314986	0.312713	0.317173	0.314986	0.311583	0.31721	0.314986	0.312713	0.317173	1	1	10.3229	
9.58254	1	65	9.40549	1	65	9.40557	1	65	0	0	0	0.319994	0.316567	0.322197	0.319995	0.31683	0.322777	0.319994	0.316567	0.322197	0.319995	0.31683	0.322777	1	1	10.3355	
9.60056	1	76	9.41339	1	76	9.41345	1	76	0	0	0	0.325005	0.321523	0.327163	0.325006	0.322047	0.327307	0.325005	0.321523	0.327163	0.325006	0.322047	0.327307	1	1	10.341	
9.62403	1	72	9.42509	1	72	9.42516	1	72	0	0	0	0.329995	0.326493	0.332253	0.329995	0.32785	0.332773	0.329995	0.326493	0.332253	0.329995	0.32785	0.332773	1	1	10.3501	
9.64497	1	93	9.43389	1	93	9.43395	1	93	0	0	0	0.334995	0.331413	0.337203	0.334995	0.33286	0.33714	0.334995	0.331413	0.337203	0.334995	0.33286	0.33714	1	1	10.3565	
9.67308	1	75	9.44889	1	75	9.449	1	75	0	0	0	0.340001	0.336503	0.34213	0.340002	0.337973	0.34263	0.340001	0.336503	0.34213	0.340002	0.337973	0.34263	1	1	10.3685	
9.69983	1	75	9.46138	1	75	9.46145	1	75	0	0	0	0.344977	0.34145	0.347093	0.344977	0.342753	0.347317	0.344977	0.34145	0.347093	0.344977	0.342753	0.347317	1	1	10.3781	
9.72638	1	78	9.47288	1	78	9.47297	1	78	0	0	0	0.349965	0.34621	0.35204	0.349966	0.347703	0.352373	0.349965	0.34621	0.35204	0.349966	0.347703	0.352373	1	1	10.3868	
9.75434	1	78	9.48371	1	78	9.48379	1	78	0	0	0	0.354962	0.351113	0.35706	0.354963	0.352413	0.35718	0.354962	0.351113	0.35706	0.354963	0.352413	0.35718	1	1	10.3941	
9.79272	1	122	9.50294	1	122	9.503	1	122	0	0	0	0.359946	0.356217	0.362117	0.359947	0.35623	0.362487	0.359946	0.356217	0.362117	0.359947	0.35623	0.362487	1	1	10.4092	
9.82327	1	76	9.51346	1	76	9.51359	1	76	0	0	0	0.364961	0.361297	0.367087	0.364961	0.36246	0.367733	0.364961	0.361297	0.367087	0.364961	0.36246	0.367733	1	1	10.4166	
9.85706	1	106	9.52636	1	106	9.52643	1	106	0	0	0	0.369962	0.36614	0.37218	0.369963	0.366787	0.37264	0.369962	0.36614	0.37218	0.369963	0.366787	0.37264	1	1	10.4256	
9.90018	1	79	9.54312	1	79	9.54319	1	79	0	0	0	0.374957	0.371073	0.37707	0.374957	0.372447	0.37817	0.374957	0.371073	0.37707	0.374957	0.372447	0.37817	1	1	10.4382	
9.94138	1	94	9.55892	1	94	9.55904	1	94	0	0	0	0.379938	0.37607	0.382213	0.379938	0.377473	0.382667	0.379938	0.37607	0.382213	0.379938	0.377473	0.382667	1	1	10.4504	
9.98453	1	90	9.57129	1	90	9.57136	1	90	0	0	0	0.384944	0.381013	0.387093	0.384945	0.382637	0.387613	0.384944	0.381013	0.387093	0.384945	0.382637	0.387613	1	1	10.4584	
10.0342	1	98	9.58729	1	98	9.58739	1	98	0	0	0	0.389928	0.385823	0.39206	0.389928	0.38702	0.392297	0.389928	0.385823	0.39206	0.389928	0.38702	0.392297	1	1	10.4692	
10.0939	1	106	9.60579	1	106	9.60592	1	106	0	0	0	0.394923	0.390957	0.39708	0.394923	0.391787	0.397487	0.394923	0.390957	0.39708	0.394923	0.391787	0.397487	1	1	10.4833	
10.1504	1	110	9.6219	1	108	9.62201	1	108	0	0	0	0.399943	0.395987	0.40203	0.399943	0.397153	0.402843	0.399943	0.395987	0.40203	0.399943	0.397153	0.402843	1	1	10.4949	
10.2213	1	122	9.63767	1	121	9.63776	1	121	0	0	0	0.404934	0.400923	0.407463	0.404933	0.402657	0.40676	0.404934	0.400923	0.407463	0.404933	0.402657	0.40676	1	1	10.5054	
10.2937	1	120	9.65792	1	108	9.65798	1	108	0	0	0	0.409933	0.406057	0.412473	0.409934	0.40711	0.412097	0.409933	0.406057	0.412473	0.409934	0.40711	0.412097	1	1	10.5199	
10.3841	1	105	9.67762	1	94	9.67769	1	94	0	0	0	0.414948	0.410933	0.41741	0.414949	0.412173	0.417667	0.414948	0.410933	0.41741	0.414949	0.412173	0.417667	1	1	10.5331	
10.5089	1	215	9.69479	1	107	9.69492	1	107	0	0	0	0.419968	0.415927	0.422297	0.419968	0.41817	0.422097	0.419968	0.415927	0.422297	0.419968	0.41817	0.422097	1	1	10.5444	
10.6149	1	121	9.71404	1	106	9.71411	1	106	0	0	0	0.424933	0.420963	0.427083	0.424931	0.421927	0.427867	0.424933	0.420963	0.427083	0.424931	0.421927	0.427867	1	1	10.557	
10.7947	1	164	9.73782	1	130	9.73785	1	130	0	0	0	0.429919	0.42584	0.43224	0.429917	0.42707	0.432883	0.429919	0.42584	0.43224	0.429917	0.42707	0.432883	1	1	10.5746	
11.0282	1	190	9.76205	1	114	9.76212	1	114	0	0	0	0.4349	0.430777	0.437183	0.434901	0.432207	0.437377	0.4349	0.430777	0.437183	0.434901	0.432207	0.437377	1	1	10.5904	
11.3314	1	283	9.78327	1	140	9.78343	1	140	0	0	0	0.439918	0.435807	0.442153	0.439916	0.437513	0.44256	0.439918	0.435807	0.442153	0.439916	0.437513	0.44256	1	1	10.603	
12.0088	1	359	9.80931	1	126	9.80939	1	126	0	0	0	0.444945	0.440747	0.447317	0.444944	0.4427	0.447707	0.444945	0.440747	0.447317	0.444944	0.4427	0.447707	1	1	10.6203	
14.213	1	813	9.83575	1	123	9.83584	1	123	0	0	0	0.449951	0.445773	0.452347	0.449952	0.447537	0.45257	0.449951	0.445773	0.452347	0.449952	0.447537	0.45257	1	1	10.6373	
340.976	1	15043	9.86284	1	132	9.86272	1	132	0	0	0	0.455021	0.453024	0.456959	0.454822	0.45275	0.456129	0.455021	0.453024	0.456959	0.454822	0.45275	0.456129	1	1	10.6538	
