9.15232	1	24	9.15212	1	24	9.15233	1	24	0	0	0	0.00499391	0.00472	0.00529667	0.00499391	0.00468333	0.00522	0.00499391	0.00472	0.00529667	0.00499391	0.00468333	0.00522	1	1	10.1515	
9.13122	1	26	9.13097	1	26	9.13095	1	26	0	0	0	0.0100062	0.00967333	0.0105533	0.0100061	0.00951	0.0104067	0.0100062	0.00967333	0.0105533	0.0100061	0.00951	0.0104067	1	1	10.1298	
9.11114	1	26	9.11075	1	26	9.11071	1	26	0	0	0	0.0150311	0.0147333	0.0154867	0.015031	0.01453	0.0153833	0.0150311	0.0147333	0.0154867	0.015031	0.01453	0.0153833	1	1	10.109	
9.12259	1	28	9.12198	1	28	9.12207	1	28	0	0	0	0.020063	0.01956	0.0207733	0.0200629	0.0195733	0.0206	0.020063	0.01956	0.0207733	0.0200629	0.0195733	0.0206	1	1	10.1197	
9.13152	1	26	9.13071	1	26	9.13083	1	26	0	0	0	0.0250671	0.0246267	0.02574	0.025067	0.0242167	0.02575	0.0250671	0.0246267	0.02574	0.025067	0.0242167	0.02575	1	1	10.1278	
9.12642	1	29	9.12518	1	29	9.12528	1	29	0	0	0	0.0300682	0.02952	0.0307533	0.0300678	0.0294367	0.0309933	0.0300682	0.02952	0.0307533	0.0300678	0.0294367	0.0309933	1	1	10.1218	
9.13051	1	28	9.12881	1	28	9.12886	1	28	0	0	0	0.0350706	0.03449	0.03577	0.0350705	0.03424	0.03611	0.0350706	0.03449	0.03577	0.0350705	0.03424	0.03611	1	1	10.1248	
9.13836	1	28	9.13624	1	28	9.13633	1	28	0	0	0	0.0400941	0.0393233	0.0409733	0.0400936	0.0392567	0.0410133	0.0400941	0.0393233	0.0409733	0.0400936	0.0392567	0.0410133	1	1	10.1315	
9.14005	1	28	9.13754	1	28	9.13759	1	28	0	0	0	0.0450691	0.0443367	0.0459767	0.0450685	0.04437	0.0457933	0.0450691	0.0443367	0.0459767	0.0450685	0.04437	0.0457933	1	1	10.1324	
9.13935	1	30	9.13627	1	30	9.13634	1	30	0	0	0	0.050078	0.0492567	0.05102	0.0500777	0.0491467	0.05086	0.050078	0.0492567	0.05102	0.0500777	0.0491467	0.05086	1	1	10.1304	
9.14678	1	30	9.1432	1	30	9.14328	1	30	0	0	0	0.055088	0.0542567	0.05612	0.0550874	0.05408	0.0560033	0.055088	0.0542567	0.05612	0.0550874	0.05408	0.0560033	1	1	10.1365	
9.14226	1	32	9.13814	1	32	9.13825	1	32	0	0	0	0.0600776	0.05914	0.0611567	0.0600776	0.05895	0.06138	0.0600776	0.05914	0.0611567	0.0600776	0.05895	0.06138	1	1	10.1309	
9.15271	1	34	9.14789	1	34	9.14792	1	34	0	0	0	0.0651088	0.0642067	0.0661033	0.0651087	0.0641133	0.0664733	0.0651088	0.0642067	0.0661033	0.0651087	0.0641133	0.0664733	1	1	10.1399	
9.14697	1	30	9.14134	1	30	9.14143	1	30	0	0	0	0.0700993	0.06919	0.0710567	0.0700991	0.0690233	0.0710733	0.0700993	0.06919	0.0710567	0.0700991	0.0690233	0.0710733	1	1	10.1329	
9.15461	1	32	9.14843	1	32	9.14849	1	32	0	0	0	0.0750704	0.0741733	0.0760867	0.0750699	0.07371	0.0761633	0.0750704	0.0741733	0.0760867	0.0750699	0.07371	0.0761633	1	1	10.1391	
9.1605	1	30	9.15322	1	30	9.15333	1	30	0	0	0	0.0800622	0.07906	0.0811233	0.0800621	0.07899	0.0810967	0.0800622	0.07906	0.0811233	0.0800621	0.07899	0.0810967	1	1	10.1431	
9.16487	1	32	9.15684	1	32	9.15694	1	32	0	0	0	0.0850491	0.0840467	0.08615	0.0850493	0.0839533	0.0858767	0.0850491	0.0840467	0.08615	0.0850493	0.0839533	0.0858767	1	1	10.1461	
9.16574	1	34	9.15669	1	34	9.15672	1	34	0	0	0	0.0900403	0.08904	0.0911	0.0900405	0.0887233	0.0910767	0.0900403	0.08904	0.0911	0.0900405	0.0887233	0.0910767	1	1	10.1453	
9.16217	1	36	9.15219	1	36	9.15229	1	36	0	0	0	0.0950421	0.0939633	0.09615	0.0950422	0.0939733	0.0963267	0.0950421	0.0939633	0.09615	0.0950422	0.0939733	0.0963267	1	1	10.14	
9.16894	1	36	9.15807	1	36	9.15816	1	36	0	0	0	0.100013	0.0988367	0.101037	0.100014	0.0987467	0.10123	0.100013	0.0988367	0.101037	0.100014	0.0987467	0.10123	1	1	10.1452	
9.16734	1	35	9.1553	1	35	9.15538	1	35	0	0	0	0.105002	0.10396	0.106083	0.105002	0.10395	0.106673	0.105002	0.10396	0.106083	0.105002	0.10395	0.106673	1	1	10.1417	
9.17232	1	37	9.15899	1	37	9.15905	1	37	0	0	0	0.110025	0.108947	0.111093	0.110025	0.1087	0.111423	0.110025	0.108947	0.111093	0.110025	0.1087	0.111423	1	1	10.1448	
9.18132	1	41	9.16663	1	41	9.16668	1	41	0	0	0	0.115005	0.113947	0.116063	0.115005	0.113733	0.11641	0.115005	0.113947	0.116063	0.115005	0.113733	0.11641	1	1	10.1514	
9.18361	1	36	9.16766	1	36	9.16777	1	36	0	0	0	0.119998	0.118917	0.12105	0.119998	0.118467	0.121537	0.119998	0.118917	0.12105	0.119998	0.118467	0.121537	1	1	10.1518	
9.18278	1	39	9.16567	1	39	9.16573	1	39	0	0	0	0.124993	0.123957	0.126023	0.124993	0.123717	0.126337	0.124993	0.123957	0.126023	0.124993	0.123717	0.126337	1	1	10.1487	
9.19328	1	36	9.17457	1	36	9.17462	1	36	0	0	0	0.129989	0.128887	0.130963	0.129989	0.128813	0.13223	0.129989	0.128887	0.130963	0.129989	0.128813	0.13223	1	1	10.1569	
9.20171	1	38	9.18148	1	38	9.18151	1	38	0	0	0	0.134996	0.13394	0.136053	0.134996	0.133313	0.13626	0.134996	0.13394	0.136053	0.134996	0.133313	0.13626	1	1	10.1628	
9.20867	1	41	9.18691	1	41	9.187	1	41	0	0	0	0.139993	0.13878	0.140917	0.139994	0.13859	0.14131	0.139993	0.13878	0.140917	0.139994	0.13859	0.14131	1	1	10.1673	
9.21572	1	40	9.19241	1	40	9.19248	1	40	0	0	0	0.144979	0.143707	0.145863	0.14498	0.143337	0.14677	0.144979	0.143707	0.145863	0.14498	0.143337	0.14677	1	1	10.172	
9.2236	1	48	9.19854	1	48	9.19865	1	48	0	0	0	0.149981	0.148657	0.151093	0.149981	0.14876	0.15099	0.149981	0.148657	0.151093	0.149981	0.14876	0.15099	1	1	10.177	
9.23014	1	36	9.2031	1	36	9.20319	1	36	0	0	0	0.154962	0.1535	0.156267	0.154962	0.153553	0.156657	0.154962	0.1535	0.156267	0.154962	0.153553	0.156657	1	1	10.1809	
9.23185	1	40	9.2029	1	40	9.20298	1	40	0	0	0	0.159973	0.158617	0.16114	0.159974	0.15826	0.161477	0.159973	0.158617	0.16114	0.159974	0.15826	0.161477	1	1	10.1797	
9.23954	1	43	9.20858	1	43	9.20864	1	43	0	0	0	0.164998	0.16344	0.166243	0.164998	0.16376	0.167857	0.164998	0.16344	0.166243	0.164998	0.16376	0.167857	1	1	10.1844	
9.24857	1	47	9.21556	1	47	9.21565	1	47	0	0	0	0.170007	0.168467	0.171367	0.170008	0.168083	0.171793	0.170007	0.168467	0.171367	0.170008	0.168083	0.171793	1	1	10.1904	
9.25038	1	52	9.2151	1	52	9.21514	1	52	0	0	0	0.175015	0.173497	0.17646	0.175015	0.173337	0.17696	0.175015	0.173497	0.17646	0.175015	0.173337	0.17696	1	1	10.1886	
9.26013	1	50	9.2225	1	50	9.22257	1	50	0	0	0	0.180034	0.178407	0.18157	0.180035	0.177517	0.182407	0.180034	0.178407	0.18157	0.180035	0.177517	0.182407	1	1	10.1951	
9.27378	1	50	9.23355	1	50	9.23359	1	50	0	0	0	0.185042	0.183203	0.186423	0.185042	0.183353	0.186333	0.185042	0.183203	0.186423	0.185042	0.183353	0.186333	1	1	10.2047	
9.27641	1	49	9.23349	1	49	9.23356	1	49	0	0	0	0.190052	0.188203	0.191317	0.190052	0.18859	0.191933	0.190052	0.188203	0.191317	0.190052	0.18859	0.191933	1	1	10.2037	
9.28721	1	52	9.24158	1	52	9.24162	1	52	0	0	0	0.195078	0.193557	0.196443	0.195078	0.193133	0.196557	0.195078	0.193557	0.196443	0.195078	0.193133	0.196557	1	1	10.2108	
9.29072	1	58	9.24258	1	58	9.24264	1	58	0	0	0	0.200077	0.19841	0.20126	0.200077	0.19824	0.202147	0.200077	0.19841	0.20126	0.200077	0.19824	0.202147	1	1	10.2107	
9.30881	1	52	9.25704	1	52	9.25706	1	52	0	0	0	0.20508	0.203317	0.206423	0.20508	0.203143	0.207567	0.20508	0.203317	0.206423	0.20508	0.203143	0.207567	1	1	10.2237	
9.31628	1	49	9.26171	1	49	9.26183	1	49	0	0	0	0.210069	0.20816	0.211343	0.210069	0.208593	0.211617	0.210069	0.20816	0.211343	0.210069	0.208593	0.211617	1	1	10.227	
9.32404	1	52	9.2665	1	52	9.26661	1	52	0	0	0	0.215034	0.2131	0.21641	0.215034	0.212047	0.216883	0.215034	0.2131	0.21641	0.215034	0.212047	0.216883	1	1	10.2307	
9.33442	1	55	9.27281	1	55	9.2729	1	55	0	0	0	0.220027	0.217907	0.22134	0.220027	0.218257	0.22138	0.220027	0.217907	0.22134	0.220027	0.218257	0.22138	1	1	10.2354	
9.34597	1	55	9.28075	1	55	9.28084	1	55	0	0	0	0.225021	0.222973	0.226473	0.225021	0.222833	0.226913	0.225021	0.222973	0.226473	0.225021	0.222833	0.226913	1	1	10.2423	
9.35717	1	56	9.28833	1	56	9.28837	1	56	0	0	0	0.230021	0.22809	0.231733	0.230021	0.22782	0.232077	0.230021	0.22809	0.231733	0.230021	0.22782	0.232077	1	1	10.2482	
9.36291	1	51	9.29012	1	50	9.29018	1	50	0	0	0	0.235028	0.233103	0.23677	0.235028	0.232273	0.237223	0.235028	0.233103	0.23677	0.235028	0.232273	0.237223	1	1	10.2484	
9.38007	1	60	9.30272	1	60	9.30281	1	60	0	0	0	0.240018	0.238197	0.241943	0.240018	0.237697	0.2416	0.240018	0.238197	0.241943	0.240018	0.237697	0.2416	1	1	10.2593	
9.38928	1	59	9.30731	1	59	9.30734	1	59	0	0	0	0.245024	0.242773	0.24693	0.245024	0.24219	0.24692	0.245024	0.242773	0.24693	0.245024	0.24219	0.24692	1	1	10.2626	
9.40933	1	50	9.32275	1	50	9.32285	1	50	0	0	0	0.250034	0.247733	0.252193	0.250034	0.248467	0.25235	0.250034	0.247733	0.252193	0.250034	0.248467	0.25235	1	1	10.2766	
9.41809	1	51	9.32637	1	51	9.32644	1	51	0	0	0	0.255015	0.25275	0.257127	0.255016	0.25342	0.257233	0.255015	0.25275	0.257127	0.255016	0.25342	0.257233	1	1	10.2783	
9.4305	1	54	9.33354	1	54	9.33359	1	54	0	0	0	0.260024	0.257637	0.262147	0.260023	0.258003	0.26272	0.260024	0.257637	0.262147	0.260023	0.258003	0.26272	1	1	10.2836	
9.45101	1	62	9.34798	1	62	9.34803	1	62	0	0	0	0.265017	0.262427	0.26717	0.265017	0.26298	0.267123	0.265017	0.262427	0.26717	0.265017	0.26298	0.267123	1	1	10.2964	
9.46215	1	67	9.35287	1	67	9.35296	1	67	0	0	0	0.270019	0.26732	0.27215	0.270019	0.267423	0.27237	0.270019	0.26732	0.27215	0.270019	0.267423	0.27237	1	1	10.2995	
9.47592	1	67	9.3608	1	67	9.36087	1	67	0	0	0	0.275021	0.272227	0.277133	0.275021	0.27306	0.276907	0.275021	0.272227	0.277133	0.275021	0.27306	0.276907	1	1	10.3056	
9.49092	1	83	9.3683	1	83	9.36839	1	83	0	0	0	0.280024	0.27711	0.28227	0.280024	0.277797	0.281813	0.280024	0.27711	0.28227	0.280024	0.277797	0.281813	1	1	10.3109	
9.50788	1	62	9.37852	1	62	9.37861	1	62	0	0	0	0.284984	0.28202	0.2873	0.284984	0.282567	0.287727	0.284984	0.28202	0.2873	0.284984	0.282567	0.287727	1	1	10.3193	
9.52944	1	63	9.39219	1	63	9.39229	1	63	0	0	0	0.290004	0.28696	0.292427	0.290005	0.28788	0.292413	0.290004	0.28696	0.292427	0.290005	0.28788	0.292413	1	1	10.3305	
9.54525	1	67	9.39972	1	67	9.3998	1	67	0	0	0	0.295023	0.291793	0.297347	0.295023	0.293197	0.29817	0.295023	0.291793	0.297347	0.295023	0.293197	0.29817	1	1	10.3358	
9.56429	1	62	9.41022	1	62	9.41034	1	62	0	0	0	0.300015	0.296733	0.302347	0.300015	0.297727	0.301737	0.300015	0.296733	0.302347	0.300015	0.297727	0.301737	1	1	10.3441	
9.58659	1	76	9.42305	1	76	9.42313	1	76	0	0	0	0.30501	0.301723	0.30717	0.305011	0.30247	0.30697	0.30501	0.301723	0.30717	0.305011	0.30247	0.30697	1	1	10.3542	
9.60492	1	77	9.43247	1	77	9.43258	1	77	0	0	0	0.310018	0.306597	0.3122	0.310019	0.30763	0.31213	0.310018	0.306597	0.3122	0.310019	0.30763	0.31213	1	1	10.3613	
9.62383	1	87	9.44122	1	87	9.44129	1	87	0	0	0	0.314986	0.311583	0.31721	0.314986	0.31246	0.316757	0.314986	0.311583	0.31721	0.314986	0.31246	0.316757	1	1	10.3678	
9.65212	1	79	9.45717	1	79	9.45725	1	79	0	0	0	0.319994	0.316567	0.322197	0.319994	0.31738	0.322213	0.319994	0.316567	0.322197	0.319994	0.31738	0.322213	1	1	10.3813	
9.68156	1	74	9.47307	1	74	9.47312	1	74	0	0	0	0.325005	0.321523	0.327163	0.325005	0.322923	0.327287	0.325005	0.321523	0.327163	0.325005	0.322923	0.327287	1	1	10.3935	
9.70317	1	75	9.4818	1	75	9.48191	1	75	0	0	0	0.329995	0.326493	0.332253	0.329996	0.327877	0.33154	0.329995	0.326493	0.332253	0.329996	0.327877	0.33154	1	1	10.3993	
9.72551	1	83	9.49166	1	83	9.49172	1	83	0	0	0	0.334995	0.331413	0.337203	0.334996	0.331783	0.337853	0.334995	0.331413	0.337203	0.334996	0.331783	0.337853	1	1	10.4063	
9.75454	1	81	9.50347	1	81	9.50354	1	81	0	0	0	0.340001	0.336503	0.34213	0.340002	0.337083	0.342167	0.340001	0.336503	0.34213	0.340002	0.337083	0.342167	1	1	10.4145	
9.7854	1	92	9.51846	1	92	9.51857	1	92	0	0	0	0.344977	0.34145	0.347093	0.344977	0.342623	0.348383	0.344977	0.34145	0.347093	0.344977	0.342623	0.348383	1	1	10.4261	
9.81352	1	80	9.52962	1	80	9.5297	1	80	0	0	0	0.349965	0.34621	0.35204	0.349966	0.34733	0.352807	0.349965	0.34621	0.35204	0.349966	0.34733	0.352807	1	1	10.4342	
9.85065	1	107	9.54553	1	107	9.54558	1	107	0	0	0	0.354962	0.351113	0.35706	0.354962	0.351613	0.357343	0.354962	0.351113	0.35706	0.354962	0.351613	0.357343	1	1	10.4459	
9.89148	1	78	9.56421	1	77	9.56429	1	77	0	0	0	0.359946	0.356217	0.362117	0.359947	0.356387	0.362333	0.359946	0.356217	0.362117	0.359947	0.356387	0.362333	1	1	10.4608	
9.93497	1	107	9.58213	1	107	9.58219	1	107	0	0	0	0.364961	0.361297	0.367087	0.364961	0.362823	0.368087	0.364961	0.361297	0.367087	0.364961	0.362823	0.368087	1	1	10.4739	
9.97428	1	96	9.59505	1	95	9.59514	1	95	0	0	0	0.369962	0.36614	0.37218	0.369964	0.367437	0.37265	0.369962	0.36614	0.37218	0.369964	0.367437	0.37265	1	1	10.4835	
10.021	1	91	9.61048	1	91	9.61056	1	91	0	0	0	0.374957	0.371073	0.37707	0.374957	0.3723	0.377537	0.374957	0.371073	0.37707	0.374957	0.3723	0.377537	1	1	10.4936	
10.0672	1	115	9.62651	1	115	9.6266	1	115	0	0	0	0.379938	0.37607	0.382213	0.379939	0.377993	0.38204	0.379938	0.37607	0.382213	0.379939	0.377993	0.38204	1	1	10.5053	
10.1246	1	93	9.64258	1	92	9.6427	1	92	0	0	0	0.384944	0.381013	0.387093	0.384945	0.38122	0.388533	0.384944	0.381013	0.387093	0.384945	0.38122	0.388533	1	1	10.5164	
10.1904	1	95	9.66155	1	95	9.66169	1	95	0	0	0	0.389928	0.385823	0.39206	0.389928	0.387097	0.39202	0.389928	0.385823	0.39206	0.389928	0.387097	0.39202	1	1	10.53	
10.261	1	91	9.68225	1	90	9.68233	1	90	0	0	0	0.394923	0.390957	0.39708	0.394924	0.3914	0.39796	0.394923	0.390957	0.39708	0.394924	0.3914	0.39796	1	1	10.5447	
10.3381	1	126	9.69549	1	94	9.69559	1	94	0	0	0	0.399943	0.395987	0.40203	0.399945	0.3973	0.402463	0.399943	0.395987	0.40203	0.399945	0.3973	0.402463	1	1	10.5521	
10.4407	1	133	9.72029	1	129	9.72039	1	129	0	0	0	0.404934	0.400923	0.407463	0.404933	0.401757	0.407377	0.404934	0.400923	0.407463	0.404933	0.401757	0.407377	1	1	10.5708	
10.555	1	153	9.7381	1	105	9.73819	1	105	0	0	0	0.409933	0.406057	0.412473	0.409933	0.406967	0.41243	0.409933	0.406057	0.412473	0.409933	0.406967	0.41243	1	1	10.5817	
10.675	1	147	9.75985	1	110	9.75996	1	110	0	0	0	0.414948	0.410933	0.41741	0.414949	0.411743	0.417883	0.414948	0.410933	0.41741	0.414949	0.411743	0.417883	1	1	10.5967	
10.8577	1	227	9.78267	1	104	9.78282	1	104	0	0	0	0.419968	0.415927	0.422297	0.419968	0.416943	0.42228	0.419968	0.415927	0.422297	0.419968	0.416943	0.42228	1	1	10.6112	
11.0747	1	233	9.80781	1	111	9.808	1	111	0	0	0	0.424933	0.420963	0.427083	0.424936	0.42125	0.42783	0.424933	0.420963	0.427083	0.424936	0.42125	0.42783	1	1	10.6285	
11.5401	1	288	9.8319	1	138	9.83201	1	138	0	0	0	0.429919	0.42584	0.43224	0.429917	0.42712	0.432467	0.429919	0.42584	0.43224	0.429917	0.42712	0.432467	1	1	10.6422	
11.9763	1	266	9.86008	1	104	9.86021	1	104	0	0	0	0.4349	0.430777	0.437183	0.434897	0.431907	0.438353	0.4349	0.430777	0.437183	0.434897	0.431907	0.438353	1	1	10.662	
14.6807	1	631	9.89222	1	122	9.8923	1	122	0	0	0	0.439918	0.435807	0.442153	0.439918	0.43666	0.442183	0.439918	0.435807	0.442153	0.439918	0.43666	0.442183	1	1	10.6821	
420.96	1	19297	9.91062	1	142	9.91076	1	142	0	0	0	0.445001	0.442979	0.446834	0.444811	0.443407	0.446214	0.445001	0.442979	0.446834	0.444811	0.443407	0.446214	1	1	10.692	
