8.05911	1	24	8.05877	1	24	8.05878	1	24	0	0	0	0.00499391	0.00472	0.00529667	0.00499401	0.00472	0.00524667	0.00499391	0.00472	0.00529667	0.00499401	0.00472	0.00524667	1	1	9.05846	
8.05498	1	25	8.05436	1	25	8.05427	1	25	0	0	0	0.0100062	0.00967333	0.0105533	0.010006	0.0096	0.01031	0.0100062	0.00967333	0.0105533	0.010006	0.0096	0.01031	1	1	9.05394	
8.05209	1	22	8.05107	1	22	8.05115	1	22	0	0	0	0.0150311	0.0147333	0.0154867	0.0150311	0.0146367	0.0154467	0.0150311	0.0147333	0.0154867	0.0150311	0.0146367	0.0154467	1	1	9.05027	
8.03537	1	27	8.03411	1	27	8.03414	1	27	0	0	0	0.020063	0.01956	0.0207733	0.0200629	0.0194933	0.0205167	0.020063	0.01956	0.0207733	0.0200629	0.0194933	0.0205167	1	1	9.03314	
8.04249	1	27	8.04083	1	27	8.04098	1	27	0	0	0	0.0250671	0.0246267	0.02574	0.0250669	0.0244367	0.0255833	0.0250671	0.0246267	0.02574	0.0250669	0.0244367	0.0255833	1	1	9.03946	
8.03293	1	26	8.031	1	26	8.0311	1	26	0	0	0	0.0300682	0.02952	0.0307533	0.0300681	0.0291667	0.03084	0.0300682	0.02952	0.0307533	0.0300681	0.0291667	0.03084	1	1	9.02941	
8.01899	1	29	8.01658	1	29	8.01659	1	29	0	0	0	0.0350706	0.03449	0.03577	0.0350703	0.0343067	0.0357933	0.0350706	0.03449	0.03577	0.0350703	0.0343067	0.0357933	1	1	9.01471	
8.03332	1	28	8.03069	1	28	8.03081	1	28	0	0	0	0.0400941	0.0393233	0.0409733	0.0400936	0.0394	0.0410533	0.0400941	0.0393233	0.0409733	0.0400936	0.0394	0.0410533	1	1	9.02863	
8.02609	1	29	8.02296	1	29	8.02302	1	29	0	0	0	0.0450691	0.0443367	0.0459767	0.0450685	0.0441433	0.04607	0.0450691	0.0443367	0.0459767	0.0450685	0.0441433	0.04607	1	1	9.02056	
8.02592	1	31	8.02233	1	31	8.02241	1	31	0	0	0	0.050078	0.0492567	0.05102	0.0500774	0.0489633	0.05136	0.050078	0.0492567	0.05102	0.0500774	0.0489633	0.05136	1	1	9.01967	
8.02135	1	28	8.01737	1	28	8.01749	1	28	0	0	0	0.055088	0.0542567	0.05612	0.0550872	0.05379	0.0559233	0.055088	0.0542567	0.05612	0.0550872	0.05379	0.0559233	1	1	9.01443	
8.02016	1	32	8.01582	1	32	8.01589	1	32	0	0	0	0.0600776	0.05914	0.0611567	0.0600774	0.0592767	0.0609467	0.0600776	0.05914	0.0611567	0.0600774	0.0592767	0.0609467	1	1	9.01255	
8.01778	1	33	8.01316	1	33	8.0133	1	33	0	0	0	0.0651088	0.0642067	0.0661033	0.065109	0.0637033	0.0663033	0.0651088	0.0642067	0.0661033	0.065109	0.0637033	0.0663033	1	1	9.00975	
8.00994	1	28	8.00483	1	28	8.00489	1	28	0	0	0	0.0700993	0.06919	0.0710567	0.0700992	0.0691467	0.0714033	0.0700993	0.06919	0.0710567	0.0700992	0.0691467	0.0714033	1	1	9.00102	
8.00042	1	30	7.99491	1	30	7.99495	1	30	0	0	0	0.0750704	0.0741733	0.0760867	0.0750699	0.0736733	0.07626	0.0750704	0.0741733	0.0760867	0.0750699	0.0736733	0.07626	1	1	8.99069	
8.00865	1	33	8.00272	1	33	8.00283	1	33	0	0	0	0.0800622	0.07906	0.0811233	0.0800618	0.0790433	0.0812	0.0800622	0.07906	0.0811233	0.0800618	0.0790433	0.0812	1	1	8.99823	
8.00616	1	32	7.99963	1	32	7.9997	1	32	0	0	0	0.0850491	0.0840467	0.08615	0.0850491	0.0832167	0.0863867	0.0850491	0.0840467	0.08615	0.0850491	0.0832167	0.0863867	1	1	8.99475	
8.00083	1	32	7.99396	1	32	7.99406	1	32	0	0	0	0.0900403	0.08904	0.0911	0.0900399	0.08826	0.09168	0.0900403	0.08904	0.0911	0.0900399	0.08826	0.09168	1	1	8.98895	
8.00077	1	31	7.99342	1	31	7.99353	1	31	0	0	0	0.0950421	0.0939633	0.09615	0.0950422	0.0931733	0.09621	0.0950421	0.0939633	0.09615	0.0950422	0.0931733	0.09621	1	1	8.98805	
7.99562	1	34	7.9879	1	34	7.98793	1	34	0	0	0	0.100013	0.0988367	0.101037	0.100013	0.0984067	0.101573	0.100013	0.0988367	0.101037	0.100013	0.0984067	0.101573	1	1	8.98206	
7.99586	1	35	7.98747	1	35	7.9876	1	35	0	0	0	0.105002	0.10396	0.106083	0.105002	0.10377	0.106223	0.105002	0.10396	0.106083	0.105002	0.10377	0.106223	1	1	8.98144	
7.9946	1	32	7.98582	1	32	7.98593	1	32	0	0	0	0.110025	0.108947	0.111093	0.110025	0.108903	0.11113	0.110025	0.108947	0.111093	0.110025	0.108903	0.11113	1	1	8.9794	
8.00004	1	31	7.99081	1	31	7.99094	1	31	0	0	0	0.115005	0.113947	0.116063	0.115005	0.113333	0.11632	0.115005	0.113947	0.116063	0.115005	0.113333	0.11632	1	1	8.98405	
7.99706	1	39	7.98721	1	39	7.98726	1	39	0	0	0	0.119998	0.118917	0.12105	0.119998	0.11857	0.121523	0.119998	0.118917	0.12105	0.119998	0.11857	0.121523	1	1	8.98024	
7.99827	1	35	7.98779	1	35	7.98786	1	35	0	0	0	0.124993	0.123957	0.126023	0.124993	0.123503	0.126233	0.124993	0.123957	0.126023	0.124993	0.123503	0.126233	1	1	8.98028	
7.99558	1	34	7.98467	1	34	7.98469	1	34	0	0	0	0.129989	0.128887	0.130963	0.129989	0.12839	0.13112	0.129989	0.128887	0.130963	0.129989	0.12839	0.13112	1	1	8.97689	
7.98672	1	34	7.97522	1	34	7.97529	1	34	0	0	0	0.134996	0.13394	0.136053	0.134996	0.133147	0.136907	0.134996	0.13394	0.136053	0.134996	0.133147	0.136907	1	1	8.967	
7.99495	1	34	7.98269	1	34	7.98278	1	34	0	0	0	0.139993	0.13878	0.140917	0.139993	0.138077	0.141723	0.139993	0.13878	0.140917	0.139993	0.138077	0.141723	1	1	8.97416	
7.99197	1	33	7.97898	1	33	7.97905	1	33	0	0	0	0.144979	0.143707	0.145863	0.14498	0.14296	0.146677	0.144979	0.143707	0.145863	0.14498	0.14296	0.146677	1	1	8.97009	
7.99113	1	37	7.97799	1	37	7.97806	1	37	0	0	0	0.149981	0.148657	0.151093	0.149981	0.148527	0.151507	0.149981	0.148657	0.151093	0.149981	0.148527	0.151507	1	1	8.96865	
7.99628	1	34	7.98226	1	34	7.98234	1	34	0	0	0	0.154962	0.1535	0.156267	0.154963	0.15376	0.15669	0.154962	0.1535	0.156267	0.154963	0.15376	0.15669	1	1	8.97244	
7.99405	1	35	7.97987	1	35	7.97994	1	35	0	0	0	0.159973	0.158617	0.16114	0.159974	0.15738	0.161557	0.159973	0.158617	0.16114	0.159974	0.15738	0.161557	1	1	8.96982	
7.99624	1	35	7.98099	1	35	7.98105	1	35	0	0	0	0.164998	0.16344	0.166243	0.164998	0.16345	0.166563	0.164998	0.16344	0.166243	0.164998	0.16345	0.166563	1	1	8.97049	
7.99582	1	38	7.97973	1	38	7.97981	1	38	0	0	0	0.170007	0.168467	0.171367	0.170008	0.16839	0.171873	0.170007	0.168467	0.171367	0.170008	0.16839	0.171873	1	1	8.96886	
7.99908	1	35	7.9825	1	35	7.9826	1	35	0	0	0	0.175015	0.173497	0.17646	0.175015	0.172917	0.176657	0.175015	0.173497	0.17646	0.175015	0.172917	0.176657	1	1	8.97134	
7.9965	1	36	7.97918	1	36	7.97923	1	36	0	0	0	0.180034	0.178407	0.18157	0.180035	0.178193	0.18189	0.180034	0.178407	0.18157	0.180035	0.178193	0.18189	1	1	8.96753	
7.99563	1	37	7.97774	1	37	7.97782	1	37	0	0	0	0.185042	0.183203	0.186423	0.185043	0.18337	0.187337	0.185042	0.183203	0.186423	0.185043	0.18337	0.187337	1	1	8.96569	
7.99903	1	35	7.98031	1	35	7.98041	1	35	0	0	0	0.190052	0.188203	0.191317	0.190053	0.18822	0.192053	0.190052	0.188203	0.191317	0.190053	0.18822	0.192053	1	1	8.96785	
8.00281	1	38	7.98275	1	38	7.98284	1	38	0	0	0	0.195078	0.193557	0.196443	0.195078	0.193563	0.197107	0.195078	0.193557	0.196443	0.195078	0.193563	0.197107	1	1	8.96997	
8.00217	1	42	7.98157	1	42	7.98163	1	42	0	0	0	0.200077	0.19841	0.20126	0.200076	0.198443	0.201873	0.200077	0.19841	0.20126	0.200076	0.198443	0.201873	1	1	8.96847	
8.0069	1	40	7.98562	1	40	7.98573	1	40	0	0	0	0.20508	0.203317	0.206423	0.205081	0.203273	0.206967	0.20508	0.203317	0.206423	0.205081	0.203273	0.206967	1	1	8.972	
8.00375	1	40	7.98149	1	40	7.98154	1	40	0	0	0	0.210069	0.20816	0.211343	0.21007	0.20851	0.211873	0.210069	0.20816	0.211343	0.21007	0.20851	0.211873	1	1	8.96742	
8.00922	1	40	7.9864	1	40	7.98645	1	40	0	0	0	0.215034	0.2131	0.21641	0.215033	0.21313	0.21675	0.215034	0.2131	0.21641	0.215033	0.21313	0.21675	1	1	8.97199	
8.0075	1	42	7.98334	1	42	7.98341	1	42	0	0	0	0.220027	0.217907	0.22134	0.220027	0.21832	0.22213	0.220027	0.217907	0.22134	0.220027	0.21832	0.22213	1	1	8.96843	
8.01371	1	39	7.9887	1	39	7.98878	1	39	0	0	0	0.225021	0.222973	0.226473	0.225021	0.223047	0.226857	0.225021	0.222973	0.226473	0.225021	0.223047	0.226857	1	1	8.97329	
8.01366	1	36	7.98788	1	36	7.98791	1	36	0	0	0	0.230021	0.22809	0.231733	0.230021	0.228273	0.231823	0.230021	0.22809	0.231733	0.230021	0.228273	0.231823	1	1	8.97206	
8.01504	1	39	7.98822	1	39	7.98828	1	39	0	0	0	0.235028	0.233103	0.23677	0.235027	0.233323	0.236933	0.235028	0.233103	0.23677	0.235027	0.233323	0.236933	1	1	8.97209	
8.02102	1	42	7.99349	1	42	7.99354	1	42	0	0	0	0.240018	0.238197	0.241943	0.240017	0.237453	0.24148	0.240018	0.238197	0.241943	0.240017	0.237453	0.24148	1	1	8.9767	
8.02329	1	36	7.99456	1	36	7.99463	1	36	0	0	0	0.245024	0.242773	0.24693	0.245024	0.242493	0.24691	0.245024	0.242773	0.24693	0.245024	0.242493	0.24691	1	1	8.97731	
8.02424	1	39	7.99447	1	39	7.99454	1	39	0	0	0	0.250034	0.247733	0.252193	0.250033	0.247877	0.252067	0.250034	0.247733	0.252193	0.250033	0.247877	0.252067	1	1	8.97673	
8.0307	1	41	7.99983	1	41	7.9999	1	41	0	0	0	0.255015	0.25275	0.257127	0.255015	0.252803	0.25668	0.255015	0.25275	0.257127	0.255015	0.252803	0.25668	1	1	8.98176	
8.0328	1	44	8.00113	1	44	8.00125	1	44	0	0	0	0.260024	0.257637	0.262147	0.260024	0.257493	0.26196	0.260024	0.257637	0.262147	0.260024	0.257493	0.26196	1	1	8.98267	
8.03665	1	40	8.0032	1	40	8.00328	1	40	0	0	0	0.265017	0.262427	0.26717	0.265018	0.263377	0.26701	0.265017	0.262427	0.26717	0.265018	0.263377	0.26701	1	1	8.98421	
8.04008	1	41	8.00569	1	41	8.00579	1	41	0	0	0	0.270019	0.26732	0.27215	0.270019	0.267583	0.27226	0.270019	0.26732	0.27215	0.270019	0.267583	0.27226	1	1	8.98624	
8.04586	1	37	8.01037	1	37	8.01044	1	37	0	0	0	0.275021	0.272227	0.277133	0.27502	0.273067	0.276773	0.275021	0.272227	0.277133	0.27502	0.273067	0.276773	1	1	8.99026	
8.04884	1	42	8.01186	1	42	8.01191	1	42	0	0	0	0.280024	0.27711	0.28227	0.280024	0.277207	0.282113	0.280024	0.27711	0.28227	0.280024	0.277207	0.282113	1	1	8.99125	
8.05323	1	40	8.01496	1	40	8.01501	1	40	0	0	0	0.284984	0.28202	0.2873	0.284984	0.282193	0.287197	0.284984	0.28202	0.2873	0.284984	0.282193	0.287197	1	1	8.99396	
8.05774	1	39	8.01799	1	39	8.01805	1	39	0	0	0	0.290004	0.28696	0.292427	0.290004	0.287733	0.29257	0.290004	0.28696	0.292427	0.290004	0.287733	0.29257	1	1	8.99645	
8.06358	1	41	8.02198	1	41	8.02208	1	41	0	0	0	0.295023	0.291793	0.297347	0.295023	0.292807	0.297137	0.295023	0.291793	0.297347	0.295023	0.292807	0.297137	1	1	9.0001	
8.06727	1	42	8.0248	1	42	8.02488	1	42	0	0	0	0.300015	0.296733	0.302347	0.300014	0.298003	0.302443	0.300015	0.296733	0.302347	0.300014	0.298003	0.302443	1	1	9.00238	
8.06702	1	41	8.02271	1	41	8.02275	1	41	0	0	0	0.30501	0.301723	0.30717	0.30501	0.30288	0.306923	0.30501	0.301723	0.30717	0.30501	0.30288	0.306923	1	1	8.99964	
8.07604	1	43	8.03029	1	43	8.03033	1	43	0	0	0	0.310018	0.306597	0.3122	0.310018	0.30776	0.312047	0.310018	0.306597	0.3122	0.310018	0.30776	0.312047	1	1	9.00661	
8.08432	1	44	8.03689	1	44	8.03696	1	44	0	0	0	0.314986	0.311583	0.31721	0.314986	0.312487	0.317567	0.314986	0.311583	0.31721	0.314986	0.312487	0.317567	1	1	9.01272	
8.08734	1	41	8.03888	1	41	8.03893	1	41	0	0	0	0.319994	0.316567	0.322197	0.319994	0.317867	0.322393	0.319994	0.316567	0.322197	0.319994	0.317867	0.322393	1	1	9.01422	
8.09123	1	41	8.04118	1	41	8.04123	1	41	0	0	0	0.325005	0.321523	0.327163	0.325004	0.323033	0.327483	0.325005	0.321523	0.327163	0.325004	0.323033	0.327483	1	1	9.01596	
8.09698	1	42	8.04523	1	42	8.0453	1	42	0	0	0	0.329995	0.326493	0.332253	0.329996	0.327463	0.332523	0.329995	0.326493	0.332253	0.329996	0.327463	0.332523	1	1	9.0195	
8.10643	1	40	8.05182	1	40	8.05192	1	40	0	0	0	0.334995	0.331413	0.337203	0.334996	0.33268	0.337963	0.334995	0.331413	0.337203	0.334996	0.33268	0.337963	1	1	9.02554	
8.11085	1	40	8.05501	1	40	8.05507	1	40	0	0	0	0.340001	0.336503	0.34213	0.340001	0.33741	0.343217	0.340001	0.336503	0.34213	0.340001	0.33741	0.343217	1	1	9.0284	
8.11836	1	41	8.06056	1	41	8.06064	1	41	0	0	0	0.344977	0.34145	0.347093	0.344977	0.342383	0.346993	0.344977	0.34145	0.347093	0.344977	0.342383	0.346993	1	1	9.03312	
8.1227	1	41	8.06313	1	41	8.06318	1	41	0	0	0	0.349965	0.34621	0.35204	0.349965	0.347993	0.352593	0.349965	0.34621	0.35204	0.349965	0.347993	0.352593	1	1	9.03514	
8.12916	1	43	8.06779	1	43	8.06785	1	43	0	0	0	0.354962	0.351113	0.35706	0.354961	0.352463	0.357117	0.354962	0.351113	0.35706	0.354961	0.352463	0.357117	1	1	9.03913	
8.13624	1	41	8.07212	1	41	8.07221	1	41	0	0	0	0.359946	0.356217	0.362117	0.359946	0.35719	0.362783	0.359946	0.356217	0.362117	0.359946	0.35719	0.362783	1	1	9.0429	
8.14454	1	40	8.07906	1	40	8.07913	1	40	0	0	0	0.364961	0.361297	0.367087	0.364962	0.362843	0.367143	0.364961	0.361297	0.367087	0.364962	0.362843	0.367143	1	1	9.04927	
8.15081	1	41	8.08257	1	41	8.08266	1	41	0	0	0	0.369962	0.36614	0.37218	0.369963	0.36744	0.373097	0.369962	0.36614	0.37218	0.369963	0.36744	0.373097	1	1	9.05214	
8.15642	1	40	8.08646	1	40	8.08655	1	40	0	0	0	0.374957	0.371073	0.37707	0.374958	0.372847	0.377707	0.374957	0.371073	0.37707	0.374958	0.372847	0.377707	1	1	9.05542	
8.16309	1	42	8.09087	1	42	8.09095	1	42	0	0	0	0.379938	0.37607	0.382213	0.379938	0.378183	0.382487	0.379938	0.37607	0.382213	0.379938	0.378183	0.382487	1	1	9.0594	
8.1716	1	41	8.09705	1	41	8.09711	1	41	0	0	0	0.384944	0.381013	0.387093	0.384945	0.381993	0.387603	0.384944	0.381013	0.387093	0.384945	0.381993	0.387603	1	1	9.06497	
8.17968	1	43	8.10223	1	43	8.10232	1	43	0	0	0	0.389928	0.385823	0.39206	0.389928	0.386723	0.392453	0.389928	0.385823	0.39206	0.389928	0.386723	0.392453	1	1	9.06951	
8.18694	1	45	8.10603	1	43	8.10608	1	43	0	0	0	0.394923	0.390957	0.39708	0.394923	0.39288	0.397333	0.394923	0.390957	0.39708	0.394923	0.39288	0.397333	1	1	9.07258	
8.19377	1	45	8.11033	1	45	8.11042	1	45	0	0	0	0.399943	0.395987	0.40203	0.399944	0.39757	0.40215	0.399943	0.395987	0.40203	0.399944	0.39757	0.40215	1	1	9.07628	
8.2032	1	41	8.11708	1	41	8.11718	1	41	0	0	0	0.404934	0.400923	0.407463	0.404933	0.402303	0.40823	0.404934	0.400923	0.407463	0.404933	0.402303	0.40823	1	1	9.08254	
8.21295	1	42	8.12348	1	42	8.12355	1	42	0	0	0	0.409933	0.406057	0.412473	0.409933	0.407947	0.41192	0.409933	0.406057	0.412473	0.409933	0.407947	0.41192	1	1	9.08833	
8.22112	1	44	8.12903	1	42	8.12908	1	42	0	0	0	0.414948	0.410933	0.41741	0.414947	0.411493	0.41845	0.414948	0.410933	0.41741	0.414947	0.411493	0.41845	1	1	9.09313	
8.23183	1	45	8.13589	1	45	8.13595	1	45	0	0	0	0.419968	0.415927	0.422297	0.419967	0.41781	0.42286	0.419968	0.415927	0.422297	0.419967	0.41781	0.42286	1	1	9.09935	
8.24121	1	44	8.14257	1	44	8.14262	1	44	0	0	0	0.424933	0.420963	0.427083	0.424933	0.422177	0.42812	0.424933	0.420963	0.427083	0.424933	0.422177	0.42812	1	1	9.10525	
8.24778	1	50	8.1457	1	50	8.14577	1	50	0	0	0	0.429919	0.42584	0.43224	0.429918	0.427207	0.432347	0.429919	0.42584	0.43224	0.429918	0.427207	0.432347	1	1	9.10801	
8.25837	1	42	8.15288	1	42	8.15295	1	42	0	0	0	0.4349	0.430777	0.437183	0.4349	0.431253	0.438057	0.4349	0.430777	0.437183	0.4349	0.431253	0.438057	1	1	9.11429	
8.26872	1	46	8.16005	1	46	8.1601	1	46	0	0	0	0.439918	0.435807	0.442153	0.439918	0.437333	0.442773	0.439918	0.435807	0.442153	0.439918	0.437333	0.442773	1	1	9.12078	
8.27849	1	44	8.16562	1	44	8.16571	1	44	0	0	0	0.444945	0.440747	0.447317	0.444945	0.442273	0.448197	0.444945	0.440747	0.447317	0.444945	0.442273	0.448197	1	1	9.12587	
8.29019	1	42	8.17335	1	42	8.17339	1	42	0	0	0	0.449951	0.445773	0.452347	0.44995	0.447467	0.453797	0.449951	0.445773	0.452347	0.44995	0.447467	0.453797	1	1	9.13261	
8.3002	1	43	8.17909	1	43	8.17919	1	43	0	0	0	0.454952	0.45091	0.45769	0.454951	0.452103	0.457203	0.454952	0.45091	0.45769	0.454951	0.452103	0.457203	1	1	9.13776	
8.31528	1	48	8.18949	1	48	8.18956	1	48	0	0	0	0.459963	0.455857	0.462693	0.459962	0.456583	0.462273	0.459963	0.455857	0.462693	0.459962	0.456583	0.462273	1	1	9.14751	
8.32335	1	43	8.19409	1	43	8.19417	1	43	0	0	0	0.464999	0.46081	0.467627	0.464998	0.462513	0.467833	0.464999	0.46081	0.467627	0.464998	0.462513	0.467833	1	1	9.15145	
8.33333	1	46	8.19844	1	46	8.19852	1	46	0	0	0	0.470001	0.46574	0.4725	0.47	0.466743	0.473037	0.470001	0.46574	0.4725	0.47	0.466743	0.473037	1	1	9.15518	
8.34774	1	45	8.20825	1	42	8.20833	1	42	0	0	0	0.47498	0.4707	0.477357	0.474978	0.471397	0.47723	0.47498	0.4707	0.477357	0.474978	0.471397	0.47723	1	1	9.16401	
8.3579	1	45	8.21491	1	45	8.215	1	45	0	0	0	0.479986	0.475563	0.48226	0.479986	0.476847	0.48305	0.479986	0.475563	0.48226	0.479986	0.476847	0.48305	1	1	9.16994	
8.37202	1	43	8.22293	1	43	8.22302	1	43	0	0	0	0.484968	0.480527	0.48739	0.484967	0.481963	0.488067	0.484968	0.480527	0.48739	0.484967	0.481963	0.488067	1	1	9.17706	
8.38539	1	49	8.23033	1	49	8.2304	1	49	0	0	0	0.489984	0.4858	0.49218	0.489983	0.48767	0.4929	0.489984	0.4858	0.49218	0.489983	0.48767	0.4929	1	1	9.18388	
8.39809	1	55	8.238	1	55	8.23807	1	55	0	0	0	0.495004	0.49079	0.497313	0.495004	0.49157	0.49714	0.495004	0.49079	0.497313	0.495004	0.49157	0.49714	1	1	9.19092	
8.40795	1	46	8.24382	1	43	8.24389	1	43	0	0	0	0.5	0.495827	0.502247	0.499999	0.49689	0.502547	0.5	0.495827	0.502247	0.499999	0.49689	0.502547	1	1	9.19577	
8.42754	1	46	8.25456	1	44	8.25463	1	44	0	0	0	0.505012	0.500743	0.507327	0.505011	0.50149	0.507783	0.505012	0.500743	0.507327	0.505011	0.50149	0.507783	1	1	9.20568	
8.43841	1	44	8.26127	1	44	8.26132	1	44	0	0	0	0.510001	0.505623	0.51228	0.51	0.50674	0.51347	0.510001	0.505623	0.51228	0.51	0.50674	0.51347	1	1	9.21188	
8.45273	1	52	8.26972	1	49	8.26978	1	49	0	0	0	0.515003	0.510713	0.517367	0.515001	0.51233	0.518077	0.515003	0.510713	0.517367	0.515001	0.51233	0.518077	1	1	9.21937	
8.46875	1	46	8.27701	1	45	8.2771	1	45	0	0	0	0.519992	0.515693	0.52247	0.519992	0.51648	0.523423	0.519992	0.515693	0.52247	0.519992	0.51648	0.523423	1	1	9.22599	
8.48532	1	51	8.28641	1	51	8.28648	1	51	0	0	0	0.524983	0.520763	0.527543	0.524983	0.520863	0.528	0.524983	0.520763	0.527543	0.524983	0.520863	0.528	1	1	9.23438	
8.50217	1	51	8.29369	1	51	8.29376	1	51	0	0	0	0.530007	0.525883	0.53272	0.530006	0.527617	0.53322	0.530007	0.525883	0.53272	0.530006	0.527617	0.53322	1	1	9.2411	
8.51785	1	47	8.30354	1	42	8.30361	1	42	0	0	0	0.535012	0.53083	0.537613	0.535011	0.531743	0.53812	0.535012	0.53083	0.537613	0.535011	0.531743	0.53812	1	1	9.24978	
8.53446	1	46	8.31257	1	45	8.31264	1	45	0	0	0	0.540039	0.5359	0.542677	0.540038	0.53746	0.543487	0.540039	0.5359	0.542677	0.540038	0.53746	0.543487	1	1	9.25818	
8.55311	1	52	8.32188	1	52	8.32193	1	52	0	0	0	0.545036	0.54088	0.547587	0.545037	0.542023	0.548297	0.545036	0.54088	0.547587	0.545037	0.542023	0.548297	1	1	9.26665	
8.56817	1	51	8.32882	1	45	8.32889	1	45	0	0	0	0.550021	0.54579	0.552727	0.55002	0.547207	0.552843	0.550021	0.54579	0.552727	0.55002	0.547207	0.552843	1	1	9.27295	
8.58536	1	53	8.33742	1	53	8.33749	1	53	0	0	0	0.555002	0.550523	0.557777	0.555003	0.55234	0.55818	0.555002	0.550523	0.557777	0.555003	0.55234	0.55818	1	1	9.2807	
8.60802	1	52	8.34786	1	46	8.34794	1	46	0	0	0	0.560012	0.555857	0.56275	0.560011	0.556507	0.56264	0.560012	0.555857	0.56275	0.560011	0.556507	0.56264	1	1	9.28978	
8.62377	1	46	8.35895	1	45	8.35905	1	45	0	0	0	0.565034	0.560913	0.56781	0.565034	0.56082	0.56916	0.565034	0.560913	0.56781	0.565034	0.56082	0.56916	1	1	9.30031	
8.64944	1	56	8.36804	1	50	8.36813	1	50	0	0	0	0.570039	0.566027	0.572807	0.570039	0.566903	0.573603	0.570039	0.566027	0.572807	0.570039	0.566903	0.573603	1	1	9.30848	
8.66461	1	57	8.37715	1	46	8.37726	1	46	0	0	0	0.575031	0.57091	0.57767	0.575029	0.571353	0.57834	0.575031	0.57091	0.57767	0.575029	0.571353	0.57834	1	1	9.3168	
8.68783	1	55	8.38646	1	52	8.38656	1	52	0	0	0	0.580058	0.575917	0.582753	0.580059	0.57674	0.583823	0.580058	0.575917	0.582753	0.580059	0.57674	0.583823	1	1	9.32486	
8.71343	1	54	8.39839	1	48	8.39849	1	48	0	0	0	0.585059	0.581083	0.587723	0.585058	0.58155	0.588043	0.585059	0.581083	0.587723	0.585058	0.58155	0.588043	1	1	9.33627	
8.73331	1	59	8.40672	1	59	8.40678	1	59	0	0	0	0.590056	0.58606	0.59262	0.590055	0.5864	0.59322	0.590056	0.58606	0.59262	0.590055	0.5864	0.59322	1	1	9.34368	
8.75947	1	50	8.41862	1	47	8.41871	1	47	0	0	0	0.59505	0.591137	0.5976	0.595051	0.591933	0.597823	0.59505	0.591137	0.5976	0.595051	0.591933	0.597823	1	1	9.35444	
8.78675	1	53	8.43036	1	53	8.43045	1	53	0	0	0	0.600046	0.596187	0.602547	0.600045	0.59657	0.603757	0.600046	0.596187	0.602547	0.600045	0.59657	0.603757	1	1	9.36523	
8.80411	1	50	8.43642	1	49	8.43647	1	49	0	0	0	0.605056	0.601253	0.60742	0.605054	0.601463	0.60809	0.605056	0.601253	0.60742	0.605054	0.601463	0.60809	1	1	9.37048	
8.83317	1	58	8.44978	1	57	8.44984	1	57	0	0	0	0.610057	0.606133	0.612123	0.610057	0.606223	0.61294	0.610057	0.606133	0.612123	0.610057	0.606223	0.61294	1	1	9.38265	
8.86142	1	57	8.45992	1	56	8.46003	1	56	0	0	0	0.615068	0.61134	0.617157	0.615068	0.60997	0.61846	0.615068	0.61134	0.617157	0.615068	0.60997	0.61846	1	1	9.39214	
8.89014	1	58	8.47159	1	47	8.47168	1	47	0	0	0	0.620061	0.616433	0.62212	0.62006	0.61741	0.622937	0.620061	0.616433	0.62212	0.62006	0.61741	0.622937	1	1	9.40304	
8.91848	1	73	8.48264	1	52	8.48274	1	52	0	0	0	0.62505	0.621447	0.627117	0.62505	0.622043	0.628363	0.62505	0.621447	0.627117	0.62505	0.622043	0.628363	1	1	9.41252	
8.94519	1	67	8.4941	1	52	8.49417	1	52	0	0	0	0.630067	0.626393	0.632107	0.630068	0.62729	0.633187	0.630067	0.626393	0.632107	0.630068	0.62729	0.633187	1	1	9.42309	
8.98422	1	56	8.50636	1	51	8.50642	1	51	0	0	0	0.635038	0.631577	0.637193	0.635037	0.631177	0.638313	0.635038	0.631577	0.637193	0.635037	0.631177	0.638313	1	1	9.43462	
9.02002	1	54	8.51705	1	45	8.51714	1	45	0	0	0	0.640027	0.636747	0.64215	0.640029	0.636873	0.642637	0.640027	0.636747	0.64215	0.640029	0.636873	0.642637	1	1	9.44408	
9.05685	1	63	8.52887	1	50	8.52895	1	50	0	0	0	0.64502	0.64182	0.647273	0.645021	0.641993	0.6485	0.64502	0.64182	0.647273	0.645021	0.641993	0.6485	1	1	9.455	
9.09169	1	63	8.54116	1	49	8.54126	1	49	0	0	0	0.650013	0.6468	0.652227	0.650012	0.647413	0.653133	0.650013	0.6468	0.652227	0.650012	0.647413	0.653133	1	1	9.46596	
9.12625	1	66	8.55082	1	57	8.5509	1	57	0	0	0	0.655024	0.651857	0.657	0.655026	0.65137	0.657877	0.655024	0.651857	0.657	0.655026	0.65137	0.657877	1	1	9.47485	
9.17693	1	64	8.56513	1	51	8.56522	1	51	0	0	0	0.660002	0.656903	0.66187	0.660002	0.65646	0.66308	0.660002	0.656903	0.66187	0.660002	0.65646	0.66308	1	1	9.48821	
9.21214	1	62	8.5796	1	62	8.57968	1	62	0	0	0	0.665016	0.66176	0.6669	0.665017	0.66172	0.66814	0.665016	0.66176	0.6669	0.665017	0.66172	0.66814	1	1	9.50142	
9.25765	1	64	8.59032	1	57	8.59039	1	57	0	0	0	0.67002	0.666667	0.671793	0.670022	0.666363	0.673263	0.67002	0.666667	0.671793	0.670022	0.666363	0.673263	1	1	9.51073	
9.30405	1	62	8.60157	1	55	8.60164	1	55	0	0	0	0.675015	0.67167	0.676763	0.675016	0.670507	0.678153	0.675015	0.67167	0.676763	0.675016	0.670507	0.678153	1	1	9.52139	
9.35504	1	67	8.61797	1	54	8.61807	1	54	0	0	0	0.680023	0.6765	0.68189	0.680022	0.675547	0.683733	0.680023	0.6765	0.68189	0.680022	0.675547	0.683733	1	1	9.53616	
9.40459	1	68	8.62835	1	55	8.6284	1	55	0	0	0	0.684981	0.681483	0.686857	0.68498	0.68068	0.68799	0.684981	0.681483	0.686857	0.68498	0.68068	0.68799	1	1	9.54567	
9.46906	1	69	8.64447	1	52	8.64457	1	52	0	0	0	0.690009	0.686687	0.6919	0.690009	0.68637	0.69431	0.690009	0.686687	0.6919	0.690009	0.68637	0.69431	1	1	9.56041	
9.52584	1	71	8.65561	1	58	8.65572	1	58	0	0	0	0.695019	0.691787	0.696903	0.695019	0.691973	0.698457	0.695019	0.691787	0.696903	0.695019	0.691973	0.698457	1	1	9.57043	
9.60072	1	93	8.67009	1	54	8.67017	1	54	0	0	0	0.700013	0.697063	0.70203	0.700015	0.695257	0.704393	0.700013	0.697063	0.70203	0.700015	0.695257	0.704393	1	1	9.58411	
9.66089	1	81	8.68545	1	52	8.68555	1	52	0	0	0	0.70501	0.701873	0.706997	0.70501	0.700017	0.70774	0.70501	0.701873	0.706997	0.70501	0.700017	0.70774	1	1	9.59793	
9.73755	1	81	8.69753	1	55	8.69763	1	55	0	0	0	0.70999	0.70697	0.711967	0.709992	0.706863	0.716247	0.70999	0.70697	0.711967	0.709992	0.706863	0.716247	1	1	9.60916	
9.80746	1	77	8.71177	1	55	8.71185	1	55	0	0	0	0.715006	0.711693	0.716933	0.715005	0.711583	0.71874	0.715006	0.711693	0.716933	0.715005	0.711583	0.71874	1	1	9.62163	
9.8866	1	94	8.72533	1	51	8.72539	1	51	0	0	0	0.719997	0.71692	0.721913	0.719998	0.717433	0.72316	0.719997	0.71692	0.721913	0.719998	0.717433	0.72316	1	1	9.63419	
9.98267	1	91	8.73981	1	56	8.73987	1	56	0	0	0	0.724992	0.721873	0.726853	0.724993	0.719573	0.728427	0.724992	0.721873	0.726853	0.724993	0.719573	0.728427	1	1	9.6479	
10.1121	1	126	8.7572	1	56	8.75729	1	56	0	0	0	0.729996	0.726887	0.731893	0.729996	0.726527	0.73664	0.729996	0.726887	0.731893	0.729996	0.726527	0.73664	1	1	9.66345	
10.2142	1	99	8.77125	1	56	8.77131	1	56	0	0	0	0.734987	0.731967	0.736917	0.734986	0.7318	0.737913	0.734987	0.731967	0.736917	0.734986	0.7318	0.737913	1	1	9.67595	
10.3462	1	101	8.78607	1	57	8.78614	1	57	0	0	0	0.73998	0.736857	0.74184	0.739981	0.73565	0.74333	0.73998	0.736857	0.74184	0.739981	0.73565	0.74333	1	1	9.6899	
10.4824	1	107	8.80109	1	56	8.80119	1	56	0	0	0	0.744989	0.74181	0.746823	0.74499	0.741263	0.74766	0.744989	0.74181	0.746823	0.74499	0.741263	0.74766	1	1	9.70372	
10.6837	1	103	8.81613	1	56	8.8162	1	56	0	0	0	0.750013	0.74697	0.751997	0.750016	0.746883	0.753317	0.750013	0.74697	0.751997	0.750016	0.746883	0.753317	1	1	9.7171	
10.8535	1	129	8.83403	1	54	8.8341	1	54	0	0	0	0.755031	0.752057	0.757047	0.755035	0.7516	0.758813	0.755031	0.752057	0.757047	0.755035	0.7516	0.758813	1	1	9.73388	
11.096	1	110	8.85041	1	56	8.85052	1	56	0	0	0	0.760017	0.75709	0.761897	0.760017	0.756073	0.764803	0.760017	0.75709	0.761897	0.760017	0.756073	0.764803	1	1	9.74842	
11.3847	1	138	8.86647	1	61	8.86655	1	61	0	0	0	0.764986	0.762083	0.766777	0.764983	0.76135	0.768947	0.764986	0.762083	0.766777	0.764983	0.76135	0.768947	1	1	9.76322	
11.703	1	164	8.88481	1	63	8.88486	1	63	0	0	0	0.770007	0.767193	0.771797	0.770006	0.765677	0.77327	0.770007	0.767193	0.771797	0.770006	0.765677	0.77327	1	1	9.78045	
12.0824	1	208	8.89947	1	62	8.89954	1	62	0	0	0	0.774999	0.772357	0.77653	0.775	0.77102	0.78003	0.774999	0.772357	0.77653	0.775	0.77102	0.78003	1	1	9.79294	
12.509	1	146	8.92009	1	62	8.92012	1	62	0	0	0	0.779985	0.777277	0.78171	0.779988	0.776207	0.78359	0.779985	0.777277	0.78171	0.779988	0.776207	0.78359	1	1	9.81307	
13.2287	1	207	8.93648	1	63	8.93657	1	63	0	0	0	0.784983	0.78218	0.786763	0.784989	0.781903	0.788333	0.784983	0.78218	0.786763	0.784989	0.781903	0.788333	1	1	9.82741	
14.4249	1	270	8.95517	1	61	8.95518	1	61	0	0	0	0.78999	0.787247	0.791913	0.789985	0.785287	0.793903	0.78999	0.787247	0.791913	0.789985	0.785287	0.793903	1	1	9.84503	
16.3631	1	339	8.97529	1	61	8.97534	1	61	0	0	0	0.795022	0.792608	0.796242	0.795026	0.791645	0.79766	0.795022	0.792608	0.796242	0.795026	0.791645	0.79766	1	1	9.86295	
21.506	1	882	8.99576	1	76	8.99577	1	76	0	0	0	0.799985	0.798871	0.801371	0.799985	0.796957	0.80267	0.799985	0.798871	0.801371	0.799985	0.796957	0.80267	1	1	9.88183	
78.1101	1	2825	9.01553	1	73	9.01586	1	73	0	0	0	0.805017	0.803348	0.806416	0.804968	0.802634	0.808046	0.805017	0.803348	0.806416	0.804968	0.802634	0.808046	1	1	9.90033	
286.36	1	12253	9.03665	1	86	9.0365	1	86	0	0	0	0.809993	0.808856	0.811406	0.809719	0.807703	0.811516	0.809993	0.808856	0.811406	0.809719	0.807703	0.811516	1	1	9.91956	
