9.1522	1	23	9.1521	1	23	9.15231	1	23	0	0	0	0.00499391	0.00472	0.00529667	0.00499391	0.00468333	0.00522	0.00499391	0.00472	0.00529667	0.00499391	0.00468333	0.00522	1	1	10.1515	
9.13091	1	26	9.13075	1	26	9.13073	1	26	0	0	0	0.0100062	0.00967333	0.0105533	0.0100061	0.00951	0.0104067	0.0100062	0.00967333	0.0105533	0.0100061	0.00951	0.0104067	1	1	10.1296	
9.11035	1	26	9.11012	1	26	9.11008	1	26	0	0	0	0.0150311	0.0147333	0.0154867	0.015031	0.01453	0.0153833	0.0150311	0.0147333	0.0154867	0.015031	0.01453	0.0153833	1	1	10.1083	
9.12176	1	26	9.12149	1	26	9.12157	1	26	0	0	0	0.020063	0.01956	0.0207733	0.0200629	0.0195733	0.0206	0.020063	0.01956	0.0207733	0.0200629	0.0195733	0.0206	1	1	10.1191	
9.12976	1	27	9.12943	1	27	9.12955	1	27	0	0	0	0.0250671	0.0246267	0.02574	0.025067	0.0242167	0.02575	0.0250671	0.0246267	0.02574	0.025067	0.0242167	0.02575	1	1	10.1265	
9.12449	1	29	9.12404	1	29	9.12414	1	29	0	0	0	0.0300682	0.02952	0.0307533	0.0300678	0.0294367	0.0309933	0.0300682	0.02952	0.0307533	0.0300678	0.0294367	0.0309933	1	1	10.1205	
9.12743	1	32	9.12686	1	32	9.12691	1	32	0	0	0	0.0350706	0.03449	0.03577	0.0350705	0.03424	0.03611	0.0350706	0.03449	0.03577	0.0350705	0.03424	0.03611	1	1	10.1227	
9.13472	1	34	9.13406	1	34	9.13415	1	34	0	0	0	0.0400941	0.0393233	0.0409733	0.0400936	0.0392567	0.0410133	0.0400941	0.0393233	0.0409733	0.0400936	0.0392567	0.0410133	1	1	10.1291	
9.1353	1	31	9.13458	1	31	9.13464	1	31	0	0	0	0.0450691	0.0443367	0.0459767	0.0450685	0.04437	0.0457933	0.0450691	0.0443367	0.0459767	0.0450685	0.04437	0.0457933	1	1	10.1292	
9.13307	1	32	9.13217	1	32	9.13224	1	32	0	0	0	0.050078	0.0492567	0.05102	0.0500777	0.0491467	0.05086	0.050078	0.0492567	0.05102	0.0500777	0.0491467	0.05086	1	1	10.126	
9.14023	1	29	9.13923	1	29	9.13931	1	29	0	0	0	0.055088	0.0542567	0.05612	0.0550874	0.05408	0.0560033	0.055088	0.0542567	0.05612	0.0550874	0.05408	0.0560033	1	1	10.1323	
9.13354	1	32	9.13251	1	32	9.1326	1	32	0	0	0	0.0600776	0.05914	0.0611567	0.0600776	0.05895	0.06138	0.0600776	0.05914	0.0611567	0.0600776	0.05895	0.06138	1	1	10.1249	
9.14381	1	32	9.14267	1	32	9.14269	1	32	0	0	0	0.0651088	0.0642067	0.0661033	0.0651087	0.0641133	0.0664733	0.0651088	0.0642067	0.0661033	0.0651087	0.0641133	0.0664733	1	1	10.1343	
9.13637	1	30	9.13503	1	30	9.1351	1	30	0	0	0	0.0700993	0.06919	0.0710567	0.0700991	0.0690233	0.0710733	0.0700993	0.06919	0.0710567	0.0700991	0.0690233	0.0710733	1	1	10.1261	
9.14298	1	30	9.14157	1	30	9.14163	1	30	0	0	0	0.0750704	0.0741733	0.0760867	0.0750699	0.07371	0.0761633	0.0750704	0.0741733	0.0760867	0.0750699	0.07371	0.0761633	1	1	10.1317	
9.14647	1	30	9.1449	1	30	9.145	1	30	0	0	0	0.0800622	0.07906	0.0811233	0.0800621	0.07899	0.0810967	0.0800622	0.07906	0.0811233	0.0800621	0.07899	0.0810967	1	1	10.1341	
9.14962	1	35	9.14786	1	35	9.14795	1	35	0	0	0	0.0850491	0.0840467	0.08615	0.0850493	0.0839533	0.0858767	0.0850491	0.0840467	0.08615	0.0850493	0.0839533	0.0858767	1	1	10.1365	
9.14807	1	34	9.14608	1	34	9.1461	1	34	0	0	0	0.0900403	0.08904	0.0911	0.0900405	0.0887233	0.0910767	0.0900403	0.08904	0.0911	0.0900405	0.0887233	0.0910767	1	1	10.134	
9.1426	1	35	9.14047	1	35	9.14057	1	35	0	0	0	0.0950421	0.0939633	0.09615	0.0950422	0.0939733	0.0963267	0.0950421	0.0939633	0.09615	0.0950422	0.0939733	0.0963267	1	1	10.1276	
9.14784	1	37	9.14559	1	37	9.14569	1	37	0	0	0	0.100013	0.0988367	0.101037	0.100014	0.0987467	0.10123	0.100013	0.0988367	0.101037	0.100014	0.0987467	0.10123	1	1	10.1319	
9.14345	1	34	9.14097	1	34	9.14105	1	34	0	0	0	0.105002	0.10396	0.106083	0.105002	0.10395	0.106673	0.105002	0.10396	0.106083	0.105002	0.10395	0.106673	1	1	10.1266	
9.14738	1	35	9.14473	1	35	9.14479	1	35	0	0	0	0.110025	0.108947	0.111093	0.110025	0.1087	0.111423	0.110025	0.108947	0.111093	0.110025	0.1087	0.111423	1	1	10.1296	
9.15401	1	41	9.15104	1	41	9.15109	1	41	0	0	0	0.115005	0.113947	0.116063	0.115005	0.113733	0.11641	0.115005	0.113947	0.116063	0.115005	0.113733	0.11641	1	1	10.1348	
9.15328	1	33	9.15008	1	33	9.15018	1	33	0	0	0	0.119998	0.118917	0.12105	0.119998	0.118467	0.121537	0.119998	0.118917	0.12105	0.119998	0.118467	0.121537	1	1	10.1332	
9.15072	1	35	9.14738	1	35	9.14744	1	35	0	0	0	0.124993	0.123957	0.126023	0.124993	0.123717	0.126337	0.124993	0.123957	0.126023	0.124993	0.123717	0.126337	1	1	10.1295	
9.15896	1	36	9.15529	1	36	9.15534	1	36	0	0	0	0.129989	0.128887	0.130963	0.129989	0.128813	0.13223	0.129989	0.128887	0.130963	0.129989	0.128813	0.13223	1	1	10.1366	
9.16378	1	38	9.15991	1	38	9.15994	1	38	0	0	0	0.134996	0.13394	0.136053	0.134996	0.133313	0.13626	0.134996	0.13394	0.136053	0.134996	0.133313	0.13626	1	1	10.1403	
9.16684	1	37	9.16264	1	37	9.16272	1	37	0	0	0	0.139993	0.13878	0.140917	0.139994	0.13859	0.14131	0.139993	0.13878	0.140917	0.139994	0.13859	0.14131	1	1	10.1421	
9.17121	1	40	9.16681	1	40	9.16688	1	40	0	0	0	0.144979	0.143707	0.145863	0.14498	0.143337	0.14677	0.144979	0.143707	0.145863	0.14498	0.143337	0.14677	1	1	10.1454	
9.1763	1	34	9.17148	1	34	9.1716	1	34	0	0	0	0.149981	0.148657	0.151093	0.149981	0.14876	0.15099	0.149981	0.148657	0.151093	0.149981	0.14876	0.15099	1	1	10.1491	
9.17927	1	39	9.17422	1	39	9.17431	1	39	0	0	0	0.154962	0.1535	0.156267	0.154962	0.153553	0.156657	0.154962	0.1535	0.156267	0.154962	0.153553	0.156657	1	1	10.1511	
9.17799	1	37	9.1726	1	37	9.1727	1	37	0	0	0	0.159973	0.158617	0.16114	0.159974	0.158263	0.161477	0.159973	0.158617	0.16114	0.159974	0.158263	0.161477	1	1	10.1485	
9.18338	1	41	9.17757	1	41	9.17765	1	41	0	0	0	0.164998	0.16344	0.166243	0.164998	0.16376	0.167857	0.164998	0.16344	0.166243	0.164998	0.16376	0.167857	1	1	10.1523	
9.18772	1	40	9.18163	1	40	9.18171	1	40	0	0	0	0.170007	0.168467	0.171367	0.170008	0.168083	0.171793	0.170007	0.168467	0.171367	0.170008	0.168083	0.171793	1	1	10.1555	
9.18606	1	37	9.17948	1	37	9.17952	1	37	0	0	0	0.175015	0.173497	0.17646	0.175015	0.173337	0.17696	0.175015	0.173497	0.17646	0.175015	0.173337	0.17696	1	1	10.1522	
9.19225	1	40	9.18542	1	40	9.18548	1	40	0	0	0	0.180034	0.178407	0.18157	0.180035	0.177517	0.182407	0.180034	0.178407	0.18157	0.180035	0.177517	0.182407	1	1	10.1574	
9.20168	1	40	9.19433	1	40	9.19437	1	40	0	0	0	0.185042	0.183203	0.186423	0.185042	0.183353	0.186333	0.185042	0.183203	0.186423	0.185042	0.183353	0.186333	1	1	10.1647	
9.19916	1	40	9.19124	1	40	9.19132	1	40	0	0	0	0.190052	0.188203	0.191317	0.190052	0.18859	0.191933	0.190052	0.188203	0.191317	0.190052	0.18859	0.191933	1	1	10.1611	
9.20628	1	41	9.19798	1	41	9.19802	1	41	0	0	0	0.195078	0.193557	0.196443	0.195078	0.19313	0.19656	0.195078	0.193557	0.196443	0.195078	0.19313	0.19656	1	1	10.1667	
9.20563	1	38	9.19681	1	38	9.19689	1	38	0	0	0	0.200077	0.19841	0.20126	0.200077	0.19824	0.202147	0.200077	0.19841	0.20126	0.200077	0.19824	0.202147	1	1	10.1644	
9.21795	1	43	9.20854	1	43	9.20855	1	43	0	0	0	0.20508	0.203317	0.206423	0.20508	0.203143	0.207567	0.20508	0.203317	0.206423	0.20508	0.203143	0.207567	1	1	10.1752	
9.22173	1	39	9.21192	1	39	9.21202	1	39	0	0	0	0.210069	0.20816	0.211343	0.210069	0.208593	0.211617	0.210069	0.20816	0.211343	0.210069	0.208593	0.211617	1	1	10.1773	
9.22453	1	37	9.21413	1	37	9.21423	1	37	0	0	0	0.215034	0.2131	0.21641	0.215033	0.212047	0.216883	0.215034	0.2131	0.21641	0.215033	0.212047	0.216883	1	1	10.1785	
9.2291	1	38	9.218	1	38	9.21807	1	38	0	0	0	0.220027	0.217907	0.22134	0.220028	0.218257	0.22138	0.220027	0.217907	0.22134	0.220028	0.218257	0.22138	1	1	10.1813	
9.23499	1	40	9.2234	1	40	9.22349	1	40	0	0	0	0.225021	0.222973	0.226473	0.225021	0.222833	0.22691	0.225021	0.222973	0.226473	0.225021	0.222833	0.22691	1	1	10.1858	
9.23981	1	43	9.22765	1	43	9.22769	1	43	0	0	0	0.230021	0.22809	0.231733	0.230021	0.227817	0.232077	0.230021	0.22809	0.231733	0.230021	0.227817	0.232077	1	1	10.1886	
9.24073	1	42	9.22784	1	42	9.2279	1	42	0	0	0	0.235028	0.233103	0.23677	0.235028	0.232267	0.237223	0.235028	0.233103	0.23677	0.235028	0.232267	0.237223	1	1	10.1875	
9.24983	1	42	9.23622	1	42	9.2363	1	42	0	0	0	0.240018	0.238197	0.241943	0.240018	0.237697	0.2416	0.240018	0.238197	0.241943	0.240018	0.237697	0.2416	1	1	10.1944	
9.25239	1	40	9.23802	1	40	9.23805	1	40	0	0	0	0.245024	0.242773	0.24693	0.245024	0.242187	0.246917	0.245024	0.242773	0.24693	0.245024	0.242187	0.246917	1	1	10.1953	
9.26345	1	41	9.24841	1	41	9.24853	1	41	0	0	0	0.250034	0.247733	0.252193	0.250034	0.248467	0.25235	0.250034	0.247733	0.252193	0.250034	0.248467	0.25235	1	1	10.2045	
9.26757	1	40	9.25169	1	40	9.25174	1	40	0	0	0	0.255015	0.25275	0.257127	0.255016	0.25342	0.257237	0.255015	0.25275	0.257127	0.255016	0.25342	0.257237	1	1	10.2063	
9.2729	1	40	9.25615	1	40	9.25622	1	40	0	0	0	0.260024	0.257637	0.262147	0.260023	0.258003	0.26272	0.260024	0.257637	0.262147	0.260023	0.258003	0.26272	1	1	10.2094	
9.28233	1	45	9.26455	1	45	9.26459	1	45	0	0	0	0.265017	0.262427	0.26717	0.265017	0.26298	0.267123	0.265017	0.262427	0.26717	0.265017	0.26298	0.267123	1	1	10.2167	
9.28741	1	41	9.26875	1	41	9.26883	1	41	0	0	0	0.270019	0.26732	0.27215	0.270019	0.267423	0.272373	0.270019	0.26732	0.27215	0.270019	0.267423	0.272373	1	1	10.2198	
9.29173	1	42	9.27213	1	42	9.27222	1	42	0	0	0	0.275021	0.272227	0.277133	0.275021	0.27306	0.276907	0.275021	0.272227	0.277133	0.275021	0.27306	0.276907	1	1	10.2219	
9.29649	1	45	9.27572	1	45	9.27582	1	45	0	0	0	0.280024	0.27711	0.28227	0.280024	0.2778	0.281813	0.280024	0.27711	0.28227	0.280024	0.2778	0.281813	1	1	10.2239	
9.30309	1	40	9.28156	1	40	9.28166	1	40	0	0	0	0.284984	0.28202	0.2873	0.284984	0.282567	0.287727	0.284984	0.28202	0.2873	0.284984	0.282567	0.287727	1	1	10.2285	
9.31427	1	44	9.29158	1	44	9.29168	1	44	0	0	0	0.290004	0.28696	0.292427	0.290004	0.28788	0.29241	0.290004	0.28696	0.292427	0.290004	0.28788	0.29241	1	1	10.2366	
9.31805	1	43	9.2943	1	43	9.29438	1	43	0	0	0	0.295023	0.291793	0.297347	0.295023	0.293197	0.29817	0.295023	0.291793	0.297347	0.295023	0.293197	0.29817	1	1	10.2383	
9.32651	1	42	9.30119	1	42	9.30129	1	42	0	0	0	0.300015	0.296733	0.302347	0.300016	0.297727	0.301737	0.300015	0.296733	0.302347	0.300016	0.297727	0.301737	1	1	10.2439	
9.33446	1	43	9.30821	1	43	9.30831	1	43	0	0	0	0.30501	0.301723	0.30717	0.305011	0.302467	0.30697	0.30501	0.301723	0.30717	0.305011	0.302467	0.30697	1	1	10.249	
9.34252	1	41	9.31515	1	41	9.31524	1	41	0	0	0	0.310018	0.306597	0.3122	0.310019	0.30763	0.312127	0.310018	0.306597	0.3122	0.310019	0.30763	0.312127	1	1	10.2546	
9.34804	1	41	9.3194	1	41	9.31947	1	41	0	0	0	0.314986	0.311583	0.31721	0.314987	0.31246	0.316757	0.314986	0.311583	0.31721	0.314987	0.31246	0.316757	1	1	10.2575	
9.36067	1	43	9.33037	1	43	9.33044	1	43	0	0	0	0.319994	0.316567	0.322197	0.319994	0.31738	0.322213	0.319994	0.316567	0.322197	0.319994	0.31738	0.322213	1	1	10.267	
9.37212	1	42	9.34068	1	42	9.34071	1	42	0	0	0	0.325005	0.321523	0.327163	0.325005	0.32292	0.327287	0.325005	0.321523	0.327163	0.325005	0.32292	0.327287	1	1	10.2753	
9.37551	1	43	9.34246	1	43	9.34255	1	43	0	0	0	0.329995	0.326493	0.332253	0.329996	0.327877	0.33154	0.329995	0.326493	0.332253	0.329996	0.327877	0.33154	1	1	10.2757	
9.38138	1	41	9.34664	1	41	9.3467	1	41	0	0	0	0.334995	0.331413	0.337203	0.334995	0.331783	0.337857	0.334995	0.331413	0.337203	0.334995	0.331783	0.337857	1	1	10.2782	
9.38884	1	43	9.35254	1	43	9.35261	1	43	0	0	0	0.340001	0.336503	0.34213	0.340001	0.337083	0.342167	0.340001	0.336503	0.34213	0.340001	0.337083	0.342167	1	1	10.2821	
9.40057	1	44	9.36218	1	44	9.36228	1	44	0	0	0	0.344977	0.34145	0.347093	0.344978	0.342627	0.348383	0.344977	0.34145	0.347093	0.344978	0.342627	0.348383	1	1	10.2899	
9.40955	1	43	9.36988	1	43	9.36996	1	43	0	0	0	0.349965	0.34621	0.35204	0.349966	0.347333	0.352807	0.349965	0.34621	0.35204	0.349966	0.347333	0.352807	1	1	10.2959	
9.41871	1	44	9.37692	1	44	9.37698	1	44	0	0	0	0.354962	0.351113	0.35706	0.354962	0.351617	0.35734	0.354962	0.351113	0.35706	0.354962	0.351617	0.35734	1	1	10.3012	
9.42888	1	42	9.38525	1	42	9.3853	1	42	0	0	0	0.359946	0.356217	0.362117	0.359947	0.356387	0.362333	0.359946	0.356217	0.362117	0.359947	0.356387	0.362333	1	1	10.3076	
9.4417	1	53	9.396	1	53	9.39605	1	53	0	0	0	0.364961	0.361297	0.367087	0.364962	0.362827	0.368083	0.364961	0.361297	0.367087	0.364962	0.362827	0.368083	1	1	10.3163	
9.45017	1	44	9.40241	1	44	9.40248	1	44	0	0	0	0.369962	0.36614	0.37218	0.369963	0.367437	0.37265	0.369962	0.36614	0.37218	0.369963	0.367437	0.37265	1	1	10.3214	
9.45986	1	43	9.41002	1	43	9.41008	1	43	0	0	0	0.374957	0.371073	0.37707	0.374957	0.372297	0.37754	0.374957	0.371073	0.37707	0.374957	0.372297	0.37754	1	1	10.3272	
9.47111	1	45	9.41893	1	45	9.41902	1	45	0	0	0	0.379938	0.37607	0.382213	0.379938	0.377997	0.38204	0.379938	0.37607	0.382213	0.379938	0.377997	0.38204	1	1	10.3342	
9.48098	1	47	9.42631	1	47	9.42639	1	47	0	0	0	0.384944	0.381013	0.387093	0.384945	0.38122	0.388533	0.384944	0.381013	0.387093	0.384945	0.38122	0.388533	1	1	10.3388	
9.49152	1	44	9.43382	1	44	9.43392	1	44	0	0	0	0.389928	0.385823	0.39206	0.389928	0.3871	0.392017	0.389928	0.385823	0.39206	0.389928	0.3871	0.392017	1	1	10.3444	
9.50433	1	49	9.44419	1	49	9.44427	1	49	0	0	0	0.394923	0.390957	0.39708	0.394924	0.391397	0.39796	0.394923	0.390957	0.39708	0.394924	0.391397	0.39796	1	1	10.3526	
9.514	1	46	9.45103	1	46	9.45111	1	46	0	0	0	0.399943	0.395987	0.40203	0.399944	0.397303	0.402467	0.399943	0.395987	0.40203	0.399944	0.397303	0.402467	1	1	10.3576	
9.52732	1	48	9.46159	1	48	9.46168	1	48	0	0	0	0.404934	0.400923	0.407463	0.404934	0.401757	0.407383	0.404934	0.400923	0.407463	0.404934	0.401757	0.407383	1	1	10.366	
9.54131	1	49	9.472	1	49	9.47205	1	49	0	0	0	0.409933	0.406057	0.412473	0.409933	0.406977	0.412433	0.409933	0.406057	0.412473	0.409933	0.406977	0.412433	1	1	10.3738	
9.55289	1	45	9.48026	1	45	9.48037	1	45	0	0	0	0.414948	0.410933	0.41741	0.414949	0.411747	0.417877	0.414948	0.410933	0.41741	0.414949	0.411747	0.417877	1	1	10.3798	
9.56585	1	51	9.48974	1	51	9.48983	1	51	0	0	0	0.419968	0.415927	0.422297	0.419969	0.416943	0.42228	0.419968	0.415927	0.422297	0.419969	0.416943	0.42228	1	1	10.3872	
9.57634	1	49	9.49725	1	49	9.49736	1	49	0	0	0	0.424933	0.420963	0.427083	0.424933	0.421253	0.42783	0.424933	0.420963	0.427083	0.424933	0.421253	0.42783	1	1	10.3925	
9.59178	1	53	9.5085	1	53	9.5086	1	53	0	0	0	0.429919	0.42584	0.43224	0.429918	0.427123	0.432473	0.429919	0.42584	0.43224	0.429918	0.427123	0.432473	1	1	10.4003	
9.60661	1	58	9.51885	1	58	9.51891	1	58	0	0	0	0.4349	0.430777	0.437183	0.434899	0.43191	0.438353	0.4349	0.430777	0.437183	0.434899	0.43191	0.438353	1	1	10.4093	
9.62216	1	49	9.53021	1	49	9.5303	1	49	0	0	0	0.439918	0.435807	0.442153	0.439917	0.436663	0.44218	0.439918	0.435807	0.442153	0.439917	0.436663	0.44218	1	1	10.4169	
9.63577	1	48	9.53975	1	48	9.5398	1	48	0	0	0	0.444945	0.440747	0.447317	0.444944	0.441783	0.447353	0.444945	0.440747	0.447317	0.444944	0.441783	0.447353	1	1	10.4244	
9.65318	1	48	9.5518	1	48	9.55186	1	48	0	0	0	0.449951	0.445773	0.452347	0.449949	0.446683	0.452697	0.449951	0.445773	0.452347	0.449949	0.446683	0.452697	1	1	10.4329	
9.66883	1	53	9.56276	1	53	9.56285	1	53	0	0	0	0.454952	0.45091	0.45769	0.454951	0.45252	0.457653	0.454952	0.45091	0.45769	0.454951	0.45252	0.457653	1	1	10.4417	
9.68395	1	51	9.5728	1	51	9.57289	1	51	0	0	0	0.459963	0.455857	0.462693	0.459962	0.45739	0.462717	0.459963	0.455857	0.462693	0.459962	0.45739	0.462717	1	1	10.4486	
9.70336	1	50	9.58624	1	50	9.58635	1	50	0	0	0	0.464999	0.46081	0.467627	0.464998	0.46089	0.46814	0.464999	0.46081	0.467627	0.464998	0.46089	0.46814	1	1	10.4591	
9.71937	1	56	9.59619	1	56	9.59627	1	56	0	0	0	0.470001	0.46574	0.4725	0.47	0.466433	0.473327	0.470001	0.46574	0.4725	0.47	0.466433	0.473327	1	1	10.4667	
9.73649	1	58	9.60629	1	58	9.60637	1	58	0	0	0	0.47498	0.4707	0.477357	0.474979	0.471873	0.47816	0.47498	0.4707	0.477357	0.474979	0.471873	0.47816	1	1	10.4726	
9.75188	1	60	9.6157	1	60	9.61577	1	60	0	0	0	0.479986	0.475563	0.48226	0.479985	0.477197	0.483607	0.479986	0.475563	0.48226	0.479985	0.477197	0.483607	1	1	10.4792	
9.77485	1	59	9.63199	1	59	9.63205	1	59	0	0	0	0.484968	0.480527	0.48739	0.484967	0.482417	0.48926	0.484968	0.480527	0.48739	0.484967	0.482417	0.48926	1	1	10.4925	
9.7936	1	67	9.64285	1	67	9.64297	1	67	0	0	0	0.489984	0.4858	0.49218	0.489983	0.48783	0.49258	0.489984	0.4858	0.49218	0.489983	0.48783	0.49258	1	1	10.4992	
9.81259	1	54	9.65353	1	54	9.65361	1	54	0	0	0	0.495004	0.49079	0.497313	0.495003	0.49168	0.497893	0.495004	0.49079	0.497313	0.495003	0.49168	0.497893	1	1	10.5064	
9.8358	1	76	9.66939	1	76	9.66951	1	76	0	0	0	0.5	0.495827	0.502247	0.499999	0.496803	0.50258	0.5	0.495827	0.502247	0.499999	0.496803	0.50258	1	1	10.5187	
9.85979	1	70	9.68158	1	70	9.68168	1	70	0	0	0	0.505012	0.500743	0.507327	0.505012	0.501387	0.508257	0.505012	0.500743	0.507327	0.505012	0.501387	0.508257	1	1	10.527	
9.88191	1	61	9.69457	1	61	9.69465	1	61	0	0	0	0.510001	0.505623	0.51228	0.510001	0.505157	0.512497	0.510001	0.505623	0.51228	0.510001	0.505157	0.512497	1	1	10.5361	
9.90683	1	61	9.70731	1	60	9.70742	1	60	0	0	0	0.515003	0.510713	0.517367	0.515002	0.512493	0.517997	0.515003	0.510713	0.517367	0.515002	0.512493	0.517997	1	1	10.545	
9.93168	1	76	9.72092	1	76	9.72098	1	76	0	0	0	0.519992	0.515693	0.52247	0.519993	0.517223	0.522653	0.519992	0.515693	0.52247	0.519993	0.517223	0.522653	1	1	10.5531	
9.95947	1	62	9.73637	1	62	9.73642	1	62	0	0	0	0.524983	0.520763	0.527543	0.524983	0.5226	0.528267	0.524983	0.520763	0.527543	0.524983	0.5226	0.528267	1	1	10.5653	
9.98444	1	72	9.7485	1	67	9.74861	1	67	0	0	0	0.530007	0.525883	0.53272	0.530006	0.527553	0.532927	0.530007	0.525883	0.53272	0.530006	0.527553	0.532927	1	1	10.5733	
10.0134	1	77	9.76115	1	77	9.76122	1	77	0	0	0	0.535012	0.53083	0.537613	0.535012	0.532727	0.537057	0.535012	0.53083	0.537613	0.535012	0.532727	0.537057	1	1	10.5808	
10.0496	1	74	9.77896	1	74	9.77903	1	74	0	0	0	0.540039	0.5359	0.542677	0.540038	0.535397	0.542777	0.540039	0.5359	0.542677	0.540038	0.535397	0.542777	1	1	10.5938	
10.0847	1	73	9.79453	1	71	9.79463	1	71	0	0	0	0.545036	0.54088	0.547587	0.545036	0.542433	0.54784	0.545036	0.54088	0.547587	0.545036	0.542433	0.54784	1	1	10.6055	
10.118	1	66	9.80917	1	62	9.80925	1	62	0	0	0	0.550021	0.54579	0.552727	0.550022	0.547443	0.553083	0.550021	0.54579	0.552727	0.550022	0.547443	0.553083	1	1	10.6149	
10.1522	1	67	9.827	1	67	9.82708	1	67	0	0	0	0.555002	0.550523	0.557777	0.555001	0.552193	0.55746	0.555002	0.550523	0.557777	0.555001	0.552193	0.55746	1	1	10.627	
10.1999	1	73	9.84284	1	64	9.84294	1	64	0	0	0	0.560012	0.555857	0.56275	0.560012	0.557773	0.562557	0.560012	0.555857	0.56275	0.560012	0.557773	0.562557	1	1	10.6373	
10.2378	1	67	9.85749	1	66	9.85758	1	66	0	0	0	0.565034	0.560913	0.56781	0.565034	0.562243	0.56732	0.565034	0.560913	0.56781	0.565034	0.562243	0.56732	1	1	10.646	
10.2901	1	82	9.87438	1	67	9.87445	1	67	0	0	0	0.570039	0.566027	0.572807	0.570038	0.566097	0.573277	0.570039	0.566027	0.572807	0.570038	0.566097	0.573277	1	1	10.6577	
10.3495	1	73	9.89375	1	66	9.89383	1	66	0	0	0	0.575031	0.57091	0.57767	0.57503	0.572573	0.577387	0.575031	0.57091	0.57767	0.57503	0.572573	0.577387	1	1	10.6691	
10.4237	1	133	9.91204	1	65	9.91212	1	65	0	0	0	0.580058	0.575917	0.582753	0.580058	0.576423	0.58424	0.580058	0.575917	0.582753	0.580058	0.576423	0.58424	1	1	10.682	
10.4885	1	93	9.93193	1	73	9.93201	1	73	0	0	0	0.585059	0.581083	0.587723	0.585058	0.582733	0.588247	0.585059	0.581083	0.587723	0.585058	0.582733	0.588247	1	1	10.694	
10.5736	1	124	9.95107	1	77	9.95115	1	77	0	0	0	0.590056	0.58606	0.59262	0.590055	0.587677	0.594137	0.590056	0.58606	0.59262	0.590055	0.587677	0.594137	1	1	10.7067	
10.6721	1	117	9.97064	1	67	9.97076	1	67	0	0	0	0.59505	0.591137	0.5976	0.595052	0.591497	0.597937	0.59505	0.591137	0.5976	0.595052	0.591497	0.597937	1	1	10.7171	
10.7864	1	135	9.98649	1	76	9.98662	1	76	0	0	0	0.600046	0.596187	0.602547	0.600046	0.597063	0.60322	0.600046	0.596187	0.602547	0.600046	0.597063	0.60322	1	1	10.7268	
10.9891	1	151	10.0084	1	79	10.0085	1	79	0	0	0	0.605056	0.601253	0.60742	0.605057	0.601993	0.60827	0.605056	0.601253	0.60742	0.605057	0.601993	0.60827	1	1	10.7416	
11.3228	1	300	10.0342	1	90	10.0344	1	90	0	0	0	0.610057	0.606133	0.612123	0.610058	0.607487	0.613547	0.610057	0.606133	0.612123	0.610058	0.607487	0.613547	1	1	10.7578	
11.9698	1	351	10.0536	1	92	10.0538	1	92	0	0	0	0.615068	0.61134	0.617157	0.615068	0.611483	0.61818	0.615068	0.61134	0.617157	0.615068	0.611483	0.61818	1	1	10.7687	
19.9614	1	1598	10.0747	1	105	10.0747	1	105	0	0	0	0.620029	0.618477	0.621754	0.62004	0.617937	0.621803	0.620029	0.618477	0.621754	0.62004	0.617937	0.621803	1	1	10.781	
254.484	1	23879	10.0976	1	81	10.0977	1	81	0	0	0	0.625025	0.623449	0.626701	0.624788	0.622963	0.626876	0.625025	0.623449	0.626701	0.624788	0.622963	0.626876	1	1	10.7947	
