9.095	1	20	9.095	1	20	9.09531	1	20	0	0	0	0.00499391	0.00472	0.00529667	0.00499385	0.00472	0.00529667	0.00499391	0.00472	0.00529667	0.00499385	0.00472	0.00529667	1	1	10.095	
9.0879	1	20	9.0879	1	20	9.08806	1	20	0	0	0	0.0100062	0.00967333	0.0105533	0.0100059	0.00967	0.0105533	0.0100062	0.00967333	0.0105533	0.0100059	0.00967	0.0105533	1	1	10.0879	
9.08583	1	20	9.08581	1	20	9.08591	1	20	0	0	0	0.0150311	0.0147333	0.0154867	0.0150309	0.0147333	0.01549	0.0150311	0.0147333	0.0154867	0.0150309	0.0147333	0.01549	1	1	10.0858	
9.09274	1	20	9.09272	1	20	9.0928	1	20	0	0	0	0.020063	0.01956	0.0207733	0.0200627	0.01956	0.0207767	0.020063	0.01956	0.0207733	0.0200627	0.01956	0.0207767	1	1	10.0927	
9.09084	1	20	9.09081	1	20	9.09088	1	20	0	0	0	0.0250671	0.0246267	0.02574	0.0250667	0.0246233	0.0257433	0.0250671	0.0246267	0.02574	0.0250667	0.0246233	0.0257433	1	1	10.0908	
9.08984	1	20	9.08979	1	20	9.08985	1	20	0	0	0	0.0300682	0.02952	0.0307533	0.0300679	0.0295233	0.0307567	0.0300682	0.02952	0.0307533	0.0300679	0.0295233	0.0307567	1	1	10.0898	
9.09052	1	20	9.09047	1	20	9.09056	1	20	0	0	0	0.0350706	0.03449	0.03577	0.0350703	0.0344933	0.0357733	0.0350706	0.03449	0.03577	0.0350703	0.0344933	0.0357733	1	1	10.0905	
9.09052	1	20	9.09045	1	20	9.09055	1	20	0	0	0	0.0400941	0.0393233	0.0409733	0.0400939	0.0393267	0.0409767	0.0400941	0.0393233	0.0409733	0.0400939	0.0393267	0.0409767	1	1	10.0904	
9.09244	1	20	9.09235	1	20	9.09247	1	20	0	0	0	0.0450691	0.0443367	0.0459767	0.0450689	0.04434	0.04597	0.0450691	0.0443367	0.0459767	0.0450689	0.04434	0.04597	1	1	10.0924	
9.09221	1	20	9.09211	1	20	9.09222	1	20	0	0	0	0.050078	0.0492567	0.05102	0.0500779	0.04926	0.0510167	0.050078	0.0492567	0.05102	0.0500779	0.04926	0.0510167	1	1	10.0921	
9.091	1	20	9.09089	1	20	9.09098	1	20	0	0	0	0.055088	0.0542567	0.05612	0.0550877	0.05426	0.0561167	0.055088	0.0542567	0.05612	0.0550877	0.05426	0.0561167	1	1	10.0909	
9.09134	1	20	9.0912	1	20	9.09127	1	20	0	0	0	0.0600776	0.05914	0.0611567	0.0600774	0.05914	0.0611567	0.0600776	0.05914	0.0611567	0.0600774	0.05914	0.0611567	1	1	10.0912	
9.09089	1	20	9.09073	1	20	9.09082	1	20	0	0	0	0.0651088	0.0642067	0.0661033	0.065109	0.0642067	0.0661033	0.0651088	0.0642067	0.0661033	0.065109	0.0642067	0.0661033	1	1	10.0907	
9.09113	1	20	9.09096	1	20	9.09105	1	20	0	0	0	0.0700993	0.06919	0.0710567	0.0700994	0.0691833	0.0710567	0.0700993	0.06919	0.0710567	0.0700994	0.0691833	0.0710567	1	1	10.091	
9.09048	1	20	9.09028	1	20	9.09039	1	20	0	0	0	0.0750704	0.0741733	0.0760867	0.0750707	0.0741733	0.0760867	0.0750704	0.0741733	0.0760867	0.0750707	0.0741733	0.0760867	1	1	10.0903	
9.08893	1	24	9.0887	1	24	9.08879	1	24	0	0	0	0.0800622	0.07906	0.0811233	0.0800628	0.0790533	0.0811233	0.0800622	0.07906	0.0811233	0.0800628	0.0790533	0.0811233	1	1	10.0887	
9.0887	1	24	9.08844	1	24	9.08853	1	24	0	0	0	0.0850491	0.0840467	0.08615	0.0850497	0.08404	0.08615	0.0850491	0.0840467	0.08615	0.0850497	0.08404	0.08615	1	1	10.0884	
9.08953	1	24	9.08924	1	24	9.08933	1	24	0	0	0	0.0900403	0.08904	0.0911	0.0900405	0.0890333	0.0911	0.0900403	0.08904	0.0911	0.0900405	0.0890333	0.0911	1	1	10.0892	
9.08915	1	24	9.08881	1	24	9.0889	1	24	0	0	0	0.0950421	0.0939633	0.09615	0.0950424	0.0939567	0.09615	0.0950421	0.0939633	0.09615	0.0950424	0.0939567	0.09615	1	1	10.0888	
9.09021	1	24	9.08983	1	24	9.08993	1	24	0	0	0	0.100013	0.0988367	0.101037	0.100014	0.09883	0.101037	0.100013	0.0988367	0.101037	0.100014	0.09883	0.101037	1	1	10.0898	
9.0899	1	24	9.08949	1	24	9.08958	1	24	0	0	0	0.105002	0.10396	0.106083	0.105002	0.103953	0.106087	0.105002	0.10396	0.106083	0.105002	0.103953	0.106087	1	1	10.0895	
9.09192	1	24	9.09147	1	24	9.09156	1	24	0	0	0	0.110025	0.108947	0.111093	0.110025	0.10894	0.111097	0.110025	0.108947	0.111093	0.110025	0.10894	0.111097	1	1	10.0915	
9.09181	1	24	9.09133	1	24	9.09141	1	24	0	0	0	0.115005	0.113947	0.116063	0.115005	0.11394	0.116067	0.115005	0.113947	0.116063	0.115005	0.11394	0.116067	1	1	10.0913	
9.09132	1	24	9.09079	1	24	9.09088	1	24	0	0	0	0.119998	0.118917	0.12105	0.119998	0.118913	0.121053	0.119998	0.118917	0.12105	0.119998	0.118913	0.121053	1	1	10.0908	
9.09177	1	24	9.0912	1	24	9.09128	1	24	0	0	0	0.124993	0.123957	0.126023	0.124993	0.123953	0.126023	0.124993	0.123957	0.126023	0.124993	0.123953	0.126023	1	1	10.0912	
9.09193	1	24	9.09129	1	24	9.09138	1	24	0	0	0	0.129989	0.128887	0.130963	0.129989	0.128883	0.130967	0.129989	0.128887	0.130963	0.129989	0.128883	0.130967	1	1	10.0913	
9.09239	1	24	9.09171	1	24	9.0918	1	24	0	0	0	0.134996	0.13394	0.136053	0.134996	0.13394	0.136057	0.134996	0.13394	0.136053	0.134996	0.13394	0.136057	1	1	10.0917	
9.09322	1	24	9.09249	1	24	9.09256	1	24	0	0	0	0.139993	0.13878	0.140917	0.139994	0.13878	0.14092	0.139993	0.13878	0.140917	0.139994	0.13878	0.14092	1	1	10.0925	
9.09423	1	24	9.09342	1	24	9.0935	1	24	0	0	0	0.144979	0.143707	0.145863	0.14498	0.143707	0.14586	0.144979	0.143707	0.145863	0.14498	0.143707	0.14586	1	1	10.0934	
9.09547	1	24	9.09459	1	24	9.09467	1	24	0	0	0	0.149981	0.148657	0.151093	0.149981	0.148657	0.15109	0.149981	0.148657	0.151093	0.149981	0.148657	0.15109	1	1	10.0946	
9.09635	1	24	9.0954	1	24	9.09548	1	24	0	0	0	0.154962	0.1535	0.156267	0.154963	0.1535	0.156263	0.154962	0.1535	0.156267	0.154963	0.1535	0.156263	1	1	10.0954	
9.09677	1	24	9.09576	1	24	9.09584	1	24	0	0	0	0.159973	0.158617	0.16114	0.159974	0.158617	0.16114	0.159973	0.158617	0.16114	0.159974	0.158617	0.16114	1	1	10.0958	
9.09803	1	24	9.09695	1	24	9.09702	1	24	0	0	0	0.164998	0.16344	0.166243	0.164998	0.16344	0.166247	0.164998	0.16344	0.166243	0.164998	0.16344	0.166247	1	1	10.0969	
9.09823	1	24	9.09708	1	24	9.09714	1	24	0	0	0	0.170007	0.168467	0.171367	0.170008	0.168467	0.171367	0.170007	0.168467	0.171367	0.170008	0.168467	0.171367	1	1	10.0971	
9.09894	1	24	9.09769	1	24	9.09776	1	24	0	0	0	0.175015	0.173497	0.17646	0.175016	0.173497	0.176463	0.175015	0.173497	0.17646	0.175016	0.173497	0.176463	1	1	10.0977	
9.0994	1	24	9.09807	1	24	9.09814	1	24	0	0	0	0.180034	0.178407	0.18157	0.180035	0.178407	0.18157	0.180034	0.178407	0.18157	0.180035	0.178407	0.18157	1	1	10.0981	
9.10026	1	24	9.09883	1	24	9.09889	1	24	0	0	0	0.185042	0.183203	0.186423	0.185042	0.183203	0.186423	0.185042	0.183203	0.186423	0.185042	0.183203	0.186423	1	1	10.0988	
9.10048	1	24	9.09896	1	24	9.09902	1	24	0	0	0	0.190052	0.188203	0.191317	0.190053	0.188203	0.191317	0.190052	0.188203	0.191317	0.190053	0.188203	0.191317	1	1	10.099	
9.10039	1	24	9.09878	1	24	9.09883	1	24	0	0	0	0.195078	0.193557	0.196443	0.195078	0.193557	0.196443	0.195078	0.193557	0.196443	0.195078	0.193557	0.196443	1	1	10.0988	
9.10102	1	24	9.09932	1	24	9.09938	1	24	0	0	0	0.200077	0.19841	0.20126	0.200077	0.198407	0.20126	0.200077	0.19841	0.20126	0.200077	0.198407	0.20126	1	1	10.0993	
9.10187	1	25	9.10006	1	25	9.10011	1	25	0	0	0	0.20508	0.203317	0.206423	0.20508	0.203313	0.20642	0.20508	0.203317	0.206423	0.20508	0.203313	0.20642	1	1	10.1	
9.10308	1	25	9.10116	1	25	9.10121	1	25	0	0	0	0.210069	0.20816	0.211343	0.210069	0.208157	0.21134	0.210069	0.20816	0.211343	0.210069	0.208157	0.21134	1	1	10.1011	
9.10396	1	25	9.10194	1	25	9.10199	1	25	0	0	0	0.215034	0.2131	0.21641	0.215033	0.213097	0.216407	0.215034	0.2131	0.21641	0.215033	0.213097	0.216407	1	1	10.1019	
9.10426	1	25	9.10213	1	25	9.10218	1	25	0	0	0	0.220027	0.217907	0.22134	0.220027	0.217903	0.221363	0.220027	0.217907	0.22134	0.220027	0.217903	0.221363	1	1	10.1021	
9.10504	1	25	9.1028	1	25	9.10284	1	25	0	0	0	0.225021	0.222973	0.226473	0.225021	0.22297	0.22647	0.225021	0.222973	0.226473	0.225021	0.22297	0.22647	1	1	10.1028	
9.10598	1	25	9.10361	1	25	9.10365	1	25	0	0	0	0.230021	0.22809	0.231733	0.230021	0.228087	0.231753	0.230021	0.22809	0.231733	0.230021	0.228087	0.231753	1	1	10.1036	
9.10647	1	25	9.10397	1	25	9.10402	1	25	0	0	0	0.235028	0.233103	0.23677	0.235027	0.2331	0.23679	0.235028	0.233103	0.23677	0.235027	0.2331	0.23679	1	1	10.1039	
9.10732	1	25	9.10471	1	25	9.10475	1	25	0	0	0	0.240018	0.238197	0.241943	0.240018	0.238193	0.241963	0.240018	0.238197	0.241943	0.240018	0.238193	0.241963	1	1	10.1047	
9.10813	1	25	9.10537	1	25	9.10543	1	25	0	0	0	0.245024	0.242773	0.24693	0.245024	0.24277	0.246927	0.245024	0.242773	0.24693	0.245024	0.24277	0.246927	1	1	10.1053	
9.10884	1	25	9.10594	1	25	9.106	1	25	0	0	0	0.250034	0.247733	0.252193	0.250034	0.24773	0.25221	0.250034	0.247733	0.252193	0.250034	0.24773	0.25221	1	1	10.1059	
9.10993	1	25	9.10689	1	25	9.10695	1	25	0	0	0	0.255015	0.25275	0.257127	0.255015	0.252747	0.257143	0.255015	0.25275	0.257127	0.255015	0.252747	0.257143	1	1	10.1068	
9.11099	1	25	9.1078	1	25	9.10785	1	25	0	0	0	0.260024	0.257637	0.262147	0.260024	0.257633	0.262167	0.260024	0.257637	0.262147	0.260024	0.257633	0.262167	1	1	10.1077	
9.11199	1	25	9.10865	1	25	9.1087	1	25	0	0	0	0.265017	0.262427	0.26717	0.265017	0.262423	0.26719	0.265017	0.262427	0.26717	0.265017	0.262423	0.26719	1	1	10.1086	
9.11256	1	25	9.10903	1	25	9.10909	1	25	0	0	0	0.270019	0.26732	0.27215	0.270019	0.267317	0.27217	0.270019	0.26732	0.27215	0.270019	0.267317	0.27217	1	1	10.109	
9.11381	1	25	9.11013	1	25	9.11018	1	25	0	0	0	0.275021	0.272227	0.277133	0.275021	0.272223	0.277157	0.275021	0.272227	0.277133	0.275021	0.272223	0.277157	1	1	10.1101	
9.11462	1	25	9.11075	1	25	9.11081	1	25	0	0	0	0.280024	0.27711	0.28227	0.280024	0.277103	0.282293	0.280024	0.27711	0.28227	0.280024	0.277103	0.282293	1	1	10.1107	
9.1156	1	25	9.11155	1	25	9.1116	1	25	0	0	0	0.284984	0.28202	0.2873	0.284984	0.282013	0.287323	0.284984	0.28202	0.2873	0.284984	0.282013	0.287323	1	1	10.1115	
9.11668	1	25	9.11245	1	25	9.1125	1	25	0	0	0	0.290004	0.28696	0.292427	0.290004	0.28695	0.29245	0.290004	0.28696	0.292427	0.290004	0.28695	0.29245	1	1	10.1124	
9.11779	1	25	9.11336	1	25	9.11341	1	25	0	0	0	0.295023	0.291793	0.297347	0.295023	0.291783	0.29737	0.295023	0.291793	0.297347	0.295023	0.291783	0.29737	1	1	10.1133	
9.11877	1	25	9.11412	1	25	9.11417	1	25	0	0	0	0.300015	0.296733	0.302347	0.300015	0.296723	0.30237	0.300015	0.296733	0.302347	0.300015	0.296723	0.30237	1	1	10.114	
9.11954	1	25	9.11467	1	25	9.11472	1	25	0	0	0	0.30501	0.301723	0.30717	0.305011	0.301713	0.307193	0.30501	0.301723	0.30717	0.305011	0.301713	0.307193	1	1	10.1145	
9.12077	1	25	9.11568	1	25	9.11573	1	25	0	0	0	0.310018	0.306597	0.3122	0.310018	0.306587	0.312223	0.310018	0.306597	0.3122	0.310018	0.306587	0.312223	1	1	10.1155	
9.12234	1	25	9.11701	1	25	9.11705	1	25	0	0	0	0.314986	0.311583	0.31721	0.314987	0.311573	0.317233	0.314986	0.311583	0.31721	0.314987	0.311573	0.317233	1	1	10.1169	
9.12388	1	25	9.11828	1	25	9.11833	1	25	0	0	0	0.319994	0.316567	0.322197	0.319995	0.31656	0.322193	0.319994	0.316567	0.322197	0.319995	0.31656	0.322193	1	1	10.1181	
9.12514	1	25	9.11928	1	25	9.11933	1	25	0	0	0	0.325005	0.321523	0.327163	0.325006	0.321517	0.32716	0.325005	0.321523	0.327163	0.325006	0.321517	0.32716	1	1	10.1191	
9.12618	1	25	9.12005	1	25	9.1201	1	25	0	0	0	0.329995	0.326493	0.332253	0.329996	0.326487	0.33225	0.329995	0.326493	0.332253	0.329996	0.326487	0.33225	1	1	10.1199	
9.12756	1	25	9.12118	1	25	9.12123	1	25	0	0	0	0.334995	0.331413	0.337203	0.334996	0.331407	0.3372	0.334995	0.331413	0.337203	0.334996	0.331407	0.3372	1	1	10.121	
9.12906	1	25	9.1224	1	25	9.12245	1	25	0	0	0	0.340001	0.336503	0.34213	0.340002	0.336497	0.342157	0.340001	0.336503	0.34213	0.340002	0.336497	0.342157	1	1	10.1222	
9.13066	1	25	9.12369	1	25	9.12374	1	25	0	0	0	0.344977	0.34145	0.347093	0.344978	0.341443	0.34712	0.344977	0.34145	0.347093	0.344978	0.341443	0.34712	1	1	10.1235	
9.13217	1	25	9.12486	1	25	9.12491	1	25	0	0	0	0.349965	0.34621	0.35204	0.349966	0.346203	0.352037	0.349965	0.34621	0.35204	0.349966	0.346203	0.352037	1	1	10.1246	
9.13362	1	25	9.12596	1	25	9.12601	1	25	0	0	0	0.354962	0.351113	0.35706	0.354963	0.351107	0.357087	0.354962	0.351113	0.35706	0.354963	0.351107	0.357087	1	1	10.1257	
9.13513	1	25	9.12713	1	25	9.12719	1	25	0	0	0	0.359946	0.356217	0.362117	0.359947	0.35621	0.362143	0.359946	0.356217	0.362117	0.359947	0.35621	0.362143	1	1	10.1268	
9.13704	1	25	9.12869	1	25	9.12874	1	25	0	0	0	0.364961	0.361297	0.367087	0.364962	0.36129	0.36711	0.364961	0.361297	0.367087	0.364962	0.36129	0.36711	1	1	10.1284	
9.13896	1	25	9.13023	1	25	9.13029	1	25	0	0	0	0.369962	0.36614	0.37218	0.369963	0.366133	0.372203	0.369962	0.36614	0.37218	0.369963	0.366133	0.372203	1	1	10.1299	
9.1407	1	25	9.13156	1	25	9.13163	1	25	0	0	0	0.374957	0.371073	0.37707	0.374958	0.371067	0.377093	0.374957	0.371073	0.37707	0.374958	0.371067	0.377093	1	1	10.1312	
9.14252	1	25	9.13297	1	25	9.13303	1	25	0	0	0	0.379938	0.37607	0.382213	0.379939	0.376063	0.382233	0.379938	0.37607	0.382213	0.379939	0.376063	0.382233	1	1	10.1326	
9.14418	1	25	9.13421	1	25	9.13428	1	25	0	0	0	0.384944	0.381013	0.387093	0.384945	0.381007	0.387113	0.384944	0.381013	0.387093	0.384945	0.381007	0.387113	1	1	10.1338	
9.14611	1	25	9.13568	1	25	9.13574	1	25	0	0	0	0.389928	0.385823	0.39206	0.389929	0.385817	0.39208	0.389928	0.385823	0.39206	0.389929	0.385817	0.39208	1	1	10.1352	
9.14817	1	25	9.13724	1	25	9.1373	1	25	0	0	0	0.394923	0.390957	0.39708	0.394924	0.390947	0.3971	0.394923	0.390957	0.39708	0.394924	0.390947	0.3971	1	1	10.1368	
9.15016	1	25	9.13872	1	25	9.13879	1	25	0	0	0	0.399943	0.395987	0.40203	0.399944	0.395977	0.40205	0.399943	0.395987	0.40203	0.399944	0.395977	0.40205	1	1	10.1382	
9.15214	1	25	9.14018	1	25	9.14024	1	25	0	0	0	0.404934	0.400923	0.407463	0.404935	0.400913	0.407483	0.404934	0.400923	0.407463	0.404935	0.400913	0.407483	1	1	10.1396	
9.1544	1	25	9.14187	1	25	9.14193	1	25	0	0	0	0.409933	0.406057	0.412473	0.409934	0.406047	0.412493	0.409933	0.406057	0.412473	0.409934	0.406047	0.412493	1	1	10.1413	
9.15644	1	25	9.14328	1	25	9.14334	1	25	0	0	0	0.414948	0.410933	0.41741	0.414948	0.410923	0.41743	0.414948	0.410933	0.41741	0.414948	0.410923	0.41743	1	1	10.1426	
9.15885	1	25	9.14505	1	25	9.14512	1	25	0	0	0	0.419968	0.415927	0.422297	0.419969	0.415913	0.422317	0.419968	0.415927	0.422297	0.419969	0.415913	0.422317	1	1	10.1444	
9.16105	1	25	9.14657	1	25	9.14664	1	25	0	0	0	0.424933	0.420963	0.427083	0.424934	0.42095	0.42708	0.424933	0.420963	0.427083	0.424934	0.42095	0.42708	1	1	10.1458	
9.16313	1	25	9.14795	1	25	9.14802	1	25	0	0	0	0.429919	0.42584	0.43224	0.429919	0.425827	0.432237	0.429919	0.42584	0.43224	0.429919	0.425827	0.432237	1	1	10.1472	
9.16551	1	25	9.14964	1	25	9.1497	1	25	0	0	0	0.4349	0.430777	0.437183	0.4349	0.430763	0.43718	0.4349	0.430777	0.437183	0.4349	0.430763	0.43718	1	1	10.1488	
9.16817	1	25	9.15147	1	25	9.15153	1	25	0	0	0	0.439918	0.435807	0.442153	0.439918	0.435793	0.44215	0.439918	0.435807	0.442153	0.439918	0.435793	0.44215	1	1	10.1506	
9.17093	1	25	9.1534	1	25	9.15346	1	25	0	0	0	0.444945	0.440747	0.447317	0.444945	0.440733	0.447313	0.444945	0.440747	0.447317	0.444945	0.440733	0.447313	1	1	10.1524	
9.1739	1	26	9.15545	1	26	9.15551	1	26	0	0	0	0.449951	0.445773	0.452347	0.44995	0.44576	0.452343	0.449951	0.445773	0.452347	0.44995	0.44576	0.452343	1	1	10.1544	
9.17663	1	26	9.15722	1	26	9.15728	1	26	0	0	0	0.454952	0.45091	0.45769	0.454951	0.450897	0.457687	0.454952	0.45091	0.45769	0.454951	0.450897	0.457687	1	1	10.1561	
9.17935	1	26	9.15899	1	26	9.15905	1	26	0	0	0	0.459963	0.455857	0.462693	0.459963	0.455843	0.46269	0.459963	0.455857	0.462693	0.459963	0.455843	0.46269	1	1	10.1578	
9.1824	1	26	9.16097	1	26	9.16103	1	26	0	0	0	0.464999	0.46081	0.467627	0.464999	0.460797	0.467623	0.464999	0.46081	0.467627	0.464999	0.460797	0.467623	1	1	10.1597	
9.18564	1	26	9.16303	1	26	9.1631	1	26	0	0	0	0.470001	0.46574	0.4725	0.470001	0.465727	0.472497	0.470001	0.46574	0.4725	0.470001	0.465727	0.472497	1	1	10.1617	
9.18911	1	26	9.16528	1	26	9.16534	1	26	0	0	0	0.47498	0.4707	0.477357	0.47498	0.470683	0.477353	0.47498	0.4707	0.477357	0.47498	0.470683	0.477353	1	1	10.1638	
9.19262	1	26	9.16745	1	26	9.16751	1	26	0	0	0	0.479986	0.475563	0.48226	0.479986	0.475547	0.482257	0.479986	0.475563	0.48226	0.479986	0.475547	0.482257	1	1	10.1659	
9.19628	1	26	9.16967	1	26	9.16973	1	26	0	0	0	0.484968	0.480527	0.48739	0.484968	0.48051	0.487387	0.484968	0.480527	0.48739	0.484968	0.48051	0.487387	1	1	10.1681	
9.20043	1	26	9.17225	1	26	9.1723	1	26	0	0	0	0.489984	0.4858	0.49218	0.489983	0.485783	0.492177	0.489984	0.4858	0.49218	0.489983	0.485783	0.492177	1	1	10.1705	
9.2046	1	26	9.17471	1	26	9.17477	1	26	0	0	0	0.495004	0.49079	0.497313	0.495004	0.490773	0.49731	0.495004	0.49079	0.497313	0.495004	0.490773	0.49731	1	1	10.1729	
9.20889	1	29	9.17707	1	29	9.17713	1	29	0	0	0	0.5	0.495827	0.502247	0.5	0.495813	0.502247	0.5	0.495827	0.502247	0.5	0.495813	0.502247	1	1	10.1751	
9.21306	1	29	9.1792	1	29	9.17926	1	29	0	0	0	0.505012	0.500743	0.507327	0.505012	0.50073	0.507327	0.505012	0.500743	0.507327	0.505012	0.50073	0.507327	1	1	10.1771	
9.21753	1	29	9.18148	1	29	9.18154	1	29	0	0	0	0.510001	0.505623	0.51228	0.510001	0.50561	0.51228	0.510001	0.505623	0.51228	0.510001	0.50561	0.51228	1	1	10.1793	
9.22254	1	29	9.18407	1	29	9.18413	1	29	0	0	0	0.515003	0.510713	0.517367	0.515003	0.5107	0.51737	0.515003	0.510713	0.517367	0.515003	0.5107	0.51737	1	1	10.1817	
9.22803	1	30	9.18682	1	30	9.18688	1	30	0	0	0	0.519992	0.515693	0.52247	0.519992	0.51568	0.522473	0.519992	0.515693	0.52247	0.519992	0.51568	0.522473	1	1	10.1843	
9.23348	1	30	9.18925	1	30	9.18931	1	30	0	0	0	0.524983	0.520763	0.527543	0.524983	0.52075	0.527543	0.524983	0.520763	0.527543	0.524983	0.52075	0.527543	1	1	10.1866	
9.23961	1	30	9.19187	1	30	9.19193	1	30	0	0	0	0.530007	0.525883	0.53272	0.530007	0.52587	0.53272	0.530007	0.525883	0.53272	0.530007	0.52587	0.53272	1	1	10.189	
9.24629	1	30	9.19455	1	30	9.19462	1	30	0	0	0	0.535012	0.53083	0.537613	0.535012	0.530817	0.537613	0.535012	0.53083	0.537613	0.535012	0.530817	0.537613	1	1	10.1916	
9.25373	1	30	9.19759	1	30	9.19765	1	30	0	0	0	0.540039	0.5359	0.542677	0.540039	0.535887	0.542677	0.540039	0.5359	0.542677	0.540039	0.535887	0.542677	1	1	10.1944	
9.26125	1	30	9.20041	1	30	9.20047	1	30	0	0	0	0.545036	0.54088	0.547587	0.545036	0.540867	0.547587	0.545036	0.54088	0.547587	0.545036	0.540867	0.547587	1	1	10.197	
9.26968	1	30	9.20319	1	30	9.20326	1	30	0	0	0	0.550021	0.54579	0.552727	0.550021	0.54578	0.552727	0.550021	0.54579	0.552727	0.550021	0.54578	0.552727	1	1	10.1996	
9.27934	1	30	9.2065	1	30	9.20657	1	30	0	0	0	0.555002	0.550523	0.557777	0.555002	0.550513	0.557777	0.555002	0.550523	0.557777	0.555002	0.550513	0.557777	1	1	10.2027	
9.28974	1	37	9.20975	1	37	9.20983	1	37	0	0	0	0.560012	0.555857	0.56275	0.560012	0.555847	0.562753	0.560012	0.555857	0.56275	0.560012	0.555847	0.562753	1	1	10.2057	
9.30118	1	37	9.21287	1	37	9.21294	1	37	0	0	0	0.565034	0.560913	0.56781	0.565034	0.560903	0.567813	0.565034	0.560913	0.56781	0.565034	0.560903	0.567813	1	1	10.2086	
9.31534	1	40	9.2162	1	37	9.21627	1	37	0	0	0	0.570039	0.566027	0.572807	0.570039	0.566017	0.57281	0.570039	0.566027	0.572807	0.570039	0.566017	0.57281	1	1	10.2116	
9.33214	1	47	9.21992	1	37	9.21999	1	37	0	0	0	0.575031	0.57091	0.57767	0.575032	0.5709	0.577673	0.575031	0.57091	0.57767	0.575032	0.5709	0.577673	1	1	10.215	
9.35206	1	52	9.22331	1	37	9.22339	1	37	0	0	0	0.580058	0.575917	0.582753	0.580059	0.57591	0.582757	0.580058	0.575917	0.582753	0.580059	0.57591	0.582757	1	1	10.218	
9.37778	1	56	9.22689	1	37	9.22696	1	37	0	0	0	0.585059	0.581083	0.587723	0.585059	0.581077	0.587727	0.585059	0.581083	0.587723	0.585059	0.581077	0.587727	1	1	10.2213	
9.41145	1	59	9.23031	1	37	9.23038	1	37	0	0	0	0.590056	0.58606	0.59262	0.590056	0.586053	0.592627	0.590056	0.58606	0.59262	0.590056	0.586053	0.592627	1	1	10.2244	
9.46058	1	68	9.23416	1	37	9.23423	1	37	0	0	0	0.59505	0.591137	0.5976	0.595051	0.591127	0.597607	0.59505	0.591137	0.5976	0.595051	0.591127	0.597607	1	1	10.2279	
9.53376	1	98	9.23808	1	37	9.23815	1	37	0	0	0	0.600046	0.596187	0.602547	0.600046	0.596177	0.602553	0.600046	0.596187	0.602547	0.600046	0.596177	0.602553	1	1	10.2313	
9.67174	1	139	9.24232	1	37	9.24238	1	37	0	0	0	0.605056	0.601253	0.60742	0.605057	0.601243	0.607427	0.605056	0.601253	0.60742	0.605057	0.601243	0.607427	1	1	10.2351	
9.97201	1	173	9.24643	1	36	9.24649	1	36	0	0	0	0.610057	0.606133	0.612123	0.610059	0.606123	0.61214	0.610057	0.606133	0.612123	0.610059	0.606123	0.61214	1	1	10.2386	
11.7455	1	381	9.25096	1	36	9.25096	1	36	0	0	0	0.615068	0.61134	0.617157	0.615075	0.61133	0.617173	0.615068	0.61134	0.617157	0.615075	0.61133	0.617173	1	1	10.2426	
188.489	1	8659	9.25546	1	36	9.25486	1	36	0	0	0	0.620029	0.618477	0.621754	0.619857	0.614916	0.621751	0.620029	0.618477	0.621754	0.619857	0.614916	0.621751	1	1	10.2466	
561.268	1	27174	9.26025	1	46	9.25863	1	46	0	0	0	0.625025	0.623449	0.626701	0.624505	0.608856	0.626699	0.625025	0.623449	0.626701	0.624505	0.608856	0.626699	1	1	10.2508	
