9.1522	1	23	9.1521	1	23	9.15231	1	23	0	0	0	0.00499391	0.00472	0.00529667	0.00499391	0.00468333	0.00522	0.00499391	0.00472	0.00529667	0.00499391	0.00468333	0.00522	1	1	10.1515	
9.13091	1	26	9.13075	1	26	9.13073	1	26	0	0	0	0.0100062	0.00967333	0.0105533	0.0100061	0.00951	0.0104067	0.0100062	0.00967333	0.0105533	0.0100061	0.00951	0.0104067	1	1	10.1296	
9.11036	1	26	9.11014	1	26	9.1101	1	26	0	0	0	0.0150311	0.0147333	0.0154867	0.015031	0.01453	0.0153833	0.0150311	0.0147333	0.0154867	0.015031	0.01453	0.0153833	1	1	10.1083	
9.12174	1	26	9.12148	1	26	9.12156	1	26	0	0	0	0.020063	0.01956	0.0207733	0.0200629	0.0195733	0.0206	0.020063	0.01956	0.0207733	0.0200629	0.0195733	0.0206	1	1	10.1191	
9.12975	1	27	9.12942	1	27	9.12955	1	27	0	0	0	0.0250671	0.0246267	0.02574	0.025067	0.0242167	0.02575	0.0250671	0.0246267	0.02574	0.025067	0.0242167	0.02575	1	1	10.1265	
9.12448	1	29	9.12406	1	29	9.12416	1	29	0	0	0	0.0300682	0.02952	0.0307533	0.0300678	0.0294367	0.0309933	0.0300682	0.02952	0.0307533	0.0300678	0.0294367	0.0309933	1	1	10.1205	
9.12734	1	32	9.1268	1	32	9.12685	1	32	0	0	0	0.0350706	0.03449	0.03577	0.0350705	0.03424	0.03611	0.0350706	0.03449	0.03577	0.0350705	0.03424	0.03611	1	1	10.1227	
9.13464	1	34	9.13402	1	34	9.13411	1	34	0	0	0	0.0400941	0.0393233	0.0409733	0.0400936	0.0392567	0.0410133	0.0400941	0.0393233	0.0409733	0.0400936	0.0392567	0.0410133	1	1	10.1291	
9.13515	1	31	9.13447	1	31	9.13453	1	31	0	0	0	0.0450691	0.0443367	0.0459767	0.0450685	0.04437	0.0457933	0.0450691	0.0443367	0.0459767	0.0450685	0.04437	0.0457933	1	1	10.1291	
9.13291	1	35	9.13209	1	35	9.13215	1	35	0	0	0	0.050078	0.0492567	0.05102	0.0500777	0.0491467	0.05086	0.050078	0.0492567	0.05102	0.0500777	0.0491467	0.05086	1	1	10.1259	
9.13999	1	29	9.1391	1	29	9.13918	1	29	0	0	0	0.055088	0.0542567	0.05612	0.0550874	0.05408	0.0560033	0.055088	0.0542567	0.05612	0.0550874	0.05408	0.0560033	1	1	10.1322	
9.13323	1	32	9.13231	1	32	9.1324	1	32	0	0	0	0.0600776	0.05914	0.0611567	0.0600776	0.05895	0.06138	0.0600776	0.05914	0.0611567	0.0600776	0.05895	0.06138	1	1	10.1247	
9.14368	1	32	9.14269	1	32	9.14272	1	32	0	0	0	0.0651088	0.0642067	0.0661033	0.0651087	0.0641133	0.0664733	0.0651088	0.0642067	0.0661033	0.0651087	0.0641133	0.0664733	1	1	10.1343	
9.13603	1	30	9.1349	1	30	9.13497	1	30	0	0	0	0.0700993	0.06919	0.0710567	0.0700991	0.0690233	0.0710733	0.0700993	0.06919	0.0710567	0.0700991	0.0690233	0.0710733	1	1	10.1259	
9.14245	1	30	9.14131	1	30	9.14138	1	30	0	0	0	0.0750704	0.0741733	0.0760867	0.0750699	0.07371	0.0761633	0.0750704	0.0741733	0.0760867	0.0750699	0.07371	0.0761633	1	1	10.1314	
9.14566	1	30	9.14439	1	30	9.14449	1	30	0	0	0	0.0800622	0.07906	0.0811233	0.0800621	0.07899	0.0810967	0.0800622	0.07906	0.0811233	0.0800621	0.07899	0.0810967	1	1	10.1336	
9.14902	1	35	9.14763	1	35	9.14772	1	35	0	0	0	0.0850491	0.0840467	0.08615	0.0850493	0.0839533	0.0858767	0.0850491	0.0840467	0.08615	0.0850493	0.0839533	0.0858767	1	1	10.1362	
9.14751	1	34	9.14597	1	34	9.14599	1	34	0	0	0	0.0900403	0.08904	0.0911	0.0900405	0.0887233	0.0910767	0.0900403	0.08904	0.0911	0.0900405	0.0887233	0.0910767	1	1	10.1339	
9.14156	1	35	9.13996	1	35	9.14005	1	35	0	0	0	0.0950421	0.0939633	0.09615	0.0950422	0.0939733	0.0963267	0.0950421	0.0939633	0.09615	0.0950422	0.0939733	0.0963267	1	1	10.1269	
9.14667	1	37	9.14501	1	37	9.1451	1	37	0	0	0	0.100013	0.0988367	0.101037	0.100014	0.0987467	0.10123	0.100013	0.0988367	0.101037	0.100014	0.0987467	0.10123	1	1	10.1312	
9.14233	1	34	9.14052	1	34	9.14059	1	34	0	0	0	0.105002	0.10396	0.106083	0.105002	0.10395	0.106673	0.105002	0.10396	0.106083	0.105002	0.10395	0.106673	1	1	10.1261	
9.14596	1	35	9.14406	1	35	9.14412	1	35	0	0	0	0.110025	0.108947	0.111093	0.110025	0.1087	0.111423	0.110025	0.108947	0.111093	0.110025	0.1087	0.111423	1	1	10.1288	
9.15226	1	41	9.15024	1	41	9.15028	1	41	0	0	0	0.115005	0.113947	0.116063	0.115005	0.113733	0.11641	0.115005	0.113947	0.116063	0.115005	0.113733	0.11641	1	1	10.1339	
9.15131	1	33	9.14916	1	33	9.14926	1	33	0	0	0	0.119998	0.118917	0.12105	0.119998	0.118467	0.121537	0.119998	0.118917	0.12105	0.119998	0.118467	0.121537	1	1	10.1321	
9.14892	1	35	9.14673	1	35	9.14679	1	35	0	0	0	0.124993	0.123957	0.126023	0.124993	0.123717	0.126337	0.124993	0.123957	0.126023	0.124993	0.123717	0.126337	1	1	10.1286	
9.15671	1	36	9.15431	1	36	9.15436	1	36	0	0	0	0.129989	0.128887	0.130963	0.129989	0.128813	0.13223	0.129989	0.128887	0.130963	0.129989	0.128813	0.13223	1	1	10.1354	
9.16125	1	39	9.15881	1	39	9.15884	1	39	0	0	0	0.134996	0.13394	0.136053	0.134996	0.133313	0.13626	0.134996	0.13394	0.136053	0.134996	0.133313	0.13626	1	1	10.139	
9.16395	1	37	9.16139	1	37	9.16147	1	37	0	0	0	0.139993	0.13878	0.140917	0.139994	0.13859	0.14131	0.139993	0.13878	0.140917	0.139994	0.13859	0.14131	1	1	10.1406	
9.1683	1	40	9.16572	1	40	9.1658	1	40	0	0	0	0.144979	0.143707	0.145863	0.14498	0.143337	0.14677	0.144979	0.143707	0.145863	0.14498	0.143337	0.14677	1	1	10.144	
9.17328	1	39	9.17044	1	39	9.17056	1	39	0	0	0	0.149981	0.148657	0.151093	0.149981	0.14876	0.15099	0.149981	0.148657	0.151093	0.149981	0.14876	0.15099	1	1	10.1478	
9.1755	1	39	9.17258	1	39	9.17267	1	39	0	0	0	0.154962	0.1535	0.156267	0.154962	0.153553	0.156657	0.154962	0.1535	0.156267	0.154962	0.153553	0.156657	1	1	10.1492	
9.17372	1	37	9.1707	1	37	9.17079	1	37	0	0	0	0.159973	0.158617	0.16114	0.159974	0.158263	0.161477	0.159973	0.158617	0.16114	0.159974	0.158263	0.161477	1	1	10.1463	
9.17845	1	41	9.17528	1	41	9.17536	1	41	0	0	0	0.164998	0.16344	0.166243	0.164998	0.16376	0.167857	0.164998	0.16344	0.166243	0.164998	0.16376	0.167857	1	1	10.1497	
9.18305	1	40	9.17982	1	40	9.17991	1	40	0	0	0	0.170007	0.168467	0.171367	0.170008	0.168083	0.171793	0.170007	0.168467	0.171367	0.170008	0.168083	0.171793	1	1	10.1534	
9.181	1	39	9.17747	1	39	9.17752	1	39	0	0	0	0.175015	0.173497	0.17646	0.175015	0.173337	0.17696	0.175015	0.173497	0.17646	0.175015	0.173337	0.17696	1	1	10.1498	
9.18654	1	40	9.18302	1	40	9.18308	1	40	0	0	0	0.180034	0.178407	0.18157	0.180035	0.177517	0.182407	0.180034	0.178407	0.18157	0.180035	0.177517	0.182407	1	1	10.1546	
9.19548	1	40	9.19177	1	40	9.19182	1	40	0	0	0	0.185042	0.183203	0.186423	0.185042	0.183353	0.186333	0.185042	0.183203	0.186423	0.185042	0.183353	0.186333	1	1	10.1618	
9.19284	1	40	9.18892	1	40	9.18901	1	40	0	0	0	0.190052	0.188203	0.191317	0.190052	0.18859	0.19193	0.190052	0.188203	0.191317	0.190052	0.18859	0.19193	1	1	10.1583	
9.19929	1	40	9.19535	1	40	9.19539	1	40	0	0	0	0.195078	0.193557	0.196443	0.195078	0.19313	0.19656	0.195078	0.193557	0.196443	0.195078	0.19313	0.19656	1	1	10.1636	
9.19817	1	39	9.19393	1	39	9.19402	1	39	0	0	0	0.200077	0.19841	0.20126	0.200077	0.19824	0.202147	0.200077	0.19841	0.20126	0.200077	0.19824	0.202147	1	1	10.1611	
9.20941	1	43	9.20503	1	43	9.20504	1	43	0	0	0	0.20508	0.203317	0.206423	0.20508	0.203143	0.207567	0.20508	0.203317	0.206423	0.20508	0.203143	0.207567	1	1	10.1713	
9.21329	1	39	9.20882	1	39	9.20893	1	39	0	0	0	0.210069	0.20816	0.211343	0.21007	0.208593	0.211617	0.210069	0.20816	0.211343	0.21007	0.208593	0.211617	1	1	10.1737	
9.2153	1	37	9.21069	1	37	9.21079	1	37	0	0	0	0.215034	0.2131	0.21641	0.215033	0.212047	0.216883	0.215034	0.2131	0.21641	0.215033	0.212047	0.216883	1	1	10.1745	
9.21844	1	40	9.21357	1	40	9.21364	1	40	0	0	0	0.220027	0.217907	0.22134	0.220028	0.218257	0.22138	0.220027	0.217907	0.22134	0.220028	0.218257	0.22138	1	1	10.1764	
9.22422	1	40	9.21925	1	40	9.21934	1	40	0	0	0	0.225021	0.222973	0.226473	0.225021	0.222833	0.22691	0.225021	0.222973	0.226473	0.225021	0.222833	0.22691	1	1	10.1811	
9.22835	1	42	9.22329	1	42	9.22333	1	42	0	0	0	0.230021	0.22809	0.231733	0.230021	0.227817	0.232077	0.230021	0.22809	0.231733	0.230021	0.227817	0.232077	1	1	10.1837	
9.22828	1	42	9.22297	1	42	9.22303	1	42	0	0	0	0.235028	0.233103	0.23677	0.235028	0.232267	0.237223	0.235028	0.233103	0.23677	0.235028	0.232267	0.237223	1	1	10.1821	
9.23576	1	42	9.23025	1	42	9.23033	1	42	0	0	0	0.240018	0.238197	0.241943	0.240018	0.237697	0.2416	0.240018	0.238197	0.241943	0.240018	0.237697	0.2416	1	1	10.1881	
9.23885	1	42	9.23309	1	42	9.23312	1	42	0	0	0	0.245024	0.242773	0.24693	0.245024	0.242187	0.246917	0.245024	0.242773	0.24693	0.245024	0.242187	0.246917	1	1	10.1898	
9.2478	1	41	9.24197	1	41	9.24208	1	41	0	0	0	0.250034	0.247733	0.252193	0.250034	0.248467	0.25235	0.250034	0.247733	0.252193	0.250034	0.248467	0.25235	1	1	10.1976	
9.2517	1	44	9.2456	1	44	9.24566	1	44	0	0	0	0.255015	0.25275	0.257127	0.255016	0.25342	0.257237	0.255015	0.25275	0.257127	0.255016	0.25342	0.257237	1	1	10.1998	
9.25654	1	41	9.25023	1	41	9.2503	1	41	0	0	0	0.260024	0.257637	0.262147	0.260023	0.258003	0.26272	0.260024	0.257637	0.262147	0.260023	0.258003	0.26272	1	1	10.2031	
9.26403	1	43	9.25748	1	43	9.25752	1	43	0	0	0	0.265017	0.262427	0.26717	0.265017	0.26298	0.267123	0.265017	0.262427	0.26717	0.265017	0.26298	0.267123	1	1	10.2092	
9.26808	1	42	9.26138	1	42	9.26146	1	42	0	0	0	0.270019	0.26732	0.27215	0.270019	0.267423	0.272373	0.270019	0.26732	0.27215	0.270019	0.267423	0.272373	1	1	10.212	
9.27155	1	42	9.26458	1	42	9.26467	1	42	0	0	0	0.275021	0.272227	0.277133	0.275021	0.27306	0.276907	0.275021	0.272227	0.277133	0.275021	0.27306	0.276907	1	1	10.214	
9.27502	1	42	9.26777	1	42	9.26787	1	42	0	0	0	0.280024	0.27711	0.28227	0.280024	0.2778	0.281813	0.280024	0.27711	0.28227	0.280024	0.2778	0.281813	1	1	10.2155	
9.28126	1	45	9.27387	1	45	9.27396	1	45	0	0	0	0.284984	0.28202	0.2873	0.284983	0.282567	0.287727	0.284984	0.28202	0.2873	0.284983	0.282567	0.287727	1	1	10.2205	
9.2898	1	44	9.28225	1	44	9.28235	1	44	0	0	0	0.290004	0.28696	0.292427	0.290004	0.28788	0.29241	0.290004	0.28696	0.292427	0.290004	0.28788	0.29241	1	1	10.2271	
9.29186	1	43	9.28391	1	43	9.28399	1	43	0	0	0	0.295023	0.291793	0.297347	0.295023	0.293197	0.298167	0.295023	0.291793	0.297347	0.295023	0.293197	0.298167	1	1	10.2278	
9.29894	1	44	9.29075	1	44	9.29083	1	44	0	0	0	0.300015	0.296733	0.302347	0.300016	0.297727	0.301737	0.300015	0.296733	0.302347	0.300016	0.297727	0.301737	1	1	10.2332	
9.30579	1	42	9.29727	1	42	9.29737	1	42	0	0	0	0.30501	0.301723	0.30717	0.305011	0.302467	0.30697	0.30501	0.301723	0.30717	0.305011	0.302467	0.30697	1	1	10.2381	
9.31192	1	46	9.30338	1	46	9.30346	1	46	0	0	0	0.310018	0.306597	0.3122	0.310019	0.30763	0.312127	0.310018	0.306597	0.3122	0.310019	0.30763	0.312127	1	1	10.2428	
9.31716	1	49	9.30828	1	49	9.30834	1	49	0	0	0	0.314986	0.311583	0.31721	0.314987	0.31246	0.316757	0.314986	0.311583	0.31721	0.314987	0.31246	0.316757	1	1	10.2466	
9.32796	1	46	9.31863	1	46	9.3187	1	46	0	0	0	0.319994	0.316567	0.322197	0.319994	0.31738	0.322213	0.319994	0.316567	0.322197	0.319994	0.31738	0.322213	1	1	10.2554	
9.33652	1	43	9.32709	1	43	9.32712	1	43	0	0	0	0.325005	0.321523	0.327163	0.325005	0.32292	0.327287	0.325005	0.321523	0.327163	0.325005	0.32292	0.327287	1	1	10.2621	
9.33892	1	47	9.32918	1	47	9.32927	1	47	0	0	0	0.329995	0.326493	0.332253	0.329996	0.32788	0.33154	0.329995	0.326493	0.332253	0.329996	0.32788	0.33154	1	1	10.2629	
9.34201	1	42	9.33177	1	42	9.33183	1	42	0	0	0	0.334995	0.331413	0.337203	0.334995	0.331783	0.337853	0.334995	0.331413	0.337203	0.334995	0.331783	0.337853	1	1	10.2642	
9.34825	1	48	9.33776	1	48	9.33783	1	48	0	0	0	0.340001	0.336503	0.34213	0.340001	0.337083	0.342167	0.340001	0.336503	0.34213	0.340001	0.337083	0.342167	1	1	10.2681	
9.35745	1	47	9.34646	1	47	9.34656	1	47	0	0	0	0.344977	0.34145	0.347093	0.344978	0.342627	0.34838	0.344977	0.34145	0.347093	0.344978	0.342627	0.34838	1	1	10.2752	
9.36349	1	44	9.35243	1	44	9.35252	1	44	0	0	0	0.349965	0.34621	0.35204	0.349966	0.347333	0.352807	0.349965	0.34621	0.35204	0.349966	0.347333	0.352807	1	1	10.2796	
9.37153	1	43	9.36011	1	43	9.36018	1	43	0	0	0	0.354962	0.351113	0.35706	0.354962	0.351617	0.35734	0.354962	0.351113	0.35706	0.354962	0.351617	0.35734	1	1	10.2858	
9.37826	1	44	9.36644	1	44	9.3665	1	44	0	0	0	0.359946	0.356217	0.362117	0.359946	0.356387	0.362333	0.359946	0.356217	0.362117	0.359946	0.356387	0.362333	1	1	10.2903	
9.38914	1	53	9.37694	1	53	9.37699	1	53	0	0	0	0.364961	0.361297	0.367087	0.364962	0.362823	0.368083	0.364961	0.361297	0.367087	0.364962	0.362823	0.368083	1	1	10.2989	
9.39454	1	43	9.38202	1	43	9.38209	1	43	0	0	0	0.369962	0.36614	0.37218	0.369963	0.36744	0.37265	0.369962	0.36614	0.37218	0.369963	0.36744	0.37265	1	1	10.3028	
9.40142	1	44	9.3886	1	44	9.38867	1	44	0	0	0	0.374957	0.371073	0.37707	0.374958	0.372297	0.37754	0.374957	0.371073	0.37707	0.374958	0.372297	0.37754	1	1	10.3081	
9.41118	1	44	9.39792	1	44	9.39801	1	44	0	0	0	0.379938	0.37607	0.382213	0.379938	0.377997	0.38204	0.379938	0.37607	0.382213	0.379938	0.377997	0.38204	1	1	10.3159	
9.4177	1	44	9.40406	1	44	9.40414	1	44	0	0	0	0.384944	0.381013	0.387093	0.384945	0.38122	0.388533	0.384944	0.381013	0.387093	0.384945	0.38122	0.388533	1	1	10.3195	
9.42377	1	46	9.40962	1	46	9.4097	1	46	0	0	0	0.389928	0.385823	0.39206	0.389928	0.3871	0.392017	0.389928	0.385823	0.39206	0.389928	0.3871	0.392017	1	1	10.3231	
9.43319	1	47	9.41859	1	47	9.41867	1	47	0	0	0	0.394923	0.390957	0.39708	0.394924	0.3914	0.397957	0.394923	0.390957	0.39708	0.394924	0.3914	0.397957	1	1	10.3306	
9.4408	1	49	9.4257	1	49	9.42579	1	49	0	0	0	0.399943	0.395987	0.40203	0.399944	0.3973	0.402467	0.399943	0.395987	0.40203	0.399944	0.3973	0.402467	1	1	10.3361	
9.45047	1	45	9.43504	1	45	9.43513	1	45	0	0	0	0.404934	0.400923	0.407463	0.404934	0.401757	0.407383	0.404934	0.400923	0.407463	0.404934	0.401757	0.407383	1	1	10.3436	
9.45983	1	46	9.4436	1	46	9.44367	1	46	0	0	0	0.409933	0.406057	0.412473	0.409933	0.406973	0.412433	0.409933	0.406057	0.412473	0.409933	0.406973	0.412433	1	1	10.3499	
9.4665	1	45	9.44986	1	45	9.44997	1	45	0	0	0	0.414948	0.410933	0.41741	0.414949	0.41175	0.417877	0.414948	0.410933	0.41741	0.414949	0.41175	0.417877	1	1	10.3546	
9.47553	1	45	9.45848	1	45	9.45858	1	45	0	0	0	0.419968	0.415927	0.422297	0.419968	0.416943	0.42228	0.419968	0.415927	0.422297	0.419968	0.416943	0.42228	1	1	10.3618	
9.48254	1	47	9.46493	1	47	9.46502	1	47	0	0	0	0.424933	0.420963	0.427083	0.424933	0.42125	0.42783	0.424933	0.420963	0.427083	0.424933	0.42125	0.42783	1	1	10.3664	
9.49275	1	44	9.4747	1	44	9.4748	1	44	0	0	0	0.429919	0.42584	0.43224	0.429918	0.427123	0.432473	0.429919	0.42584	0.43224	0.429918	0.427123	0.432473	1	1	10.374	
9.50274	1	51	9.48373	1	51	9.48379	1	51	0	0	0	0.4349	0.430777	0.437183	0.434898	0.43191	0.438353	0.4349	0.430777	0.437183	0.434898	0.43191	0.438353	1	1	10.3816	
9.51214	1	47	9.4927	1	47	9.49277	1	47	0	0	0	0.439918	0.435807	0.442153	0.439917	0.436663	0.44218	0.439918	0.435807	0.442153	0.439917	0.436663	0.44218	1	1	10.3877	
9.52007	1	51	9.50011	1	51	9.50018	1	51	0	0	0	0.444945	0.440747	0.447317	0.444944	0.441787	0.44735	0.444945	0.440747	0.447317	0.444944	0.441787	0.44735	1	1	10.3934	
9.53103	1	52	9.51018	1	52	9.51024	1	52	0	0	0	0.449951	0.445773	0.452347	0.449949	0.44668	0.452697	0.449951	0.445773	0.452347	0.449949	0.44668	0.452697	1	1	10.401	
9.54164	1	46	9.52053	1	46	9.52063	1	46	0	0	0	0.454952	0.45091	0.45769	0.454951	0.45252	0.457657	0.454952	0.45091	0.45769	0.454951	0.45252	0.457657	1	1	10.4099	
9.5496	1	55	9.52756	1	55	9.52764	1	55	0	0	0	0.459963	0.455857	0.462693	0.459962	0.45739	0.462717	0.459963	0.455857	0.462693	0.459962	0.45739	0.462717	1	1	10.4148	
9.56254	1	54	9.54007	1	54	9.54018	1	54	0	0	0	0.464999	0.46081	0.467627	0.464998	0.460887	0.46814	0.464999	0.46081	0.467627	0.464998	0.460887	0.46814	1	1	10.4244	
9.57189	1	56	9.54844	1	56	9.54853	1	56	0	0	0	0.470001	0.46574	0.4725	0.470001	0.46643	0.47333	0.470001	0.46574	0.4725	0.470001	0.46643	0.47333	1	1	10.4311	
9.58135	1	44	9.557	1	44	9.55708	1	44	0	0	0	0.47498	0.4707	0.477357	0.47498	0.471877	0.478157	0.47498	0.4707	0.477357	0.47498	0.471877	0.478157	1	1	10.437	
9.58904	1	50	9.56418	1	50	9.56427	1	50	0	0	0	0.479986	0.475563	0.48226	0.479985	0.4772	0.483607	0.479986	0.475563	0.48226	0.479985	0.4772	0.483607	1	1	10.4428	
9.60373	1	51	9.57784	1	51	9.5779	1	51	0	0	0	0.484968	0.480527	0.48739	0.484967	0.482413	0.48926	0.484968	0.480527	0.48739	0.484967	0.482413	0.48926	1	1	10.4543	
9.61436	1	45	9.58748	1	45	9.58758	1	45	0	0	0	0.489984	0.4858	0.49218	0.489983	0.48783	0.49258	0.489984	0.4858	0.49218	0.489983	0.48783	0.49258	1	1	10.4609	
9.62113	1	59	9.59366	1	59	9.59374	1	59	0	0	0	0.495004	0.49079	0.497313	0.495003	0.491673	0.497893	0.495004	0.49079	0.497313	0.495003	0.491673	0.497893	1	1	10.4648	
9.63645	1	59	9.60831	1	59	9.60841	1	59	0	0	0	0.5	0.495827	0.502247	0.499999	0.496803	0.502583	0.5	0.495827	0.502247	0.499999	0.496803	0.502583	1	1	10.477	
9.64434	1	52	9.6151	1	52	9.61519	1	52	0	0	0	0.505012	0.500743	0.507327	0.505012	0.501387	0.508257	0.505012	0.500743	0.507327	0.505012	0.501387	0.508257	1	1	10.4822	
9.6584	1	59	9.62804	1	59	9.62814	1	59	0	0	0	0.510001	0.505623	0.51228	0.510001	0.505153	0.51249	0.510001	0.505623	0.51228	0.510001	0.505153	0.51249	1	1	10.4923	
9.66801	1	47	9.6365	1	47	9.6366	1	47	0	0	0	0.515003	0.510713	0.517367	0.515003	0.512493	0.518	0.515003	0.510713	0.517367	0.515003	0.512493	0.518	1	1	10.4983	
9.6788	1	47	9.6464	1	47	9.64647	1	47	0	0	0	0.519992	0.515693	0.52247	0.519992	0.517223	0.52265	0.519992	0.515693	0.52247	0.519992	0.517223	0.52265	1	1	10.5061	
9.69329	1	53	9.65966	1	53	9.65972	1	53	0	0	0	0.524983	0.520763	0.527543	0.524983	0.5226	0.528267	0.524983	0.520763	0.527543	0.524983	0.5226	0.528267	1	1	10.5169	
9.70366	1	59	9.6691	1	59	9.66922	1	59	0	0	0	0.530007	0.525883	0.53272	0.530007	0.527553	0.532927	0.530007	0.525883	0.53272	0.530007	0.527553	0.532927	1	1	10.5233	
9.71515	1	52	9.6786	1	52	9.67868	1	52	0	0	0	0.535012	0.53083	0.537613	0.535011	0.532727	0.537057	0.535012	0.53083	0.537613	0.535011	0.532727	0.537057	1	1	10.5301	
9.72952	1	56	9.6924	1	56	9.69247	1	56	0	0	0	0.540039	0.5359	0.542677	0.540038	0.535397	0.542777	0.540039	0.5359	0.542677	0.540038	0.535397	0.542777	1	1	10.5412	
9.74137	1	60	9.70297	1	60	9.70307	1	60	0	0	0	0.545036	0.54088	0.547587	0.545036	0.54243	0.54784	0.545036	0.54088	0.547587	0.545036	0.54243	0.54784	1	1	10.5498	
9.75337	1	50	9.71354	1	50	9.71362	1	50	0	0	0	0.550021	0.54579	0.552727	0.550021	0.54744	0.553083	0.550021	0.54579	0.552727	0.550021	0.54744	0.553083	1	1	10.5566	
9.76644	1	54	9.72558	1	54	9.72565	1	54	0	0	0	0.555002	0.550523	0.557777	0.555001	0.552187	0.557463	0.555002	0.550523	0.557777	0.555001	0.552187	0.557463	1	1	10.5671	
9.78223	1	52	9.73936	1	52	9.73946	1	52	0	0	0	0.560012	0.555857	0.56275	0.560012	0.557773	0.562557	0.560012	0.555857	0.56275	0.560012	0.557773	0.562557	1	1	10.5785	
9.79343	1	66	9.74967	1	66	9.74978	1	66	0	0	0	0.565034	0.560913	0.56781	0.565034	0.56224	0.567317	0.565034	0.560913	0.56781	0.565034	0.56224	0.567317	1	1	10.5854	
9.80845	1	55	9.76258	1	55	9.76266	1	55	0	0	0	0.570039	0.566027	0.572807	0.570038	0.56609	0.573273	0.570039	0.566027	0.572807	0.570038	0.56609	0.573273	1	1	10.5941	
9.82076	1	56	9.77419	1	56	9.77426	1	56	0	0	0	0.575031	0.57091	0.57767	0.57503	0.572573	0.577387	0.575031	0.57091	0.57767	0.57503	0.572573	0.577387	1	1	10.6031	
9.83466	1	53	9.78592	1	53	9.786	1	53	0	0	0	0.580058	0.575917	0.582753	0.580058	0.57643	0.584237	0.580058	0.575917	0.582753	0.580058	0.57643	0.584237	1	1	10.6127	
9.85237	1	51	9.80171	1	51	9.8018	1	51	0	0	0	0.585059	0.581083	0.587723	0.585058	0.582733	0.588243	0.585059	0.581083	0.587723	0.585058	0.582733	0.588243	1	1	10.6249	
9.86866	1	53	9.81637	1	53	9.81644	1	53	0	0	0	0.590056	0.58606	0.59262	0.590056	0.587677	0.594133	0.590056	0.58606	0.59262	0.590056	0.587677	0.594133	1	1	10.6366	
9.87806	1	57	9.82385	1	57	9.82396	1	57	0	0	0	0.59505	0.591137	0.5976	0.595051	0.59149	0.59793	0.59505	0.591137	0.5976	0.595051	0.59149	0.59793	1	1	10.6405	
9.89189	1	53	9.83537	1	53	9.83546	1	53	0	0	0	0.600046	0.596187	0.602547	0.600045	0.597063	0.603213	0.600046	0.596187	0.602547	0.600045	0.597063	0.603213	1	1	10.6501	
9.90965	1	51	9.85128	1	51	9.85136	1	51	0	0	0	0.605056	0.601253	0.60742	0.605056	0.60199	0.608267	0.605056	0.601253	0.60742	0.605056	0.60199	0.608267	1	1	10.6624	
9.92815	1	56	9.86792	1	56	9.86803	1	56	0	0	0	0.610057	0.606133	0.612123	0.610056	0.607487	0.613547	0.610057	0.606133	0.612123	0.610056	0.607487	0.613547	1	1	10.6762	
9.94109	1	57	9.87827	1	57	9.87837	1	57	0	0	0	0.615068	0.61134	0.617157	0.615068	0.611483	0.61818	0.615068	0.61134	0.617157	0.615068	0.611483	0.61818	1	1	10.6835	
9.9561	1	56	9.89062	1	56	9.89069	1	56	0	0	0	0.620061	0.616433	0.62212	0.620062	0.6169	0.623387	0.620061	0.616433	0.62212	0.620062	0.6169	0.623387	1	1	10.6917	
9.974	1	49	9.90669	1	49	9.90677	1	49	0	0	0	0.62505	0.621447	0.627117	0.625048	0.62181	0.628303	0.62505	0.621447	0.627117	0.625048	0.62181	0.628303	1	1	10.7051	
9.98882	1	54	9.9181	1	54	9.91819	1	54	0	0	0	0.630067	0.626393	0.632107	0.630067	0.626007	0.632147	0.630067	0.626393	0.632107	0.630067	0.626007	0.632147	1	1	10.7121	
10.0049	1	55	9.93242	1	55	9.93249	1	55	0	0	0	0.635038	0.631577	0.637193	0.635036	0.63153	0.63797	0.635038	0.631577	0.637193	0.635036	0.63153	0.63797	1	1	10.7234	
10.0214	1	56	9.94628	1	56	9.94634	1	56	0	0	0	0.640027	0.636747	0.64215	0.640025	0.636463	0.644157	0.640027	0.636747	0.64215	0.640025	0.636463	0.644157	1	1	10.7329	
10.0402	1	57	9.96135	1	57	9.96142	1	57	0	0	0	0.64502	0.64182	0.647273	0.64502	0.64141	0.64823	0.64502	0.64182	0.647273	0.64502	0.64141	0.64823	1	1	10.7453	
10.0579	1	55	9.97647	1	55	9.97658	1	55	0	0	0	0.650013	0.6468	0.652227	0.650012	0.646503	0.65275	0.650013	0.6468	0.652227	0.650012	0.646503	0.65275	1	1	10.7558	
10.0753	1	52	9.9903	1	52	9.99035	1	52	0	0	0	0.655024	0.651857	0.657	0.655023	0.65187	0.657513	0.655024	0.651857	0.657	0.655023	0.65187	0.657513	1	1	10.7665	
10.0967	1	58	10.0078	1	58	10.0079	1	58	0	0	0	0.660002	0.656903	0.66187	0.660002	0.65768	0.66266	0.660002	0.656903	0.66187	0.660002	0.65768	0.66266	1	1	10.7792	
10.1141	1	55	10.0216	1	55	10.0217	1	55	0	0	0	0.665016	0.66176	0.6669	0.665017	0.662133	0.66826	0.665016	0.66176	0.6669	0.665017	0.662133	0.66826	1	1	10.7892	
10.1332	1	60	10.0369	1	60	10.037	1	60	0	0	0	0.67002	0.666667	0.671793	0.67002	0.66719	0.67453	0.67002	0.666667	0.671793	0.67002	0.66719	0.67453	1	1	10.8002	
10.1524	1	56	10.0531	1	56	10.0532	1	56	0	0	0	0.675015	0.67167	0.676763	0.675014	0.671497	0.677497	0.675015	0.67167	0.676763	0.675014	0.671497	0.677497	1	1	10.8119	
10.1726	1	56	10.0686	1	56	10.0687	1	56	0	0	0	0.680023	0.6765	0.68189	0.680023	0.67701	0.683657	0.680023	0.6765	0.68189	0.680023	0.67701	0.683657	1	1	10.8242	
10.1951	1	57	10.0861	1	57	10.0862	1	57	0	0	0	0.684981	0.681483	0.686857	0.684981	0.681897	0.688613	0.684981	0.681483	0.686857	0.684981	0.681897	0.688613	1	1	10.837	
10.2109	1	55	10.0971	1	55	10.0972	1	55	0	0	0	0.690009	0.686687	0.6919	0.69001	0.685987	0.693477	0.690009	0.686687	0.6919	0.69001	0.685987	0.693477	1	1	10.8438	
10.2343	1	55	10.115	1	55	10.1151	1	55	0	0	0	0.695019	0.691787	0.696903	0.695019	0.692673	0.698817	0.695019	0.691787	0.696903	0.695019	0.692673	0.698817	1	1	10.8581	
10.2577	1	58	10.1346	1	58	10.1347	1	58	0	0	0	0.700013	0.697063	0.70203	0.700013	0.696933	0.703837	0.700013	0.697063	0.70203	0.700013	0.696933	0.703837	1	1	10.8723	
10.2808	1	57	10.1506	1	57	10.1507	1	57	0	0	0	0.70501	0.701873	0.706997	0.70501	0.701773	0.708077	0.70501	0.701873	0.706997	0.70501	0.701773	0.708077	1	1	10.8845	
10.3041	1	59	10.1675	1	59	10.1676	1	59	0	0	0	0.70999	0.70697	0.711967	0.709991	0.70621	0.712917	0.70999	0.70697	0.711967	0.709991	0.70621	0.712917	1	1	10.8969	
10.3295	1	53	10.1867	1	53	10.1867	1	53	0	0	0	0.715006	0.711693	0.716933	0.715007	0.71066	0.717923	0.715006	0.711693	0.716933	0.715007	0.71066	0.717923	1	1	10.9107	
10.3517	1	55	10.2029	1	55	10.203	1	55	0	0	0	0.719997	0.71692	0.721913	0.719999	0.716913	0.723403	0.719997	0.71692	0.721913	0.719999	0.716913	0.723403	1	1	10.9214	
10.3751	1	57	10.2191	1	57	10.2192	1	57	0	0	0	0.724992	0.721873	0.726853	0.724991	0.72158	0.728007	0.724992	0.721873	0.726853	0.724991	0.72158	0.728007	1	1	10.9329	
10.402	1	58	10.2382	1	58	10.2383	1	58	0	0	0	0.729996	0.726887	0.731893	0.729993	0.726223	0.733807	0.729996	0.726887	0.731893	0.729993	0.726223	0.733807	1	1	10.9478	
10.4247	1	59	10.2538	1	58	10.2539	1	58	0	0	0	0.734987	0.731967	0.736917	0.734988	0.73162	0.7385	0.734987	0.731967	0.736917	0.734988	0.73162	0.7385	1	1	10.9573	
10.4593	1	60	10.2787	1	60	10.2788	1	60	0	0	0	0.73998	0.736857	0.74184	0.73998	0.737227	0.742983	0.73998	0.736857	0.74184	0.73998	0.737227	0.742983	1	1	10.9743	
10.4881	1	57	10.2986	1	57	10.2987	1	57	0	0	0	0.744989	0.74181	0.746823	0.744989	0.741427	0.74754	0.744989	0.74181	0.746823	0.744989	0.741427	0.74754	1	1	10.9906	
10.5116	1	56	10.3109	1	56	10.311	1	56	0	0	0	0.750013	0.74697	0.751997	0.750014	0.747247	0.753183	0.750013	0.74697	0.751997	0.750014	0.747247	0.753183	1	1	10.9986	
10.5463	1	55	10.3353	1	55	10.3354	1	55	0	0	0	0.755031	0.752057	0.757047	0.75503	0.75232	0.758803	0.755031	0.752057	0.757047	0.75503	0.75232	0.758803	1	1	11.016	
10.5806	1	56	10.3559	1	56	10.356	1	56	0	0	0	0.760017	0.75709	0.761897	0.760018	0.75713	0.762827	0.760017	0.75709	0.761897	0.760018	0.75713	0.762827	1	1	11.03	
10.6069	1	57	10.3695	1	57	10.3696	1	57	0	0	0	0.764986	0.762083	0.766777	0.764985	0.762077	0.768247	0.764986	0.762083	0.766777	0.764985	0.762077	0.768247	1	1	11.0397	
10.6418	1	59	10.3932	1	59	10.3933	1	59	0	0	0	0.770007	0.767193	0.771797	0.770007	0.76741	0.773803	0.770007	0.767193	0.771797	0.770007	0.76741	0.773803	1	1	11.0561	
10.6772	1	69	10.4132	1	68	10.4133	1	68	0	0	0	0.774999	0.772357	0.77653	0.775	0.771633	0.77801	0.774999	0.772357	0.77653	0.775	0.771633	0.77801	1	1	11.0686	
10.7194	1	56	10.4355	1	56	10.4356	1	56	0	0	0	0.779985	0.777277	0.78171	0.779986	0.77723	0.783587	0.779985	0.777277	0.78171	0.779986	0.77723	0.783587	1	1	11.0835	
10.7608	1	58	10.4601	1	58	10.4602	1	58	0	0	0	0.784983	0.78218	0.786763	0.784983	0.781757	0.788377	0.784983	0.78218	0.786763	0.784983	0.781757	0.788377	1	1	11.1007	
10.8	1	58	10.4804	1	58	10.4805	1	58	0	0	0	0.78999	0.787247	0.791913	0.78999	0.78576	0.794057	0.78999	0.787247	0.791913	0.78999	0.78576	0.794057	1	1	11.1115	
10.8475	1	66	10.5011	1	66	10.5012	1	66	0	0	0	0.795015	0.792217	0.796923	0.795016	0.792033	0.798143	0.795015	0.792217	0.796923	0.795016	0.792033	0.798143	1	1	11.1283	
10.8891	1	57	10.5193	1	57	10.5195	1	57	0	0	0	0.79998	0.797153	0.80206	0.799981	0.797167	0.802917	0.79998	0.797153	0.80206	0.799981	0.797167	0.802917	1	1	11.1389	
10.9428	1	58	10.543	1	56	10.5431	1	56	0	0	0	0.804958	0.802123	0.806993	0.804958	0.801643	0.808243	0.804958	0.802123	0.806993	0.804958	0.801643	0.808243	1	1	11.1563	
11.0009	1	63	10.5668	1	56	10.5669	1	56	0	0	0	0.809979	0.807203	0.81193	0.809978	0.805653	0.813117	0.809979	0.807203	0.81193	0.809978	0.805653	0.813117	1	1	11.1722	
11.0616	1	59	10.5888	1	59	10.5889	1	59	0	0	0	0.814986	0.812083	0.816733	0.814987	0.810943	0.81782	0.814986	0.812083	0.816733	0.814987	0.810943	0.81782	1	1	11.188	
11.1435	1	59	10.622	1	57	10.6221	1	57	0	0	0	0.820017	0.817267	0.821753	0.820017	0.81627	0.823257	0.820017	0.817267	0.821753	0.820017	0.81627	0.823257	1	1	11.2075	
11.2125	1	69	10.6396	1	63	10.6397	1	63	0	0	0	0.824999	0.82244	0.82674	0.824997	0.820927	0.828187	0.824999	0.82244	0.82674	0.824997	0.820927	0.828187	1	1	11.2194	
11.3006	1	74	10.6638	1	57	10.6639	1	57	0	0	0	0.830024	0.827473	0.8317	0.830024	0.827327	0.83378	0.830024	0.827473	0.8317	0.830024	0.827327	0.83378	1	1	11.2321	
11.4595	1	100	10.6972	1	82	10.6973	1	82	0	0	0	0.835026	0.83255	0.836483	0.835026	0.831153	0.838757	0.835026	0.83255	0.836483	0.835026	0.831153	0.838757	1	1	11.2525	
11.5929	1	108	10.725	1	61	10.7251	1	61	0	0	0	0.840016	0.83751	0.841543	0.840017	0.836327	0.84369	0.840016	0.83751	0.841543	0.840017	0.836327	0.84369	1	1	11.2685	
11.8127	1	156	10.7473	1	68	10.7473	1	68	0	0	0	0.84503	0.842827	0.84652	0.845028	0.841753	0.8481	0.84503	0.842827	0.84652	0.845028	0.841753	0.8481	1	1	11.2853	
12.4033	1	194	10.7768	1	61	10.7769	1	61	0	0	0	0.850007	0.847697	0.85137	0.850008	0.846983	0.855017	0.850007	0.847697	0.85137	0.850008	0.846983	0.855017	1	1	11.3051	
60.8611	1	5490	10.8055	1	85	10.8056	1	85	0	0	0	0.854965	0.854016	0.85618	0.854889	0.85315	0.857107	0.854965	0.854016	0.85618	0.854889	0.85315	0.857107	1	1	11.3227	
191.381	1	18222	10.839	1	67	10.8396	1	67	0	0	0	0.859945	0.858969	0.860999	0.859689	0.856564	0.862136	0.859945	0.858969	0.860999	0.859689	0.856564	0.862136	1	1	11.3393	
421.227	1	28921	10.865	1	92	10.8655	1	92	0	0	0	0.864948	0.864023	0.865947	0.864445	0.862383	0.867261	0.864948	0.864023	0.865947	0.864445	0.862383	0.867261	1	1	11.355	
