9.20788	1	22	9.20781	1	22	9.20803	1	22	0	0	0	0.00499391	0.00472	0.00529667	0.00499406	0.00465333	0.00528667	0.00499391	0.00472	0.00529667	0.00499406	0.00465333	0.00528667	1	1	10.2072	
9.20625	1	23	9.20605	1	23	9.20618	1	23	0	0	0	0.0100062	0.00967333	0.0105533	0.0100061	0.00963	0.01051	0.0100062	0.00967333	0.0105533	0.0100061	0.00963	0.01051	1	1	10.205	
9.22159	1	26	9.22136	1	26	9.2215	1	26	0	0	0	0.0150311	0.0147333	0.0154867	0.0150311	0.01449	0.0156967	0.0150311	0.0147333	0.0154867	0.0150311	0.01449	0.0156967	1	1	10.2197	
9.21444	1	30	9.21414	1	30	9.21434	1	30	0	0	0	0.020063	0.01956	0.0207733	0.0200631	0.01938	0.0207667	0.020063	0.01956	0.0207733	0.0200631	0.01938	0.0207667	1	1	10.2118	
9.20559	1	27	9.20517	1	27	9.20525	1	27	0	0	0	0.0250671	0.0246267	0.02574	0.0250667	0.0243367	0.0257767	0.0250671	0.0246267	0.02574	0.0250667	0.0243367	0.0257767	1	1	10.2023	
9.20738	1	33	9.20692	1	33	9.20708	1	33	0	0	0	0.0300682	0.02952	0.0307533	0.0300683	0.0293567	0.0306933	0.0300682	0.02952	0.0307533	0.0300683	0.0293567	0.0306933	1	1	10.2034	
9.21032	1	28	9.20983	1	28	9.2099	1	28	0	0	0	0.0350706	0.03449	0.03577	0.0350702	0.0342933	0.0360533	0.0350706	0.03449	0.03577	0.0350702	0.0342933	0.0360533	1	1	10.2056	
9.20344	1	28	9.20276	1	28	9.20276	1	28	0	0	0	0.0400941	0.0393233	0.0409733	0.0400936	0.0393867	0.0409467	0.0400941	0.0393233	0.0409733	0.0400936	0.0393867	0.0409467	1	1	10.1979	
9.20839	1	30	9.20768	1	30	9.20778	1	30	0	0	0	0.0450691	0.0443367	0.0459767	0.0450685	0.0442967	0.04594	0.0450691	0.0443367	0.0459767	0.0450685	0.0442967	0.04594	1	1	10.2022	
9.20574	1	33	9.20494	1	33	9.20506	1	33	0	0	0	0.050078	0.0492567	0.05102	0.0500774	0.0493767	0.0508867	0.050078	0.0492567	0.05102	0.0500774	0.0493767	0.0508867	1	1	10.1988	
9.2108	1	35	9.20986	1	35	9.20989	1	35	0	0	0	0.055088	0.0542567	0.05612	0.0550876	0.0541967	0.0560667	0.055088	0.0542567	0.05612	0.0550876	0.0541967	0.0560667	1	1	10.2031	
9.2142	1	33	9.21323	1	33	9.21327	1	33	0	0	0	0.0600776	0.05914	0.0611567	0.0600772	0.0589267	0.06103	0.0600776	0.05914	0.0611567	0.0600772	0.0589267	0.06103	1	1	10.2056	
9.21342	1	30	9.21233	1	30	9.21243	1	30	0	0	0	0.0651088	0.0642067	0.0661033	0.0651089	0.06428	0.0660633	0.0651088	0.0642067	0.0661033	0.0651089	0.06428	0.0660633	1	1	10.2041	
9.21319	1	35	9.21199	1	35	9.21202	1	35	0	0	0	0.0700993	0.06919	0.0710567	0.0700989	0.0690767	0.07117	0.0700993	0.06919	0.0710567	0.0700989	0.0690767	0.07117	1	1	10.2029	
9.21266	1	33	9.21138	1	33	9.21144	1	33	0	0	0	0.0750704	0.0741733	0.0760867	0.0750701	0.07423	0.07616	0.0750704	0.0741733	0.0760867	0.0750701	0.07423	0.07616	1	1	10.2016	
9.21826	1	34	9.21689	1	34	9.21689	1	34	0	0	0	0.0800622	0.07906	0.0811233	0.080062	0.0788167	0.0813667	0.0800622	0.07906	0.0811233	0.080062	0.0788167	0.0813667	1	1	10.2064	
9.21208	1	35	9.21062	1	35	9.21068	1	35	0	0	0	0.0850491	0.0840467	0.08615	0.0850492	0.0838867	0.08631	0.0850491	0.0840467	0.08615	0.0850492	0.0838867	0.08631	1	1	10.1996	
9.2165	1	34	9.21492	1	34	9.21495	1	34	0	0	0	0.0900403	0.08904	0.0911	0.0900399	0.0889867	0.0914067	0.0900403	0.08904	0.0911	0.0900399	0.0889867	0.0914067	1	1	10.2028	
9.223	1	37	9.22135	1	37	9.22142	1	37	0	0	0	0.0950421	0.0939633	0.09615	0.0950418	0.09409	0.09594	0.0950421	0.0939633	0.09615	0.0950418	0.09409	0.09594	1	1	10.2086	
9.22135	1	35	9.21959	1	35	9.21966	1	35	0	0	0	0.100013	0.0988367	0.101037	0.100014	0.09855	0.101647	0.100013	0.0988367	0.101037	0.100014	0.09855	0.101647	1	1	10.2059	
9.22296	1	33	9.22103	1	33	9.22113	1	33	0	0	0	0.105002	0.10396	0.106083	0.105002	0.103427	0.106833	0.105002	0.10396	0.106083	0.105002	0.103427	0.106833	1	1	10.2065	
9.22054	1	42	9.21846	1	42	9.21856	1	42	0	0	0	0.110025	0.108947	0.111093	0.110025	0.109143	0.111327	0.110025	0.108947	0.111093	0.110025	0.109143	0.111327	1	1	10.2031	
9.22757	1	34	9.22544	1	34	9.22554	1	34	0	0	0	0.115005	0.113947	0.116063	0.115005	0.113457	0.11667	0.115005	0.113947	0.116063	0.115005	0.113457	0.11667	1	1	10.2093	
9.22639	1	33	9.22401	1	33	9.22407	1	33	0	0	0	0.119998	0.118917	0.12105	0.119998	0.118137	0.121237	0.119998	0.118917	0.12105	0.119998	0.118137	0.121237	1	1	10.2071	
9.22671	1	36	9.22429	1	36	9.22436	1	36	0	0	0	0.124993	0.123957	0.126023	0.124993	0.123847	0.126633	0.124993	0.123957	0.126023	0.124993	0.123847	0.126633	1	1	10.2064	
9.23068	1	36	9.22817	1	36	9.22821	1	36	0	0	0	0.129989	0.128887	0.130963	0.129989	0.128527	0.13128	0.129989	0.128887	0.130963	0.129989	0.128527	0.13128	1	1	10.2094	
9.23722	1	37	9.23459	1	37	9.23467	1	37	0	0	0	0.134996	0.13394	0.136053	0.134996	0.133367	0.136623	0.134996	0.13394	0.136053	0.134996	0.133367	0.136623	1	1	10.2149	
9.23711	1	37	9.23427	1	37	9.23434	1	37	0	0	0	0.139993	0.13878	0.140917	0.139994	0.138793	0.141253	0.139993	0.13878	0.140917	0.139994	0.138793	0.141253	1	1	10.2136	
9.2466	1	33	9.2437	1	33	9.24374	1	33	0	0	0	0.144979	0.143707	0.145863	0.14498	0.143813	0.146623	0.144979	0.143707	0.145863	0.14498	0.143813	0.146623	1	1	10.2222	
9.24379	1	39	9.24074	1	39	9.24084	1	39	0	0	0	0.149981	0.148657	0.151093	0.149981	0.148263	0.15172	0.149981	0.148657	0.151093	0.149981	0.148263	0.15172	1	1	10.2183	
9.244	1	43	9.24081	1	43	9.24091	1	43	0	0	0	0.154962	0.1535	0.156267	0.154963	0.153623	0.156423	0.154962	0.1535	0.156267	0.154963	0.153623	0.156423	1	1	10.2173	
9.24516	1	37	9.24178	1	37	9.24184	1	37	0	0	0	0.159973	0.158617	0.16114	0.159974	0.158337	0.16146	0.159973	0.158617	0.16114	0.159974	0.158337	0.16146	1	1	10.2173	
9.24489	1	42	9.24144	1	42	9.24149	1	42	0	0	0	0.164998	0.16344	0.166243	0.164998	0.163463	0.166993	0.164998	0.16344	0.166243	0.164998	0.163463	0.166993	1	1	10.216	
9.25467	1	40	9.25101	1	40	9.25109	1	40	0	0	0	0.170007	0.168467	0.171367	0.170009	0.16796	0.171683	0.170007	0.168467	0.171367	0.170009	0.16796	0.171683	1	1	10.2246	
9.2531	1	38	9.24919	1	38	9.24927	1	38	0	0	0	0.175015	0.173497	0.17646	0.175015	0.17369	0.176717	0.175015	0.173497	0.17646	0.175015	0.17369	0.176717	1	1	10.2218	
9.25728	1	39	9.2532	1	39	9.25324	1	39	0	0	0	0.180034	0.178407	0.18157	0.180035	0.178173	0.181643	0.180034	0.178407	0.18157	0.180035	0.178173	0.181643	1	1	10.225	
9.26095	1	41	9.25677	1	41	9.25682	1	41	0	0	0	0.185042	0.183203	0.186423	0.185043	0.182887	0.18677	0.185042	0.183203	0.186423	0.185043	0.182887	0.18677	1	1	10.2271	
9.26663	1	41	9.26229	1	41	9.26235	1	41	0	0	0	0.190052	0.188203	0.191317	0.190053	0.18822	0.192553	0.190052	0.188203	0.191317	0.190053	0.18822	0.192553	1	1	10.2319	
9.27175	1	40	9.26722	1	40	9.2673	1	40	0	0	0	0.195078	0.193557	0.196443	0.195078	0.192237	0.197207	0.195078	0.193557	0.196443	0.195078	0.192237	0.197207	1	1	10.236	
9.27182	1	39	9.26703	1	39	9.26709	1	39	0	0	0	0.200077	0.19841	0.20126	0.200078	0.197573	0.201897	0.200077	0.19841	0.20126	0.200078	0.197573	0.201897	1	1	10.2347	
9.27589	1	40	9.27089	1	40	9.27098	1	40	0	0	0	0.20508	0.203317	0.206423	0.205081	0.201753	0.206977	0.20508	0.203317	0.206423	0.205081	0.201753	0.206977	1	1	10.2372	
9.28093	1	42	9.27573	1	42	9.27583	1	42	0	0	0	0.210069	0.20816	0.211343	0.21007	0.20861	0.211693	0.210069	0.20816	0.211343	0.21007	0.20861	0.211693	1	1	10.2407	
9.28367	1	41	9.27828	1	41	9.27834	1	41	0	0	0	0.215034	0.2131	0.21641	0.215034	0.21306	0.21699	0.215034	0.2131	0.21641	0.215034	0.21306	0.21699	1	1	10.2425	
9.28552	1	42	9.27998	1	42	9.28004	1	42	0	0	0	0.220027	0.217907	0.22134	0.220027	0.21816	0.2226	0.220027	0.217907	0.22134	0.220027	0.21816	0.2226	1	1	10.2433	
9.29466	1	38	9.28874	1	38	9.2888	1	38	0	0	0	0.225021	0.222973	0.226473	0.22502	0.222273	0.226743	0.225021	0.222973	0.226473	0.22502	0.222273	0.226743	1	1	10.2507	
9.29608	1	41	9.28995	1	41	9.28999	1	41	0	0	0	0.230021	0.22809	0.231733	0.230021	0.228093	0.231753	0.230021	0.22809	0.231733	0.230021	0.228093	0.231753	1	1	10.2507	
9.2994	1	40	9.29308	1	40	9.29315	1	40	0	0	0	0.235028	0.233103	0.23677	0.235028	0.23333	0.236687	0.235028	0.233103	0.23677	0.235028	0.23333	0.236687	1	1	10.2527	
9.3056	1	39	9.29897	1	39	9.29904	1	39	0	0	0	0.240018	0.238197	0.241943	0.240018	0.237453	0.24169	0.240018	0.238197	0.241943	0.240018	0.237453	0.24169	1	1	10.2573	
9.31185	1	41	9.30489	1	41	9.30497	1	41	0	0	0	0.245024	0.242773	0.24693	0.245024	0.243013	0.24705	0.245024	0.242773	0.24693	0.245024	0.243013	0.24705	1	1	10.2621	
9.31497	1	44	9.30782	1	44	9.30791	1	44	0	0	0	0.250034	0.247733	0.252193	0.250034	0.247003	0.252027	0.250034	0.247733	0.252193	0.250034	0.247003	0.252027	1	1	10.2638	
9.31903	1	40	9.31171	1	40	9.31179	1	40	0	0	0	0.255015	0.25275	0.257127	0.255015	0.251803	0.256753	0.255015	0.25275	0.257127	0.255015	0.251803	0.256753	1	1	10.2665	
9.32389	1	42	9.31618	1	42	9.31626	1	42	0	0	0	0.260024	0.257637	0.262147	0.260025	0.257487	0.262143	0.260024	0.257637	0.262147	0.260025	0.257487	0.262143	1	1	10.2698	
9.33126	1	40	9.32323	1	40	9.3233	1	40	0	0	0	0.265017	0.262427	0.26717	0.265017	0.262417	0.267737	0.265017	0.262427	0.26717	0.265017	0.262417	0.267737	1	1	10.2757	
9.33657	1	45	9.32818	1	45	9.32827	1	45	0	0	0	0.270019	0.26732	0.27215	0.270019	0.267717	0.272243	0.270019	0.26732	0.27215	0.270019	0.267717	0.272243	1	1	10.2791	
9.3415	1	41	9.33269	1	41	9.33278	1	41	0	0	0	0.275021	0.272227	0.277133	0.27502	0.273277	0.277067	0.275021	0.272227	0.277133	0.27502	0.273277	0.277067	1	1	10.2823	
9.34521	1	44	9.33623	1	44	9.33629	1	44	0	0	0	0.280024	0.27711	0.28227	0.280024	0.277847	0.283007	0.280024	0.27711	0.28227	0.280024	0.277847	0.283007	1	1	10.2846	
9.35509	1	44	9.34565	1	44	9.34572	1	44	0	0	0	0.284984	0.28202	0.2873	0.284985	0.282827	0.287593	0.284984	0.28202	0.2873	0.284985	0.282827	0.287593	1	1	10.2925	
9.36034	1	41	9.35059	1	41	9.35063	1	41	0	0	0	0.290004	0.28696	0.292427	0.290004	0.28712	0.293023	0.290004	0.28696	0.292427	0.290004	0.28712	0.293023	1	1	10.2966	
9.36408	1	40	9.35403	1	40	9.35412	1	40	0	0	0	0.295023	0.291793	0.297347	0.295022	0.292403	0.29748	0.295023	0.291793	0.297347	0.295022	0.292403	0.29748	1	1	10.2984	
9.37043	1	43	9.35999	1	43	9.36004	1	43	0	0	0	0.300015	0.296733	0.302347	0.300015	0.297197	0.303377	0.300015	0.296733	0.302347	0.300015	0.297197	0.303377	1	1	10.3026	
9.37504	1	43	9.36415	1	43	9.36422	1	43	0	0	0	0.30501	0.301723	0.30717	0.30501	0.303003	0.306817	0.30501	0.301723	0.30717	0.30501	0.303003	0.306817	1	1	10.3056	
9.38209	1	46	9.37094	1	46	9.37105	1	46	0	0	0	0.310018	0.306597	0.3122	0.310018	0.307553	0.311933	0.310018	0.306597	0.3122	0.310018	0.307553	0.311933	1	1	10.311	
9.39159	1	42	9.37984	1	42	9.37991	1	42	0	0	0	0.314986	0.311583	0.31721	0.314986	0.312883	0.317893	0.314986	0.311583	0.31721	0.314986	0.312883	0.317893	1	1	10.3185	
9.39494	1	42	9.38275	1	42	9.38278	1	42	0	0	0	0.319994	0.316567	0.322197	0.319995	0.318043	0.322923	0.319994	0.316567	0.322197	0.319995	0.318043	0.322923	1	1	10.32	
9.39951	1	42	9.38683	1	42	9.38695	1	42	0	0	0	0.325005	0.321523	0.327163	0.325005	0.323033	0.326883	0.325005	0.321523	0.327163	0.325005	0.323033	0.326883	1	1	10.3221	
9.4059	1	44	9.39269	1	44	9.39274	1	44	0	0	0	0.329995	0.326493	0.332253	0.329997	0.32735	0.33275	0.329995	0.326493	0.332253	0.329997	0.32735	0.33275	1	1	10.3271	
9.41396	1	42	9.4003	1	42	9.40038	1	42	0	0	0	0.334995	0.331413	0.337203	0.334996	0.331353	0.33761	0.334995	0.331413	0.337203	0.334996	0.331353	0.33761	1	1	10.3327	
9.41975	1	45	9.40544	1	45	9.40547	1	45	0	0	0	0.340001	0.336503	0.34213	0.340002	0.33778	0.342573	0.340001	0.336503	0.34213	0.340002	0.33778	0.342573	1	1	10.3369	
9.43308	1	43	9.41817	1	43	9.41824	1	43	0	0	0	0.344977	0.34145	0.347093	0.344978	0.342547	0.347043	0.344977	0.34145	0.347093	0.344978	0.342547	0.347043	1	1	10.3476	
9.43686	1	51	9.42149	1	51	9.42156	1	51	0	0	0	0.349965	0.34621	0.35204	0.349965	0.347383	0.352287	0.349965	0.34621	0.35204	0.349965	0.347383	0.352287	1	1	10.3491	
9.44193	1	53	9.42611	1	53	9.42621	1	53	0	0	0	0.354962	0.351113	0.35706	0.354963	0.352133	0.357367	0.354962	0.351113	0.35706	0.354963	0.352133	0.357367	1	1	10.3529	
9.45088	1	44	9.43453	1	44	9.43459	1	44	0	0	0	0.359946	0.356217	0.362117	0.359947	0.357097	0.361873	0.359946	0.356217	0.362117	0.359947	0.357097	0.361873	1	1	10.3591	
9.4584	1	44	9.44115	1	44	9.44124	1	44	0	0	0	0.364961	0.361297	0.367087	0.364962	0.362517	0.367237	0.364961	0.361297	0.367087	0.364962	0.362517	0.367237	1	1	10.3642	
9.46675	1	49	9.44883	1	49	9.44887	1	49	0	0	0	0.369962	0.36614	0.37218	0.369962	0.367757	0.37242	0.369962	0.36614	0.37218	0.369962	0.367757	0.37242	1	1	10.3701	
9.47259	1	43	9.4542	1	43	9.45425	1	43	0	0	0	0.374957	0.371073	0.37707	0.374957	0.372443	0.3774	0.374957	0.371073	0.37707	0.374957	0.372443	0.3774	1	1	10.3743	
9.48403	1	45	9.46499	1	45	9.46508	1	45	0	0	0	0.379938	0.37607	0.382213	0.379938	0.37745	0.382213	0.379938	0.37607	0.382213	0.379938	0.37745	0.382213	1	1	10.3829	
9.49009	1	44	9.47018	1	44	9.47028	1	44	0	0	0	0.384944	0.381013	0.387093	0.384945	0.38156	0.387353	0.384944	0.381013	0.387093	0.384945	0.38156	0.387353	1	1	10.3865	
9.49797	1	45	9.47716	1	45	9.47723	1	45	0	0	0	0.389928	0.385823	0.39206	0.389928	0.387913	0.392163	0.389928	0.385823	0.39206	0.389928	0.387913	0.392163	1	1	10.3916	
9.50544	1	48	9.48398	1	48	9.48404	1	48	0	0	0	0.394923	0.390957	0.39708	0.394924	0.392517	0.39724	0.394923	0.390957	0.39708	0.394924	0.392517	0.39724	1	1	10.3969	
9.51309	1	43	9.49105	1	43	9.49116	1	43	0	0	0	0.399943	0.395987	0.40203	0.399944	0.397073	0.402893	0.399943	0.395987	0.40203	0.399944	0.397073	0.402893	1	1	10.4022	
9.52373	1	51	9.50054	1	51	9.50063	1	51	0	0	0	0.404934	0.400923	0.407463	0.404935	0.40235	0.407443	0.404934	0.400923	0.407463	0.404935	0.40235	0.407443	1	1	10.41	
9.53345	1	45	9.50943	1	45	9.5095	1	45	0	0	0	0.409933	0.406057	0.412473	0.409935	0.40779	0.412313	0.409933	0.406057	0.412473	0.409935	0.40779	0.412313	1	1	10.4161	
9.54143	1	52	9.51664	1	52	9.51673	1	52	0	0	0	0.414948	0.410933	0.41741	0.414947	0.412643	0.417863	0.414948	0.410933	0.41741	0.414947	0.412643	0.417863	1	1	10.4223	
9.55063	1	48	9.52475	1	48	9.52484	1	48	0	0	0	0.419968	0.415927	0.422297	0.419968	0.417353	0.422173	0.419968	0.415927	0.422297	0.419968	0.417353	0.422173	1	1	10.428	
9.55777	1	52	9.53091	1	52	9.531	1	52	0	0	0	0.424933	0.420963	0.427083	0.424933	0.421707	0.427897	0.424933	0.420963	0.427083	0.424933	0.421707	0.427897	1	1	10.4324	
9.57429	1	44	9.54661	1	44	9.54668	1	44	0	0	0	0.429919	0.42584	0.43224	0.429918	0.427237	0.432507	0.429919	0.42584	0.43224	0.429918	0.427237	0.432507	1	1	10.4458	
9.57781	1	49	9.54863	1	49	9.54868	1	49	0	0	0	0.4349	0.430777	0.437183	0.434899	0.432153	0.437047	0.4349	0.430777	0.437183	0.434899	0.432153	0.437047	1	1	10.4458	
9.58924	1	44	9.55908	1	44	9.55918	1	44	0	0	0	0.439918	0.435807	0.442153	0.439918	0.437337	0.4428	0.439918	0.435807	0.442153	0.439918	0.437337	0.4428	1	1	10.4543	
9.59906	1	49	9.56777	1	49	9.56787	1	49	0	0	0	0.444945	0.440747	0.447317	0.444945	0.44266	0.447777	0.444945	0.440747	0.447317	0.444945	0.44266	0.447777	1	1	10.461	
9.60986	1	50	9.57717	1	50	9.57724	1	50	0	0	0	0.449951	0.445773	0.452347	0.44995	0.44798	0.452887	0.449951	0.445773	0.452347	0.44995	0.44798	0.452887	1	1	10.4687	
9.62114	1	44	9.5876	1	44	9.58768	1	44	0	0	0	0.454952	0.45091	0.45769	0.454951	0.452573	0.457133	0.454952	0.45091	0.45769	0.454951	0.452573	0.457133	1	1	10.4762	
9.62957	1	56	9.59461	1	56	9.59469	1	56	0	0	0	0.459963	0.455857	0.462693	0.459961	0.456137	0.462603	0.459963	0.455857	0.462693	0.459961	0.456137	0.462603	1	1	10.4817	
9.64074	1	50	9.60442	1	50	9.60452	1	50	0	0	0	0.464999	0.46081	0.467627	0.464998	0.461807	0.4681	0.464999	0.46081	0.467627	0.464998	0.461807	0.4681	1	1	10.4895	
9.65412	1	45	9.61634	1	45	9.61645	1	45	0	0	0	0.470001	0.46574	0.4725	0.470001	0.46677	0.473373	0.470001	0.46574	0.4725	0.470001	0.46677	0.473373	1	1	10.4991	
9.6671	1	50	9.62761	1	50	9.62772	1	50	0	0	0	0.47498	0.4707	0.477357	0.474979	0.471617	0.477553	0.47498	0.4707	0.477357	0.474979	0.471617	0.477553	1	1	10.5077	
9.67399	1	45	9.63304	1	44	9.63312	1	44	0	0	0	0.479986	0.475563	0.48226	0.479986	0.477727	0.482533	0.479986	0.475563	0.48226	0.479986	0.477727	0.482533	1	1	10.5106	
9.68786	1	49	9.64531	1	49	9.64538	1	49	0	0	0	0.484968	0.480527	0.48739	0.484968	0.482083	0.487613	0.484968	0.480527	0.48739	0.484968	0.482083	0.487613	1	1	10.5211	
9.70046	1	46	9.65614	1	46	9.6562	1	46	0	0	0	0.489984	0.4858	0.49218	0.489983	0.48733	0.492597	0.489984	0.4858	0.49218	0.489983	0.48733	0.492597	1	1	10.5296	
9.71108	1	45	9.66546	1	45	9.66551	1	45	0	0	0	0.495004	0.49079	0.497313	0.495004	0.49172	0.498537	0.495004	0.49079	0.497313	0.495004	0.49172	0.498537	1	1	10.5363	
9.72373	1	51	9.67628	1	51	9.67638	1	51	0	0	0	0.5	0.495827	0.502247	0.5	0.497517	0.50209	0.5	0.495827	0.502247	0.5	0.497517	0.50209	1	1	10.5445	
9.73462	1	44	9.68492	1	44	9.68497	1	44	0	0	0	0.505012	0.500743	0.507327	0.505011	0.502383	0.50859	0.505012	0.500743	0.507327	0.505011	0.502383	0.50859	1	1	10.5506	
9.74737	1	50	9.69553	1	50	9.69559	1	50	0	0	0	0.510001	0.505623	0.51228	0.509999	0.507767	0.512393	0.510001	0.505623	0.51228	0.509999	0.507767	0.512393	1	1	10.5586	
9.7616	1	50	9.70808	1	50	9.70814	1	50	0	0	0	0.515003	0.510713	0.517367	0.515002	0.51248	0.518383	0.515003	0.510713	0.517367	0.515002	0.51248	0.518383	1	1	10.5688	
9.77287	1	47	9.717	1	47	9.71709	1	47	0	0	0	0.519992	0.515693	0.52247	0.519991	0.517597	0.522967	0.519992	0.515693	0.52247	0.519991	0.517597	0.522967	1	1	10.5746	
9.78945	1	47	9.73152	1	47	9.7316	1	47	0	0	0	0.524983	0.520763	0.527543	0.524983	0.522497	0.527427	0.524983	0.520763	0.527543	0.524983	0.522497	0.527427	1	1	10.5871	
9.80233	1	49	9.74231	1	49	9.74243	1	49	0	0	0	0.530007	0.525883	0.53272	0.530007	0.52649	0.533037	0.530007	0.525883	0.53272	0.530007	0.52649	0.533037	1	1	10.5944	
9.8147	1	52	9.75172	1	52	9.75182	1	52	0	0	0	0.535012	0.53083	0.537613	0.535012	0.531783	0.538163	0.535012	0.53083	0.537613	0.535012	0.531783	0.538163	1	1	10.6016	
9.8281	1	55	9.76225	1	55	9.76232	1	55	0	0	0	0.540039	0.5359	0.542677	0.540039	0.5372	0.542593	0.540039	0.5359	0.542677	0.540039	0.5372	0.542593	1	1	10.6091	
9.84224	1	53	9.77386	1	53	9.77395	1	53	0	0	0	0.545036	0.54088	0.547587	0.545036	0.542453	0.548433	0.545036	0.54088	0.547587	0.545036	0.542453	0.548433	1	1	10.6168	
9.85967	1	52	9.7881	1	52	9.78818	1	52	0	0	0	0.550021	0.54579	0.552727	0.55002	0.547047	0.554093	0.550021	0.54579	0.552727	0.55002	0.547047	0.554093	1	1	10.6289	
9.87162	1	49	9.79737	1	49	9.79745	1	49	0	0	0	0.555002	0.550523	0.557777	0.555001	0.55166	0.557883	0.555002	0.550523	0.557777	0.555001	0.55166	0.557883	1	1	10.6364	
9.88813	1	49	9.81061	1	49	9.81068	1	49	0	0	0	0.560012	0.555857	0.56275	0.560012	0.55736	0.563877	0.560012	0.555857	0.56275	0.560012	0.55736	0.563877	1	1	10.6453	
9.90332	1	49	9.82281	1	49	9.82292	1	49	0	0	0	0.565034	0.560913	0.56781	0.565034	0.562223	0.56816	0.565034	0.560913	0.56781	0.565034	0.562223	0.56816	1	1	10.6556	
9.91948	1	47	9.83477	1	47	9.83484	1	47	0	0	0	0.570039	0.566027	0.572807	0.570039	0.5663	0.57275	0.570039	0.566027	0.572807	0.570039	0.5663	0.57275	1	1	10.6641	
9.9343	1	57	9.84641	1	57	9.84651	1	57	0	0	0	0.575031	0.57091	0.57767	0.575032	0.572183	0.578797	0.575031	0.57091	0.57767	0.575032	0.572183	0.578797	1	1	10.6722	
9.95391	1	52	9.86159	1	52	9.86164	1	52	0	0	0	0.580058	0.575917	0.582753	0.580059	0.576457	0.58285	0.580058	0.575917	0.582753	0.580059	0.576457	0.58285	1	1	10.6835	
9.97003	1	51	9.87477	1	51	9.87487	1	51	0	0	0	0.585059	0.581083	0.587723	0.58506	0.58133	0.588943	0.585059	0.581083	0.587723	0.58506	0.58133	0.588943	1	1	10.6935	
9.98876	1	54	9.88885	1	54	9.88892	1	54	0	0	0	0.590056	0.58606	0.59262	0.590056	0.587287	0.592513	0.590056	0.58606	0.59262	0.590056	0.587287	0.592513	1	1	10.703	
10.0083	1	54	9.90387	1	54	9.90397	1	54	0	0	0	0.59505	0.591137	0.5976	0.595051	0.591093	0.599417	0.59505	0.591137	0.5976	0.595051	0.591093	0.599417	1	1	10.7154	
10.0244	1	57	9.91462	1	56	9.91472	1	56	0	0	0	0.600046	0.596187	0.602547	0.600046	0.596697	0.60315	0.600046	0.596187	0.602547	0.600046	0.596697	0.60315	1	1	10.7224	
10.0431	1	54	9.92834	1	54	9.9284	1	54	0	0	0	0.605056	0.601253	0.60742	0.605055	0.602997	0.608797	0.605056	0.601253	0.60742	0.605055	0.602997	0.608797	1	1	10.7321	
10.0642	1	56	9.94464	1	56	9.94472	1	56	0	0	0	0.610057	0.606133	0.612123	0.610057	0.607437	0.612607	0.610057	0.606133	0.612123	0.610057	0.607437	0.612607	1	1	10.745	
10.0833	1	60	9.95712	1	60	9.95722	1	60	0	0	0	0.615068	0.61134	0.617157	0.615068	0.612277	0.61857	0.615068	0.61134	0.617157	0.615068	0.612277	0.61857	1	1	10.7534	
10.1069	1	55	9.97517	1	55	9.97523	1	55	0	0	0	0.620061	0.616433	0.62212	0.620062	0.616827	0.623833	0.620061	0.616433	0.62212	0.620062	0.616827	0.623833	1	1	10.7669	
10.1233	1	54	9.9849	1	54	9.98499	1	54	0	0	0	0.62505	0.621447	0.627117	0.625048	0.62199	0.627783	0.62505	0.621447	0.627117	0.625048	0.62199	0.627783	1	1	10.7736	
10.1451	1	56	9.99928	1	56	9.99937	1	56	0	0	0	0.630067	0.626393	0.632107	0.630068	0.626577	0.63433	0.630067	0.626393	0.632107	0.630068	0.626577	0.63433	1	1	10.7846	
10.1727	1	55	10.0191	1	55	10.0191	1	55	0	0	0	0.635038	0.631577	0.637193	0.635037	0.632143	0.63748	0.635038	0.631577	0.637193	0.635037	0.632143	0.63748	1	1	10.7992	
10.1926	1	54	10.0315	1	54	10.0316	1	54	0	0	0	0.640027	0.636747	0.64215	0.640026	0.636483	0.64424	0.640027	0.636747	0.64215	0.640026	0.636483	0.64424	1	1	10.8085	
10.2117	1	52	10.0446	1	52	10.0447	1	52	0	0	0	0.64502	0.64182	0.647273	0.64502	0.641813	0.647587	0.64502	0.64182	0.647273	0.64502	0.641813	0.647587	1	1	10.8168	
10.2384	1	59	10.061	1	59	10.0611	1	59	0	0	0	0.650013	0.6468	0.652227	0.650013	0.646743	0.65316	0.650013	0.6468	0.652227	0.650013	0.646743	0.65316	1	1	10.8283	
10.2706	1	58	10.0821	1	58	10.0822	1	58	0	0	0	0.655024	0.651857	0.657	0.655024	0.650797	0.658357	0.655024	0.651857	0.657	0.655024	0.650797	0.658357	1	1	10.8444	
10.297	1	61	10.0977	1	61	10.0978	1	61	0	0	0	0.660002	0.656903	0.66187	0.660002	0.655757	0.665297	0.660002	0.656903	0.66187	0.660002	0.655757	0.665297	1	1	10.8545	
10.324	1	57	10.1122	1	57	10.1123	1	57	0	0	0	0.665016	0.66176	0.6669	0.665018	0.661093	0.66929	0.665016	0.66176	0.6669	0.665018	0.661093	0.66929	1	1	10.8648	
10.3492	1	54	10.1274	1	54	10.1275	1	54	0	0	0	0.67002	0.666667	0.671793	0.670021	0.667087	0.673967	0.67002	0.666667	0.671793	0.670021	0.667087	0.673967	1	1	10.8759	
10.3835	1	58	10.1481	1	58	10.1482	1	58	0	0	0	0.675015	0.67167	0.676763	0.675015	0.671477	0.678797	0.675015	0.67167	0.676763	0.675015	0.671477	0.678797	1	1	10.8894	
10.4127	1	58	10.162	1	58	10.1621	1	58	0	0	0	0.680023	0.6765	0.68189	0.680021	0.676973	0.68293	0.680023	0.6765	0.68189	0.680021	0.676973	0.68293	1	1	10.8978	
10.4446	1	53	10.1785	1	53	10.1786	1	53	0	0	0	0.684981	0.681483	0.686857	0.684981	0.681777	0.687893	0.684981	0.681483	0.686857	0.684981	0.681777	0.687893	1	1	10.9106	
10.4821	1	62	10.1962	1	62	10.1963	1	62	0	0	0	0.690009	0.686687	0.6919	0.690009	0.686187	0.69354	0.690009	0.686687	0.6919	0.690009	0.686187	0.69354	1	1	10.9231	
10.5243	1	55	10.2204	1	55	10.2204	1	55	0	0	0	0.695019	0.691787	0.696903	0.695018	0.690863	0.69935	0.695019	0.691787	0.696903	0.695018	0.690863	0.69935	1	1	10.9387	
10.5567	1	56	10.2312	1	55	10.2313	1	55	0	0	0	0.700013	0.697063	0.70203	0.700013	0.695763	0.70465	0.700013	0.697063	0.70203	0.700013	0.695763	0.70465	1	1	10.9461	
10.6044	1	64	10.2545	1	56	10.2546	1	56	0	0	0	0.70501	0.701873	0.706997	0.70501	0.700743	0.70832	0.70501	0.701873	0.706997	0.70501	0.700743	0.70832	1	1	10.9619	
10.6499	1	63	10.2721	1	63	10.2723	1	63	0	0	0	0.70999	0.70697	0.711967	0.70999	0.70515	0.71381	0.70999	0.70697	0.711967	0.70999	0.70515	0.71381	1	1	10.9726	
10.7097	1	67	10.2919	1	53	10.292	1	53	0	0	0	0.715006	0.711693	0.716933	0.715006	0.71121	0.71833	0.715006	0.711693	0.716933	0.715006	0.71121	0.71833	1	1	10.9874	
10.7673	1	76	10.3143	1	56	10.3144	1	56	0	0	0	0.719997	0.71692	0.721913	0.719998	0.715783	0.724417	0.719997	0.71692	0.721913	0.719998	0.715783	0.724417	1	1	11.0022	
10.832	1	75	10.3353	1	54	10.3354	1	54	0	0	0	0.724992	0.721873	0.726853	0.724993	0.721087	0.72833	0.724992	0.721873	0.726853	0.724993	0.721087	0.72833	1	1	11.0148	
10.9064	1	81	10.3578	1	55	10.3579	1	55	0	0	0	0.729996	0.726887	0.731893	0.729996	0.72593	0.733413	0.729996	0.726887	0.731893	0.729996	0.72593	0.733413	1	1	11.0287	
10.9994	1	98	10.3751	1	61	10.3752	1	61	0	0	0	0.734987	0.731967	0.736917	0.734988	0.73209	0.738437	0.734987	0.731967	0.736917	0.734988	0.73209	0.738437	1	1	11.041	
11.148	1	117	10.401	1	59	10.4011	1	59	0	0	0	0.73998	0.736857	0.74184	0.73998	0.735917	0.742987	0.73998	0.736857	0.74184	0.73998	0.735917	0.742987	1	1	11.0584	
11.2714	1	136	10.4182	1	72	10.4183	1	72	0	0	0	0.744989	0.74181	0.746823	0.74499	0.74057	0.750253	0.744989	0.74181	0.746823	0.74499	0.74057	0.750253	1	1	11.0692	
11.5297	1	205	10.446	1	70	10.4462	1	70	0	0	0	0.750013	0.74697	0.751997	0.750013	0.745913	0.752867	0.750013	0.74697	0.751997	0.750013	0.745913	0.752867	1	1	11.0851	
12.5694	1	361	10.4683	1	59	10.4684	1	59	0	0	0	0.755089	0.752437	0.756345	0.755085	0.751575	0.758117	0.755089	0.752437	0.756345	0.755085	0.751575	0.758117	1	1	11.0999	
82.4326	1	7523	10.494	1	63	10.494	1	63	0	0	0	0.760038	0.75891	0.761147	0.759957	0.757663	0.762677	0.760038	0.75891	0.761147	0.759957	0.757663	0.762677	1	1	11.1151	
279.463	1	26117	10.5202	1	68	10.5201	1	68	0	0	0	0.76503	0.763863	0.766273	0.764726	0.76246	0.767573	0.76503	0.763863	0.766273	0.764726	0.76246	0.767573	1	1	11.1301	
