9.1522	1	23	9.1521	1	23	9.15231	1	23	0	0	0	0.00499391	0.00472	0.00529667	0.00499391	0.00468333	0.00522	0.00499391	0.00472	0.00529667	0.00499391	0.00468333	0.00522	1	1	10.1515	
9.13091	1	26	9.13075	1	26	9.13073	1	26	0	0	0	0.0100062	0.00967333	0.0105533	0.0100061	0.00951	0.0104067	0.0100062	0.00967333	0.0105533	0.0100061	0.00951	0.0104067	1	1	10.1296	
9.11036	1	26	9.11014	1	26	9.1101	1	26	0	0	0	0.0150311	0.0147333	0.0154867	0.015031	0.01453	0.0153833	0.0150311	0.0147333	0.0154867	0.015031	0.01453	0.0153833	1	1	10.1083	
9.12174	1	26	9.12148	1	26	9.12156	1	26	0	0	0	0.020063	0.01956	0.0207733	0.0200629	0.0195733	0.0206	0.020063	0.01956	0.0207733	0.0200629	0.0195733	0.0206	1	1	10.1191	
9.12975	1	27	9.12942	1	27	9.12955	1	27	0	0	0	0.0250671	0.0246267	0.02574	0.025067	0.0242167	0.02575	0.0250671	0.0246267	0.02574	0.025067	0.0242167	0.02575	1	1	10.1265	
9.12448	1	29	9.12406	1	29	9.12416	1	29	0	0	0	0.0300682	0.02952	0.0307533	0.0300678	0.0294367	0.0309933	0.0300682	0.02952	0.0307533	0.0300678	0.0294367	0.0309933	1	1	10.1205	
9.12734	1	32	9.1268	1	32	9.12685	1	32	0	0	0	0.0350706	0.03449	0.03577	0.0350705	0.03424	0.03611	0.0350706	0.03449	0.03577	0.0350705	0.03424	0.03611	1	1	10.1227	
9.13464	1	34	9.13402	1	34	9.13411	1	34	0	0	0	0.0400941	0.0393233	0.0409733	0.0400936	0.0392567	0.0410133	0.0400941	0.0393233	0.0409733	0.0400936	0.0392567	0.0410133	1	1	10.1291	
9.13516	1	31	9.13448	1	31	9.13454	1	31	0	0	0	0.0450691	0.0443367	0.0459767	0.0450685	0.04437	0.0457933	0.0450691	0.0443367	0.0459767	0.0450685	0.04437	0.0457933	1	1	10.1291	
9.13291	1	35	9.13209	1	35	9.13215	1	35	0	0	0	0.050078	0.0492567	0.05102	0.0500777	0.0491467	0.05086	0.050078	0.0492567	0.05102	0.0500777	0.0491467	0.05086	1	1	10.1259	
9.14	1	29	9.13911	1	29	9.13919	1	29	0	0	0	0.055088	0.0542567	0.05612	0.0550874	0.05408	0.0560033	0.055088	0.0542567	0.05612	0.0550874	0.05408	0.0560033	1	1	10.1322	
9.13322	1	32	9.1323	1	32	9.13239	1	32	0	0	0	0.0600776	0.05914	0.0611567	0.0600776	0.05895	0.06138	0.0600776	0.05914	0.0611567	0.0600776	0.05895	0.06138	1	1	10.1246	
9.1437	1	32	9.1427	1	32	9.14273	1	32	0	0	0	0.0651088	0.0642067	0.0661033	0.0651087	0.0641133	0.0664733	0.0651088	0.0642067	0.0661033	0.0651087	0.0641133	0.0664733	1	1	10.1343	
9.13603	1	30	9.1349	1	30	9.13497	1	30	0	0	0	0.0700993	0.06919	0.0710567	0.0700991	0.0690233	0.0710733	0.0700993	0.06919	0.0710567	0.0700991	0.0690233	0.0710733	1	1	10.1259	
9.14252	1	30	9.14136	1	30	9.14143	1	30	0	0	0	0.0750704	0.0741733	0.0760867	0.0750699	0.07371	0.0761633	0.0750704	0.0741733	0.0760867	0.0750699	0.07371	0.0761633	1	1	10.1314	
9.14568	1	30	9.1444	1	30	9.1445	1	30	0	0	0	0.0800622	0.07906	0.0811233	0.0800621	0.07899	0.0810967	0.0800622	0.07906	0.0811233	0.0800621	0.07899	0.0810967	1	1	10.1336	
9.14904	1	35	9.14763	1	35	9.14772	1	35	0	0	0	0.0850491	0.0840467	0.08615	0.0850493	0.0839533	0.0858767	0.0850491	0.0840467	0.08615	0.0850493	0.0839533	0.0858767	1	1	10.1362	
9.14753	1	34	9.14597	1	34	9.146	1	34	0	0	0	0.0900403	0.08904	0.0911	0.0900405	0.0887233	0.0910767	0.0900403	0.08904	0.0911	0.0900405	0.0887233	0.0910767	1	1	10.1339	
9.14156	1	35	9.13993	1	35	9.14002	1	35	0	0	0	0.0950421	0.0939633	0.09615	0.0950422	0.0939733	0.0963267	0.0950421	0.0939633	0.09615	0.0950422	0.0939733	0.0963267	1	1	10.1269	
9.14668	1	37	9.14498	1	37	9.14508	1	37	0	0	0	0.100013	0.0988367	0.101037	0.100014	0.0987467	0.10123	0.100013	0.0988367	0.101037	0.100014	0.0987467	0.10123	1	1	10.1312	
9.14232	1	34	9.14048	1	34	9.14056	1	34	0	0	0	0.105002	0.10396	0.106083	0.105002	0.10395	0.106673	0.105002	0.10396	0.106083	0.105002	0.10395	0.106673	1	1	10.1261	
9.14596	1	35	9.14402	1	35	9.14407	1	35	0	0	0	0.110025	0.108947	0.111093	0.110025	0.1087	0.111423	0.110025	0.108947	0.111093	0.110025	0.1087	0.111423	1	1	10.1288	
9.15229	1	41	9.15021	1	41	9.15026	1	41	0	0	0	0.115005	0.113947	0.116063	0.115005	0.113733	0.11641	0.115005	0.113947	0.116063	0.115005	0.113733	0.11641	1	1	10.1339	
9.15136	1	33	9.14915	1	33	9.14925	1	33	0	0	0	0.119998	0.118917	0.12105	0.119998	0.118467	0.121537	0.119998	0.118917	0.12105	0.119998	0.118467	0.121537	1	1	10.1321	
9.14897	1	35	9.14672	1	35	9.14677	1	35	0	0	0	0.124993	0.123957	0.126023	0.124993	0.123717	0.126337	0.124993	0.123957	0.126023	0.124993	0.123717	0.126337	1	1	10.1286	
9.15679	1	36	9.15431	1	36	9.15436	1	36	0	0	0	0.129989	0.128887	0.130963	0.129989	0.128813	0.13223	0.129989	0.128887	0.130963	0.129989	0.128813	0.13223	1	1	10.1354	
9.16138	1	39	9.15884	1	39	9.15887	1	39	0	0	0	0.134996	0.13394	0.136053	0.134996	0.133313	0.13626	0.134996	0.13394	0.136053	0.134996	0.133313	0.13626	1	1	10.139	
9.16408	1	37	9.16141	1	37	9.16149	1	37	0	0	0	0.139993	0.13878	0.140917	0.139994	0.13859	0.14131	0.139993	0.13878	0.140917	0.139994	0.13859	0.14131	1	1	10.1407	
9.1684	1	40	9.1657	1	40	9.16577	1	40	0	0	0	0.144979	0.143707	0.145863	0.14498	0.143337	0.14677	0.144979	0.143707	0.145863	0.14498	0.143337	0.14677	1	1	10.144	
9.17333	1	39	9.17036	1	39	9.17048	1	39	0	0	0	0.149981	0.148657	0.151093	0.149981	0.14876	0.15099	0.149981	0.148657	0.151093	0.149981	0.14876	0.15099	1	1	10.1477	
9.17569	1	39	9.17263	1	39	9.17272	1	39	0	0	0	0.154962	0.1535	0.156267	0.154962	0.153553	0.156657	0.154962	0.1535	0.156267	0.154962	0.153553	0.156657	1	1	10.1493	
9.17389	1	37	9.1707	1	37	9.17079	1	37	0	0	0	0.159973	0.158617	0.16114	0.159974	0.158263	0.161477	0.159973	0.158617	0.16114	0.159974	0.158263	0.161477	1	1	10.1464	
9.17882	1	41	9.17545	1	41	9.17552	1	41	0	0	0	0.164998	0.16344	0.166243	0.164998	0.16376	0.167857	0.164998	0.16344	0.166243	0.164998	0.16376	0.167857	1	1	10.1499	
9.18322	1	40	9.17977	1	40	9.17986	1	40	0	0	0	0.170007	0.168467	0.171367	0.170008	0.168083	0.171793	0.170007	0.168467	0.171367	0.170008	0.168083	0.171793	1	1	10.1534	
9.18115	1	39	9.17741	1	39	9.17745	1	39	0	0	0	0.175015	0.173497	0.17646	0.175015	0.173337	0.17696	0.175015	0.173497	0.17646	0.175015	0.173337	0.17696	1	1	10.1497	
9.18685	1	40	9.18306	1	40	9.18312	1	40	0	0	0	0.180034	0.178407	0.18157	0.180035	0.177517	0.182407	0.180034	0.178407	0.18157	0.180035	0.177517	0.182407	1	1	10.1547	
9.1958	1	40	9.19181	1	40	9.19185	1	40	0	0	0	0.185042	0.183203	0.186423	0.185042	0.183353	0.186333	0.185042	0.183203	0.186423	0.185042	0.183353	0.186333	1	1	10.1619	
9.19303	1	40	9.18878	1	40	9.18886	1	40	0	0	0	0.190052	0.188203	0.191317	0.190052	0.18859	0.19193	0.190052	0.188203	0.191317	0.190052	0.18859	0.19193	1	1	10.1582	
9.19973	1	40	9.19541	1	40	9.19545	1	40	0	0	0	0.195078	0.193557	0.196443	0.195078	0.19313	0.19656	0.195078	0.193557	0.196443	0.195078	0.19313	0.19656	1	1	10.1637	
9.1986	1	39	9.19398	1	39	9.19407	1	39	0	0	0	0.200077	0.19841	0.20126	0.200077	0.19824	0.202147	0.200077	0.19841	0.20126	0.200077	0.19824	0.202147	1	1	10.1612	
9.20985	1	43	9.20502	1	43	9.20504	1	43	0	0	0	0.20508	0.203317	0.206423	0.20508	0.203143	0.207567	0.20508	0.203317	0.206423	0.20508	0.203143	0.207567	1	1	10.1714	
9.21382	1	39	9.20887	1	39	9.20898	1	39	0	0	0	0.210069	0.20816	0.211343	0.210069	0.208593	0.211617	0.210069	0.20816	0.211343	0.210069	0.208593	0.211617	1	1	10.1738	
9.21591	1	37	9.21073	1	37	9.21083	1	37	0	0	0	0.215034	0.2131	0.21641	0.215033	0.212047	0.216883	0.215034	0.2131	0.21641	0.215033	0.212047	0.216883	1	1	10.1746	
9.21924	1	40	9.2138	1	40	9.21386	1	40	0	0	0	0.220027	0.217907	0.22134	0.220028	0.218257	0.22138	0.220027	0.217907	0.22134	0.220028	0.218257	0.22138	1	1	10.1767	
9.22483	1	40	9.21922	1	40	9.21931	1	40	0	0	0	0.225021	0.222973	0.226473	0.225021	0.222833	0.22691	0.225021	0.222973	0.226473	0.225021	0.222833	0.22691	1	1	10.1812	
9.22916	1	42	9.22341	1	42	9.22344	1	42	0	0	0	0.230021	0.22809	0.231733	0.230021	0.227817	0.232077	0.230021	0.22809	0.231733	0.230021	0.227817	0.232077	1	1	10.1839	
9.22924	1	42	9.22317	1	42	9.22323	1	42	0	0	0	0.235028	0.233103	0.23677	0.235028	0.232267	0.237223	0.235028	0.233103	0.23677	0.235028	0.232267	0.237223	1	1	10.1824	
9.23686	1	42	9.23055	1	42	9.23063	1	42	0	0	0	0.240018	0.238197	0.241943	0.240018	0.237697	0.2416	0.240018	0.238197	0.241943	0.240018	0.237697	0.2416	1	1	10.1885	
9.2397	1	42	9.23305	1	42	9.23308	1	42	0	0	0	0.245024	0.242773	0.24693	0.245024	0.242187	0.246917	0.245024	0.242773	0.24693	0.245024	0.242187	0.246917	1	1	10.1899	
9.24898	1	41	9.2422	1	41	9.24232	1	41	0	0	0	0.250034	0.247733	0.252193	0.250034	0.248467	0.25235	0.250034	0.247733	0.252193	0.250034	0.248467	0.25235	1	1	10.1979	
9.25298	1	44	9.24587	1	44	9.24592	1	44	0	0	0	0.255015	0.25275	0.257127	0.255016	0.25342	0.257237	0.255015	0.25275	0.257127	0.255016	0.25342	0.257237	1	1	10.2002	
9.25768	1	41	9.25027	1	41	9.25034	1	41	0	0	0	0.260024	0.257637	0.262147	0.260023	0.258003	0.26272	0.260024	0.257637	0.262147	0.260023	0.258003	0.26272	1	1	10.2032	
9.26542	1	45	9.25766	1	45	9.2577	1	45	0	0	0	0.265017	0.262427	0.26717	0.265017	0.26298	0.267123	0.265017	0.262427	0.26717	0.265017	0.26298	0.267123	1	1	10.2095	
9.26967	1	42	9.26165	1	42	9.26173	1	42	0	0	0	0.270019	0.26732	0.27215	0.270019	0.267423	0.272373	0.270019	0.26732	0.27215	0.270019	0.267423	0.272373	1	1	10.2125	
9.27334	1	42	9.26496	1	42	9.26505	1	42	0	0	0	0.275021	0.272227	0.277133	0.275021	0.27306	0.276907	0.275021	0.272227	0.277133	0.275021	0.27306	0.276907	1	1	10.2146	
9.2767	1	42	9.26794	1	42	9.26804	1	42	0	0	0	0.280024	0.27711	0.28227	0.280024	0.2778	0.281813	0.280024	0.27711	0.28227	0.280024	0.2778	0.281813	1	1	10.2159	
9.28288	1	45	9.27386	1	45	9.27395	1	45	0	0	0	0.284984	0.28202	0.2873	0.284983	0.282567	0.287727	0.284984	0.28202	0.2873	0.284983	0.282567	0.287727	1	1	10.2207	
9.29212	1	44	9.28282	1	44	9.28293	1	44	0	0	0	0.290004	0.28696	0.292427	0.290004	0.28788	0.29241	0.290004	0.28696	0.292427	0.290004	0.28788	0.29241	1	1	10.2278	
9.29398	1	43	9.28419	1	43	9.28428	1	43	0	0	0	0.295023	0.291793	0.297347	0.295023	0.293197	0.298167	0.295023	0.291793	0.297347	0.295023	0.293197	0.298167	1	1	10.2282	
9.30142	1	44	9.29119	1	44	9.29128	1	44	0	0	0	0.300015	0.296733	0.302347	0.300016	0.297727	0.301737	0.300015	0.296733	0.302347	0.300016	0.297727	0.301737	1	1	10.2339	
9.30827	1	42	9.29764	1	42	9.29774	1	42	0	0	0	0.30501	0.301723	0.30717	0.305011	0.302467	0.30697	0.30501	0.301723	0.30717	0.305011	0.302467	0.30697	1	1	10.2387	
9.31446	1	43	9.30364	1	43	9.30373	1	43	0	0	0	0.310018	0.306597	0.3122	0.310019	0.30763	0.312127	0.310018	0.306597	0.3122	0.310019	0.30763	0.312127	1	1	10.2434	
9.31971	1	49	9.30838	1	49	9.30845	1	49	0	0	0	0.314986	0.311583	0.31721	0.314987	0.31246	0.316757	0.314986	0.311583	0.31721	0.314987	0.31246	0.316757	1	1	10.2468	
9.33064	1	46	9.31876	1	46	9.31882	1	46	0	0	0	0.319994	0.316567	0.322197	0.319994	0.31738	0.322213	0.319994	0.316567	0.322197	0.319994	0.31738	0.322213	1	1	10.2558	
9.33987	1	43	9.32772	1	43	9.32774	1	43	0	0	0	0.325005	0.321523	0.327163	0.325005	0.32292	0.327287	0.325005	0.321523	0.327163	0.325005	0.32292	0.327287	1	1	10.2629	
9.3423	1	43	9.32962	1	43	9.32971	1	43	0	0	0	0.329995	0.326493	0.332253	0.329996	0.327877	0.33154	0.329995	0.326493	0.332253	0.329996	0.327877	0.33154	1	1	10.2635	
9.34572	1	43	9.33237	1	43	9.33243	1	43	0	0	0	0.334995	0.331413	0.337203	0.334995	0.331783	0.337853	0.334995	0.331413	0.337203	0.334995	0.331783	0.337853	1	1	10.265	
9.35215	1	43	9.33837	1	43	9.33844	1	43	0	0	0	0.340001	0.336503	0.34213	0.340001	0.337083	0.342167	0.340001	0.336503	0.34213	0.340001	0.337083	0.342167	1	1	10.2689	
9.36182	1	47	9.34731	1	47	9.34742	1	47	0	0	0	0.344977	0.34145	0.347093	0.344978	0.342627	0.348383	0.344977	0.34145	0.347093	0.344978	0.342627	0.348383	1	1	10.2763	
9.3682	1	44	9.35348	1	44	9.35357	1	44	0	0	0	0.349965	0.34621	0.35204	0.349966	0.347333	0.352807	0.349965	0.34621	0.35204	0.349966	0.347333	0.352807	1	1	10.2808	
9.37606	1	43	9.36071	1	43	9.36077	1	43	0	0	0	0.354962	0.351113	0.35706	0.354962	0.351617	0.35734	0.354962	0.351113	0.35706	0.354962	0.351617	0.35734	1	1	10.2867	
9.3829	1	43	9.36695	1	43	9.367	1	43	0	0	0	0.359946	0.356217	0.362117	0.359947	0.356387	0.362333	0.359946	0.356217	0.362117	0.359947	0.356387	0.362333	1	1	10.291	
9.39431	1	53	9.37773	1	53	9.37777	1	53	0	0	0	0.364961	0.361297	0.367087	0.364962	0.362827	0.368083	0.364961	0.361297	0.367087	0.364962	0.362827	0.368083	1	1	10.2999	
9.40006	1	43	9.38293	1	43	9.383	1	43	0	0	0	0.369962	0.36614	0.37218	0.369963	0.36744	0.37265	0.369962	0.36614	0.37218	0.369963	0.36744	0.37265	1	1	10.304	
9.40772	1	44	9.38997	1	44	9.39005	1	44	0	0	0	0.374957	0.371073	0.37707	0.374957	0.372297	0.37754	0.374957	0.371073	0.37707	0.374957	0.372297	0.37754	1	1	10.3097	
9.41742	1	43	9.39892	1	43	9.399	1	43	0	0	0	0.379938	0.37607	0.382213	0.379938	0.377997	0.38204	0.379938	0.37607	0.382213	0.379938	0.377997	0.38204	1	1	10.3169	
9.4244	1	46	9.40527	1	46	9.40535	1	46	0	0	0	0.384944	0.381013	0.387093	0.384945	0.38122	0.388533	0.384944	0.381013	0.387093	0.384945	0.38122	0.388533	1	1	10.3208	
9.43067	1	44	9.41075	1	44	9.41084	1	44	0	0	0	0.389928	0.385823	0.39206	0.389928	0.3871	0.392017	0.389928	0.385823	0.39206	0.389928	0.3871	0.392017	1	1	10.3243	
9.44073	1	46	9.41993	1	46	9.42001	1	46	0	0	0	0.394923	0.390957	0.39708	0.394923	0.3914	0.397957	0.394923	0.390957	0.39708	0.394923	0.3914	0.397957	1	1	10.332	
9.44839	1	44	9.4268	1	44	9.4269	1	44	0	0	0	0.399943	0.395987	0.40203	0.399944	0.3973	0.402467	0.399943	0.395987	0.40203	0.399944	0.3973	0.402467	1	1	10.3373	
9.45843	1	45	9.43628	1	45	9.43637	1	45	0	0	0	0.404934	0.400923	0.407463	0.404934	0.401757	0.407383	0.404934	0.400923	0.407463	0.404934	0.401757	0.407383	1	1	10.3449	
9.46877	1	51	9.44533	1	51	9.44541	1	51	0	0	0	0.409933	0.406057	0.412473	0.409933	0.406973	0.412433	0.409933	0.406057	0.412473	0.409933	0.406973	0.412433	1	1	10.3517	
9.47585	1	45	9.45158	1	45	9.4517	1	45	0	0	0	0.414948	0.410933	0.41741	0.414949	0.41175	0.417877	0.414948	0.410933	0.41741	0.414949	0.41175	0.417877	1	1	10.3563	
9.48572	1	44	9.4606	1	44	9.46069	1	44	0	0	0	0.419968	0.415927	0.422297	0.419968	0.416943	0.42228	0.419968	0.415927	0.422297	0.419968	0.416943	0.42228	1	1	10.3638	
9.493	1	45	9.467	1	45	9.46709	1	45	0	0	0	0.424933	0.420963	0.427083	0.424933	0.42125	0.42783	0.424933	0.420963	0.427083	0.424933	0.42125	0.42783	1	1	10.3682	
9.50348	1	44	9.47653	1	44	9.47663	1	44	0	0	0	0.429919	0.42584	0.43224	0.429918	0.427123	0.432473	0.429919	0.42584	0.43224	0.429918	0.427123	0.432473	1	1	10.3756	
9.51387	1	51	9.48546	1	51	9.48551	1	51	0	0	0	0.4349	0.430777	0.437183	0.434898	0.43191	0.438353	0.4349	0.430777	0.437183	0.434898	0.43191	0.438353	1	1	10.3832	
9.52419	1	47	9.49491	1	47	9.49498	1	47	0	0	0	0.439918	0.435807	0.442153	0.439917	0.436663	0.44218	0.439918	0.435807	0.442153	0.439917	0.436663	0.44218	1	1	10.3895	
9.53281	1	51	9.50238	1	51	9.50245	1	51	0	0	0	0.444945	0.440747	0.447317	0.444944	0.441787	0.447353	0.444945	0.440747	0.447317	0.444944	0.441787	0.447353	1	1	10.3953	
9.54413	1	52	9.51239	1	52	9.51246	1	52	0	0	0	0.449951	0.445773	0.452347	0.449949	0.44668	0.452697	0.449951	0.445773	0.452347	0.449949	0.44668	0.452697	1	1	10.4027	
9.55595	1	46	9.52337	1	46	9.52348	1	46	0	0	0	0.454952	0.45091	0.45769	0.454952	0.45252	0.457657	0.454952	0.45091	0.45769	0.454952	0.45252	0.457657	1	1	10.4123	
9.56496	1	55	9.53087	1	55	9.53095	1	55	0	0	0	0.459963	0.455857	0.462693	0.459962	0.45739	0.462713	0.459963	0.455857	0.462693	0.459962	0.45739	0.462713	1	1	10.4176	
9.57881	1	54	9.54358	1	54	9.54368	1	54	0	0	0	0.464999	0.46081	0.467627	0.464998	0.460887	0.46814	0.464999	0.46081	0.467627	0.464998	0.460887	0.46814	1	1	10.4273	
9.58836	1	56	9.55174	1	56	9.55183	1	56	0	0	0	0.470001	0.46574	0.4725	0.470001	0.46643	0.47333	0.470001	0.46574	0.4725	0.470001	0.46643	0.47333	1	1	10.4337	
9.59899	1	50	9.56048	1	50	9.56056	1	50	0	0	0	0.47498	0.4707	0.477357	0.47498	0.471877	0.478157	0.47498	0.4707	0.477357	0.47498	0.471877	0.478157	1	1	10.4395	
9.60728	1	49	9.56766	1	49	9.56775	1	49	0	0	0	0.479986	0.475563	0.48226	0.479985	0.4772	0.483607	0.479986	0.475563	0.48226	0.479985	0.4772	0.483607	1	1	10.445	
9.62381	1	51	9.58235	1	51	9.5824	1	51	0	0	0	0.484968	0.480527	0.48739	0.484967	0.482413	0.48926	0.484968	0.480527	0.48739	0.484967	0.482413	0.48926	1	1	10.4577	
9.63514	1	45	9.59196	1	45	9.59205	1	45	0	0	0	0.489984	0.4858	0.49218	0.489983	0.48783	0.49258	0.489984	0.4858	0.49218	0.489983	0.48783	0.49258	1	1	10.4639	
9.64276	1	54	9.59821	1	54	9.59829	1	54	0	0	0	0.495004	0.49079	0.497313	0.495004	0.491673	0.497893	0.495004	0.49079	0.497313	0.495004	0.491673	0.497893	1	1	10.4679	
9.65924	1	47	9.61295	1	46	9.61307	1	46	0	0	0	0.5	0.495827	0.502247	0.499999	0.496803	0.502583	0.5	0.495827	0.502247	0.499999	0.496803	0.502583	1	1	10.4803	
9.66898	1	52	9.62075	1	52	9.62084	1	52	0	0	0	0.505012	0.500743	0.507327	0.505012	0.501387	0.508257	0.505012	0.500743	0.507327	0.505012	0.501387	0.508257	1	1	10.4859	
9.68316	1	47	9.6329	1	47	9.63301	1	47	0	0	0	0.510001	0.505623	0.51228	0.510002	0.505153	0.512493	0.510001	0.505623	0.51228	0.510002	0.505153	0.512493	1	1	10.4952	
9.6954	1	46	9.64293	1	46	9.64304	1	46	0	0	0	0.515003	0.510713	0.517367	0.515003	0.512493	0.518	0.515003	0.510713	0.517367	0.515003	0.512493	0.518	1	1	10.5027	
9.70725	1	50	9.6526	1	50	9.65268	1	50	0	0	0	0.519992	0.515693	0.52247	0.519992	0.517223	0.52265	0.519992	0.515693	0.52247	0.519992	0.517223	0.52265	1	1	10.5099	
9.72395	1	52	9.66709	1	52	9.66715	1	52	0	0	0	0.524983	0.520763	0.527543	0.524983	0.5226	0.528267	0.524983	0.520763	0.527543	0.524983	0.5226	0.528267	1	1	10.5217	
9.73438	1	45	9.6756	1	45	9.67571	1	45	0	0	0	0.530007	0.525883	0.53272	0.530006	0.527553	0.532923	0.530007	0.525883	0.53272	0.530006	0.527553	0.532923	1	1	10.5274	
9.74807	1	55	9.68591	1	55	9.68599	1	55	0	0	0	0.535012	0.53083	0.537613	0.535012	0.532727	0.537057	0.535012	0.53083	0.537613	0.535012	0.532727	0.537057	1	1	10.5346	
9.76385	1	56	9.69932	1	56	9.6994	1	56	0	0	0	0.540039	0.5359	0.542677	0.540038	0.5354	0.542777	0.540039	0.5359	0.542677	0.540038	0.5354	0.542777	1	1	10.5454	
9.77917	1	50	9.71195	1	50	9.71205	1	50	0	0	0	0.545036	0.54088	0.547587	0.545035	0.54243	0.54784	0.545036	0.54088	0.547587	0.545035	0.54243	0.54784	1	1	10.5552	
9.79221	1	56	9.72214	1	56	9.72222	1	56	0	0	0	0.550021	0.54579	0.552727	0.550021	0.54744	0.553083	0.550021	0.54579	0.552727	0.550021	0.54744	0.553083	1	1	10.5618	
9.80732	1	52	9.735	1	52	9.73508	1	52	0	0	0	0.555002	0.550523	0.557777	0.555	0.552187	0.557463	0.555002	0.550523	0.557777	0.555	0.552187	0.557463	1	1	10.5727	
9.82605	1	53	9.7496	1	53	9.74969	1	53	0	0	0	0.560012	0.555857	0.56275	0.560012	0.557773	0.562553	0.560012	0.555857	0.56275	0.560012	0.557773	0.562553	1	1	10.5839	
9.83791	1	66	9.75943	1	66	9.75953	1	66	0	0	0	0.565034	0.560913	0.56781	0.565034	0.56224	0.56732	0.565034	0.560913	0.56781	0.565034	0.56224	0.56732	1	1	10.5901	
9.85637	1	52	9.77328	1	52	9.77337	1	52	0	0	0	0.570039	0.566027	0.572807	0.570038	0.56609	0.573277	0.570039	0.566027	0.572807	0.570038	0.56609	0.573277	1	1	10.6002	
9.87192	1	53	9.78628	1	53	9.78634	1	53	0	0	0	0.575031	0.57091	0.57767	0.57503	0.572573	0.577387	0.575031	0.57091	0.57767	0.57503	0.572573	0.577387	1	1	10.6098	
9.88607	1	55	9.79615	1	55	9.79622	1	55	0	0	0	0.580058	0.575917	0.582753	0.580059	0.576423	0.584233	0.580058	0.575917	0.582753	0.580059	0.576423	0.584233	1	1	10.617	
9.9086	1	51	9.81484	1	51	9.81494	1	51	0	0	0	0.585059	0.581083	0.587723	0.585058	0.582733	0.588243	0.585059	0.581083	0.587723	0.585058	0.582733	0.588243	1	1	10.6319	
9.92541	1	58	9.82722	1	58	9.82731	1	58	0	0	0	0.590056	0.58606	0.59262	0.590056	0.587677	0.594133	0.590056	0.58606	0.59262	0.590056	0.587677	0.594133	1	1	10.6409	
9.93984	1	56	9.83701	1	56	9.83712	1	56	0	0	0	0.59505	0.591137	0.5976	0.595051	0.591493	0.597933	0.59505	0.591137	0.5976	0.595051	0.591493	0.597933	1	1	10.6477	
9.95768	1	54	9.84974	1	54	9.84984	1	54	0	0	0	0.600046	0.596187	0.602547	0.600045	0.597057	0.603217	0.600046	0.596187	0.602547	0.600045	0.597057	0.603217	1	1	10.6575	
9.97735	1	51	9.86462	1	51	9.86471	1	51	0	0	0	0.605056	0.601253	0.60742	0.605056	0.60199	0.608267	0.605056	0.601253	0.60742	0.605056	0.60199	0.608267	1	1	10.6675	
10.0006	1	56	9.88279	1	56	9.88291	1	56	0	0	0	0.610057	0.606133	0.612123	0.610056	0.607487	0.61355	0.610057	0.606133	0.612123	0.610056	0.607487	0.61355	1	1	10.682	
10.0192	1	55	9.89518	1	55	9.8953	1	55	0	0	0	0.615068	0.61134	0.617157	0.615068	0.611483	0.61818	0.615068	0.61134	0.617157	0.615068	0.611483	0.61818	1	1	10.6904	
10.0391	1	56	9.90911	1	56	9.90917	1	56	0	0	0	0.620061	0.616433	0.62212	0.620062	0.616903	0.623393	0.620061	0.616433	0.62212	0.620062	0.616903	0.623393	1	1	10.6999	
10.0613	1	49	9.92542	1	49	9.9255	1	49	0	0	0	0.62505	0.621447	0.627117	0.625048	0.62181	0.628307	0.62505	0.621447	0.627117	0.625048	0.62181	0.628307	1	1	10.713	
10.0798	1	56	9.93678	1	56	9.93686	1	56	0	0	0	0.630067	0.626393	0.632107	0.630068	0.62601	0.63215	0.630067	0.626393	0.632107	0.630068	0.62601	0.63215	1	1	10.7208	
10.1015	1	55	9.95214	1	55	9.9522	1	55	0	0	0	0.635038	0.631577	0.637193	0.635037	0.631533	0.637977	0.635038	0.631577	0.637193	0.635037	0.631533	0.637977	1	1	10.7309	
10.1251	1	56	9.96798	1	56	9.96805	1	56	0	0	0	0.640027	0.636747	0.64215	0.640026	0.63646	0.644157	0.640027	0.636747	0.64215	0.640026	0.63646	0.644157	1	1	10.7424	
10.1513	1	57	9.98441	1	57	9.98448	1	57	0	0	0	0.64502	0.64182	0.647273	0.645019	0.64141	0.648237	0.64502	0.64182	0.647273	0.645019	0.64141	0.648237	1	1	10.7537	
10.1763	1	55	10.0011	1	55	10.0012	1	55	0	0	0	0.650013	0.6468	0.652227	0.650011	0.646503	0.652753	0.650013	0.6468	0.652227	0.650011	0.646503	0.652753	1	1	10.7655	
10.199	1	55	10.014	1	55	10.014	1	55	0	0	0	0.655024	0.651857	0.657	0.655024	0.651867	0.657517	0.655024	0.651857	0.657	0.655024	0.651867	0.657517	1	1	10.7749	
10.23	1	55	10.0345	1	55	10.0346	1	55	0	0	0	0.660002	0.656903	0.66187	0.660002	0.657683	0.66266	0.660002	0.656903	0.66187	0.660002	0.657683	0.66266	1	1	10.7894	
10.2561	1	53	10.0497	1	53	10.0498	1	53	0	0	0	0.665016	0.66176	0.6669	0.665017	0.662133	0.668263	0.665016	0.66176	0.6669	0.665017	0.662133	0.668263	1	1	10.7999	
10.2825	1	54	10.0649	1	54	10.065	1	54	0	0	0	0.67002	0.666667	0.671793	0.67002	0.667187	0.67453	0.67002	0.666667	0.671793	0.67002	0.667187	0.67453	1	1	10.8112	
10.3132	1	54	10.0822	1	54	10.0823	1	54	0	0	0	0.675015	0.67167	0.676763	0.675014	0.671497	0.677497	0.675015	0.67167	0.676763	0.675014	0.671497	0.677497	1	1	10.8221	
10.3457	1	55	10.0987	1	55	10.0988	1	55	0	0	0	0.680023	0.6765	0.68189	0.680023	0.67701	0.683657	0.680023	0.6765	0.68189	0.680023	0.67701	0.683657	1	1	10.8346	
10.3811	1	56	10.118	1	56	10.1181	1	56	0	0	0	0.684981	0.681483	0.686857	0.68498	0.681897	0.6886	0.684981	0.681483	0.686857	0.68498	0.681897	0.6886	1	1	10.8474	
10.4161	1	65	10.1344	1	57	10.1345	1	57	0	0	0	0.690009	0.686687	0.6919	0.690011	0.68599	0.69348	0.690009	0.686687	0.6919	0.690011	0.68599	0.69348	1	1	10.8581	
10.4528	1	57	10.1521	1	56	10.1522	1	56	0	0	0	0.695019	0.691787	0.696903	0.695019	0.69267	0.698813	0.695019	0.691787	0.696903	0.695019	0.69267	0.698813	1	1	10.8707	
10.4994	1	58	10.1752	1	57	10.1752	1	57	0	0	0	0.700013	0.697063	0.70203	0.700013	0.696933	0.703837	0.700013	0.697063	0.70203	0.700013	0.696933	0.703837	1	1	10.8848	
10.5405	1	61	10.19	1	59	10.1901	1	59	0	0	0	0.70501	0.701873	0.706997	0.70501	0.70178	0.708083	0.70501	0.701873	0.706997	0.70501	0.70178	0.708083	1	1	10.8967	
10.5856	1	69	10.213	1	56	10.2131	1	56	0	0	0	0.70999	0.70697	0.711967	0.709992	0.706217	0.71292	0.70999	0.70697	0.711967	0.709992	0.706217	0.71292	1	1	10.9112	
10.6471	1	76	10.2341	1	55	10.2342	1	55	0	0	0	0.715006	0.711693	0.716933	0.715007	0.710663	0.717923	0.715006	0.711693	0.716933	0.715007	0.710663	0.717923	1	1	10.9247	
10.705	1	78	10.2534	1	59	10.2535	1	59	0	0	0	0.719997	0.71692	0.721913	0.719998	0.71691	0.723397	0.719997	0.71692	0.721913	0.719998	0.71691	0.723397	1	1	10.9381	
10.7622	1	73	10.2732	1	73	10.2733	1	73	0	0	0	0.724992	0.721873	0.726853	0.724992	0.721577	0.728	0.724992	0.721873	0.726853	0.724992	0.721577	0.728	1	1	10.9507	
10.8487	1	102	10.2937	1	62	10.2938	1	62	0	0	0	0.729996	0.726887	0.731893	0.729995	0.726223	0.733807	0.729996	0.726887	0.731893	0.729995	0.726223	0.733807	1	1	10.9651	
10.9344	1	102	10.314	1	61	10.3141	1	61	0	0	0	0.734987	0.731967	0.736917	0.734988	0.731623	0.73849	0.734987	0.731967	0.736917	0.734988	0.731623	0.73849	1	1	10.976	
11.0818	1	123	10.3406	1	59	10.3407	1	59	0	0	0	0.73998	0.736857	0.74184	0.739979	0.737227	0.74298	0.73998	0.736857	0.74184	0.739979	0.737227	0.74298	1	1	10.9924	
11.2599	1	147	10.3678	1	57	10.3678	1	57	0	0	0	0.744989	0.74181	0.746823	0.744991	0.741433	0.747547	0.744989	0.74181	0.746823	0.744991	0.741433	0.747547	1	1	11.0112	
11.6088	1	217	10.3837	1	56	10.3838	1	56	0	0	0	0.750013	0.74697	0.751997	0.750013	0.74725	0.753177	0.750013	0.74697	0.751997	0.750013	0.74725	0.753177	1	1	11.0214	
12.6039	1	455	10.4085	1	58	10.4086	1	58	0	0	0	0.755031	0.752057	0.757047	0.755027	0.752327	0.75881	0.755031	0.752057	0.757047	0.755027	0.752327	0.75881	1	1	11.0387	
93.9751	1	6937	10.4348	1	64	10.4348	1	64	0	0	0	0.760038	0.75891	0.761147	0.75997	0.757361	0.76268	0.760038	0.75891	0.761147	0.75997	0.757361	0.76268	1	1	11.0533	
283.146	1	26711	10.458	1	74	10.4579	1	74	0	0	0	0.76503	0.763863	0.766273	0.76472	0.762517	0.767161	0.76503	0.763863	0.766273	0.76472	0.762517	0.767161	1	1	11.0669	
