10.827	6	30	10.8107	6	30	10.8107	6	30	0	0	0	0.00499391	0.00472	0.00529667	0.00499396	0.00472	0.00529667	0.00499391	0.00472	0.00529667	0.00499396	0.00472	0.00529667	1	1	11.8107	
10.8666	6	30	10.8328	6	30	10.8328	6	30	0	0	0	0.0100062	0.00967333	0.0105533	0.010006	0.00967	0.0105533	0.0100062	0.00967333	0.0105533	0.010006	0.00967	0.0105533	1	1	11.8328	
10.9099	6	34	10.8549	6	34	10.8549	6	34	0	0	0	0.0150311	0.0147333	0.0154867	0.0150309	0.0147333	0.01549	0.0150311	0.0147333	0.0154867	0.0150309	0.0147333	0.01549	1	1	11.8549	
10.9483	6	34	10.8704	6	34	10.8704	6	34	0	0	0	0.020063	0.01956	0.0207733	0.020063	0.01956	0.0207767	0.020063	0.01956	0.0207733	0.020063	0.01956	0.0207767	1	1	11.8703	
10.9904	6	34	10.8857	6	34	10.8858	6	34	0	0	0	0.0250671	0.0246267	0.02574	0.025067	0.0246233	0.0257433	0.0250671	0.0246267	0.02574	0.025067	0.0246233	0.0257433	1	1	11.8856	
11.0357	6	34	10.9016	6	34	10.9017	6	34	0	0	0	0.0300682	0.02952	0.0307533	0.030068	0.0295233	0.0307567	0.0300682	0.02952	0.0307533	0.030068	0.0295233	0.0307567	1	1	11.9015	
11.0875	6	46	10.9183	6	46	10.9184	6	46	0	0	0	0.0350706	0.03449	0.03577	0.0350703	0.0344933	0.0357767	0.0350706	0.03449	0.03577	0.0350703	0.0344933	0.0357767	1	1	11.9181	
11.1445	6	62	10.9357	6	62	10.9358	6	62	0	0	0	0.0400941	0.0393233	0.0409733	0.0400936	0.0393267	0.04098	0.0400941	0.0393233	0.0409733	0.0400936	0.0393267	0.04098	1	1	11.9354	
11.2075	6	50	10.9538	6	50	10.9538	6	50	0	0	0	0.0450691	0.0443367	0.0459767	0.0450686	0.04434	0.04597	0.0450691	0.0443367	0.0459767	0.0450686	0.04434	0.04597	1	1	11.9533	
11.2805	6	50	10.9745	6	50	10.9746	6	50	0	0	0	0.050078	0.0492567	0.05102	0.0500775	0.04926	0.0510167	0.050078	0.0492567	0.05102	0.0500775	0.04926	0.0510167	1	1	11.974	
11.3628	6	50	10.9946	6	50	10.9946	6	50	0	0	0	0.055088	0.0542567	0.05612	0.0550874	0.05426	0.0561167	0.055088	0.0542567	0.05612	0.0550874	0.05426	0.0561167	1	1	11.9939	
11.4535	6	78	11.0135	6	78	11.0136	6	78	0	0	0	0.0600776	0.05914	0.0611567	0.0600772	0.05914	0.0611567	0.0600776	0.05914	0.0611567	0.0600772	0.05914	0.0611567	1	1	12.0127	
11.5615	6	78	11.0339	6	78	11.034	6	78	0	0	0	0.0651088	0.0642067	0.0661033	0.0651087	0.0642067	0.0661033	0.0651088	0.0642067	0.0661033	0.0651087	0.0642067	0.0661033	1	1	12.0329	
11.6893	6	78	11.0553	6	78	11.0553	6	78	0	0	0	0.0700993	0.06919	0.0710567	0.070099	0.0691833	0.0710567	0.0700993	0.06919	0.0710567	0.070099	0.0691833	0.0710567	1	1	12.054	
11.8429	6	78	11.0788	6	78	11.0789	6	78	0	0	0	0.0750704	0.0741733	0.0760867	0.0750703	0.07417	0.0760867	0.0750704	0.0741733	0.0760867	0.0750703	0.07417	0.0760867	1	1	12.0772	
12.035	6	78	11.1045	6	78	11.1046	6	78	0	0	0	0.0800622	0.07906	0.0811233	0.0800623	0.0790533	0.0811233	0.0800622	0.07906	0.0811233	0.0800623	0.0790533	0.0811233	1	1	12.1025	
12.2708	6	94	11.1314	6	94	11.1314	6	94	0	0	0	0.0850491	0.0840467	0.08615	0.0850495	0.08404	0.08615	0.0850491	0.0840467	0.08615	0.0850495	0.08404	0.08615	1	1	12.129	
12.5778	6	94	11.1583	6	94	11.1584	6	94	0	0	0	0.0900403	0.08904	0.0911	0.0900404	0.0890367	0.0911	0.0900403	0.08904	0.0911	0.0900404	0.0890367	0.0911	1	1	12.1554	
12.9909	6	96	11.1864	6	79	11.1864	6	79	0	0	0	0.0950421	0.0939633	0.09615	0.0950423	0.09396	0.09615	0.0950421	0.0939633	0.09615	0.0950423	0.09396	0.09615	1	1	12.1828	
13.5818	6	119	11.2169	6	83	11.2169	6	83	0	0	0	0.100013	0.0988367	0.101037	0.100014	0.0988333	0.101037	0.100013	0.0988367	0.101037	0.100014	0.0988333	0.101037	1	1	12.2125	
14.4741	6	139	11.2498	6	95	11.2498	6	95	0	0	0	0.105002	0.10396	0.106083	0.105003	0.103957	0.106087	0.105002	0.10396	0.106083	0.105003	0.103957	0.106087	1	1	12.2446	
15.9981	6	202	11.2858	6	115	11.2857	6	115	0	0	0	0.110025	0.108947	0.111093	0.110025	0.108943	0.111097	0.110025	0.108947	0.111093	0.110025	0.108943	0.111097	1	1	12.2795	
19.0026	6	299	11.3205	6	114	11.3204	6	114	0	0	0	0.115005	0.113947	0.116063	0.115005	0.113943	0.116067	0.115005	0.113947	0.116063	0.115005	0.113943	0.116067	1	1	12.3131	
27.7224	6	770	11.362	6	110	11.362	6	110	0	0	0	0.119953	0.118762	0.12104	0.119953	0.11876	0.121038	0.119953	0.118762	0.12104	0.119953	0.11876	0.121038	1	1	12.3529	
780.231	6	12167	11.4046	6	126	11.4029	6	126	0	0	0	0.124984	0.124017	0.125737	0.124851	0.123746	0.125737	0.124984	0.124017	0.125737	0.124851	0.123746	0.125737	1	1	12.3939	
