9.76715	4	20	9.76692	4	20	9.7669	4	20	0	0	0	0.00499391	0.00472	0.00529667	0.00499385	0.00472	0.00529667	0.00499391	0.00472	0.00529667	0.00499385	0.00472	0.00529667	1	1	10.7651	
9.766	4	20	9.76538	4	20	9.76534	4	20	0	0	0	0.0100062	0.00967333	0.0105533	0.0100059	0.00967333	0.0105533	0.0100062	0.00967333	0.0105533	0.0100059	0.00967333	0.0105533	1	1	10.7618	
9.76606	4	21	9.76503	4	21	9.76504	4	21	0	0	0	0.0150311	0.0147333	0.0154867	0.0150309	0.0147333	0.01549	0.0150311	0.0147333	0.0154867	0.0150309	0.0147333	0.01549	1	1	10.7594	
9.76293	4	22	9.76151	4	22	9.76156	4	22	0	0	0	0.020063	0.01956	0.0207733	0.0200629	0.01956	0.0207767	0.020063	0.01956	0.0207733	0.0200629	0.01956	0.0207767	1	1	10.7541	
9.76187	4	22	9.76013	4	22	9.76019	4	22	0	0	0	0.0250671	0.0246267	0.02574	0.0250668	0.0246233	0.0257433	0.0250671	0.0246267	0.02574	0.0250668	0.0246233	0.0257433	1	1	10.7507	
9.76333	4	22	9.76117	4	22	9.76121	4	22	0	0	0	0.0300682	0.02952	0.0307533	0.0300679	0.0295233	0.0307567	0.0300682	0.02952	0.0307533	0.0300679	0.0295233	0.0307567	1	1	10.7497	
9.76629	4	22	9.76369	4	22	9.76375	4	22	0	0	0	0.0350706	0.03449	0.03577	0.0350702	0.0344933	0.0357767	0.0350706	0.03449	0.03577	0.0350702	0.0344933	0.0357767	1	1	10.7499	
9.76559	4	22	9.76259	4	22	9.76262	4	22	0	0	0	0.0400941	0.0393233	0.0409733	0.0400936	0.0393267	0.04098	0.0400941	0.0393233	0.0409733	0.0400936	0.0393267	0.04098	1	1	10.7466	
9.76435	4	22	9.76095	4	22	9.76098	4	22	0	0	0	0.0450691	0.0443367	0.0459767	0.0450685	0.04434	0.04597	0.0450691	0.0443367	0.0459767	0.0450685	0.04434	0.04597	1	1	10.7427	
9.76387	4	22	9.75998	4	22	9.76001	4	22	0	0	0	0.050078	0.0492567	0.05102	0.0500775	0.04926	0.0510167	0.050078	0.0492567	0.05102	0.0500775	0.04926	0.0510167	1	1	10.7392	
9.76298	4	22	9.75863	4	22	9.75867	4	22	0	0	0	0.055088	0.0542567	0.05612	0.0550874	0.05426	0.0561167	0.055088	0.0542567	0.05612	0.0550874	0.05426	0.0561167	1	1	10.7352	
9.7636	4	22	9.75873	4	22	9.7588	4	22	0	0	0	0.0600776	0.05914	0.0611567	0.0600772	0.05914	0.0611567	0.0600776	0.05914	0.0611567	0.0600772	0.05914	0.0611567	1	1	10.7324	
9.76663	4	23	9.76125	4	23	9.76131	4	23	0	0	0	0.0651088	0.0642067	0.0661033	0.0651087	0.0642067	0.0661033	0.0651088	0.0642067	0.0661033	0.0651087	0.0642067	0.0661033	1	1	10.732	
9.76812	4	23	9.76218	4	23	9.76223	4	23	0	0	0	0.0700993	0.06919	0.0710567	0.070099	0.0691833	0.0710567	0.0700993	0.06919	0.0710567	0.070099	0.0691833	0.0710567	1	1	10.7299	
9.76771	4	23	9.76122	4	23	9.76129	4	23	0	0	0	0.0750704	0.0741733	0.0760867	0.0750702	0.07417	0.0760867	0.0750704	0.0741733	0.0760867	0.0750702	0.07417	0.0760867	1	1	10.7259	
9.76941	4	23	9.76238	4	23	9.76245	4	23	0	0	0	0.0800622	0.07906	0.0811233	0.0800622	0.0790533	0.0811233	0.0800622	0.07906	0.0811233	0.0800622	0.0790533	0.0811233	1	1	10.7236	
9.76906	4	24	9.76143	4	24	9.7615	4	24	0	0	0	0.0850491	0.0840467	0.08615	0.0850492	0.08404	0.08615	0.0850491	0.0840467	0.08615	0.0850492	0.08404	0.08615	1	1	10.7193	
9.77038	4	25	9.76215	4	25	9.76221	4	25	0	0	0	0.0900403	0.08904	0.0911	0.0900401	0.0890333	0.0911	0.0900403	0.08904	0.0911	0.0900401	0.0890333	0.0911	1	1	10.7165	
9.77155	4	26	9.76269	4	26	9.76273	4	26	0	0	0	0.0950421	0.0939633	0.09615	0.095042	0.0939567	0.09615	0.0950421	0.0939633	0.09615	0.095042	0.0939567	0.09615	1	1	10.7133	
9.77435	4	26	9.76484	4	26	9.7649	4	26	0	0	0	0.100013	0.0988367	0.101037	0.100014	0.09883	0.101037	0.100013	0.0988367	0.101037	0.100014	0.09883	0.101037	1	1	10.7113	
9.77626	4	27	9.76609	4	27	9.76616	4	27	0	0	0	0.105002	0.10396	0.106083	0.105002	0.103953	0.106087	0.105002	0.10396	0.106083	0.105002	0.103953	0.106087	1	1	10.7084	
9.7787	4	27	9.76783	4	27	9.7679	4	27	0	0	0	0.110025	0.108947	0.111093	0.110025	0.10894	0.111097	0.110025	0.108947	0.111093	0.110025	0.10894	0.111097	1	1	10.7056	
9.78106	4	27	9.76951	4	27	9.76957	4	27	0	0	0	0.115005	0.113947	0.116063	0.115005	0.11394	0.116067	0.115005	0.113947	0.116063	0.115005	0.11394	0.116067	1	1	10.7027	
9.78399	4	27	9.77171	4	27	9.77177	4	27	0	0	0	0.119998	0.118917	0.12105	0.119998	0.118913	0.121053	0.119998	0.118917	0.12105	0.119998	0.118913	0.121053	1	1	10.6999	
9.78662	4	27	9.77363	4	27	9.77369	4	27	0	0	0	0.124993	0.123957	0.126023	0.124993	0.123953	0.126023	0.124993	0.123957	0.126023	0.124993	0.123953	0.126023	1	1	10.6967	
9.79067	4	27	9.77689	4	27	9.77695	4	27	0	0	0	0.129989	0.128887	0.130963	0.129989	0.128883	0.130967	0.129989	0.128887	0.130963	0.129989	0.128883	0.130967	1	1	10.6944	
9.79462	4	27	9.78001	4	27	9.78008	4	27	0	0	0	0.134996	0.13394	0.136053	0.134996	0.13394	0.136057	0.134996	0.13394	0.136053	0.134996	0.13394	0.136057	1	1	10.6914	
9.79977	4	27	9.78429	4	27	9.78435	4	27	0	0	0	0.139993	0.13878	0.140917	0.139994	0.13878	0.14092	0.139993	0.13878	0.140917	0.139994	0.13878	0.14092	1	1	10.689	
9.80564	4	28	9.78931	4	28	9.78938	4	28	0	0	0	0.144979	0.143707	0.145863	0.14498	0.143707	0.14586	0.144979	0.143707	0.145863	0.14498	0.143707	0.14586	1	1	10.687	
9.81248	4	28	9.79527	4	28	9.79534	4	28	0	0	0	0.149981	0.148657	0.151093	0.149981	0.148657	0.15109	0.149981	0.148657	0.151093	0.149981	0.148657	0.15109	1	1	10.6854	
9.81949	4	28	9.80129	4	28	9.80136	4	28	0	0	0	0.154962	0.1535	0.156267	0.154962	0.153497	0.156263	0.154962	0.1535	0.156267	0.154962	0.153497	0.156263	1	1	10.6832	
9.82869	4	29	9.80948	4	29	9.80954	4	29	0	0	0	0.159973	0.158617	0.16114	0.159974	0.158617	0.16114	0.159973	0.158617	0.16114	0.159974	0.158617	0.16114	1	1	10.6818	
9.83766	4	29	9.8174	4	29	9.81747	4	29	0	0	0	0.164998	0.16344	0.166243	0.164998	0.16344	0.166247	0.164998	0.16344	0.166243	0.164998	0.16344	0.166247	1	1	10.6799	
9.84674	4	30	9.82534	4	30	9.8254	4	30	0	0	0	0.170007	0.168467	0.171367	0.170008	0.168467	0.171367	0.170007	0.168467	0.171367	0.170008	0.168467	0.171367	1	1	10.677	
9.85834	4	31	9.83591	4	31	9.83597	4	31	0	0	0	0.175015	0.173497	0.17646	0.175015	0.173497	0.176463	0.175015	0.173497	0.17646	0.175015	0.173497	0.176463	1	1	10.6751	
9.87096	4	31	9.8474	4	31	9.84746	4	31	0	0	0	0.180034	0.178407	0.18157	0.180035	0.178407	0.18157	0.180034	0.178407	0.18157	0.180035	0.178407	0.18157	1	1	10.6727	
9.88621	4	31	9.86148	4	31	9.86155	4	31	0	0	0	0.185042	0.183203	0.186423	0.185042	0.1832	0.186423	0.185042	0.183203	0.186423	0.185042	0.1832	0.186423	1	1	10.6705	
9.90372	4	32	9.87777	4	32	9.87783	4	32	0	0	0	0.190052	0.188203	0.191317	0.190053	0.1882	0.191317	0.190052	0.188203	0.191317	0.190053	0.1882	0.191317	1	1	10.6683	
9.92452	4	37	9.89727	4	37	9.89733	4	37	0	0	0	0.195078	0.193557	0.196443	0.195078	0.193553	0.196443	0.195078	0.193557	0.196443	0.195078	0.193553	0.196443	1	1	10.6664	
9.94853	4	37	9.92002	4	37	9.92007	4	37	0	0	0	0.200077	0.19841	0.20126	0.200077	0.198407	0.20126	0.200077	0.19841	0.20126	0.200077	0.198407	0.20126	1	1	10.6645	
9.97781	4	37	9.94796	4	37	9.94801	4	37	0	0	0	0.20508	0.203317	0.206423	0.20508	0.203313	0.20642	0.20508	0.203317	0.206423	0.20508	0.203313	0.20642	1	1	10.6624	
10.0136	4	38	9.9823	4	38	9.98235	4	38	0	0	0	0.210069	0.20816	0.211343	0.210069	0.208157	0.21134	0.210069	0.20816	0.211343	0.210069	0.208157	0.21134	1	1	10.6601	
10.0567	4	45	10.0238	4	45	10.0239	4	45	0	0	0	0.215034	0.2131	0.21641	0.215033	0.213097	0.216407	0.215034	0.2131	0.21641	0.215033	0.213097	0.216407	1	1	10.6578	
10.117	4	47	10.0826	4	47	10.0826	4	47	0	0	0	0.220027	0.217907	0.22134	0.220027	0.217903	0.22135	0.220027	0.217907	0.22134	0.220027	0.217903	0.22135	1	1	10.6558	
10.1998	4	52	10.1638	4	52	10.1638	4	52	0	0	0	0.225021	0.222973	0.226473	0.22502	0.22297	0.22647	0.225021	0.222973	0.226473	0.22502	0.22297	0.22647	1	1	10.6534	
10.3218	4	57	10.284	4	57	10.284	4	57	0	0	0	0.230021	0.22809	0.231733	0.23002	0.228087	0.23174	0.230021	0.22809	0.231733	0.23002	0.228087	0.23174	1	1	10.6513	
10.5168	4	61	10.4772	4	61	10.4773	4	61	0	0	0	0.235028	0.233103	0.23677	0.235027	0.2331	0.236777	0.235028	0.233103	0.23677	0.235027	0.2331	0.236777	1	1	10.6495	
10.9564	4	87	10.915	4	87	10.915	4	87	0	0	0	0.240018	0.238197	0.241943	0.240018	0.238193	0.24195	0.240018	0.238197	0.241943	0.240018	0.238193	0.24195	1	1	10.6476	
12.4055	4	168	12.3622	4	168	12.3634	4	168	0	0	0	0.245008	0.24338	0.246617	0.245008	0.24338	0.246613	0.245008	0.24338	0.246617	0.245008	0.24338	0.246613	1	1	10.6467	
85.877	4	1445	85.8318	4	1445	85.8652	4	1445	0	0	0	0.24997	0.248531	0.251476	0.249948	0.248533	0.251471	0.24997	0.248531	0.251476	0.249948	0.248533	0.251471	1	1	10.6449	
1322.53	4	16479	1322.48	4	16479	1342.04	4	16776	0	0	0	0.25498	0.253557	0.256451	0.254465	0.250921	0.256447	0.25498	0.253557	0.256451	0.254465	0.250921	0.256447	1	1	10.6431	
