9.20788	1	22	9.20781	1	22	9.20803	1	22	0	0	0	0.00499391	0.00472	0.00529667	0.00499406	0.00465333	0.00528667	0.00499391	0.00472	0.00529667	0.00499406	0.00465333	0.00528667	1	1	10.2072	
9.20625	1	23	9.20605	1	23	9.20618	1	23	0	0	0	0.0100062	0.00967333	0.0105533	0.0100061	0.00963	0.01051	0.0100062	0.00967333	0.0105533	0.0100061	0.00963	0.01051	1	1	10.205	
9.22159	1	26	9.22135	1	26	9.2215	1	26	0	0	0	0.0150311	0.0147333	0.0154867	0.0150311	0.01449	0.0156967	0.0150311	0.0147333	0.0154867	0.0150311	0.01449	0.0156967	1	1	10.2197	
9.21447	1	30	9.21416	1	30	9.21437	1	30	0	0	0	0.020063	0.01956	0.0207733	0.0200631	0.01938	0.0207667	0.020063	0.01956	0.0207733	0.0200631	0.01938	0.0207667	1	1	10.2118	
9.2056	1	27	9.20516	1	27	9.20525	1	27	0	0	0	0.0250671	0.0246267	0.02574	0.0250667	0.0243367	0.0257767	0.0250671	0.0246267	0.02574	0.0250667	0.0243367	0.0257767	1	1	10.2023	
9.20746	1	33	9.20698	1	33	9.20714	1	33	0	0	0	0.0300682	0.02952	0.0307533	0.0300683	0.0293567	0.0306933	0.0300682	0.02952	0.0307533	0.0300683	0.0293567	0.0306933	1	1	10.2035	
9.21043	1	28	9.20991	1	28	9.20998	1	28	0	0	0	0.0350706	0.03449	0.03577	0.0350702	0.0342933	0.0360533	0.0350706	0.03449	0.03577	0.0350702	0.0342933	0.0360533	1	1	10.2057	
9.2035	1	28	9.2028	1	28	9.20279	1	28	0	0	0	0.0400941	0.0393233	0.0409733	0.0400936	0.0393867	0.0409467	0.0400941	0.0393233	0.0409733	0.0400936	0.0393867	0.0409467	1	1	10.1979	
9.20844	1	30	9.20768	1	30	9.20779	1	30	0	0	0	0.0450691	0.0443367	0.0459767	0.0450685	0.0442967	0.04594	0.0450691	0.0443367	0.0459767	0.0450685	0.0442967	0.04594	1	1	10.2022	
9.20598	1	33	9.2051	1	33	9.20523	1	33	0	0	0	0.050078	0.0492567	0.05102	0.0500774	0.0493767	0.0508867	0.050078	0.0492567	0.05102	0.0500774	0.0493767	0.0508867	1	1	10.1989	
9.21098	1	35	9.20995	1	35	9.20998	1	35	0	0	0	0.055088	0.0542567	0.05612	0.0550876	0.0541967	0.0560667	0.055088	0.0542567	0.05612	0.0550876	0.0541967	0.0560667	1	1	10.2032	
9.21432	1	32	9.21321	1	32	9.21324	1	32	0	0	0	0.0600776	0.05914	0.0611567	0.0600772	0.0589267	0.06103	0.0600776	0.05914	0.0611567	0.0600772	0.0589267	0.06103	1	1	10.2056	
9.21365	1	30	9.21242	1	30	9.21252	1	30	0	0	0	0.0651088	0.0642067	0.0661033	0.0651089	0.06428	0.0660633	0.0651088	0.0642067	0.0661033	0.0651089	0.06428	0.0660633	1	1	10.2042	
9.21337	1	35	9.21199	1	35	9.21201	1	35	0	0	0	0.0700993	0.06919	0.0710567	0.0700989	0.0690767	0.07117	0.0700993	0.06919	0.0710567	0.0700989	0.0690767	0.07117	1	1	10.2029	
9.21312	1	33	9.2116	1	33	9.21166	1	33	0	0	0	0.0750704	0.0741733	0.0760867	0.0750701	0.07423	0.07616	0.0750704	0.0741733	0.0760867	0.0750701	0.07423	0.07616	1	1	10.2018	
9.2186	1	34	9.21694	1	34	9.21694	1	34	0	0	0	0.0800622	0.07906	0.0811233	0.080062	0.0788167	0.0813667	0.0800622	0.07906	0.0811233	0.080062	0.0788167	0.0813667	1	1	10.2065	
9.21271	1	35	9.21092	1	35	9.21097	1	35	0	0	0	0.0850491	0.0840467	0.08615	0.0850492	0.0838867	0.08631	0.0850491	0.0840467	0.08615	0.0850492	0.0838867	0.08631	1	1	10.2	
9.21701	1	32	9.21501	1	32	9.21504	1	32	0	0	0	0.0900403	0.08904	0.0911	0.0900399	0.0889867	0.0914067	0.0900403	0.08904	0.0911	0.0900399	0.0889867	0.0914067	1	1	10.203	
9.2237	1	37	9.22157	1	37	9.22163	1	37	0	0	0	0.0950421	0.0939633	0.09615	0.0950418	0.09409	0.09594	0.0950421	0.0939633	0.09615	0.0950418	0.09409	0.09594	1	1	10.2089	
9.22239	1	35	9.22012	1	35	9.22018	1	35	0	0	0	0.100013	0.0988367	0.101037	0.100014	0.09855	0.101647	0.100013	0.0988367	0.101037	0.100014	0.09855	0.101647	1	1	10.2065	
9.22408	1	33	9.22151	1	33	9.22161	1	33	0	0	0	0.105002	0.10396	0.106083	0.105002	0.103427	0.106833	0.105002	0.10396	0.106083	0.105002	0.103427	0.106833	1	1	10.2071	
9.22167	1	42	9.21887	1	42	9.21897	1	42	0	0	0	0.110025	0.108947	0.111093	0.110025	0.109143	0.111327	0.110025	0.108947	0.111093	0.110025	0.109143	0.111327	1	1	10.2037	
9.22915	1	34	9.22617	1	34	9.22627	1	34	0	0	0	0.115005	0.113947	0.116063	0.115005	0.113457	0.11667	0.115005	0.113947	0.116063	0.115005	0.113457	0.11667	1	1	10.2102	
9.22826	1	33	9.22492	1	33	9.22498	1	33	0	0	0	0.119998	0.118917	0.12105	0.119998	0.118137	0.121237	0.119998	0.118917	0.12105	0.119998	0.118137	0.121237	1	1	10.2081	
9.22841	1	36	9.22494	1	36	9.22501	1	36	0	0	0	0.124993	0.123957	0.126023	0.124993	0.123847	0.126633	0.124993	0.123957	0.126023	0.124993	0.123847	0.126633	1	1	10.2072	
9.23293	1	36	9.22923	1	36	9.22927	1	36	0	0	0	0.129989	0.128887	0.130963	0.129989	0.128527	0.13128	0.129989	0.128887	0.130963	0.129989	0.128527	0.13128	1	1	10.2107	
9.23967	1	36	9.23572	1	36	9.2358	1	36	0	0	0	0.134996	0.13394	0.136053	0.134996	0.133367	0.136623	0.134996	0.13394	0.136053	0.134996	0.133367	0.136623	1	1	10.2162	
9.23962	1	37	9.23528	1	37	9.23536	1	37	0	0	0	0.139993	0.13878	0.140917	0.139994	0.138793	0.141253	0.139993	0.13878	0.140917	0.139994	0.138793	0.141253	1	1	10.2148	
9.24925	1	33	9.24467	1	33	9.24471	1	33	0	0	0	0.144979	0.143707	0.145863	0.14498	0.143813	0.146623	0.144979	0.143707	0.145863	0.14498	0.143813	0.146623	1	1	10.2234	
9.24705	1	39	9.24214	1	39	9.24223	1	39	0	0	0	0.149981	0.148657	0.151093	0.149981	0.148263	0.15172	0.149981	0.148657	0.151093	0.149981	0.148263	0.15172	1	1	10.2199	
9.24752	1	39	9.24236	1	39	9.24246	1	39	0	0	0	0.154962	0.1535	0.156267	0.154963	0.153623	0.156423	0.154962	0.1535	0.156267	0.154963	0.153623	0.156423	1	1	10.2192	
9.24907	1	37	9.24349	1	37	9.24355	1	37	0	0	0	0.159973	0.158617	0.16114	0.159974	0.158337	0.16146	0.159973	0.158617	0.16114	0.159974	0.158337	0.16146	1	1	10.2194	
9.24902	1	37	9.24319	1	37	9.24324	1	37	0	0	0	0.164998	0.16344	0.166243	0.164998	0.163463	0.166993	0.164998	0.16344	0.166243	0.164998	0.163463	0.166993	1	1	10.2181	
9.25861	1	37	9.25238	1	37	9.25245	1	37	0	0	0	0.170007	0.168467	0.171367	0.170009	0.16796	0.171683	0.170007	0.168467	0.171367	0.170009	0.16796	0.171683	1	1	10.2263	
9.258	1	38	9.25124	1	38	9.25132	1	38	0	0	0	0.175015	0.173497	0.17646	0.175015	0.17369	0.176717	0.175015	0.173497	0.17646	0.175015	0.17369	0.176717	1	1	10.2241	
9.26248	1	39	9.25534	1	39	9.25537	1	39	0	0	0	0.180034	0.178407	0.18157	0.180035	0.178173	0.181643	0.180034	0.178407	0.18157	0.180035	0.178173	0.181643	1	1	10.2275	
9.26705	1	41	9.2596	1	41	9.25965	1	41	0	0	0	0.185042	0.183203	0.186423	0.185043	0.182887	0.18677	0.185042	0.183203	0.186423	0.185043	0.182887	0.18677	1	1	10.2303	
9.27236	1	41	9.26447	1	41	9.26453	1	41	0	0	0	0.190052	0.188203	0.191317	0.190053	0.18822	0.192553	0.190052	0.188203	0.191317	0.190053	0.18822	0.192553	1	1	10.2344	
9.27827	1	40	9.26982	1	40	9.2699	1	40	0	0	0	0.195078	0.193557	0.196443	0.195078	0.192237	0.197207	0.195078	0.193557	0.196443	0.195078	0.192237	0.197207	1	1	10.2389	
9.27931	1	39	9.27033	1	39	9.27039	1	39	0	0	0	0.200077	0.19841	0.20126	0.200078	0.197573	0.201897	0.200077	0.19841	0.20126	0.200078	0.197573	0.201897	1	1	10.2383	
9.28355	1	40	9.27399	1	40	9.27408	1	40	0	0	0	0.20508	0.203317	0.206423	0.205081	0.201753	0.206977	0.20508	0.203317	0.206423	0.205081	0.201753	0.206977	1	1	10.2408	
9.28941	1	39	9.27931	1	39	9.27941	1	39	0	0	0	0.210069	0.20816	0.211343	0.21007	0.20861	0.211693	0.210069	0.20816	0.211343	0.21007	0.20861	0.211693	1	1	10.2447	
9.29262	1	41	9.28207	1	41	9.28212	1	41	0	0	0	0.215034	0.2131	0.21641	0.215034	0.21306	0.21699	0.215034	0.2131	0.21641	0.215034	0.21306	0.21699	1	1	10.2466	
9.29504	1	42	9.28396	1	42	9.28402	1	42	0	0	0	0.220027	0.217907	0.22134	0.220027	0.21816	0.2226	0.220027	0.217907	0.22134	0.220027	0.21816	0.2226	1	1	10.2476	
9.30482	1	40	9.29286	1	40	9.29291	1	40	0	0	0	0.225021	0.222973	0.226473	0.22502	0.222273	0.226743	0.225021	0.222973	0.226473	0.22502	0.222273	0.226743	1	1	10.2553	
9.30683	1	41	9.29427	1	41	9.29431	1	41	0	0	0	0.230021	0.22809	0.231733	0.230021	0.228093	0.231753	0.230021	0.22809	0.231733	0.230021	0.228093	0.231753	1	1	10.2554	
9.31146	1	40	9.29836	1	40	9.29843	1	40	0	0	0	0.235028	0.233103	0.23677	0.235028	0.23333	0.236687	0.235028	0.233103	0.23677	0.235028	0.23333	0.236687	1	1	10.2583	
9.31758	1	39	9.30379	1	39	9.30387	1	39	0	0	0	0.240018	0.238197	0.241943	0.240018	0.237453	0.24169	0.240018	0.238197	0.241943	0.240018	0.237453	0.24169	1	1	10.2625	
9.32507	1	41	9.31031	1	41	9.31039	1	41	0	0	0	0.245024	0.242773	0.24693	0.245024	0.243013	0.24705	0.245024	0.242773	0.24693	0.245024	0.243013	0.24705	1	1	10.2679	
9.32906	1	44	9.31366	1	44	9.31375	1	44	0	0	0	0.250034	0.247733	0.252193	0.250034	0.247003	0.252027	0.250034	0.247733	0.252193	0.250034	0.247003	0.252027	1	1	10.27	
9.33441	1	40	9.31835	1	40	9.31843	1	40	0	0	0	0.255015	0.25275	0.257127	0.255015	0.251803	0.256753	0.255015	0.25275	0.257127	0.255015	0.251803	0.256753	1	1	10.2734	
9.3392	1	41	9.3222	1	41	9.32229	1	41	0	0	0	0.260024	0.257637	0.262147	0.260025	0.257487	0.262143	0.260024	0.257637	0.262147	0.260025	0.257487	0.262143	1	1	10.2762	
9.34752	1	40	9.32961	1	40	9.32971	1	40	0	0	0	0.265017	0.262427	0.26717	0.265018	0.262417	0.267737	0.265017	0.262427	0.26717	0.265018	0.262417	0.267737	1	1	10.2824	
9.35366	1	45	9.33482	1	45	9.33494	1	45	0	0	0	0.270019	0.26732	0.27215	0.270019	0.267717	0.272243	0.270019	0.26732	0.27215	0.270019	0.267717	0.272243	1	1	10.286	
9.36005	1	41	9.3401	1	41	9.34018	1	41	0	0	0	0.275021	0.272227	0.277133	0.27502	0.273277	0.277067	0.275021	0.272227	0.277133	0.27502	0.273277	0.277067	1	1	10.2899	
9.36477	1	44	9.34408	1	44	9.34415	1	44	0	0	0	0.280024	0.27711	0.28227	0.280023	0.277847	0.283007	0.280024	0.27711	0.28227	0.280023	0.277847	0.283007	1	1	10.2926	
9.37574	1	44	9.35382	1	44	9.35389	1	44	0	0	0	0.284984	0.28202	0.2873	0.284985	0.282827	0.287593	0.284984	0.28202	0.2873	0.284985	0.282827	0.287593	1	1	10.3007	
9.38267	1	41	9.35975	1	41	9.35979	1	41	0	0	0	0.290004	0.28696	0.292427	0.290004	0.28712	0.293023	0.290004	0.28696	0.292427	0.290004	0.28712	0.293023	1	1	10.3057	
9.38742	1	41	9.36363	1	41	9.36371	1	41	0	0	0	0.295023	0.291793	0.297347	0.295022	0.292403	0.297477	0.295023	0.291793	0.297347	0.295022	0.292403	0.297477	1	1	10.308	
9.3947	1	42	9.36961	1	42	9.36968	1	42	0	0	0	0.300015	0.296733	0.302347	0.300015	0.297197	0.30338	0.300015	0.296733	0.302347	0.300015	0.297197	0.30338	1	1	10.3123	
9.40018	1	41	9.37379	1	41	9.37386	1	41	0	0	0	0.30501	0.301723	0.30717	0.30501	0.303003	0.306817	0.30501	0.301723	0.30717	0.30501	0.303003	0.306817	1	1	10.3152	
9.40928	1	46	9.38165	1	46	9.38176	1	46	0	0	0	0.310018	0.306597	0.3122	0.310018	0.307553	0.311933	0.310018	0.306597	0.3122	0.310018	0.307553	0.311933	1	1	10.3214	
9.42108	1	43	9.39194	1	43	9.39201	1	43	0	0	0	0.314986	0.311583	0.31721	0.314986	0.312883	0.317897	0.314986	0.311583	0.31721	0.314986	0.312883	0.317897	1	1	10.3301	
9.42444	1	56	9.39411	1	56	9.39414	1	56	0	0	0	0.319994	0.316567	0.322197	0.319995	0.318043	0.322923	0.319994	0.316567	0.322197	0.319995	0.318043	0.322923	1	1	10.3312	
9.4307	1	42	9.39899	1	42	9.3991	1	42	0	0	0	0.325005	0.321523	0.327163	0.325005	0.323033	0.326883	0.325005	0.321523	0.327163	0.325005	0.323033	0.326883	1	1	10.3336	
9.44005	1	43	9.40679	1	43	9.40684	1	43	0	0	0	0.329995	0.326493	0.332253	0.329997	0.32735	0.33275	0.329995	0.326493	0.332253	0.329997	0.32735	0.33275	1	1	10.3404	
9.44893	1	42	9.41395	1	42	9.41404	1	42	0	0	0	0.334995	0.331413	0.337203	0.334996	0.331357	0.33761	0.334995	0.331413	0.337203	0.334996	0.331357	0.33761	1	1	10.3455	
9.45648	1	43	9.41991	1	43	9.41995	1	43	0	0	0	0.340001	0.336503	0.34213	0.340001	0.337777	0.34257	0.340001	0.336503	0.34213	0.340001	0.337777	0.34257	1	1	10.3502	
9.47128	1	43	9.43292	1	43	9.433	1	43	0	0	0	0.344977	0.34145	0.347093	0.344978	0.342547	0.347043	0.344977	0.34145	0.347093	0.344978	0.342547	0.347043	1	1	10.3612	
9.47783	1	45	9.43749	1	45	9.43756	1	45	0	0	0	0.349965	0.34621	0.35204	0.349965	0.347383	0.352287	0.349965	0.34621	0.35204	0.349965	0.347383	0.352287	1	1	10.3639	
9.48397	1	53	9.44194	1	53	9.44203	1	53	0	0	0	0.354962	0.351113	0.35706	0.354963	0.352133	0.357367	0.354962	0.351113	0.35706	0.354963	0.352133	0.357367	1	1	10.3673	
9.49542	1	43	9.45159	1	43	9.45165	1	43	0	0	0	0.359946	0.356217	0.362117	0.359947	0.357097	0.361873	0.359946	0.356217	0.362117	0.359947	0.357097	0.361873	1	1	10.3745	
9.50434	1	43	9.45829	1	43	9.45838	1	43	0	0	0	0.364961	0.361297	0.367087	0.364962	0.362517	0.367237	0.364961	0.361297	0.367087	0.364962	0.362517	0.367237	1	1	10.3794	
9.51562	1	49	9.46756	1	49	9.46761	1	49	0	0	0	0.369962	0.36614	0.37218	0.369962	0.367757	0.37242	0.369962	0.36614	0.37218	0.369962	0.367757	0.37242	1	1	10.3868	
9.52507	1	44	9.47451	1	44	9.47457	1	44	0	0	0	0.374957	0.371073	0.37707	0.374957	0.372443	0.377403	0.374957	0.371073	0.37707	0.374957	0.372443	0.377403	1	1	10.3923	
9.53694	1	46	9.48449	1	46	9.48458	1	46	0	0	0	0.379938	0.37607	0.382213	0.379938	0.37745	0.382213	0.379938	0.37607	0.382213	0.379938	0.37745	0.382213	1	1	10.3998	
9.54781	1	51	9.4924	1	51	9.49249	1	51	0	0	0	0.384944	0.381013	0.387093	0.384945	0.381557	0.387357	0.384944	0.381013	0.387093	0.384945	0.381557	0.387357	1	1	10.4055	
9.55711	1	51	9.49923	1	51	9.49932	1	51	0	0	0	0.389928	0.385823	0.39206	0.389928	0.387913	0.392163	0.389928	0.385823	0.39206	0.389928	0.387913	0.392163	1	1	10.4108	
9.56887	1	48	9.50809	1	48	9.50816	1	48	0	0	0	0.394923	0.390957	0.39708	0.394924	0.392517	0.39724	0.394923	0.390957	0.39708	0.394924	0.392517	0.39724	1	1	10.4177	
9.57905	1	55	9.51587	1	55	9.51599	1	55	0	0	0	0.399943	0.395987	0.40203	0.399944	0.397073	0.402893	0.399943	0.395987	0.40203	0.399944	0.397073	0.402893	1	1	10.4229	
9.59294	1	46	9.52645	1	46	9.52654	1	46	0	0	0	0.404934	0.400923	0.407463	0.404934	0.40235	0.407443	0.404934	0.400923	0.407463	0.404934	0.40235	0.407443	1	1	10.4315	
9.60526	1	51	9.53586	1	51	9.53593	1	51	0	0	0	0.409933	0.406057	0.412473	0.409935	0.40779	0.412313	0.409933	0.406057	0.412473	0.409935	0.40779	0.412313	1	1	10.4383	
9.61878	1	49	9.54578	1	49	9.54588	1	49	0	0	0	0.414948	0.410933	0.41741	0.414947	0.41264	0.417863	0.414948	0.410933	0.41741	0.414947	0.41264	0.417863	1	1	10.4457	
9.63015	1	59	9.55422	1	59	9.55431	1	59	0	0	0	0.419968	0.415927	0.422297	0.419968	0.41735	0.422173	0.419968	0.415927	0.422297	0.419968	0.41735	0.422173	1	1	10.4514	
9.64252	1	50	9.56217	1	50	9.56225	1	50	0	0	0	0.424933	0.420963	0.427083	0.424933	0.421707	0.427897	0.424933	0.420963	0.427083	0.424933	0.421707	0.427897	1	1	10.4574	
9.6599	1	50	9.57649	1	50	9.57656	1	50	0	0	0	0.429919	0.42584	0.43224	0.429918	0.427237	0.432507	0.429919	0.42584	0.43224	0.429918	0.427237	0.432507	1	1	10.4694	
9.67017	1	61	9.58206	1	61	9.58209	1	61	0	0	0	0.4349	0.430777	0.437183	0.434899	0.432153	0.43705	0.4349	0.430777	0.437183	0.434899	0.432153	0.43705	1	1	10.4723	
9.68538	1	54	9.5935	1	54	9.59358	1	54	0	0	0	0.439918	0.435807	0.442153	0.439918	0.437337	0.4428	0.439918	0.435807	0.442153	0.439918	0.437337	0.4428	1	1	10.4808	
9.70044	1	52	9.60368	1	51	9.60378	1	51	0	0	0	0.444945	0.440747	0.447317	0.444944	0.44266	0.447777	0.444945	0.440747	0.447317	0.444944	0.44266	0.447777	1	1	10.4889	
9.71595	1	51	9.6147	1	51	9.61477	1	51	0	0	0	0.449951	0.445773	0.452347	0.44995	0.447977	0.452887	0.449951	0.445773	0.452347	0.44995	0.447977	0.452887	1	1	10.4972	
9.73326	1	49	9.62679	1	49	9.6269	1	49	0	0	0	0.454952	0.45091	0.45769	0.454951	0.452573	0.457137	0.454952	0.45091	0.45769	0.454951	0.452573	0.457137	1	1	10.5057	
9.74654	1	58	9.63527	1	58	9.63536	1	58	0	0	0	0.459963	0.455857	0.462693	0.459961	0.456133	0.462603	0.459963	0.455857	0.462693	0.459961	0.456133	0.462603	1	1	10.5121	
9.76459	1	52	9.64783	1	52	9.64792	1	52	0	0	0	0.464999	0.46081	0.467627	0.464998	0.461807	0.4681	0.464999	0.46081	0.467627	0.464998	0.461807	0.4681	1	1	10.5215	
9.78406	1	52	9.66053	1	52	9.66065	1	52	0	0	0	0.470001	0.46574	0.4725	0.470001	0.46677	0.473373	0.470001	0.46574	0.4725	0.470001	0.46677	0.473373	1	1	10.5315	
9.80098	1	50	9.67174	1	50	9.67184	1	50	0	0	0	0.47498	0.4707	0.477357	0.474979	0.471617	0.47756	0.47498	0.4707	0.477357	0.474979	0.471617	0.47756	1	1	10.5389	
9.81932	1	67	9.68292	1	67	9.683	1	67	0	0	0	0.479986	0.475563	0.48226	0.479986	0.47772	0.482533	0.479986	0.475563	0.48226	0.479986	0.47772	0.482533	1	1	10.5463	
9.83868	1	47	9.69513	1	47	9.6952	1	47	0	0	0	0.484968	0.480527	0.48739	0.484967	0.48208	0.487613	0.484968	0.480527	0.48739	0.484967	0.48208	0.487613	1	1	10.5564	
9.85643	1	62	9.70627	1	62	9.70631	1	62	0	0	0	0.489984	0.4858	0.49218	0.489983	0.487327	0.492597	0.489984	0.4858	0.49218	0.489983	0.487327	0.492597	1	1	10.5643	
9.88029	1	58	9.72117	1	58	9.72125	1	58	0	0	0	0.495004	0.49079	0.497313	0.495004	0.49172	0.49854	0.495004	0.49079	0.497313	0.495004	0.49172	0.49854	1	1	10.5746	
9.89955	1	61	9.73184	1	61	9.73193	1	61	0	0	0	0.5	0.495827	0.502247	0.5	0.497517	0.50209	0.5	0.495827	0.502247	0.5	0.497517	0.50209	1	1	10.5817	
9.92242	1	61	9.74537	1	61	9.74541	1	61	0	0	0	0.505012	0.500743	0.507327	0.505012	0.502383	0.50859	0.505012	0.500743	0.507327	0.505012	0.502383	0.50859	1	1	10.5916	
9.94506	1	56	9.75742	1	56	9.75749	1	56	0	0	0	0.510001	0.505623	0.51228	0.51	0.50777	0.51239	0.510001	0.505623	0.51228	0.51	0.50777	0.51239	1	1	10.5999	
9.96922	1	69	9.77019	1	69	9.77026	1	69	0	0	0	0.515003	0.510713	0.517367	0.515002	0.51248	0.518387	0.515003	0.510713	0.517367	0.515002	0.51248	0.518387	1	1	10.6095	
9.99429	1	53	9.78442	1	53	9.78452	1	53	0	0	0	0.519992	0.515693	0.52247	0.519991	0.5176	0.52297	0.519992	0.515693	0.52247	0.519991	0.5176	0.52297	1	1	10.6194	
10.0225	1	73	9.80124	1	73	9.80133	1	73	0	0	0	0.524983	0.520763	0.527543	0.524983	0.522493	0.52743	0.524983	0.520763	0.527543	0.524983	0.522493	0.52743	1	1	10.6312	
10.0515	1	62	9.81424	1	62	9.81435	1	62	0	0	0	0.530007	0.525883	0.53272	0.530006	0.526487	0.533037	0.530007	0.525883	0.53272	0.530006	0.526487	0.533037	1	1	10.6393	
10.0808	1	69	9.82901	1	69	9.8291	1	69	0	0	0	0.535012	0.53083	0.537613	0.535012	0.531783	0.538163	0.535012	0.53083	0.537613	0.535012	0.531783	0.538163	1	1	10.6505	
10.1099	1	65	9.84055	1	65	9.84061	1	65	0	0	0	0.540039	0.5359	0.542677	0.540038	0.5372	0.542587	0.540039	0.5359	0.542677	0.540038	0.5372	0.542587	1	1	10.6577	
10.1427	1	66	9.85563	1	66	9.85572	1	66	0	0	0	0.545036	0.54088	0.547587	0.545036	0.54245	0.548437	0.545036	0.54088	0.547587	0.545036	0.54245	0.548437	1	1	10.6674	
10.1837	1	63	9.87476	1	63	9.87484	1	63	0	0	0	0.550021	0.54579	0.552727	0.55002	0.547043	0.554093	0.550021	0.54579	0.552727	0.55002	0.547043	0.554093	1	1	10.6809	
10.2161	1	69	9.88834	1	68	9.88841	1	68	0	0	0	0.555002	0.550523	0.557777	0.555002	0.55165	0.55788	0.555002	0.550523	0.557777	0.555002	0.55165	0.55788	1	1	10.6909	
10.2583	1	84	9.90335	1	83	9.90341	1	83	0	0	0	0.560012	0.555857	0.56275	0.560012	0.55736	0.563877	0.560012	0.555857	0.56275	0.560012	0.55736	0.563877	1	1	10.6998	
10.3036	1	84	9.92106	1	84	9.92115	1	84	0	0	0	0.565034	0.560913	0.56781	0.565032	0.562227	0.568147	0.565034	0.560913	0.56781	0.565032	0.562227	0.568147	1	1	10.7109	
10.3531	1	84	9.93781	1	71	9.93791	1	71	0	0	0	0.570039	0.566027	0.572807	0.570038	0.566303	0.57275	0.570039	0.566027	0.572807	0.570038	0.566303	0.57275	1	1	10.7223	
10.4081	1	79	9.95552	1	67	9.95563	1	67	0	0	0	0.575031	0.57091	0.57767	0.575031	0.572187	0.57879	0.575031	0.57091	0.57767	0.575031	0.572187	0.57879	1	1	10.7334	
10.4727	1	78	9.97346	1	72	9.9735	1	72	0	0	0	0.580058	0.575917	0.582753	0.580059	0.576453	0.582853	0.580058	0.575917	0.582753	0.580059	0.576453	0.582853	1	1	10.7454	
10.5477	1	90	9.99162	1	73	9.99174	1	73	0	0	0	0.585059	0.581083	0.587723	0.585062	0.58133	0.588947	0.585059	0.581083	0.587723	0.585062	0.58133	0.588947	1	1	10.7558	
10.6302	1	101	10.0133	1	75	10.0134	1	75	0	0	0	0.590056	0.58606	0.59262	0.590055	0.587283	0.592517	0.590056	0.58606	0.59262	0.590055	0.587283	0.592517	1	1	10.7695	
10.7353	1	106	10.0321	1	78	10.0322	1	78	0	0	0	0.59505	0.591137	0.5976	0.595052	0.5911	0.599413	0.59505	0.591137	0.5976	0.595052	0.5911	0.599413	1	1	10.783	
10.8477	1	132	10.0482	1	75	10.0483	1	75	0	0	0	0.600046	0.596187	0.602547	0.600046	0.596693	0.603143	0.600046	0.596187	0.602547	0.600046	0.596693	0.603143	1	1	10.7921	
11.0322	1	193	10.0693	1	76	10.0693	1	76	0	0	0	0.605056	0.601253	0.60742	0.605054	0.602993	0.608797	0.605056	0.601253	0.60742	0.605054	0.602993	0.608797	1	1	10.8051	
11.2959	1	226	10.0918	1	77	10.0919	1	77	0	0	0	0.610057	0.606133	0.612123	0.610057	0.607433	0.612607	0.610057	0.606133	0.612123	0.610057	0.607433	0.612607	1	1	10.8183	
11.9357	1	362	10.1118	1	78	10.1119	1	78	0	0	0	0.615068	0.61134	0.617157	0.615069	0.61228	0.618573	0.615068	0.61134	0.617157	0.615069	0.61228	0.618573	1	1	10.8297	
16.953	1	1158	10.1388	1	82	10.1388	1	82	0	0	0	0.620029	0.618477	0.621754	0.620027	0.617834	0.622383	0.620029	0.618477	0.621754	0.620027	0.617834	0.622383	1	1	10.8465	
232.775	1	21042	10.1619	1	74	10.1616	1	79	0	0	0	0.625025	0.623449	0.626701	0.624827	0.62265	0.62653	0.625025	0.623449	0.626701	0.624827	0.62265	0.62653	1	1	10.8598	
