8.05918	1	24	8.05883	1	24	8.05884	1	24	0	0	0	0.00499391	0.00472	0.00529667	0.00499401	0.00472	0.00524667	0.00499391	0.00472	0.00529667	0.00499401	0.00472	0.00524667	1	1	9.05852	
8.05503	1	25	8.05438	1	25	8.05429	1	25	0	0	0	0.0100062	0.00967333	0.0105533	0.010006	0.0096	0.01031	0.0100062	0.00967333	0.0105533	0.010006	0.0096	0.01031	1	1	9.05396	
8.05236	1	22	8.05127	1	22	8.05135	1	22	0	0	0	0.0150311	0.0147333	0.0154867	0.0150311	0.0146367	0.0154467	0.0150311	0.0147333	0.0154867	0.0150311	0.0146367	0.0154467	1	1	9.05049	
8.03586	1	28	8.03452	1	28	8.03455	1	28	0	0	0	0.020063	0.01956	0.0207733	0.0200629	0.0194933	0.0205167	0.020063	0.01956	0.0207733	0.0200629	0.0194933	0.0205167	1	1	9.03356	
8.04299	1	25	8.04116	1	25	8.04131	1	25	0	0	0	0.0250671	0.0246267	0.02574	0.0250669	0.0244367	0.0255833	0.0250671	0.0246267	0.02574	0.0250669	0.0244367	0.0255833	1	1	9.03982	
8.03361	1	26	8.03143	1	26	8.03153	1	26	0	0	0	0.0300682	0.02952	0.0307533	0.0300681	0.0291667	0.03084	0.0300682	0.02952	0.0307533	0.0300681	0.0291667	0.03084	1	1	9.02987	
8.01993	1	28	8.01717	1	28	8.01718	1	28	0	0	0	0.0350706	0.03449	0.03577	0.0350703	0.0343067	0.0357933	0.0350706	0.03449	0.03577	0.0350703	0.0343067	0.0357933	1	1	9.01536	
8.03453	1	27	8.03143	1	27	8.03155	1	27	0	0	0	0.0400941	0.0393233	0.0409733	0.0400936	0.0394	0.0410533	0.0400941	0.0393233	0.0409733	0.0400936	0.0394	0.0410533	1	1	9.02942	
8.02724	1	32	8.02359	1	32	8.02366	1	32	0	0	0	0.0450691	0.0443367	0.0459767	0.0450685	0.0441433	0.04607	0.0450691	0.0443367	0.0459767	0.0450685	0.0441433	0.04607	1	1	9.02125	
8.02765	1	31	8.02333	1	31	8.02341	1	31	0	0	0	0.050078	0.0492567	0.05102	0.0500774	0.0489633	0.05136	0.050078	0.0492567	0.05102	0.0500774	0.0489633	0.05136	1	1	9.02074	
8.0233	1	28	8.01844	1	28	8.01855	1	28	0	0	0	0.055088	0.0542567	0.05612	0.0550872	0.05379	0.0559233	0.055088	0.0542567	0.05612	0.0550872	0.05379	0.0559233	1	1	9.01564	
8.02261	1	28	8.01721	1	28	8.01728	1	28	0	0	0	0.0600776	0.05914	0.0611567	0.0600774	0.0592767	0.0609467	0.0600776	0.05914	0.0611567	0.0600774	0.0592767	0.0609467	1	1	9.01405	
8.02081	1	30	8.01496	1	30	8.01509	1	30	0	0	0	0.0651088	0.0642067	0.0661033	0.065109	0.0637033	0.0663033	0.0651088	0.0642067	0.0661033	0.065109	0.0637033	0.0663033	1	1	9.01168	
8.01356	1	28	8.00704	1	28	8.0071	1	28	0	0	0	0.0700993	0.06919	0.0710567	0.0700992	0.0691467	0.0714033	0.0700993	0.06919	0.0710567	0.0700992	0.0691467	0.0714033	1	1	9.0034	
8.00435	1	29	7.99723	1	29	7.99728	1	29	0	0	0	0.0750704	0.0741733	0.0760867	0.0750699	0.0736733	0.07626	0.0750704	0.0741733	0.0760867	0.0750699	0.0736733	0.07626	1	1	8.99319	
8.01291	1	29	8.00517	1	29	8.00528	1	29	0	0	0	0.0800622	0.07906	0.0811233	0.0800618	0.0790433	0.0812	0.0800622	0.07906	0.0811233	0.0800618	0.0790433	0.0812	1	1	9.00087	
8.01105	1	30	8.00245	1	30	8.00252	1	30	0	0	0	0.0850491	0.0840467	0.08615	0.0850491	0.0832167	0.0863867	0.0850491	0.0840467	0.08615	0.0850491	0.0832167	0.0863867	1	1	8.99781	
8.00631	1	31	7.99721	1	31	7.99731	1	31	0	0	0	0.0900403	0.08904	0.0911	0.0900399	0.08826	0.09168	0.0900403	0.08904	0.0911	0.0900399	0.08826	0.09168	1	1	8.99244	
8.00678	1	28	7.99684	1	28	7.99695	1	28	0	0	0	0.0950421	0.0939633	0.09615	0.0950422	0.0931733	0.09621	0.0950421	0.0939633	0.09615	0.0950422	0.0931733	0.09621	1	1	8.99175	
8.00244	1	33	7.99181	1	33	7.99184	1	33	0	0	0	0.100013	0.0988367	0.101037	0.100013	0.0984067	0.101573	0.100013	0.0988367	0.101037	0.100013	0.0984067	0.101573	1	1	8.98629	
8.00322	1	33	7.99156	1	33	7.99168	1	33	0	0	0	0.105002	0.10396	0.106083	0.105002	0.10377	0.106223	0.105002	0.10396	0.106083	0.105002	0.10377	0.106223	1	1	8.9859	
8.00269	1	36	7.99044	1	36	7.99054	1	36	0	0	0	0.110025	0.108947	0.111093	0.110025	0.108903	0.11113	0.110025	0.108947	0.111093	0.110025	0.108903	0.11113	1	1	8.98435	
8.00838	1	36	7.99538	1	36	7.9955	1	36	0	0	0	0.115005	0.113947	0.116063	0.115005	0.113333	0.11632	0.115005	0.113947	0.116063	0.115005	0.113333	0.11632	1	1	8.98899	
8.00655	1	30	7.99249	1	30	7.99253	1	30	0	0	0	0.119998	0.118917	0.12105	0.119998	0.11857	0.121523	0.119998	0.118917	0.12105	0.119998	0.11857	0.121523	1	1	8.98594	
8.00824	1	34	7.99318	1	34	7.99325	1	34	0	0	0	0.124993	0.123957	0.126023	0.124993	0.123503	0.126233	0.124993	0.123957	0.126023	0.124993	0.123503	0.126233	1	1	8.98612	
8.00627	1	32	7.99047	1	32	7.99049	1	32	0	0	0	0.129989	0.128887	0.130963	0.129989	0.12839	0.13112	0.129989	0.128887	0.130963	0.129989	0.12839	0.13112	1	1	8.98312	
7.99914	1	37	7.98222	1	37	7.98229	1	37	0	0	0	0.134996	0.13394	0.136053	0.134996	0.133147	0.136907	0.134996	0.13394	0.136053	0.134996	0.133147	0.136907	1	1	8.97452	
8.00799	1	35	7.98997	1	35	7.99005	1	35	0	0	0	0.139993	0.13878	0.140917	0.139993	0.138077	0.141723	0.139993	0.13878	0.140917	0.139993	0.138077	0.141723	1	1	8.98188	
8.00677	1	42	7.98762	1	42	7.9877	1	42	0	0	0	0.144979	0.143707	0.145863	0.14498	0.14296	0.146677	0.144979	0.143707	0.145863	0.14498	0.14296	0.146677	1	1	8.97928	
8.00549	1	35	7.98557	1	35	7.98564	1	35	0	0	0	0.149981	0.148657	0.151093	0.149981	0.148527	0.151507	0.149981	0.148657	0.151093	0.149981	0.148527	0.151507	1	1	8.97678	
8.01259	1	34	7.99133	1	34	7.99141	1	34	0	0	0	0.154962	0.1535	0.156267	0.154963	0.15376	0.15669	0.154962	0.1535	0.156267	0.154963	0.15376	0.15669	1	1	8.98213	
8.01096	1	34	7.98903	1	34	7.9891	1	34	0	0	0	0.159973	0.158617	0.16114	0.159974	0.15738	0.161553	0.159973	0.158617	0.16114	0.159974	0.15738	0.161553	1	1	8.97954	
8.01476	1	39	7.99109	1	39	7.99115	1	39	0	0	0	0.164998	0.16344	0.166243	0.164998	0.16345	0.166563	0.164998	0.16344	0.166243	0.164998	0.16345	0.166563	1	1	8.98127	
8.01532	1	35	7.99028	1	35	7.99036	1	35	0	0	0	0.170007	0.168467	0.171367	0.170008	0.16839	0.171873	0.170007	0.168467	0.171367	0.170008	0.16839	0.171873	1	1	8.98007	
8.01924	1	36	7.99314	1	36	7.99324	1	36	0	0	0	0.175015	0.173497	0.17646	0.175015	0.172917	0.176657	0.175015	0.173497	0.17646	0.175015	0.172917	0.176657	1	1	8.98268	
8.01757	1	36	7.99009	1	36	7.99015	1	36	0	0	0	0.180034	0.178407	0.18157	0.180035	0.178193	0.18189	0.180034	0.178407	0.18157	0.180035	0.178193	0.18189	1	1	8.97918	
8.01844	1	36	7.9896	1	36	7.98968	1	36	0	0	0	0.185042	0.183203	0.186423	0.185042	0.18337	0.187337	0.185042	0.183203	0.186423	0.185042	0.18337	0.187337	1	1	8.97831	
8.02303	1	37	7.99278	1	37	7.99288	1	37	0	0	0	0.190052	0.188203	0.191317	0.190053	0.18822	0.192053	0.190052	0.188203	0.191317	0.190053	0.18822	0.192053	1	1	8.98108	
8.02877	1	40	7.99653	1	40	7.99662	1	40	0	0	0	0.195078	0.193557	0.196443	0.195078	0.193563	0.197107	0.195078	0.193557	0.196443	0.195078	0.193563	0.197107	1	1	8.98457	
8.02916	1	41	7.99561	1	41	7.99566	1	41	0	0	0	0.200077	0.19841	0.20126	0.200076	0.198443	0.201873	0.200077	0.19841	0.20126	0.200076	0.198443	0.201873	1	1	8.98333	
8.03528	1	37	8.00031	1	37	8.00043	1	37	0	0	0	0.20508	0.203317	0.206423	0.205081	0.203273	0.206967	0.20508	0.203317	0.206423	0.205081	0.203273	0.206967	1	1	8.98748	
8.03419	1	41	7.99727	1	39	7.99732	1	39	0	0	0	0.210069	0.20816	0.211343	0.21007	0.20851	0.211873	0.210069	0.20816	0.211343	0.21007	0.20851	0.211873	1	1	8.98392	
8.04068	1	39	8.0025	1	39	8.00255	1	39	0	0	0	0.215034	0.2131	0.21641	0.215033	0.21313	0.21675	0.215034	0.2131	0.21641	0.215033	0.21313	0.21675	1	1	8.98891	
8.04064	1	38	8.00016	1	38	8.00023	1	38	0	0	0	0.220027	0.217907	0.22134	0.220027	0.21832	0.222127	0.220027	0.217907	0.22134	0.220027	0.21832	0.222127	1	1	8.98604	
8.04927	1	43	8.00706	1	43	8.00714	1	43	0	0	0	0.225021	0.222973	0.226473	0.225021	0.223047	0.226857	0.225021	0.222973	0.226473	0.225021	0.223047	0.226857	1	1	8.99234	
8.0502	1	37	8.00644	1	37	8.00647	1	37	0	0	0	0.230021	0.22809	0.231733	0.23002	0.228273	0.231823	0.230021	0.22809	0.231733	0.23002	0.228273	0.231823	1	1	8.9914	
8.05271	1	48	8.00657	1	48	8.00662	1	48	0	0	0	0.235028	0.233103	0.23677	0.235027	0.233323	0.236933	0.235028	0.233103	0.23677	0.235027	0.233323	0.236933	1	1	8.99114	
8.06066	1	39	8.0129	1	39	8.01295	1	39	0	0	0	0.240018	0.238197	0.241943	0.240017	0.237453	0.24148	0.240018	0.238197	0.241943	0.240017	0.237453	0.24148	1	1	8.99687	
8.06497	1	48	8.0148	1	47	8.01488	1	47	0	0	0	0.245024	0.242773	0.24693	0.245024	0.242493	0.24691	0.245024	0.242773	0.24693	0.245024	0.242493	0.24691	1	1	8.99844	
8.06767	1	45	8.01541	1	45	8.01548	1	45	0	0	0	0.250034	0.247733	0.252193	0.250033	0.247877	0.252067	0.250034	0.247733	0.252193	0.250033	0.247877	0.252067	1	1	8.99848	
8.0764	1	44	8.02194	1	44	8.02199	1	44	0	0	0	0.255015	0.25275	0.257127	0.255015	0.252803	0.25668	0.255015	0.25275	0.257127	0.255015	0.252803	0.25668	1	1	9.00456	
8.08061	1	45	8.02415	1	45	8.02428	1	45	0	0	0	0.260024	0.257637	0.262147	0.260024	0.257493	0.261957	0.260024	0.257637	0.262147	0.260024	0.257493	0.261957	1	1	9.00635	
8.08729	1	44	8.02746	1	44	8.02754	1	44	0	0	0	0.265017	0.262427	0.26717	0.265018	0.263377	0.26701	0.265017	0.262427	0.26717	0.265018	0.263377	0.26701	1	1	9.00926	
8.09112	1	50	8.0294	1	50	8.0295	1	50	0	0	0	0.270019	0.26732	0.27215	0.270019	0.267583	0.27226	0.270019	0.26732	0.27215	0.270019	0.267583	0.27226	1	1	9.01049	
8.09904	1	49	8.03458	1	49	8.03466	1	49	0	0	0	0.275021	0.272227	0.277133	0.27502	0.273067	0.276773	0.275021	0.272227	0.277133	0.27502	0.273067	0.276773	1	1	9.01509	
8.10661	1	44	8.03904	1	44	8.0391	1	44	0	0	0	0.280024	0.27711	0.28227	0.280024	0.277207	0.282113	0.280024	0.27711	0.28227	0.280024	0.277207	0.282113	1	1	9.0189	
8.11284	1	44	8.04292	1	44	8.04297	1	44	0	0	0	0.284984	0.28202	0.2873	0.284983	0.28219	0.287197	0.284984	0.28202	0.2873	0.284983	0.28219	0.287197	1	1	9.02241	
8.12036	1	46	8.04708	1	46	8.04714	1	46	0	0	0	0.290004	0.28696	0.292427	0.290004	0.287733	0.29257	0.290004	0.28696	0.292427	0.290004	0.287733	0.29257	1	1	9.02606	
8.12717	1	51	8.05035	1	51	8.05046	1	51	0	0	0	0.295023	0.291793	0.297347	0.295023	0.292807	0.297137	0.295023	0.291793	0.297347	0.295023	0.292807	0.297137	1	1	9.02883	
8.13326	1	49	8.05357	1	49	8.05365	1	49	0	0	0	0.300015	0.296733	0.302347	0.300014	0.298003	0.302443	0.300015	0.296733	0.302347	0.300014	0.298003	0.302443	1	1	9.03153	
8.13705	1	46	8.05389	1	45	8.05394	1	45	0	0	0	0.30501	0.301723	0.30717	0.305011	0.30288	0.306923	0.30501	0.301723	0.30717	0.305011	0.30288	0.306923	1	1	9.03119	
8.14915	1	43	8.06253	1	43	8.06258	1	43	0	0	0	0.310018	0.306597	0.3122	0.310018	0.30776	0.312047	0.310018	0.306597	0.3122	0.310018	0.30776	0.312047	1	1	9.0391	
8.15961	1	53	8.06968	1	53	8.06975	1	53	0	0	0	0.314986	0.311583	0.31721	0.314986	0.312483	0.317567	0.314986	0.311583	0.31721	0.314986	0.312483	0.317567	1	1	9.04562	
8.16792	1	48	8.07477	1	48	8.07482	1	48	0	0	0	0.319994	0.316567	0.322197	0.319994	0.317867	0.322393	0.319994	0.316567	0.322197	0.319994	0.317867	0.322393	1	1	9.05003	
8.174	1	66	8.07705	1	66	8.07709	1	66	0	0	0	0.325005	0.321523	0.327163	0.325004	0.323033	0.32748	0.325005	0.321523	0.327163	0.325004	0.323033	0.32748	1	1	9.05174	
8.18187	1	50	8.08076	1	50	8.08084	1	50	0	0	0	0.329995	0.326493	0.332253	0.329996	0.32746	0.33252	0.329995	0.326493	0.332253	0.329996	0.32746	0.33252	1	1	9.05474	
8.19533	1	61	8.08927	1	61	8.08938	1	61	0	0	0	0.334995	0.331413	0.337203	0.334996	0.33268	0.337963	0.334995	0.331413	0.337203	0.334996	0.33268	0.337963	1	1	9.06254	
8.20312	1	51	8.09317	1	51	8.09325	1	51	0	0	0	0.340001	0.336503	0.34213	0.340001	0.337413	0.343217	0.340001	0.336503	0.34213	0.340001	0.337413	0.343217	1	1	9.06583	
8.21586	1	61	8.10105	1	61	8.10113	1	61	0	0	0	0.344977	0.34145	0.347093	0.344977	0.342383	0.34699	0.344977	0.34145	0.347093	0.344977	0.342383	0.34699	1	1	9.07284	
8.22285	1	56	8.10375	1	56	8.10381	1	56	0	0	0	0.349965	0.34621	0.35204	0.349965	0.347993	0.35259	0.349965	0.34621	0.35204	0.349965	0.347993	0.35259	1	1	9.07512	
8.23566	1	60	8.11159	1	60	8.11165	1	60	0	0	0	0.354962	0.351113	0.35706	0.354962	0.352467	0.357117	0.354962	0.351113	0.35706	0.354962	0.352467	0.357117	1	1	9.08189	
8.24427	1	55	8.11464	1	55	8.11472	1	55	0	0	0	0.359946	0.356217	0.362117	0.359947	0.35719	0.362787	0.359946	0.356217	0.362117	0.359947	0.35719	0.362787	1	1	9.08438	
8.25728	1	59	8.12321	1	59	8.12329	1	59	0	0	0	0.364961	0.361297	0.367087	0.364961	0.362843	0.36714	0.364961	0.361297	0.367087	0.364961	0.362843	0.36714	1	1	9.09227	
8.2699	1	56	8.12975	1	56	8.12985	1	56	0	0	0	0.369962	0.36614	0.37218	0.369963	0.367443	0.373097	0.369962	0.36614	0.37218	0.369963	0.367443	0.373097	1	1	9.09792	
8.28109	1	52	8.13538	1	52	8.13548	1	52	0	0	0	0.374957	0.371073	0.37707	0.374958	0.372847	0.377707	0.374957	0.371073	0.37707	0.374958	0.372847	0.377707	1	1	9.10261	
8.29037	1	61	8.13928	1	61	8.13937	1	61	0	0	0	0.379938	0.37607	0.382213	0.379938	0.378183	0.382487	0.379938	0.37607	0.382213	0.379938	0.378183	0.382487	1	1	9.10587	
8.30547	1	59	8.14757	1	59	8.14762	1	59	0	0	0	0.384944	0.381013	0.387093	0.384945	0.381993	0.387603	0.384944	0.381013	0.387093	0.384945	0.381993	0.387603	1	1	9.11298	
8.31834	1	53	8.15362	1	53	8.15373	1	53	0	0	0	0.389928	0.385823	0.39206	0.389928	0.38672	0.392453	0.389928	0.385823	0.39206	0.389928	0.38672	0.392453	1	1	9.11869	
8.33225	1	57	8.15926	1	57	8.15932	1	57	0	0	0	0.394923	0.390957	0.39708	0.394923	0.392877	0.397337	0.394923	0.390957	0.39708	0.394923	0.392877	0.397337	1	1	9.12311	
8.3457	1	64	8.16583	1	64	8.16592	1	64	0	0	0	0.399943	0.395987	0.40203	0.399944	0.39757	0.40215	0.399943	0.395987	0.40203	0.399944	0.39757	0.40215	1	1	9.12861	
8.36125	1	74	8.17437	1	74	8.17447	1	74	0	0	0	0.404934	0.400923	0.407463	0.404933	0.4023	0.408227	0.404934	0.400923	0.407463	0.404933	0.4023	0.408227	1	1	9.13647	
8.37671	1	68	8.18132	1	68	8.18142	1	68	0	0	0	0.409933	0.406057	0.412473	0.409933	0.407947	0.411917	0.409933	0.406057	0.412473	0.409933	0.407947	0.411917	1	1	9.14229	
8.39267	1	62	8.18889	1	61	8.18894	1	61	0	0	0	0.414948	0.410933	0.41741	0.414947	0.411497	0.418447	0.414948	0.410933	0.41741	0.414947	0.411497	0.418447	1	1	9.14884	
8.41228	1	67	8.1985	1	67	8.19857	1	67	0	0	0	0.419968	0.415927	0.422297	0.419967	0.41781	0.422863	0.419968	0.415927	0.422297	0.419967	0.41781	0.422863	1	1	9.1574	
8.43021	1	62	8.20762	1	62	8.20767	1	62	0	0	0	0.424933	0.420963	0.427083	0.424933	0.422177	0.42812	0.424933	0.420963	0.427083	0.424933	0.422177	0.42812	1	1	9.16551	
8.44484	1	66	8.21271	1	66	8.21279	1	66	0	0	0	0.429919	0.42584	0.43224	0.429918	0.427207	0.432347	0.429919	0.42584	0.43224	0.429918	0.427207	0.432347	1	1	9.16968	
8.46226	1	81	8.21883	1	81	8.21892	1	81	0	0	0	0.4349	0.430777	0.437183	0.4349	0.431253	0.43806	0.4349	0.430777	0.437183	0.4349	0.431253	0.43806	1	1	9.17465	
8.48148	1	74	8.22767	1	73	8.22774	1	73	0	0	0	0.439918	0.435807	0.442153	0.439918	0.43733	0.442777	0.439918	0.435807	0.442153	0.439918	0.43733	0.442777	1	1	9.18248	
8.50185	1	67	8.23698	1	67	8.23707	1	67	0	0	0	0.444945	0.440747	0.447317	0.444945	0.44227	0.448197	0.444945	0.440747	0.447317	0.444945	0.44227	0.448197	1	1	9.19048	
8.52476	1	71	8.24682	1	71	8.24688	1	71	0	0	0	0.449951	0.445773	0.452347	0.44995	0.447463	0.453803	0.449951	0.445773	0.452347	0.44995	0.447463	0.453803	1	1	9.19865	
8.54526	1	77	8.2544	1	77	8.25451	1	77	0	0	0	0.454952	0.45091	0.45769	0.454951	0.452103	0.457197	0.454952	0.45091	0.45769	0.454951	0.452103	0.457197	1	1	9.20531	
8.57321	1	73	8.2675	1	71	8.26757	1	71	0	0	0	0.459963	0.455857	0.462693	0.459962	0.456587	0.462273	0.459963	0.455857	0.462693	0.459962	0.456587	0.462273	1	1	9.21698	
8.59491	1	80	8.27517	1	80	8.27524	1	80	0	0	0	0.464999	0.46081	0.467627	0.464998	0.46251	0.467833	0.464999	0.46081	0.467627	0.464998	0.46251	0.467833	1	1	9.22325	
8.6166	1	74	8.28029	1	74	8.28035	1	74	0	0	0	0.470001	0.46574	0.4725	0.470001	0.466743	0.47304	0.470001	0.46574	0.4725	0.470001	0.466743	0.47304	1	1	9.22727	
8.64848	1	68	8.29459	1	67	8.29469	1	67	0	0	0	0.47498	0.4707	0.477357	0.474979	0.47139	0.47723	0.47498	0.4707	0.477357	0.474979	0.47139	0.47723	1	1	9.24018	
8.6759	1	79	8.30429	1	79	8.30437	1	79	0	0	0	0.479986	0.475563	0.48226	0.479986	0.476853	0.483047	0.479986	0.475563	0.48226	0.479986	0.476853	0.483047	1	1	9.24797	
8.70292	1	80	8.31162	1	80	8.3117	1	80	0	0	0	0.484968	0.480527	0.48739	0.484967	0.481963	0.488063	0.484968	0.480527	0.48739	0.484967	0.481963	0.488063	1	1	9.2539	
8.73264	1	93	8.32176	1	92	8.32183	1	92	0	0	0	0.489984	0.4858	0.49218	0.489983	0.48767	0.4929	0.489984	0.4858	0.49218	0.489983	0.48767	0.4929	1	1	9.26239	
8.76727	1	96	8.33376	1	96	8.33384	1	96	0	0	0	0.495004	0.49079	0.497313	0.495004	0.491563	0.497143	0.495004	0.49079	0.497313	0.495004	0.491563	0.497143	1	1	9.27278	
8.79988	1	82	8.34197	1	82	8.34203	1	82	0	0	0	0.5	0.495827	0.502247	0.499999	0.496883	0.50254	0.5	0.495827	0.502247	0.499999	0.496883	0.50254	1	1	9.27919	
8.83923	1	92	8.35479	1	85	8.35489	1	85	0	0	0	0.505012	0.500743	0.507327	0.50501	0.501493	0.50778	0.505012	0.500743	0.507327	0.50501	0.501493	0.50778	1	1	9.2903	
8.87676	1	78	8.36331	1	78	8.36339	1	78	0	0	0	0.510001	0.505623	0.51228	0.510002	0.50675	0.51347	0.510001	0.505623	0.51228	0.510002	0.50675	0.51347	1	1	9.29712	
8.92545	1	86	8.37833	1	86	8.3784	1	86	0	0	0	0.515003	0.510713	0.517367	0.515001	0.512333	0.51808	0.515003	0.510713	0.517367	0.515001	0.512333	0.51808	1	1	9.31027	
8.96921	1	92	8.3888	1	90	8.3889	1	90	0	0	0	0.519992	0.515693	0.52247	0.519993	0.516477	0.523427	0.519992	0.515693	0.52247	0.519993	0.516477	0.523427	1	1	9.31913	
9.01987	1	79	8.40029	1	79	8.40037	1	79	0	0	0	0.524983	0.520763	0.527543	0.524982	0.520867	0.528003	0.524983	0.520763	0.527543	0.524982	0.520867	0.528003	1	1	9.32815	
9.06799	1	93	8.41113	1	93	8.41123	1	93	0	0	0	0.530007	0.525883	0.53272	0.530007	0.52761	0.533217	0.530007	0.525883	0.53272	0.530007	0.52761	0.533217	1	1	9.33699	
9.13454	1	99	8.42497	1	94	8.42505	1	94	0	0	0	0.535012	0.53083	0.537613	0.535013	0.531747	0.538117	0.535012	0.53083	0.537613	0.535013	0.531747	0.538117	1	1	9.34856	
9.2	1	93	8.4366	1	93	8.43667	1	93	0	0	0	0.540039	0.5359	0.542677	0.540037	0.537457	0.543483	0.540039	0.5359	0.542677	0.540037	0.537457	0.543483	1	1	9.35791	
9.27859	1	92	8.45176	1	88	8.45183	1	88	0	0	0	0.545036	0.54088	0.547587	0.545037	0.542013	0.5483	0.545036	0.54088	0.547587	0.545037	0.542013	0.5483	1	1	9.37101	
9.36974	1	110	8.46325	1	94	8.46331	1	94	0	0	0	0.550021	0.54579	0.552727	0.550021	0.547207	0.552843	0.550021	0.54579	0.552727	0.550021	0.547207	0.552843	1	1	9.37992	
9.45764	1	103	8.47551	1	102	8.47556	1	102	0	0	0	0.555002	0.550523	0.557777	0.555004	0.55234	0.55818	0.555002	0.550523	0.557777	0.555004	0.55234	0.55818	1	1	9.3898	
9.60734	1	159	8.49227	1	92	8.49235	1	92	0	0	0	0.560012	0.555857	0.56275	0.560011	0.556497	0.562633	0.560012	0.555857	0.56275	0.560011	0.556497	0.562633	1	1	9.40336	
9.7335	1	114	8.50441	1	113	8.5045	1	113	0	0	0	0.565034	0.560913	0.56781	0.565032	0.560813	0.569153	0.565034	0.560913	0.56781	0.565032	0.560813	0.569153	1	1	9.41311	
9.93269	1	170	8.51971	1	108	8.51983	1	108	0	0	0	0.570039	0.566027	0.572807	0.570041	0.566907	0.573613	0.570039	0.566027	0.572807	0.570041	0.566907	0.573613	1	1	9.42556	
10.3251	1	194	8.5369	1	98	8.53705	1	98	0	0	0	0.575031	0.57091	0.57767	0.575028	0.571347	0.578333	0.575031	0.57091	0.57767	0.575028	0.571347	0.578333	1	1	9.43904	
10.8311	1	277	8.55046	1	96	8.55054	1	96	0	0	0	0.580058	0.575917	0.582753	0.58006	0.57674	0.58381	0.580058	0.575917	0.582753	0.58006	0.57674	0.58381	1	1	9.44935	
14.7042	1	834	8.56977	1	108	8.56981	1	108	0	0	0	0.585067	0.583297	0.587537	0.585072	0.583035	0.586957	0.585067	0.583297	0.587537	0.585072	0.583035	0.586957	1	1	9.46561	
158.42	1	14293	8.58213	1	124	8.58263	1	124	0	0	0	0.59001	0.58839	0.592049	0.58989	0.58704	0.59204	0.59001	0.58839	0.592049	0.58989	0.58704	0.59204	1	1	9.47487	
627.58	1	38830	8.60029	1	99	8.60083	1	99	0	0	0	0.595015	0.593233	0.597113	0.594446	0.59211	0.596417	0.595015	0.593233	0.597113	0.594446	0.59211	0.596417	1	1	9.48914	
