9.20788	1	22	9.20781	1	22	9.20803	1	22	0	0	0	0.00499391	0.00472	0.00529667	0.00499406	0.00465333	0.00528667	0.00499391	0.00472	0.00529667	0.00499406	0.00465333	0.00528667	1	1	10.2072	
9.20625	1	23	9.20605	1	23	9.20618	1	23	0	0	0	0.0100062	0.00967333	0.0105533	0.0100061	0.00963	0.01051	0.0100062	0.00967333	0.0105533	0.0100061	0.00963	0.01051	1	1	10.205	
9.22159	1	26	9.22136	1	26	9.2215	1	26	0	0	0	0.0150311	0.0147333	0.0154867	0.0150311	0.01449	0.0156967	0.0150311	0.0147333	0.0154867	0.0150311	0.01449	0.0156967	1	1	10.2197	
9.21444	1	30	9.21414	1	30	9.21434	1	30	0	0	0	0.020063	0.01956	0.0207733	0.0200631	0.01938	0.0207667	0.020063	0.01956	0.0207733	0.0200631	0.01938	0.0207667	1	1	10.2118	
9.20559	1	27	9.20517	1	27	9.20525	1	27	0	0	0	0.0250671	0.0246267	0.02574	0.0250667	0.0243367	0.0257767	0.0250671	0.0246267	0.02574	0.0250667	0.0243367	0.0257767	1	1	10.2023	
9.20737	1	33	9.2069	1	33	9.20706	1	33	0	0	0	0.0300682	0.02952	0.0307533	0.0300683	0.0293567	0.0306933	0.0300682	0.02952	0.0307533	0.0300683	0.0293567	0.0306933	1	1	10.2034	
9.21032	1	28	9.20983	1	28	9.2099	1	28	0	0	0	0.0350706	0.03449	0.03577	0.0350702	0.0342933	0.0360533	0.0350706	0.03449	0.03577	0.0350702	0.0342933	0.0360533	1	1	10.2056	
9.20343	1	28	9.20276	1	28	9.20276	1	28	0	0	0	0.0400941	0.0393233	0.0409733	0.0400936	0.0393867	0.0409467	0.0400941	0.0393233	0.0409733	0.0400936	0.0393867	0.0409467	1	1	10.1979	
9.20839	1	30	9.20767	1	30	9.20778	1	30	0	0	0	0.0450691	0.0443367	0.0459767	0.0450685	0.0442967	0.04594	0.0450691	0.0443367	0.0459767	0.0450685	0.0442967	0.04594	1	1	10.2022	
9.20574	1	33	9.20494	1	33	9.20506	1	33	0	0	0	0.050078	0.0492567	0.05102	0.0500774	0.0493767	0.0508867	0.050078	0.0492567	0.05102	0.0500774	0.0493767	0.0508867	1	1	10.1988	
9.21079	1	35	9.20985	1	35	9.20989	1	35	0	0	0	0.055088	0.0542567	0.05612	0.0550876	0.0541967	0.0560667	0.055088	0.0542567	0.05612	0.0550876	0.0541967	0.0560667	1	1	10.2031	
9.2142	1	33	9.21324	1	33	9.21327	1	33	0	0	0	0.0600776	0.05914	0.0611567	0.0600772	0.0589267	0.06103	0.0600776	0.05914	0.0611567	0.0600772	0.0589267	0.06103	1	1	10.2056	
9.21343	1	30	9.21234	1	30	9.21244	1	30	0	0	0	0.0651088	0.0642067	0.0661033	0.0651089	0.06428	0.0660633	0.0651088	0.0642067	0.0661033	0.0651089	0.06428	0.0660633	1	1	10.2041	
9.21318	1	35	9.21199	1	35	9.21201	1	35	0	0	0	0.0700993	0.06919	0.0710567	0.0700989	0.0690767	0.07117	0.0700993	0.06919	0.0710567	0.0700989	0.0690767	0.07117	1	1	10.2029	
9.21264	1	33	9.21136	1	33	9.21143	1	33	0	0	0	0.0750704	0.0741733	0.0760867	0.0750701	0.07423	0.07616	0.0750704	0.0741733	0.0760867	0.0750701	0.07423	0.07616	1	1	10.2016	
9.21825	1	34	9.21689	1	34	9.21689	1	34	0	0	0	0.0800622	0.07906	0.0811233	0.080062	0.0788167	0.0813667	0.0800622	0.07906	0.0811233	0.080062	0.0788167	0.0813667	1	1	10.2064	
9.21208	1	35	9.21064	1	35	9.2107	1	35	0	0	0	0.0850491	0.0840467	0.08615	0.0850492	0.0838867	0.08631	0.0850491	0.0840467	0.08615	0.0850492	0.0838867	0.08631	1	1	10.1996	
9.21648	1	34	9.21493	1	34	9.21496	1	34	0	0	0	0.0900403	0.08904	0.0911	0.0900399	0.0889867	0.0914067	0.0900403	0.08904	0.0911	0.0900399	0.0889867	0.0914067	1	1	10.2028	
9.22295	1	37	9.22132	1	37	9.22138	1	37	0	0	0	0.0950421	0.0939633	0.09615	0.0950418	0.09409	0.09594	0.0950421	0.0939633	0.09615	0.0950418	0.09409	0.09594	1	1	10.2086	
9.2213	1	35	9.21956	1	35	9.21963	1	35	0	0	0	0.100013	0.0988367	0.101037	0.100014	0.09855	0.101647	0.100013	0.0988367	0.101037	0.100014	0.09855	0.101647	1	1	10.2059	
9.22291	1	33	9.22101	1	33	9.22111	1	33	0	0	0	0.105002	0.10396	0.106083	0.105002	0.103427	0.106833	0.105002	0.10396	0.106083	0.105002	0.103427	0.106833	1	1	10.2065	
9.22055	1	42	9.21851	1	42	9.21861	1	42	0	0	0	0.110025	0.108947	0.111093	0.110025	0.109143	0.111327	0.110025	0.108947	0.111093	0.110025	0.109143	0.111327	1	1	10.2032	
9.22748	1	34	9.2254	1	34	9.2255	1	34	0	0	0	0.115005	0.113947	0.116063	0.115005	0.113457	0.11667	0.115005	0.113947	0.116063	0.115005	0.113457	0.11667	1	1	10.2092	
9.22631	1	33	9.22399	1	33	9.22405	1	33	0	0	0	0.119998	0.118917	0.12105	0.119998	0.118137	0.121237	0.119998	0.118917	0.12105	0.119998	0.118137	0.121237	1	1	10.2071	
9.22663	1	36	9.22429	1	36	9.22436	1	36	0	0	0	0.124993	0.123957	0.126023	0.124993	0.123847	0.126633	0.124993	0.123957	0.126023	0.124993	0.123847	0.126633	1	1	10.2064	
9.23059	1	36	9.22813	1	36	9.22817	1	36	0	0	0	0.129989	0.128887	0.130963	0.129989	0.128527	0.13128	0.129989	0.128887	0.130963	0.129989	0.128527	0.13128	1	1	10.2094	
9.23711	1	37	9.23457	1	37	9.23465	1	37	0	0	0	0.134996	0.13394	0.136053	0.134996	0.133367	0.136623	0.134996	0.13394	0.136053	0.134996	0.133367	0.136623	1	1	10.2149	
9.23704	1	37	9.2343	1	37	9.23437	1	37	0	0	0	0.139993	0.13878	0.140917	0.139994	0.138793	0.141253	0.139993	0.13878	0.140917	0.139994	0.138793	0.141253	1	1	10.2136	
9.24639	1	33	9.2436	1	33	9.24364	1	33	0	0	0	0.144979	0.143707	0.145863	0.14498	0.143813	0.146623	0.144979	0.143707	0.145863	0.14498	0.143813	0.146623	1	1	10.2221	
9.24362	1	39	9.24071	1	39	9.24081	1	39	0	0	0	0.149981	0.148657	0.151093	0.149981	0.148263	0.15172	0.149981	0.148657	0.151093	0.149981	0.148263	0.15172	1	1	10.2182	
9.24391	1	44	9.24087	1	44	9.24097	1	44	0	0	0	0.154962	0.1535	0.156267	0.154963	0.153623	0.156423	0.154962	0.1535	0.156267	0.154963	0.153623	0.156423	1	1	10.2174	
9.24508	1	37	9.24185	1	37	9.2419	1	37	0	0	0	0.159973	0.158617	0.16114	0.159974	0.158337	0.16146	0.159973	0.158617	0.16114	0.159974	0.158337	0.16146	1	1	10.2174	
9.24477	1	42	9.2415	1	42	9.24156	1	42	0	0	0	0.164998	0.16344	0.166243	0.164998	0.163463	0.166993	0.164998	0.16344	0.166243	0.164998	0.163463	0.166993	1	1	10.2161	
9.25458	1	40	9.25113	1	40	9.2512	1	40	0	0	0	0.170007	0.168467	0.171367	0.170009	0.16796	0.171683	0.170007	0.168467	0.171367	0.170009	0.16796	0.171683	1	1	10.2247	
9.25284	1	38	9.24916	1	38	9.24924	1	38	0	0	0	0.175015	0.173497	0.17646	0.175015	0.17369	0.176717	0.175015	0.173497	0.17646	0.175015	0.17369	0.176717	1	1	10.2217	
9.25706	1	39	9.25325	1	39	9.25328	1	39	0	0	0	0.180034	0.178407	0.18157	0.180035	0.178173	0.181643	0.180034	0.178407	0.18157	0.180035	0.178173	0.181643	1	1	10.225	
9.26066	1	41	9.25677	1	41	9.25682	1	41	0	0	0	0.185042	0.183203	0.186423	0.185043	0.182887	0.18677	0.185042	0.183203	0.186423	0.185043	0.182887	0.18677	1	1	10.227	
9.26624	1	41	9.2622	1	41	9.26226	1	41	0	0	0	0.190052	0.188203	0.191317	0.190053	0.18822	0.192553	0.190052	0.188203	0.191317	0.190053	0.18822	0.192553	1	1	10.2317	
9.27145	1	40	9.26728	1	40	9.26735	1	40	0	0	0	0.195078	0.193557	0.196443	0.195078	0.192237	0.197207	0.195078	0.193557	0.196443	0.195078	0.192237	0.197207	1	1	10.236	
9.27149	1	39	9.26707	1	39	9.26713	1	39	0	0	0	0.200077	0.19841	0.20126	0.200078	0.197573	0.201897	0.200077	0.19841	0.20126	0.200078	0.197573	0.201897	1	1	10.2346	
9.27552	1	42	9.27094	1	42	9.27103	1	42	0	0	0	0.20508	0.203317	0.206423	0.205081	0.201753	0.206977	0.20508	0.203317	0.206423	0.205081	0.201753	0.206977	1	1	10.2372	
9.28037	1	42	9.27567	1	42	9.27577	1	42	0	0	0	0.210069	0.20816	0.211343	0.21007	0.20861	0.211693	0.210069	0.20816	0.211343	0.21007	0.20861	0.211693	1	1	10.2405	
9.28306	1	41	9.27819	1	41	9.27824	1	41	0	0	0	0.215034	0.2131	0.21641	0.215034	0.21306	0.21699	0.215034	0.2131	0.21641	0.215034	0.21306	0.21699	1	1	10.2423	
9.28494	1	42	9.27995	1	42	9.28001	1	42	0	0	0	0.220027	0.217907	0.22134	0.220027	0.21816	0.2226	0.220027	0.217907	0.22134	0.220027	0.21816	0.2226	1	1	10.2432	
9.29384	1	38	9.28856	1	38	9.28861	1	38	0	0	0	0.225021	0.222973	0.226473	0.22502	0.222273	0.226743	0.225021	0.222973	0.226473	0.22502	0.222273	0.226743	1	1	10.2504	
9.29524	1	41	9.28982	1	41	9.28986	1	41	0	0	0	0.230021	0.22809	0.231733	0.230021	0.228093	0.231753	0.230021	0.22809	0.231733	0.230021	0.228093	0.231753	1	1	10.2504	
9.29857	1	40	9.29297	1	40	9.29304	1	40	0	0	0	0.235028	0.233103	0.23677	0.235028	0.23333	0.236687	0.235028	0.233103	0.23677	0.235028	0.23333	0.236687	1	1	10.2525	
9.30473	1	40	9.29891	1	40	9.29898	1	40	0	0	0	0.240018	0.238197	0.241943	0.240018	0.237453	0.24169	0.240018	0.238197	0.241943	0.240018	0.237453	0.24169	1	1	10.2571	
9.31084	1	41	9.30476	1	41	9.30484	1	41	0	0	0	0.245024	0.242773	0.24693	0.245024	0.243013	0.24705	0.245024	0.242773	0.24693	0.245024	0.243013	0.24705	1	1	10.2619	
9.31399	1	44	9.30779	1	44	9.30787	1	44	0	0	0	0.250034	0.247733	0.252193	0.250034	0.247003	0.252027	0.250034	0.247733	0.252193	0.250034	0.247003	0.252027	1	1	10.2636	
9.31796	1	40	9.31167	1	40	9.31175	1	40	0	0	0	0.255015	0.25275	0.257127	0.255015	0.251803	0.256753	0.255015	0.25275	0.257127	0.255015	0.251803	0.256753	1	1	10.2663	
9.3228	1	43	9.3162	1	43	9.31628	1	43	0	0	0	0.260024	0.257637	0.262147	0.260025	0.257487	0.262143	0.260024	0.257637	0.262147	0.260025	0.257487	0.262143	1	1	10.2697	
9.32997	1	40	9.32314	1	40	9.32321	1	40	0	0	0	0.265017	0.262427	0.26717	0.265017	0.262417	0.267737	0.265017	0.262427	0.26717	0.265017	0.262417	0.267737	1	1	10.2754	
9.33505	1	45	9.32793	1	45	9.32802	1	45	0	0	0	0.270019	0.26732	0.27215	0.270019	0.267717	0.272243	0.270019	0.26732	0.27215	0.270019	0.267717	0.272243	1	1	10.2787	
9.33974	1	41	9.33236	1	41	9.33244	1	41	0	0	0	0.275021	0.272227	0.277133	0.27502	0.273277	0.277067	0.275021	0.272227	0.277133	0.27502	0.273277	0.277067	1	1	10.2818	
9.34355	1	44	9.33608	1	44	9.33615	1	44	0	0	0	0.280024	0.27711	0.28227	0.280024	0.277847	0.283007	0.280024	0.27711	0.28227	0.280024	0.277847	0.283007	1	1	10.2842	
9.35353	1	44	9.34567	1	44	9.34574	1	44	0	0	0	0.284984	0.28202	0.2873	0.284985	0.282827	0.287597	0.284984	0.28202	0.2873	0.284985	0.282827	0.287597	1	1	10.2923	
9.35828	1	41	9.35025	1	41	9.35029	1	41	0	0	0	0.290004	0.28696	0.292427	0.290004	0.28712	0.293023	0.290004	0.28696	0.292427	0.290004	0.28712	0.293023	1	1	10.296	
9.36216	1	40	9.35395	1	40	9.35403	1	40	0	0	0	0.295023	0.291793	0.297347	0.295023	0.292403	0.29748	0.295023	0.291793	0.297347	0.295023	0.292403	0.29748	1	1	10.2981	
9.3681	1	43	9.35961	1	43	9.35967	1	43	0	0	0	0.300015	0.296733	0.302347	0.300016	0.297197	0.303377	0.300015	0.296733	0.302347	0.300016	0.297197	0.303377	1	1	10.302	
9.37267	1	43	9.36387	1	43	9.36394	1	43	0	0	0	0.30501	0.301723	0.30717	0.30501	0.303003	0.306817	0.30501	0.301723	0.30717	0.30501	0.303003	0.306817	1	1	10.3052	
9.37957	1	46	9.37064	1	46	9.37075	1	46	0	0	0	0.310018	0.306597	0.3122	0.310018	0.307553	0.311933	0.310018	0.306597	0.3122	0.310018	0.307553	0.311933	1	1	10.3105	
9.38856	1	42	9.37923	1	42	9.37929	1	42	0	0	0	0.314986	0.311583	0.31721	0.314986	0.312883	0.317893	0.314986	0.311583	0.31721	0.314986	0.312883	0.317893	1	1	10.3177	
9.39219	1	42	9.38254	1	42	9.38257	1	42	0	0	0	0.319994	0.316567	0.322197	0.319995	0.318043	0.322923	0.319994	0.316567	0.322197	0.319995	0.318043	0.322923	1	1	10.3195	
9.39632	1	43	9.38633	1	42	9.38644	1	42	0	0	0	0.325005	0.321523	0.327163	0.325005	0.323033	0.326883	0.325005	0.321523	0.327163	0.325005	0.323033	0.326883	1	1	10.3215	
9.40253	1	44	9.39217	1	44	9.39222	1	44	0	0	0	0.329995	0.326493	0.332253	0.329997	0.32735	0.33275	0.329995	0.326493	0.332253	0.329997	0.32735	0.33275	1	1	10.3264	
9.40997	1	44	9.39936	1	44	9.39944	1	44	0	0	0	0.334995	0.331413	0.337203	0.334996	0.331353	0.337607	0.334995	0.331413	0.337203	0.334996	0.331353	0.337607	1	1	10.3316	
9.41621	1	45	9.40514	1	45	9.40517	1	45	0	0	0	0.340001	0.336503	0.34213	0.340001	0.33778	0.34257	0.340001	0.336503	0.34213	0.340001	0.33778	0.34257	1	1	10.3363	
9.42908	1	43	9.41765	1	43	9.41772	1	43	0	0	0	0.344977	0.34145	0.347093	0.344978	0.342547	0.347043	0.344977	0.34145	0.347093	0.344978	0.342547	0.347043	1	1	10.3469	
9.43262	1	51	9.4209	1	51	9.42098	1	51	0	0	0	0.349965	0.34621	0.35204	0.349965	0.347383	0.352287	0.349965	0.34621	0.35204	0.349965	0.347383	0.352287	1	1	10.3483	
9.43708	1	53	9.42516	1	53	9.42525	1	53	0	0	0	0.354962	0.351113	0.35706	0.354963	0.352133	0.357367	0.354962	0.351113	0.35706	0.354963	0.352133	0.357367	1	1	10.3517	
9.44607	1	44	9.43377	1	44	9.43384	1	44	0	0	0	0.359946	0.356217	0.362117	0.359947	0.357097	0.361873	0.359946	0.356217	0.362117	0.359947	0.357097	0.361873	1	1	10.3581	
9.45343	1	44	9.44056	1	44	9.44065	1	44	0	0	0	0.364961	0.361297	0.367087	0.364962	0.362517	0.367237	0.364961	0.361297	0.367087	0.364962	0.362517	0.367237	1	1	10.3634	
9.46118	1	49	9.44788	1	49	9.44791	1	49	0	0	0	0.369962	0.36614	0.37218	0.369962	0.367757	0.37242	0.369962	0.36614	0.37218	0.369962	0.367757	0.37242	1	1	10.369	
9.46729	1	51	9.45372	1	51	9.45377	1	51	0	0	0	0.374957	0.371073	0.37707	0.374958	0.372443	0.3774	0.374957	0.371073	0.37707	0.374958	0.372443	0.3774	1	1	10.3735	
9.478	1	45	9.46413	1	45	9.46422	1	45	0	0	0	0.379938	0.37607	0.382213	0.379938	0.37745	0.382213	0.379938	0.37607	0.382213	0.379938	0.37745	0.382213	1	1	10.3819	
9.48393	1	47	9.4694	1	47	9.4695	1	47	0	0	0	0.384944	0.381013	0.387093	0.384945	0.38156	0.387353	0.384944	0.381013	0.387093	0.384945	0.38156	0.387353	1	1	10.3857	
9.49176	1	47	9.47667	1	47	9.47674	1	47	0	0	0	0.389928	0.385823	0.39206	0.389928	0.387913	0.392163	0.389928	0.385823	0.39206	0.389928	0.387913	0.392163	1	1	10.391	
9.49835	1	48	9.48291	1	48	9.48298	1	48	0	0	0	0.394923	0.390957	0.39708	0.394924	0.392517	0.39724	0.394923	0.390957	0.39708	0.394924	0.392517	0.39724	1	1	10.3956	
9.5052	1	45	9.48964	1	45	9.48975	1	45	0	0	0	0.399943	0.395987	0.40203	0.399944	0.397073	0.402893	0.399943	0.395987	0.40203	0.399944	0.397073	0.402893	1	1	10.4006	
9.51558	1	51	9.49925	1	51	9.49934	1	51	0	0	0	0.404934	0.400923	0.407463	0.404935	0.40235	0.407443	0.404934	0.400923	0.407463	0.404935	0.40235	0.407443	1	1	10.4087	
9.52425	1	49	9.50735	1	49	9.50742	1	49	0	0	0	0.409933	0.406057	0.412473	0.409935	0.40779	0.412313	0.409933	0.406057	0.412473	0.409935	0.40779	0.412313	1	1	10.4142	
9.53218	1	52	9.51494	1	52	9.51502	1	52	0	0	0	0.414948	0.410933	0.41741	0.414947	0.412643	0.41786	0.414948	0.410933	0.41741	0.414947	0.412643	0.41786	1	1	10.4207	
9.54102	1	50	9.52299	1	50	9.52308	1	50	0	0	0	0.419968	0.415927	0.422297	0.419968	0.417353	0.422173	0.419968	0.415927	0.422297	0.419968	0.417353	0.422173	1	1	10.4265	
9.54766	1	52	9.52912	1	52	9.5292	1	52	0	0	0	0.424933	0.420963	0.427083	0.424933	0.421707	0.427897	0.424933	0.420963	0.427083	0.424933	0.421707	0.427897	1	1	10.431	
9.56384	1	44	9.54501	1	44	9.5451	1	44	0	0	0	0.429919	0.42584	0.43224	0.429918	0.427237	0.432507	0.429919	0.42584	0.43224	0.429918	0.427237	0.432507	1	1	10.4444	
9.56679	1	49	9.54687	1	49	9.54692	1	49	0	0	0	0.4349	0.430777	0.437183	0.434899	0.432153	0.437047	0.4349	0.430777	0.437183	0.434899	0.432153	0.437047	1	1	10.4441	
9.57704	1	44	9.55668	1	44	9.55678	1	44	0	0	0	0.439918	0.435807	0.442153	0.439917	0.437337	0.442797	0.439918	0.435807	0.442153	0.439917	0.437337	0.442797	1	1	10.4523	
9.58658	1	49	9.56548	1	49	9.56558	1	49	0	0	0	0.444945	0.440747	0.447317	0.444945	0.442663	0.447777	0.444945	0.440747	0.447317	0.444945	0.442663	0.447777	1	1	10.4593	
9.59698	1	52	9.57519	1	52	9.57526	1	52	0	0	0	0.449951	0.445773	0.452347	0.44995	0.44798	0.452887	0.449951	0.445773	0.452347	0.44995	0.44798	0.452887	1	1	10.4671	
9.60676	1	45	9.58458	1	45	9.58465	1	45	0	0	0	0.454952	0.45091	0.45769	0.454951	0.452573	0.457133	0.454952	0.45091	0.45769	0.454951	0.452573	0.457133	1	1	10.4741	
9.6143	1	56	9.59129	1	56	9.59137	1	56	0	0	0	0.459963	0.455857	0.462693	0.459961	0.456137	0.462603	0.459963	0.455857	0.462693	0.459961	0.456137	0.462603	1	1	10.4791	
9.62604	1	50	9.60228	1	50	9.60238	1	50	0	0	0	0.464999	0.46081	0.467627	0.464998	0.461807	0.4681	0.464999	0.46081	0.467627	0.464998	0.461807	0.4681	1	1	10.4879	
9.63804	1	48	9.61341	1	48	9.61354	1	48	0	0	0	0.470001	0.46574	0.4725	0.470001	0.46677	0.473373	0.470001	0.46574	0.4725	0.470001	0.46677	0.473373	1	1	10.4969	
9.64916	1	55	9.62362	1	55	9.62371	1	55	0	0	0	0.47498	0.4707	0.477357	0.474978	0.471617	0.477553	0.47498	0.4707	0.477357	0.474978	0.471617	0.477553	1	1	10.5045	
9.65534	1	46	9.62906	1	45	9.62913	1	45	0	0	0	0.479986	0.475563	0.48226	0.479986	0.477727	0.482533	0.479986	0.475563	0.48226	0.479986	0.477727	0.482533	1	1	10.5076	
9.66806	1	50	9.64115	1	50	9.64122	1	50	0	0	0	0.484968	0.480527	0.48739	0.484968	0.482083	0.487613	0.484968	0.480527	0.48739	0.484968	0.482083	0.487613	1	1	10.5179	
9.67983	1	50	9.65163	1	50	9.65168	1	50	0	0	0	0.489984	0.4858	0.49218	0.489983	0.487327	0.492597	0.489984	0.4858	0.49218	0.489983	0.487327	0.492597	1	1	10.5262	
9.69039	1	54	9.66168	1	54	9.66174	1	54	0	0	0	0.495004	0.49079	0.497313	0.495004	0.49172	0.49854	0.495004	0.49079	0.497313	0.495004	0.49172	0.49854	1	1	10.5339	
9.70153	1	45	9.67209	1	45	9.67218	1	45	0	0	0	0.5	0.495827	0.502247	0.5	0.497517	0.50209	0.5	0.495827	0.502247	0.5	0.497517	0.50209	1	1	10.5417	
9.71007	1	46	9.67935	1	46	9.67941	1	46	0	0	0	0.505012	0.500743	0.507327	0.505011	0.502383	0.50859	0.505012	0.500743	0.507327	0.505011	0.502383	0.50859	1	1	10.5469	
9.72255	1	50	9.69045	1	50	9.69052	1	50	0	0	0	0.510001	0.505623	0.51228	0.51	0.50777	0.512393	0.510001	0.505623	0.51228	0.51	0.50777	0.512393	1	1	10.5552	
9.73498	1	48	9.70223	1	48	9.70232	1	48	0	0	0	0.515003	0.510713	0.517367	0.515002	0.51248	0.518383	0.515003	0.510713	0.517367	0.515002	0.51248	0.518383	1	1	10.5648	
9.74697	1	46	9.71309	1	46	9.7132	1	46	0	0	0	0.519992	0.515693	0.52247	0.519991	0.517597	0.52297	0.519992	0.515693	0.52247	0.519991	0.517597	0.52297	1	1	10.5725	
9.76017	1	49	9.72529	1	47	9.72537	1	47	0	0	0	0.524983	0.520763	0.527543	0.524983	0.5225	0.52743	0.524983	0.520763	0.527543	0.524983	0.5225	0.52743	1	1	10.5833	
9.77073	1	49	9.73501	1	49	9.73513	1	49	0	0	0	0.530007	0.525883	0.53272	0.530007	0.526487	0.533037	0.530007	0.525883	0.53272	0.530007	0.526487	0.533037	1	1	10.5895	
9.78268	1	51	9.74518	1	51	9.74528	1	51	0	0	0	0.535012	0.53083	0.537613	0.535012	0.531783	0.53816	0.535012	0.53083	0.537613	0.535012	0.531783	0.53816	1	1	10.5978	
9.79346	1	56	9.7545	1	56	9.75457	1	56	0	0	0	0.540039	0.5359	0.542677	0.540039	0.5372	0.542593	0.540039	0.5359	0.542677	0.540039	0.5372	0.542593	1	1	10.6045	
9.80639	1	53	9.76634	1	53	9.76642	1	53	0	0	0	0.545036	0.54088	0.547587	0.545035	0.542453	0.548433	0.545036	0.54088	0.547587	0.545035	0.542453	0.548433	1	1	10.6125	
9.8222	1	49	9.78047	1	49	9.78056	1	49	0	0	0	0.550021	0.54579	0.552727	0.550021	0.547043	0.554093	0.550021	0.54579	0.552727	0.550021	0.547043	0.554093	1	1	10.6248	
9.83152	1	48	9.7887	1	48	9.78879	1	48	0	0	0	0.555002	0.550523	0.557777	0.555001	0.551653	0.557883	0.555002	0.550523	0.557777	0.555001	0.551653	0.557883	1	1	10.6317	
9.84645	1	53	9.80203	1	53	9.80209	1	53	0	0	0	0.560012	0.555857	0.56275	0.560012	0.55736	0.563877	0.560012	0.555857	0.56275	0.560012	0.55736	0.563877	1	1	10.6409	
9.85936	1	56	9.81373	1	56	9.81382	1	56	0	0	0	0.565034	0.560913	0.56781	0.565033	0.562227	0.568157	0.565034	0.560913	0.56781	0.565033	0.562227	0.568157	1	1	10.6502	
9.87111	1	56	9.82345	1	56	9.82354	1	56	0	0	0	0.570039	0.566027	0.572807	0.570038	0.5663	0.57275	0.570039	0.566027	0.572807	0.570038	0.5663	0.57275	1	1	10.6579	
9.88516	1	50	9.83609	1	50	9.83618	1	50	0	0	0	0.575031	0.57091	0.57767	0.575031	0.572183	0.578797	0.575031	0.57091	0.57767	0.575031	0.572183	0.578797	1	1	10.6676	
9.90236	1	56	9.85122	1	55	9.85128	1	55	0	0	0	0.580058	0.575917	0.582753	0.580059	0.576453	0.582847	0.580058	0.575917	0.582753	0.580059	0.576453	0.582847	1	1	10.6788	
9.91748	1	68	9.86509	1	68	9.8652	1	68	0	0	0	0.585059	0.581083	0.587723	0.585061	0.581333	0.588943	0.585059	0.581083	0.587723	0.585061	0.581333	0.588943	1	1	10.6897	
9.93068	1	56	9.87609	1	56	9.87616	1	56	0	0	0	0.590056	0.58606	0.59262	0.590055	0.58728	0.592513	0.590056	0.58606	0.59262	0.590055	0.58728	0.592513	1	1	10.6964	
9.94873	1	54	9.89198	1	54	9.89206	1	54	0	0	0	0.59505	0.591137	0.5976	0.595051	0.591093	0.59941	0.59505	0.591137	0.5976	0.595051	0.591093	0.59941	1	1	10.7095	
9.96086	1	68	9.90213	1	68	9.90222	1	68	0	0	0	0.600046	0.596187	0.602547	0.600046	0.596697	0.603147	0.600046	0.596187	0.602547	0.600046	0.596697	0.603147	1	1	10.7174	
9.97371	1	57	9.91277	1	57	9.91284	1	57	0	0	0	0.605056	0.601253	0.60742	0.605054	0.602993	0.608797	0.605056	0.601253	0.60742	0.605054	0.602993	0.608797	1	1	10.7252	
9.99099	1	55	9.92796	1	55	9.92804	1	55	0	0	0	0.610057	0.606133	0.612123	0.610057	0.607437	0.612607	0.610057	0.606133	0.612123	0.610057	0.607437	0.612607	1	1	10.7379	
10.0046	1	58	9.93893	1	58	9.939	1	58	0	0	0	0.615068	0.61134	0.617157	0.615067	0.61228	0.618563	0.615068	0.61134	0.617157	0.615067	0.61228	0.618563	1	1	10.7452	
10.0233	1	54	9.9555	1	54	9.95555	1	54	0	0	0	0.620061	0.616433	0.62212	0.620062	0.616823	0.623837	0.620061	0.616433	0.62212	0.620062	0.616823	0.623837	1	1	10.7582	
10.0373	1	56	9.96666	1	56	9.96676	1	56	0	0	0	0.62505	0.621447	0.627117	0.625048	0.621997	0.627783	0.62505	0.621447	0.627117	0.625048	0.621997	0.627783	1	1	10.7655	
10.0542	1	56	9.98065	1	56	9.98075	1	56	0	0	0	0.630067	0.626393	0.632107	0.630068	0.62658	0.63433	0.630067	0.626393	0.632107	0.630068	0.62658	0.63433	1	1	10.7764	
10.0744	1	57	9.99789	1	57	9.99796	1	57	0	0	0	0.635038	0.631577	0.637193	0.635038	0.632147	0.637487	0.635038	0.631577	0.637193	0.635038	0.632147	0.637487	1	1	10.79	
10.0922	1	54	10.0124	1	54	10.0125	1	54	0	0	0	0.640027	0.636747	0.64215	0.640025	0.636477	0.644247	0.640027	0.636747	0.64215	0.640025	0.636477	0.644247	1	1	10.8016	
10.1053	1	58	10.0235	1	58	10.0235	1	58	0	0	0	0.64502	0.64182	0.647273	0.64502	0.641817	0.64759	0.64502	0.64182	0.647273	0.64502	0.641817	0.64759	1	1	10.8085	
10.1231	1	56	10.038	1	56	10.0381	1	56	0	0	0	0.650013	0.6468	0.652227	0.650013	0.646747	0.65316	0.650013	0.6468	0.652227	0.650013	0.646747	0.65316	1	1	10.8202	
10.1461	1	55	10.0569	1	55	10.057	1	55	0	0	0	0.655024	0.651857	0.657	0.655025	0.650793	0.658353	0.655024	0.651857	0.657	0.655025	0.650793	0.658353	1	1	10.8343	
10.1625	1	59	10.0695	1	59	10.0696	1	59	0	0	0	0.660002	0.656903	0.66187	0.660002	0.655753	0.665297	0.660002	0.656903	0.66187	0.660002	0.655753	0.665297	1	1	10.8426	
10.1829	1	57	10.0856	1	57	10.0857	1	57	0	0	0	0.665016	0.66176	0.6669	0.665019	0.661097	0.66929	0.665016	0.66176	0.6669	0.665019	0.661097	0.66929	1	1	10.8552	
10.2015	1	54	10.1008	1	54	10.1009	1	54	0	0	0	0.67002	0.666667	0.671793	0.670021	0.667087	0.67396	0.67002	0.666667	0.671793	0.670021	0.667087	0.67396	1	1	10.867	
10.2231	1	57	10.1189	1	57	10.119	1	57	0	0	0	0.675015	0.67167	0.676763	0.675015	0.67148	0.678807	0.675015	0.67167	0.676763	0.675015	0.67148	0.678807	1	1	10.8804	
10.2403	1	56	10.1314	1	56	10.1315	1	56	0	0	0	0.680023	0.6765	0.68189	0.680022	0.676973	0.68293	0.680023	0.6765	0.68189	0.680022	0.676973	0.68293	1	1	10.8874	
10.2586	1	58	10.145	1	58	10.145	1	58	0	0	0	0.684981	0.681483	0.686857	0.684981	0.681777	0.68789	0.684981	0.681483	0.686857	0.684981	0.681777	0.68789	1	1	10.8992	
10.2844	1	57	10.1648	1	57	10.1649	1	57	0	0	0	0.690009	0.686687	0.6919	0.690009	0.686197	0.693543	0.690009	0.686687	0.6919	0.690009	0.686197	0.693543	1	1	10.9134	
10.3047	1	55	10.1812	1	55	10.1813	1	55	0	0	0	0.695019	0.691787	0.696903	0.695018	0.690867	0.699347	0.695019	0.691787	0.696903	0.695018	0.690867	0.699347	1	1	10.9251	
10.3259	1	57	10.1959	1	57	10.196	1	57	0	0	0	0.700013	0.697063	0.70203	0.700013	0.695763	0.704657	0.700013	0.697063	0.70203	0.700013	0.695763	0.704657	1	1	10.9354	
10.3503	1	59	10.2146	1	59	10.2147	1	59	0	0	0	0.70501	0.701873	0.706997	0.70501	0.700743	0.708323	0.70501	0.701873	0.706997	0.70501	0.700743	0.708323	1	1	10.9496	
10.3737	1	59	10.2309	1	59	10.231	1	59	0	0	0	0.70999	0.70697	0.711967	0.70999	0.705147	0.71381	0.70999	0.70697	0.711967	0.70999	0.705147	0.71381	1	1	10.9611	
10.3963	1	58	10.2476	1	58	10.2477	1	58	0	0	0	0.715006	0.711693	0.716933	0.715006	0.71121	0.718327	0.715006	0.711693	0.716933	0.715006	0.71121	0.718327	1	1	10.9733	
10.4213	1	56	10.2656	1	56	10.2657	1	56	0	0	0	0.719997	0.71692	0.721913	0.719998	0.71578	0.724417	0.719997	0.71692	0.721913	0.719998	0.71578	0.724417	1	1	10.9872	
10.4452	1	55	10.2826	1	55	10.2826	1	55	0	0	0	0.724992	0.721873	0.726853	0.724992	0.721087	0.728323	0.724992	0.721873	0.726853	0.724992	0.721087	0.728323	1	1	10.9992	
10.4691	1	57	10.2995	1	57	10.2996	1	57	0	0	0	0.729996	0.726887	0.731893	0.729997	0.72593	0.733417	0.729996	0.726887	0.731893	0.729997	0.72593	0.733417	1	1	11.0095	
10.4979	1	55	10.3195	1	55	10.3196	1	55	0	0	0	0.734987	0.731967	0.736917	0.734988	0.73209	0.738437	0.734987	0.731967	0.736917	0.734988	0.73209	0.738437	1	1	11.0232	
10.5286	1	56	10.3397	1	56	10.3398	1	56	0	0	0	0.73998	0.736857	0.74184	0.73998	0.735923	0.742977	0.73998	0.736857	0.74184	0.73998	0.735923	0.742977	1	1	11.0387	
10.5515	1	58	10.3542	1	58	10.3543	1	58	0	0	0	0.744989	0.74181	0.746823	0.74499	0.740557	0.750247	0.744989	0.74181	0.746823	0.74499	0.740557	0.750247	1	1	11.0509	
10.5878	1	60	10.3794	1	60	10.3795	1	60	0	0	0	0.750013	0.74697	0.751997	0.750013	0.74591	0.752863	0.750013	0.74697	0.751997	0.750013	0.74591	0.752863	1	1	11.0672	
10.6153	1	58	10.3953	1	58	10.3954	1	58	0	0	0	0.755031	0.752057	0.757047	0.755031	0.75141	0.758263	0.755031	0.752057	0.757047	0.755031	0.75141	0.758263	1	1	11.0796	
10.6454	1	57	10.4125	1	57	10.4127	1	57	0	0	0	0.760017	0.75709	0.761897	0.760019	0.756543	0.76465	0.760017	0.75709	0.761897	0.760019	0.756543	0.76465	1	1	11.0911	
10.6819	1	57	10.4346	1	57	10.4347	1	57	0	0	0	0.764986	0.762083	0.766777	0.764986	0.76077	0.768687	0.764986	0.762083	0.766777	0.764986	0.76077	0.768687	1	1	11.1058	
10.7181	1	58	10.4577	1	58	10.4578	1	58	0	0	0	0.770007	0.767193	0.771797	0.770006	0.765537	0.773663	0.770007	0.767193	0.771797	0.770006	0.765537	0.773663	1	1	11.1245	
10.7501	1	56	10.4774	1	56	10.4774	1	56	0	0	0	0.774999	0.772357	0.77653	0.774999	0.771457	0.780147	0.774999	0.772357	0.77653	0.774999	0.771457	0.780147	1	1	11.1361	
10.795	1	57	10.4997	1	57	10.4998	1	57	0	0	0	0.779985	0.777277	0.78171	0.779986	0.775933	0.783817	0.779985	0.777277	0.78171	0.779986	0.775933	0.783817	1	1	11.1508	
10.8349	1	63	10.5207	1	63	10.5207	1	63	0	0	0	0.784983	0.78218	0.786763	0.784983	0.78132	0.788153	0.784983	0.78218	0.786763	0.784983	0.78132	0.788153	1	1	11.1641	
10.8722	1	60	10.5383	1	59	10.5385	1	59	0	0	0	0.78999	0.787247	0.791913	0.789992	0.786347	0.794407	0.78999	0.787247	0.791913	0.789992	0.786347	0.794407	1	1	11.1781	
10.9215	1	60	10.5613	1	60	10.5614	1	60	0	0	0	0.795015	0.792217	0.796923	0.795015	0.790813	0.798907	0.795015	0.792217	0.796923	0.795015	0.790813	0.798907	1	1	11.1926	
10.9679	1	62	10.5882	1	60	10.5884	1	60	0	0	0	0.79998	0.797153	0.80206	0.79998	0.795623	0.80405	0.79998	0.797153	0.80206	0.79998	0.795623	0.80405	1	1	11.208	
11.0176	1	58	10.6052	1	56	10.6053	1	56	0	0	0	0.804958	0.802123	0.806993	0.804956	0.80041	0.80775	0.804958	0.802123	0.806993	0.804956	0.80041	0.80775	1	1	11.2212	
11.0773	1	60	10.6314	1	60	10.6314	1	60	0	0	0	0.809979	0.807203	0.81193	0.809979	0.80383	0.81382	0.809979	0.807203	0.81193	0.809979	0.80383	0.81382	1	1	11.2384	
11.1421	1	72	10.6558	1	60	10.6559	1	60	0	0	0	0.814986	0.812083	0.816733	0.814986	0.808717	0.819053	0.814986	0.812083	0.816733	0.814986	0.808717	0.819053	1	1	11.2552	
11.2176	1	66	10.6774	1	60	10.6775	1	60	0	0	0	0.820017	0.817267	0.821753	0.820014	0.815603	0.82479	0.820017	0.817267	0.821753	0.820014	0.815603	0.82479	1	1	11.2703	
11.3084	1	70	10.7103	1	58	10.7104	1	58	0	0	0	0.824999	0.82244	0.82674	0.825	0.820207	0.829193	0.824999	0.82244	0.82674	0.825	0.820207	0.829193	1	1	11.2861	
11.3892	1	76	10.7271	1	62	10.7272	1	62	0	0	0	0.830024	0.827473	0.8317	0.830028	0.827153	0.8341	0.830024	0.827473	0.8317	0.830028	0.827153	0.8341	1	1	11.3022	
11.5146	1	81	10.7521	1	59	10.7522	1	59	0	0	0	0.835026	0.83255	0.836483	0.835027	0.831613	0.838353	0.835026	0.83255	0.836483	0.835027	0.831613	0.838353	1	1	11.316	
11.7009	1	111	10.7835	1	61	10.7836	1	61	0	0	0	0.840016	0.83751	0.841543	0.840017	0.835803	0.84359	0.840016	0.83751	0.841543	0.840017	0.835803	0.84359	1	1	11.3334	
11.9933	1	167	10.8079	1	64	10.8079	1	64	0	0	0	0.84503	0.842827	0.84652	0.845032	0.84246	0.848197	0.84503	0.842827	0.84652	0.845032	0.84246	0.848197	1	1	11.3519	
13.2144	1	333	10.8426	1	65	10.8428	1	65	0	0	0	0.850007	0.847697	0.85137	0.850008	0.845577	0.853703	0.850007	0.847697	0.85137	0.850008	0.845577	0.853703	1	1	11.3693	
78.7255	1	6599	10.8743	1	70	10.8742	1	70	0	0	0	0.854965	0.854016	0.85618	0.854886	0.852307	0.857391	0.854965	0.854016	0.85618	0.854886	0.852307	0.857391	1	1	11.3881	
183.384	1	17409	10.9102	1	85	10.9096	1	85	0	0	0	0.859945	0.858969	0.860999	0.859701	0.857314	0.862746	0.859945	0.858969	0.860999	0.859701	0.857314	0.862746	1	1	11.405	
424.657	1	29197	10.9287	1	76	10.9276	1	76	0	0	0	0.864948	0.864023	0.865947	0.864424	0.861711	0.866306	0.864948	0.864023	0.865947	0.864424	0.861711	0.866306	1	1	11.4203	
