9.11337	1	26	9.10972	1	26	9.11002	1	26	0	0	0	0.00499391	0.00472	0.00529667	0.00499385	0.00472	0.00529667	0.00499391	0.00472	0.00529667	0.00499385	0.00472	0.00529667	1	1	10.1097	
9.12298	1	30	9.11508	1	30	9.11524	1	30	0	0	0	0.0100062	0.00967333	0.0105533	0.0100059	0.00967	0.0105533	0.0100062	0.00967333	0.0105533	0.0100059	0.00967	0.0105533	1	1	10.115	
9.14036	1	34	9.12801	1	34	9.1281	1	34	0	0	0	0.0150311	0.0147333	0.0154867	0.0150309	0.0147333	0.01549	0.0150311	0.0147333	0.0154867	0.0150309	0.0147333	0.01549	1	1	10.1279	
9.16469	1	34	9.14761	1	34	9.14769	1	34	0	0	0	0.020063	0.01956	0.0207733	0.0200627	0.01956	0.0207767	0.020063	0.01956	0.0207733	0.0200627	0.01956	0.0207767	1	1	10.1475	
9.18402	1	36	9.16187	1	36	9.16193	1	36	0	0	0	0.0250671	0.0246267	0.02574	0.0250667	0.0246233	0.0257433	0.0250671	0.0246267	0.02574	0.0250667	0.0246233	0.0257433	1	1	10.1617	
9.20454	1	36	9.17703	1	36	9.17708	1	36	0	0	0	0.0300682	0.02952	0.0307533	0.0300679	0.0295233	0.0307567	0.0300682	0.02952	0.0307533	0.0300679	0.0295233	0.0307567	1	1	10.1767	
9.22682	1	43	9.19359	1	43	9.19368	1	43	0	0	0	0.0350706	0.03449	0.03577	0.0350703	0.0344933	0.0357733	0.0350706	0.03449	0.03577	0.0350703	0.0344933	0.0357733	1	1	10.1931	
9.24921	1	43	9.21001	1	43	9.2101	1	43	0	0	0	0.0400941	0.0393233	0.0409733	0.0400939	0.0393267	0.0409767	0.0400941	0.0393233	0.0409733	0.0400939	0.0393267	0.0409767	1	1	10.2093	
9.27725	1	52	9.23154	1	52	9.23167	1	52	0	0	0	0.0450691	0.0443367	0.0459767	0.0450689	0.04434	0.04597	0.0450691	0.0443367	0.0459767	0.0450689	0.04434	0.04597	1	1	10.2307	
9.30181	1	52	9.24943	1	52	9.24957	1	52	0	0	0	0.050078	0.0492567	0.05102	0.0500779	0.04926	0.0510167	0.050078	0.0492567	0.05102	0.0500779	0.04926	0.0510167	1	1	10.2483	
9.32692	1	58	9.2676	1	58	9.26775	1	58	0	0	0	0.055088	0.0542567	0.05612	0.0550877	0.05426	0.0561167	0.055088	0.0542567	0.05612	0.0550877	0.05426	0.0561167	1	1	10.2662	
9.35226	1	62	9.28555	1	62	9.28566	1	62	0	0	0	0.0600776	0.05914	0.0611567	0.0600774	0.05914	0.0611567	0.0600776	0.05914	0.0611567	0.0600774	0.05914	0.0611567	1	1	10.2838	
9.38103	1	66	9.306	1	66	9.30613	1	66	0	0	0	0.0651088	0.0642067	0.0661033	0.065109	0.0642067	0.0661033	0.0651088	0.0642067	0.0661033	0.065109	0.0642067	0.0661033	1	1	10.3038	
9.41154	1	74	9.32795	1	74	9.32807	1	74	0	0	0	0.0700993	0.06919	0.0710567	0.0700994	0.0691833	0.0710567	0.0700993	0.06919	0.0710567	0.0700994	0.0691833	0.0710567	1	1	10.3252	
9.44146	1	74	9.34881	1	74	9.34893	1	74	0	0	0	0.0750704	0.0741733	0.0760867	0.0750708	0.0741733	0.0760867	0.0750704	0.0741733	0.0760867	0.0750708	0.0741733	0.0760867	1	1	10.3455	
9.47271	1	82	9.36991	1	82	9.37001	1	82	0	0	0	0.0800622	0.07906	0.0811233	0.0800628	0.0790533	0.0811233	0.0800622	0.07906	0.0811233	0.0800628	0.0790533	0.0811233	1	1	10.366	
9.50896	1	82	9.39513	1	82	9.39522	1	82	0	0	0	0.0850491	0.0840467	0.08615	0.0850498	0.08404	0.08615	0.0850491	0.0840467	0.08615	0.0850498	0.08404	0.08615	1	1	10.3905	
9.5508	1	82	9.42469	1	82	9.42476	1	82	0	0	0	0.0900403	0.08904	0.0911	0.0900406	0.0890333	0.0911	0.0900403	0.08904	0.0911	0.0900406	0.0890333	0.0911	1	1	10.4191	
9.59448	1	90	9.45526	1	90	9.45535	1	90	0	0	0	0.0950421	0.0939633	0.09615	0.0950424	0.0939567	0.09615	0.0950421	0.0939633	0.09615	0.0950424	0.0939567	0.09615	1	1	10.4487	
9.64	1	99	9.48667	1	98	9.48676	1	98	0	0	0	0.100013	0.0988367	0.101037	0.100014	0.09883	0.101037	0.100013	0.0988367	0.101037	0.100014	0.09883	0.101037	1	1	10.4788	
9.69017	1	127	9.52139	1	126	9.52146	1	126	0	0	0	0.105002	0.10396	0.106083	0.105002	0.103953	0.106087	0.105002	0.10396	0.106083	0.105002	0.103953	0.106087	1	1	10.5121	
9.74564	1	114	9.56036	1	114	9.56044	1	114	0	0	0	0.110025	0.108947	0.111093	0.110025	0.10894	0.111097	0.110025	0.108947	0.111093	0.110025	0.10894	0.111097	1	1	10.5492	
9.80402	1	147	9.60001	1	146	9.60008	1	146	0	0	0	0.115005	0.113947	0.116063	0.115005	0.11394	0.116067	0.115005	0.113947	0.116063	0.115005	0.11394	0.116067	1	1	10.5867	
9.87117	1	142	9.64534	1	142	9.64539	1	142	0	0	0	0.119998	0.118917	0.12105	0.119998	0.118913	0.121053	0.119998	0.118917	0.12105	0.119998	0.118913	0.121053	1	1	10.6294	
9.94428	1	174	9.695	1	174	9.69506	1	174	0	0	0	0.124993	0.123957	0.126023	0.124993	0.123953	0.126023	0.124993	0.123957	0.126023	0.124993	0.123953	0.126023	1	1	10.6762	
10.0275	1	210	9.75122	1	210	9.75129	1	210	0	0	0	0.129989	0.128887	0.130963	0.129989	0.128883	0.130967	0.129989	0.128887	0.130963	0.129989	0.128883	0.130967	1	1	10.7281	
10.1293	1	226	9.82063	1	226	9.82068	1	226	0	0	0	0.134996	0.13394	0.136053	0.134996	0.13394	0.136057	0.134996	0.13394	0.136053	0.134996	0.13394	0.136057	1	1	10.7919	
10.2457	1	206	9.89994	1	206	9.90004	1	206	0	0	0	0.139993	0.13878	0.140917	0.139994	0.13878	0.14092	0.139993	0.13878	0.140917	0.139994	0.13878	0.14092	1	1	10.8634	
10.3734	1	222	9.98338	1	222	9.98345	1	222	0	0	0	0.144979	0.143707	0.145863	0.14498	0.143707	0.14586	0.144979	0.143707	0.145863	0.14498	0.143707	0.14586	1	1	10.9373	
10.531	1	243	10.0865	1	238	10.0866	1	238	0	0	0	0.149981	0.148657	0.151093	0.149981	0.14866	0.15109	0.149981	0.148657	0.151093	0.149981	0.14866	0.15109	1	1	11.0245	
10.7315	1	313	10.2151	1	306	10.2152	1	306	0	0	0	0.154962	0.1535	0.156267	0.154963	0.1535	0.156263	0.154962	0.1535	0.156267	0.154963	0.1535	0.156263	1	1	11.1294	
10.9895	1	306	10.3811	1	306	10.3812	1	306	0	0	0	0.159973	0.158617	0.16114	0.159974	0.15862	0.16114	0.159973	0.158617	0.16114	0.159974	0.15862	0.16114	1	1	11.248	
11.3688	1	399	10.6256	1	398	10.6258	1	398	0	0	0	0.164998	0.16344	0.166243	0.164998	0.163443	0.166247	0.164998	0.16344	0.166243	0.164998	0.163443	0.166247	1	1	11.3806	
12.0459	1	386	11.1068	1	386	11.1069	1	386	0	0	0	0.170007	0.168467	0.171367	0.170008	0.16847	0.17137	0.170007	0.168467	0.171367	0.170008	0.16847	0.17137	1	1	11.5362	
14.3842	1	498	13.0814	1	498	13.081	1	498	0	0	0	0.175015	0.173497	0.17646	0.175016	0.1735	0.176463	0.175015	0.173497	0.17646	0.175016	0.1735	0.176463	1	1	11.7212	
1006.39	1	14347	1003.98	1	14098	1015.53	1	14191	0	0	0	0.179976	0.178737	0.181234	0.179696	0.177229	0.181234	0.179976	0.178737	0.181234	0.179696	0.177229	0.181234	1	1	11.8923	
