9.76174	2	20	9.75948	2	20	9.75986	2	20	0	0	0	0.00499391	0.00472	0.00529667	0.00499396	0.00472	0.00529667	0.00499391	0.00472	0.00529667	0.00499396	0.00472	0.00529667	1	1	10.756	
9.75066	2	21	9.74614	2	21	9.74628	2	21	0	0	0	0.0100062	0.00967333	0.0105533	0.010006	0.00967333	0.0105533	0.0100062	0.00967333	0.0105533	0.010006	0.00967333	0.0105533	1	1	10.7396	
9.73672	2	21	9.7299	2	21	9.73004	2	21	0	0	0	0.0150311	0.0147333	0.0154867	0.015031	0.0147333	0.01549	0.0150311	0.0147333	0.0154867	0.015031	0.0147333	0.01549	1	1	10.7197	
9.72817	2	21	9.71886	2	21	9.71898	2	21	0	0	0	0.020063	0.01956	0.0207733	0.0200629	0.01956	0.0207767	0.020063	0.01956	0.0207733	0.0200629	0.01956	0.0207767	1	1	10.7052	
9.72093	2	21	9.70892	2	21	9.70903	2	21	0	0	0	0.0250671	0.0246267	0.02574	0.0250668	0.0246233	0.0257433	0.0250671	0.0246267	0.02574	0.0250668	0.0246233	0.0257433	1	1	10.6916	
9.71235	2	22	9.69735	2	22	9.69745	2	22	0	0	0	0.0300682	0.02952	0.0307533	0.0300679	0.0295233	0.0307567	0.0300682	0.02952	0.0307533	0.0300679	0.0295233	0.0307567	1	1	10.6763	
9.70558	2	22	9.68761	2	22	9.68768	2	22	0	0	0	0.0350706	0.03449	0.03577	0.0350703	0.0344933	0.0357767	0.0350706	0.03449	0.03577	0.0350703	0.0344933	0.0357767	1	1	10.6627	
9.69662	2	22	9.67566	2	22	9.67569	2	22	0	0	0	0.0400941	0.0393233	0.0409733	0.0400937	0.0393267	0.04098	0.0400941	0.0393233	0.0409733	0.0400937	0.0393267	0.04098	1	1	10.6468	
9.69292	2	22	9.66886	2	22	9.6689	2	22	0	0	0	0.0450691	0.0443367	0.0459767	0.0450686	0.04434	0.04597	0.0450691	0.0443367	0.0459767	0.0450686	0.04434	0.04597	1	1	10.6358	
9.68895	2	22	9.6615	2	22	9.66154	2	22	0	0	0	0.050078	0.0492567	0.05102	0.0500776	0.04926	0.0510167	0.050078	0.0492567	0.05102	0.0500776	0.04926	0.0510167	1	1	10.6241	
9.68495	2	22	9.65414	2	22	9.65418	2	22	0	0	0	0.055088	0.0542567	0.05612	0.0550874	0.05426	0.0561167	0.055088	0.0542567	0.05612	0.0550874	0.05426	0.0561167	1	1	10.6124	
9.68095	2	22	9.64662	2	22	9.64667	2	22	0	0	0	0.0600776	0.05914	0.0611567	0.0600774	0.05914	0.0611567	0.0600776	0.05914	0.0611567	0.0600774	0.05914	0.0611567	1	1	10.6004	
9.68047	2	23	9.64228	2	23	9.64233	2	23	0	0	0	0.0651088	0.0642067	0.0661033	0.0651089	0.0642067	0.0661033	0.0651088	0.0642067	0.0661033	0.0651089	0.0642067	0.0661033	1	1	10.5913	
9.6811	2	24	9.63909	2	24	9.63915	2	24	0	0	0	0.0700993	0.06919	0.0710567	0.0700991	0.0691867	0.0710567	0.0700993	0.06919	0.0710567	0.0700991	0.0691867	0.0710567	1	1	10.5833	
9.68178	2	24	9.63559	2	24	9.63565	2	24	0	0	0	0.0750704	0.0741733	0.0760867	0.0750703	0.07417	0.0760867	0.0750704	0.0741733	0.0760867	0.0750703	0.07417	0.0760867	1	1	10.5747	
9.68507	2	24	9.63428	2	24	9.63433	2	24	0	0	0	0.0800622	0.07906	0.0811233	0.0800622	0.0790567	0.0811233	0.0800622	0.07906	0.0811233	0.0800622	0.0790567	0.0811233	1	1	10.5681	
9.68737	2	24	9.63227	2	24	9.63233	2	24	0	0	0	0.0850491	0.0840467	0.08615	0.0850492	0.0840433	0.08615	0.0850491	0.0840467	0.08615	0.0850492	0.0840433	0.08615	1	1	10.5608	
9.69202	2	24	9.6321	2	24	9.63216	2	24	0	0	0	0.0900403	0.08904	0.0911	0.0900401	0.0890367	0.0911	0.0900403	0.08904	0.0911	0.0900401	0.0890367	0.0911	1	1	10.5547	
9.69674	2	24	9.63169	2	24	9.63174	2	24	0	0	0	0.0950421	0.0939633	0.09615	0.095042	0.09396	0.09615	0.0950421	0.0939633	0.09615	0.095042	0.09396	0.09615	1	1	10.5483	
9.7038	2	24	9.63309	2	24	9.63316	2	24	0	0	0	0.100013	0.0988367	0.101037	0.100014	0.0988333	0.101037	0.100013	0.0988367	0.101037	0.100014	0.0988333	0.101037	1	1	10.5435	
9.7099	2	25	9.63345	2	25	9.63351	2	25	0	0	0	0.105002	0.10396	0.106083	0.105002	0.103957	0.106083	0.105002	0.10396	0.106083	0.105002	0.103957	0.106083	1	1	10.5374	
9.71887	2	25	9.6362	2	25	9.63626	2	25	0	0	0	0.110025	0.108947	0.111093	0.110025	0.108943	0.111093	0.110025	0.108947	0.111093	0.110025	0.108943	0.111093	1	1	10.5332	
9.72896	2	26	9.63972	2	25	9.63978	2	25	0	0	0	0.115005	0.113947	0.116063	0.115005	0.113943	0.116063	0.115005	0.113947	0.116063	0.115005	0.113943	0.116063	1	1	10.5292	
9.73978	2	26	9.64355	2	26	9.6436	2	26	0	0	0	0.119998	0.118917	0.12105	0.119998	0.118917	0.12105	0.119998	0.118917	0.12105	0.119998	0.118917	0.12105	1	1	10.5252	
9.75109	2	27	9.64729	2	27	9.64735	2	27	0	0	0	0.124993	0.123957	0.126023	0.124993	0.123957	0.12602	0.124993	0.123957	0.126023	0.124993	0.123957	0.12602	1	1	10.5209	
9.76434	2	30	9.65273	2	27	9.65278	2	27	0	0	0	0.129989	0.128887	0.130963	0.129989	0.128887	0.130963	0.129989	0.128887	0.130963	0.129989	0.128887	0.130963	1	1	10.5178	
9.77955	2	31	9.65936	2	27	9.65941	2	27	0	0	0	0.134996	0.13394	0.136053	0.134996	0.133943	0.136053	0.134996	0.13394	0.136053	0.134996	0.133943	0.136053	1	1	10.515	
9.79648	2	31	9.66687	2	27	9.66692	2	27	0	0	0	0.139993	0.13878	0.140917	0.139994	0.138783	0.140917	0.139993	0.13878	0.140917	0.139994	0.138783	0.140917	1	1	10.5127	
9.81452	2	35	9.67535	2	27	9.6754	2	27	0	0	0	0.144979	0.143707	0.145863	0.14498	0.14371	0.14586	0.144979	0.143707	0.145863	0.14498	0.14371	0.14586	1	1	10.5106	
9.83458	2	38	9.68433	2	28	9.68438	2	28	0	0	0	0.149981	0.148657	0.151093	0.149982	0.14866	0.15109	0.149981	0.148657	0.151093	0.149982	0.14866	0.15109	1	1	10.5082	
9.85824	2	44	9.6961	2	28	9.69615	2	28	0	0	0	0.154962	0.1535	0.156267	0.154963	0.1535	0.156263	0.154962	0.1535	0.156267	0.154963	0.1535	0.156263	1	1	10.508	
9.88321	2	38	9.70835	2	29	9.70839	2	29	0	0	0	0.159973	0.158617	0.16114	0.159974	0.15862	0.16114	0.159973	0.158617	0.16114	0.159974	0.15862	0.16114	1	1	10.5063	
9.91087	2	42	9.72234	2	29	9.72239	2	29	0	0	0	0.164998	0.16344	0.166243	0.164999	0.163443	0.166247	0.164998	0.16344	0.166243	0.164999	0.163443	0.166247	1	1	10.5058	
9.9389	2	42	9.73626	2	31	9.7363	2	31	0	0	0	0.170007	0.168467	0.171367	0.170008	0.16847	0.171367	0.170007	0.168467	0.171367	0.170008	0.16847	0.171367	1	1	10.5038	
9.97305	2	57	9.75343	2	31	9.75347	2	31	0	0	0	0.175015	0.173497	0.17646	0.175016	0.1735	0.176467	0.175015	0.173497	0.17646	0.175016	0.1735	0.176467	1	1	10.5029	
10.0114	2	73	9.77387	2	32	9.7739	2	32	0	0	0	0.180034	0.178407	0.18157	0.180035	0.178407	0.181573	0.180034	0.178407	0.18157	0.180035	0.178407	0.181573	1	1	10.5024	
10.0554	2	73	9.79704	2	32	9.79708	2	32	0	0	0	0.185042	0.183203	0.186423	0.185042	0.183203	0.186427	0.185042	0.183203	0.186423	0.185042	0.183203	0.186427	1	1	10.5028	
10.1045	2	65	9.8225	2	33	9.82255	2	33	0	0	0	0.190052	0.188203	0.191317	0.190053	0.188203	0.19132	0.190052	0.188203	0.191317	0.190053	0.188203	0.19132	1	1	10.5023	
10.1622	2	77	9.85212	2	33	9.85216	2	33	0	0	0	0.195078	0.193557	0.196443	0.195078	0.193553	0.196447	0.195078	0.193557	0.196443	0.195078	0.193553	0.196447	1	1	10.5018	
10.227	2	68	9.88658	2	35	9.88661	2	35	0	0	0	0.200077	0.19841	0.20126	0.200077	0.198407	0.201263	0.200077	0.19841	0.20126	0.200077	0.198407	0.201263	1	1	10.5019	
10.304	2	87	9.92745	2	37	9.92749	2	37	0	0	0	0.20508	0.203317	0.206423	0.205081	0.203313	0.20642	0.20508	0.203317	0.206423	0.205081	0.203313	0.20642	1	1	10.5021	
10.3942	2	100	9.97747	2	41	9.97751	2	41	0	0	0	0.210069	0.20816	0.211343	0.21007	0.208157	0.21134	0.210069	0.20816	0.211343	0.21007	0.208157	0.21134	1	1	10.5029	
10.5043	2	91	10.0381	2	44	10.0381	2	44	0	0	0	0.215034	0.2131	0.21641	0.215034	0.213097	0.216407	0.215034	0.2131	0.21641	0.215034	0.213097	0.216407	1	1	10.5032	
10.6469	2	92	10.1164	2	50	10.1165	2	50	0	0	0	0.220027	0.217907	0.22134	0.220027	0.217903	0.22135	0.220027	0.217907	0.22134	0.220027	0.217903	0.22135	1	1	10.5037	
10.8293	2	111	10.2223	2	53	10.2223	2	53	0	0	0	0.225021	0.222973	0.226473	0.225021	0.22297	0.22647	0.225021	0.222973	0.226473	0.225021	0.22297	0.22647	1	1	10.5057	
11.0815	2	118	10.373	2	55	10.373	2	55	0	0	0	0.230021	0.22809	0.231733	0.230021	0.228087	0.23174	0.230021	0.22809	0.231733	0.230021	0.228087	0.23174	1	1	10.5077	
11.4593	2	127	10.6139	2	75	10.6139	2	75	0	0	0	0.235028	0.233103	0.23677	0.235028	0.2331	0.236777	0.235028	0.233103	0.23677	0.235028	0.2331	0.236777	1	1	10.5099	
12.0832	2	156	11.049	2	89	11.0491	2	89	0	0	0	0.240018	0.238197	0.241943	0.240017	0.238193	0.24195	0.240018	0.238197	0.241943	0.240017	0.238193	0.24195	1	1	10.5126	
13.6437	2	215	12.3043	2	135	12.3057	2	135	0	0	0	0.245024	0.242773	0.24693	0.245027	0.24277	0.246927	0.245024	0.242773	0.24693	0.245027	0.24277	0.246927	1	1	10.5147	
100.028	2	1754	98.1151	2	1754	98.1602	2	1754	0	0	0	0.24997	0.248531	0.251476	0.249943	0.248533	0.25147	0.24997	0.248531	0.251476	0.249943	0.248533	0.25147	1	1	10.5167	
1649.51	2	20435	1646.47	2	20435	1676.86	2	20817	0	0	0	0.25498	0.253557	0.256451	0.254327	0.249106	0.256446	0.25498	0.253557	0.256451	0.254327	0.249106	0.256446	1	1	10.5202	
