10.7979	8	18	10.7976	8	18	10.7977	8	18	0	0	0	0.00499391	0.00472	0.00529667	0.00499396	0.00472	0.00529667	0.00499391	0.00472	0.00529667	0.00499396	0.00472	0.00529667	1	1	11.7971	
10.8061	8	22	10.8054	8	22	10.8054	8	22	0	0	0	0.0100062	0.00967333	0.0105533	0.010006	0.00967	0.0105533	0.0100062	0.00967333	0.0105533	0.010006	0.00967	0.0105533	1	1	11.8043	
10.8151	8	30	10.8134	8	30	10.8134	8	30	0	0	0	0.0150311	0.0147333	0.0154867	0.015031	0.0147333	0.01549	0.0150311	0.0147333	0.0154867	0.015031	0.0147333	0.01549	1	1	11.8119	
10.8181	8	30	10.8151	8	30	10.8151	8	30	0	0	0	0.020063	0.01956	0.0207733	0.020063	0.01956	0.0207767	0.020063	0.01956	0.0207733	0.020063	0.01956	0.0207767	1	1	11.8131	
10.8209	8	30	10.816	8	30	10.8161	8	30	0	0	0	0.0250671	0.0246267	0.02574	0.025067	0.0246233	0.0257433	0.0250671	0.0246267	0.02574	0.025067	0.0246233	0.0257433	1	1	11.8135	
10.8238	8	30	10.8169	8	30	10.8169	8	30	0	0	0	0.0300682	0.02952	0.0307533	0.030068	0.0295233	0.0307567	0.0300682	0.02952	0.0307533	0.030068	0.0295233	0.0307567	1	1	11.8139	
10.8283	8	30	10.8188	8	30	10.8188	8	30	0	0	0	0.0350706	0.03449	0.03577	0.0350704	0.0344933	0.0357767	0.0350706	0.03449	0.03577	0.0350704	0.0344933	0.0357767	1	1	11.8153	
10.8329	8	30	10.8203	8	30	10.8204	8	30	0	0	0	0.0400941	0.0393233	0.0409733	0.0400938	0.0393267	0.04098	0.0400941	0.0393233	0.0409733	0.0400938	0.0393267	0.04098	1	1	11.8164	
10.8369	6	30	10.821	6	30	10.8211	6	30	0	0	0	0.0450691	0.0443367	0.0459767	0.0450689	0.04434	0.04597	0.0450691	0.0443367	0.0459767	0.0450689	0.04434	0.04597	1	1	11.8165	
10.8435	6	30	10.824	6	30	10.8241	6	30	0	0	0	0.050078	0.0492567	0.05102	0.0500778	0.04926	0.0510167	0.050078	0.0492567	0.05102	0.0500778	0.04926	0.0510167	1	1	11.8188	
10.8497	6	30	10.8259	6	30	10.826	6	30	0	0	0	0.055088	0.0542567	0.05612	0.0550877	0.05426	0.0561167	0.055088	0.0542567	0.05612	0.0550877	0.05426	0.0561167	1	1	11.8202	
10.8563	6	30	10.8279	6	30	10.828	6	30	0	0	0	0.0600776	0.05914	0.0611567	0.0600776	0.05914	0.0611567	0.0600776	0.05914	0.0611567	0.0600776	0.05914	0.0611567	1	1	11.8217	
10.8628	6	30	10.8293	6	30	10.8293	6	30	0	0	0	0.0651088	0.0642067	0.0661033	0.065109	0.0642067	0.0661033	0.0651088	0.0642067	0.0661033	0.065109	0.0642067	0.0661033	1	1	11.8224	
10.8711	6	30	10.832	6	30	10.832	6	30	0	0	0	0.0700993	0.06919	0.0710567	0.0700994	0.0691833	0.0710567	0.0700993	0.06919	0.0710567	0.0700994	0.0691833	0.0710567	1	1	11.8244	
10.8793	6	30	10.8338	6	30	10.8339	6	30	0	0	0	0.0750704	0.0741733	0.0760867	0.0750706	0.07417	0.0760867	0.0750704	0.0741733	0.0760867	0.0750706	0.07417	0.0760867	1	1	11.8256	
10.8893	6	30	10.8369	6	30	10.8369	6	30	0	0	0	0.0800622	0.07906	0.0811233	0.0800626	0.0790533	0.0811233	0.0800622	0.07906	0.0811233	0.0800626	0.0790533	0.0811233	1	1	11.8281	
10.8997	6	34	10.8398	6	34	10.8398	6	34	0	0	0	0.0850491	0.0840467	0.08615	0.0850497	0.08404	0.08615	0.0850491	0.0840467	0.08615	0.0850497	0.08404	0.08615	1	1	11.8301	
10.9104	6	30	10.8423	6	30	10.8423	6	30	0	0	0	0.0900403	0.08904	0.0911	0.0900405	0.0890333	0.0911	0.0900403	0.08904	0.0911	0.0900405	0.0890333	0.0911	1	1	11.8319	
10.922	6	30	10.8447	6	30	10.8447	6	30	0	0	0	0.0950421	0.0939633	0.09615	0.0950425	0.0939567	0.09615	0.0950421	0.0939633	0.09615	0.0950425	0.0939567	0.09615	1	1	11.8335	
10.9353	6	30	10.8481	6	30	10.8481	6	30	0	0	0	0.100013	0.0988367	0.101037	0.100014	0.09883	0.101037	0.100013	0.0988367	0.101037	0.100014	0.09883	0.101037	1	1	11.8361	
10.949	6	34	10.851	6	34	10.851	6	34	0	0	0	0.105002	0.10396	0.106083	0.105002	0.103953	0.106087	0.105002	0.10396	0.106083	0.105002	0.103953	0.106087	1	1	11.8381	
10.964	6	34	10.8541	6	34	10.8541	6	34	0	0	0	0.110025	0.108947	0.111093	0.110025	0.10894	0.111097	0.110025	0.108947	0.111093	0.110025	0.10894	0.111097	1	1	11.8403	
10.9806	6	34	10.8572	6	34	10.8572	6	34	0	0	0	0.115005	0.113947	0.116063	0.115006	0.11394	0.116067	0.115005	0.113947	0.116063	0.115006	0.11394	0.116067	1	1	11.8425	
10.9993	6	34	10.8613	6	34	10.8613	6	34	0	0	0	0.119998	0.118917	0.12105	0.119998	0.118913	0.121053	0.119998	0.118917	0.12105	0.119998	0.118913	0.121053	1	1	11.8455	
11.019	6	34	10.8645	6	34	10.8645	6	34	0	0	0	0.124993	0.123957	0.126023	0.124994	0.123953	0.126023	0.124993	0.123957	0.126023	0.124994	0.123953	0.126023	1	1	11.8478	
11.0408	6	34	10.868	6	34	10.868	6	34	0	0	0	0.129989	0.128887	0.130963	0.129989	0.128883	0.130967	0.129989	0.128887	0.130963	0.129989	0.128883	0.130967	1	1	11.8503	
11.0649	6	34	10.872	6	34	10.8721	6	34	0	0	0	0.134996	0.13394	0.136053	0.134997	0.13394	0.136057	0.134996	0.13394	0.136053	0.134997	0.13394	0.136057	1	1	11.8531	
11.0918	6	36	10.8766	6	36	10.8766	6	36	0	0	0	0.139993	0.13878	0.140917	0.139994	0.13878	0.14092	0.139993	0.13878	0.140917	0.139994	0.13878	0.14092	1	1	11.8564	
11.1212	6	34	10.8809	6	34	10.8809	6	34	0	0	0	0.144979	0.143707	0.145863	0.14498	0.143707	0.14586	0.144979	0.143707	0.145863	0.14498	0.143707	0.14586	1	1	11.8595	
11.1541	6	35	10.8853	6	34	10.8853	6	34	0	0	0	0.149981	0.148657	0.151093	0.149982	0.148657	0.15109	0.149981	0.148657	0.151093	0.149982	0.148657	0.15109	1	1	11.8625	
11.1907	6	34	10.8903	6	34	10.8903	6	34	0	0	0	0.154962	0.1535	0.156267	0.154963	0.1535	0.156263	0.154962	0.1535	0.156267	0.154963	0.1535	0.156263	1	1	11.8661	
11.2319	6	35	10.8958	6	35	10.8958	6	35	0	0	0	0.159973	0.158617	0.16114	0.159974	0.158617	0.16114	0.159973	0.158617	0.16114	0.159974	0.158617	0.16114	1	1	11.87	
11.2779	6	46	10.9009	6	46	10.9009	6	46	0	0	0	0.164998	0.16344	0.166243	0.164999	0.16344	0.166247	0.164998	0.16344	0.166243	0.164999	0.16344	0.166247	1	1	11.8736	
11.3323	6	49	10.9066	6	46	10.9067	6	46	0	0	0	0.170007	0.168467	0.171367	0.170008	0.168467	0.171367	0.170007	0.168467	0.171367	0.170008	0.168467	0.171367	1	1	11.8775	
11.394	6	46	10.9126	6	46	10.9126	6	46	0	0	0	0.175015	0.173497	0.17646	0.175016	0.173497	0.176467	0.175015	0.173497	0.17646	0.175016	0.173497	0.176467	1	1	11.8818	
11.4645	6	58	10.9188	6	46	10.9188	6	46	0	0	0	0.180034	0.178407	0.18157	0.180036	0.178407	0.181573	0.180034	0.178407	0.18157	0.180036	0.178407	0.181573	1	1	11.8861	
11.546	6	59	10.9248	6	46	10.9248	6	46	0	0	0	0.185042	0.183203	0.186423	0.185043	0.183203	0.186427	0.185042	0.183203	0.186423	0.185043	0.183203	0.186427	1	1	11.8901	
11.6425	6	59	10.931	6	51	10.931	6	51	0	0	0	0.190052	0.188203	0.191317	0.190054	0.188203	0.19132	0.190052	0.188203	0.191317	0.190054	0.188203	0.19132	1	1	11.8943	
11.7546	6	62	10.9374	6	51	10.9374	6	51	0	0	0	0.195078	0.193557	0.196443	0.195079	0.193557	0.196447	0.195078	0.193557	0.196443	0.195079	0.193557	0.196447	1	1	11.8984	
11.9	6	69	10.9441	6	51	10.9441	6	51	0	0	0	0.200077	0.19841	0.20126	0.200078	0.198407	0.201263	0.200077	0.19841	0.20126	0.200078	0.198407	0.201263	1	1	11.9027	
12.0772	6	66	10.9518	6	51	10.9519	6	51	0	0	0	0.20508	0.203317	0.206423	0.205081	0.203313	0.20642	0.20508	0.203317	0.206423	0.205081	0.203313	0.20642	1	1	11.9078	
12.2974	6	74	10.9597	6	50	10.9597	6	50	0	0	0	0.210069	0.20816	0.211343	0.21007	0.208157	0.211343	0.210069	0.20816	0.211343	0.21007	0.208157	0.211343	1	1	11.9129	
12.596	6	79	10.9671	6	62	10.9671	6	62	0	0	0	0.215034	0.2131	0.21641	0.215034	0.213097	0.21641	0.215034	0.2131	0.21641	0.215034	0.213097	0.21641	1	1	11.9174	
12.9914	6	93	10.9749	6	62	10.9749	6	62	0	0	0	0.220027	0.217907	0.22134	0.220027	0.217903	0.221367	0.220027	0.217907	0.22134	0.220027	0.217903	0.221367	1	1	11.9223	
13.5591	6	115	10.9835	6	62	10.9835	6	62	0	0	0	0.225021	0.222973	0.226473	0.22502	0.22297	0.226473	0.225021	0.222973	0.226473	0.22502	0.22297	0.226473	1	1	11.9277	
14.4144	6	179	10.9923	6	62	10.9923	6	62	0	0	0	0.230021	0.22809	0.231733	0.23002	0.228087	0.231747	0.230021	0.22809	0.231733	0.23002	0.228087	0.231747	1	1	11.9332	
15.8537	6	205	11.0013	6	62	11.0013	6	62	0	0	0	0.235028	0.233103	0.23677	0.235027	0.2331	0.236783	0.235028	0.233103	0.23677	0.235027	0.2331	0.236783	1	1	11.9386	
19.0621	6	300	11.0114	6	62	11.0113	6	62	0	0	0	0.240018	0.238197	0.241943	0.240017	0.23819	0.241947	0.240018	0.238197	0.241943	0.240017	0.23819	0.241947	1	1	11.9446	
152.785	6	9023	11.0225	6	66	11.0222	6	66	0	0	0	0.244976	0.243694	0.246424	0.24495	0.24352	0.246421	0.244976	0.243694	0.246424	0.24495	0.24352	0.246421	1	1	11.9514	
2451.29	6	72050	11.0336	6	66	11.0296	6	66	0	0	0	0.24997	0.248531	0.251476	0.2491	0.232213	0.251473	0.24997	0.248531	0.251476	0.2491	0.232213	0.251473	1	1	11.9579	
