9.12139	1	22	9.12131	1	22	9.12127	1	22	0	0	0	0.00499391	0.00472	0.00529667	0.00499391	0.00471667	0.00522667	0.00499391	0.00472	0.00529667	0.00499391	0.00471667	0.00522667	1	1	10.1208	
9.11476	1	26	9.11462	1	26	9.11466	1	26	0	0	0	0.0100062	0.00967333	0.0105533	0.010006	0.00945333	0.0104833	0.0100062	0.00967333	0.0105533	0.010006	0.00945333	0.0104833	1	1	10.1136	
9.11928	1	22	9.11902	1	22	9.11912	1	22	0	0	0	0.0150311	0.0147333	0.0154867	0.0150308	0.0145267	0.0155167	0.0150311	0.0147333	0.0154867	0.0150308	0.0145267	0.0155167	1	1	10.1175	
9.12198	1	26	9.12165	1	26	9.12172	1	26	0	0	0	0.020063	0.01956	0.0207733	0.0200628	0.0196233	0.02067	0.020063	0.01956	0.0207733	0.0200628	0.0196233	0.02067	1	1	10.1194	
9.1045	1	29	9.10403	1	29	9.10408	1	29	0	0	0	0.0250671	0.0246267	0.02574	0.0250667	0.0243533	0.02574	0.0250671	0.0246267	0.02574	0.0250667	0.0243533	0.02574	1	1	10.1012	
9.11588	1	28	9.11535	1	28	9.11551	1	28	0	0	0	0.0300682	0.02952	0.0307533	0.0300679	0.02915	0.0307533	0.0300682	0.02952	0.0307533	0.0300679	0.02915	0.0307533	1	1	10.112	
9.1196	1	31	9.11898	1	31	9.11908	1	31	0	0	0	0.0350706	0.03449	0.03577	0.0350701	0.0342967	0.0357467	0.0350706	0.03449	0.03577	0.0350701	0.0342967	0.0357467	1	1	10.1151	
9.11443	1	28	9.11364	1	28	9.11361	1	28	0	0	0	0.0400941	0.0393233	0.0409733	0.0400935	0.0392633	0.0410633	0.0400941	0.0393233	0.0409733	0.0400935	0.0392633	0.0410633	1	1	10.109	
9.1167	1	29	9.11585	1	29	9.11585	1	29	0	0	0	0.0450691	0.0443367	0.0459767	0.0450685	0.0440967	0.0460667	0.0450691	0.0443367	0.0459767	0.0450685	0.0440967	0.0460667	1	1	10.1107	
9.11977	1	34	9.11882	1	34	9.11883	1	34	0	0	0	0.050078	0.0492567	0.05102	0.0500777	0.0489867	0.0509467	0.050078	0.0492567	0.05102	0.0500777	0.0489867	0.0509467	1	1	10.1129	
9.11638	1	31	9.11529	1	31	9.11537	1	31	0	0	0	0.055088	0.0542567	0.05612	0.0550877	0.05382	0.0564	0.055088	0.0542567	0.05612	0.0550877	0.05382	0.0564	1	1	10.1088	
9.11625	1	32	9.1151	1	32	9.11519	1	32	0	0	0	0.0600776	0.05914	0.0611567	0.0600773	0.0591367	0.0608933	0.0600776	0.05914	0.0611567	0.0600773	0.0591367	0.0608933	1	1	10.1081	
9.1191	1	34	9.11784	1	34	9.1179	1	34	0	0	0	0.0651088	0.0642067	0.0661033	0.0651089	0.0641733	0.0659533	0.0651088	0.0642067	0.0661033	0.0651089	0.0641733	0.0659533	1	1	10.11	
9.12296	1	32	9.12161	1	32	9.12163	1	32	0	0	0	0.0700993	0.06919	0.0710567	0.070099	0.0692367	0.07124	0.0700993	0.06919	0.0710567	0.070099	0.0692367	0.07124	1	1	10.1131	
9.12201	1	34	9.12052	1	34	9.12059	1	34	0	0	0	0.0750704	0.0741733	0.0760867	0.0750704	0.0738833	0.0761033	0.0750704	0.0741733	0.0760867	0.0750704	0.0738833	0.0761033	1	1	10.1113	
9.12844	1	32	9.12687	1	32	9.1269	1	32	0	0	0	0.0800622	0.07906	0.0811233	0.0800618	0.0790433	0.0811033	0.0800622	0.07906	0.0811233	0.0800618	0.0790433	0.0811033	1	1	10.1168	
9.12498	1	34	9.12324	1	34	9.12328	1	34	0	0	0	0.0850491	0.0840467	0.08615	0.0850491	0.0842133	0.0862	0.0850491	0.0840467	0.08615	0.0850491	0.0842133	0.0862	1	1	10.1125	
9.12522	1	33	9.12335	1	33	9.12343	1	33	0	0	0	0.0900403	0.08904	0.0911	0.0900397	0.08875	0.0909933	0.0900403	0.08904	0.0911	0.0900397	0.08875	0.0909933	1	1	10.112	
9.12429	1	33	9.12231	1	33	9.12237	1	33	0	0	0	0.0950421	0.0939633	0.09615	0.0950417	0.09368	0.0964133	0.0950421	0.0939633	0.09615	0.0950417	0.09368	0.0964133	1	1	10.1103	
9.13094	1	36	9.12882	1	36	9.12888	1	36	0	0	0	0.100013	0.0988367	0.101037	0.100013	0.0987633	0.10135	0.100013	0.0988367	0.101037	0.100013	0.0987633	0.10135	1	1	10.116	
9.12663	1	34	9.12446	1	34	9.12451	1	34	0	0	0	0.105002	0.10396	0.106083	0.105002	0.103513	0.10633	0.105002	0.10396	0.106083	0.105002	0.103513	0.10633	1	1	10.1109	
9.13089	1	34	9.12845	1	34	9.12854	1	34	0	0	0	0.110025	0.108947	0.111093	0.110025	0.108107	0.111597	0.110025	0.108947	0.111093	0.110025	0.108107	0.111597	1	1	10.114	
9.12925	1	36	9.12681	1	36	9.12689	1	36	0	0	0	0.115005	0.113947	0.116063	0.115005	0.1141	0.116207	0.115005	0.113947	0.116063	0.115005	0.1141	0.116207	1	1	10.1118	
9.13577	1	35	9.13318	1	35	9.13328	1	35	0	0	0	0.119998	0.118917	0.12105	0.119998	0.118703	0.121427	0.119998	0.118917	0.12105	0.119998	0.118703	0.121427	1	1	10.1172	
9.13588	1	35	9.13308	1	35	9.13315	1	35	0	0	0	0.124993	0.123957	0.126023	0.124993	0.12373	0.126493	0.124993	0.123957	0.126023	0.124993	0.12373	0.126493	1	1	10.1161	
9.13257	1	38	9.12965	1	38	9.1297	1	38	0	0	0	0.129989	0.128887	0.130963	0.129989	0.12835	0.13113	0.129989	0.128887	0.130963	0.129989	0.12835	0.13113	1	1	10.1117	
9.1384	1	36	9.13531	1	36	9.13534	1	36	0	0	0	0.134996	0.13394	0.136053	0.134996	0.132933	0.136693	0.134996	0.13394	0.136053	0.134996	0.132933	0.136693	1	1	10.1169	
9.13846	1	39	9.13518	1	39	9.13526	1	39	0	0	0	0.139993	0.13878	0.140917	0.139994	0.13829	0.141893	0.139993	0.13878	0.140917	0.139994	0.13829	0.141893	1	1	10.1158	
9.1401	1	41	9.13667	1	41	9.13672	1	41	0	0	0	0.144979	0.143707	0.145863	0.14498	0.143657	0.146507	0.144979	0.143707	0.145863	0.14498	0.143657	0.146507	1	1	10.1163	
9.14028	1	38	9.13682	1	38	9.13692	1	38	0	0	0	0.149981	0.148657	0.151093	0.149981	0.14865	0.151907	0.149981	0.148657	0.151093	0.149981	0.14865	0.151907	1	1	10.1155	
9.14419	1	36	9.14042	1	36	9.1405	1	36	0	0	0	0.154962	0.1535	0.156267	0.154963	0.153323	0.15623	0.154962	0.1535	0.156267	0.154963	0.153323	0.15623	1	1	10.1185	
9.14447	1	36	9.14064	1	36	9.1407	1	36	0	0	0	0.159973	0.158617	0.16114	0.159973	0.15876	0.162183	0.159973	0.158617	0.16114	0.159973	0.15876	0.162183	1	1	10.1178	
9.15066	1	42	9.1465	1	42	9.14657	1	42	0	0	0	0.164998	0.16344	0.166243	0.164998	0.163397	0.166963	0.164998	0.16344	0.166243	0.164998	0.163397	0.166963	1	1	10.1228	
9.15368	1	39	9.14938	1	39	9.14946	1	39	0	0	0	0.170007	0.168467	0.171367	0.170007	0.168247	0.171927	0.170007	0.168467	0.171367	0.170007	0.168247	0.171927	1	1	10.1245	
9.15419	1	35	9.14976	1	35	9.14983	1	35	0	0	0	0.175015	0.173497	0.17646	0.175016	0.172533	0.176873	0.175015	0.173497	0.17646	0.175016	0.172533	0.176873	1	1	10.124	
9.15853	1	41	9.15396	1	41	9.15404	1	41	0	0	0	0.180034	0.178407	0.18157	0.180036	0.177577	0.181467	0.180034	0.178407	0.18157	0.180036	0.177577	0.181467	1	1	10.1274	
9.16189	1	39	9.157	1	39	9.15707	1	39	0	0	0	0.185042	0.183203	0.186423	0.185042	0.183467	0.18655	0.185042	0.183203	0.186423	0.185042	0.183467	0.18655	1	1	10.1295	
9.16758	1	38	9.16255	1	38	9.16262	1	38	0	0	0	0.190052	0.188203	0.191317	0.190053	0.18816	0.19162	0.190052	0.188203	0.191317	0.190053	0.18816	0.19162	1	1	10.134	
9.1717	1	40	9.16631	1	40	9.16641	1	40	0	0	0	0.195078	0.193557	0.196443	0.195079	0.192843	0.196973	0.195078	0.193557	0.196443	0.195079	0.192843	0.196973	1	1	10.1366	
9.17562	1	40	9.17014	1	40	9.17022	1	40	0	0	0	0.200077	0.19841	0.20126	0.200078	0.197993	0.202747	0.200077	0.19841	0.20126	0.200078	0.197993	0.202747	1	1	10.1394	
9.17742	1	39	9.17182	1	39	9.17187	1	39	0	0	0	0.20508	0.203317	0.206423	0.205081	0.20336	0.20681	0.20508	0.203317	0.206423	0.205081	0.20336	0.20681	1	1	10.1401	
9.18175	1	40	9.17583	1	40	9.17591	1	40	0	0	0	0.210069	0.20816	0.211343	0.21007	0.20815	0.21225	0.210069	0.20816	0.211343	0.21007	0.20815	0.21225	1	1	10.1427	
9.18463	1	44	9.1784	1	44	9.17845	1	44	0	0	0	0.215034	0.2131	0.21641	0.215033	0.21312	0.21702	0.215034	0.2131	0.21641	0.215033	0.21312	0.21702	1	1	10.1445	
9.18698	1	40	9.18047	1	40	9.18052	1	40	0	0	0	0.220027	0.217907	0.22134	0.220027	0.217693	0.222263	0.220027	0.217907	0.22134	0.220027	0.217693	0.222263	1	1	10.1459	
9.19558	1	41	9.18887	1	41	9.18891	1	41	0	0	0	0.225021	0.222973	0.226473	0.22502	0.221983	0.22655	0.225021	0.222973	0.226473	0.22502	0.221983	0.22655	1	1	10.153	
9.19826	1	41	9.19128	1	41	9.19136	1	41	0	0	0	0.230021	0.22809	0.231733	0.230021	0.22783	0.231963	0.230021	0.22809	0.231733	0.230021	0.22783	0.231963	1	1	10.1544	
9.20144	1	39	9.19414	1	39	9.1942	1	39	0	0	0	0.235028	0.233103	0.23677	0.235028	0.23281	0.23689	0.235028	0.233103	0.23677	0.235028	0.23281	0.23689	1	1	10.1561	
9.20412	1	39	9.19654	1	39	9.19657	1	39	0	0	0	0.240018	0.238197	0.241943	0.240017	0.238067	0.241483	0.240018	0.238197	0.241943	0.240017	0.238067	0.241483	1	1	10.1576	
9.20689	1	41	9.19906	1	41	9.19913	1	41	0	0	0	0.245024	0.242773	0.24693	0.245024	0.243093	0.24764	0.245024	0.242773	0.24693	0.245024	0.243093	0.24764	1	1	10.1591	
9.2144	1	42	9.20629	1	42	9.20635	1	42	0	0	0	0.250034	0.247733	0.252193	0.250033	0.24715	0.2518	0.250034	0.247733	0.252193	0.250033	0.24715	0.2518	1	1	10.1649	
9.21814	1	42	9.20958	1	42	9.20967	1	42	0	0	0	0.255015	0.25275	0.257127	0.255015	0.253107	0.25739	0.255015	0.25275	0.257127	0.255015	0.253107	0.25739	1	1	10.167	
9.22449	1	41	9.21567	1	41	9.21576	1	41	0	0	0	0.260024	0.257637	0.262147	0.260025	0.25776	0.262627	0.260024	0.257637	0.262147	0.260025	0.25776	0.262627	1	1	10.1721	
9.23077	1	42	9.22145	1	42	9.2215	1	42	0	0	0	0.265017	0.262427	0.26717	0.265017	0.26247	0.267103	0.265017	0.262427	0.26717	0.265017	0.26247	0.267103	1	1	10.1764	
9.23212	1	46	9.22255	1	46	9.22263	1	46	0	0	0	0.270019	0.26732	0.27215	0.270019	0.26814	0.27242	0.270019	0.26732	0.27215	0.270019	0.26814	0.27242	1	1	10.1765	
9.23725	1	40	9.22751	1	40	9.22762	1	40	0	0	0	0.275021	0.272227	0.277133	0.275021	0.272943	0.277543	0.275021	0.272227	0.277133	0.275021	0.272943	0.277543	1	1	10.1805	
9.24099	1	44	9.23062	1	44	9.23069	1	44	0	0	0	0.280024	0.27711	0.28227	0.280024	0.278147	0.282113	0.280024	0.27711	0.28227	0.280024	0.278147	0.282113	1	1	10.1821	
9.2487	1	42	9.23822	1	42	9.2383	1	42	0	0	0	0.284984	0.28202	0.2873	0.284984	0.282297	0.288273	0.284984	0.28202	0.2873	0.284984	0.282297	0.288273	1	1	10.1883	
9.25378	1	43	9.24281	1	43	9.2429	1	43	0	0	0	0.290004	0.28696	0.292427	0.290004	0.28735	0.292967	0.290004	0.28696	0.292427	0.290004	0.28735	0.292967	1	1	10.1919	
9.25921	1	42	9.24793	1	42	9.24799	1	42	0	0	0	0.295023	0.291793	0.297347	0.295023	0.292627	0.297247	0.295023	0.291793	0.297347	0.295023	0.292627	0.297247	1	1	10.1954	
9.26493	1	40	9.25311	1	40	9.25318	1	40	0	0	0	0.300015	0.296733	0.302347	0.300014	0.298047	0.30208	0.300015	0.296733	0.302347	0.300014	0.298047	0.30208	1	1	10.1995	
9.27431	1	42	9.26199	1	42	9.26206	1	42	0	0	0	0.30501	0.301723	0.30717	0.305011	0.302953	0.307363	0.30501	0.301723	0.30717	0.305011	0.302953	0.307363	1	1	10.2066	
9.28072	1	41	9.26804	1	41	9.26815	1	41	0	0	0	0.310018	0.306597	0.3122	0.310018	0.306847	0.312293	0.310018	0.306597	0.3122	0.310018	0.306847	0.312293	1	1	10.2118	
9.28247	1	43	9.26935	1	43	9.26941	1	43	0	0	0	0.314986	0.311583	0.31721	0.314986	0.312713	0.317177	0.314986	0.311583	0.31721	0.314986	0.312713	0.317177	1	1	10.2118	
9.293	1	45	9.27917	1	45	9.27923	1	45	0	0	0	0.319994	0.316567	0.322197	0.319995	0.31683	0.322777	0.319994	0.316567	0.322197	0.319995	0.31683	0.322777	1	1	10.2203	
9.29643	1	42	9.28238	1	42	9.28243	1	42	0	0	0	0.325005	0.321523	0.327163	0.325006	0.322047	0.327307	0.325005	0.321523	0.327163	0.325006	0.322047	0.327307	1	1	10.2221	
9.30296	1	43	9.28834	1	43	9.28841	1	43	0	0	0	0.329995	0.326493	0.332253	0.329995	0.327847	0.33277	0.329995	0.326493	0.332253	0.329995	0.327847	0.33277	1	1	10.2267	
9.30835	1	43	9.29311	1	43	9.29316	1	43	0	0	0	0.334995	0.331413	0.337203	0.334995	0.332853	0.337143	0.334995	0.331413	0.337203	0.334995	0.332853	0.337143	1	1	10.2299	
9.31857	1	43	9.30264	1	43	9.30268	1	43	0	0	0	0.340001	0.336503	0.34213	0.340002	0.337977	0.34263	0.340001	0.336503	0.34213	0.340002	0.337977	0.34263	1	1	10.2381	
9.324	1	44	9.30768	1	44	9.30775	1	44	0	0	0	0.344977	0.34145	0.347093	0.344978	0.342753	0.347317	0.344977	0.34145	0.347093	0.344978	0.342753	0.347317	1	1	10.2419	
9.32964	1	46	9.31259	1	46	9.31268	1	46	0	0	0	0.349965	0.34621	0.35204	0.349966	0.347703	0.352377	0.349965	0.34621	0.35204	0.349966	0.347703	0.352377	1	1	10.245	
9.33675	1	41	9.31925	1	41	9.31934	1	41	0	0	0	0.354962	0.351113	0.35706	0.354963	0.352413	0.357177	0.354962	0.351113	0.35706	0.354963	0.352413	0.357177	1	1	10.2505	
9.34506	1	51	9.32682	1	51	9.32687	1	51	0	0	0	0.359946	0.356217	0.362117	0.359947	0.356223	0.36249	0.359946	0.356217	0.362117	0.359947	0.356223	0.36249	1	1	10.2564	
9.35372	1	44	9.33472	1	44	9.33484	1	44	0	0	0	0.364961	0.361297	0.367087	0.364961	0.362453	0.36773	0.364961	0.361297	0.367087	0.364961	0.362453	0.36773	1	1	10.2627	
9.35716	1	43	9.33758	1	43	9.33766	1	43	0	0	0	0.369962	0.36614	0.37218	0.369963	0.366787	0.37264	0.369962	0.36614	0.37218	0.369963	0.366787	0.37264	1	1	10.2641	
9.36649	1	49	9.3461	1	49	9.34618	1	49	0	0	0	0.374957	0.371073	0.37707	0.374957	0.372443	0.37817	0.374957	0.371073	0.37707	0.374957	0.372443	0.37817	1	1	10.271	
9.37708	1	46	9.35608	1	46	9.35617	1	46	0	0	0	0.379938	0.37607	0.382213	0.379938	0.37747	0.382663	0.379938	0.37607	0.382213	0.379938	0.37747	0.382663	1	1	10.279	
9.38105	1	53	9.35934	1	53	9.35937	1	53	0	0	0	0.384944	0.381013	0.387093	0.384944	0.382637	0.387623	0.384944	0.381013	0.387093	0.384944	0.382637	0.387623	1	1	10.2812	
9.38996	1	45	9.3674	1	45	9.36747	1	45	0	0	0	0.389928	0.385823	0.39206	0.389928	0.387017	0.39229	0.389928	0.385823	0.39206	0.389928	0.387017	0.39229	1	1	10.2874	
9.39861	1	46	9.37502	1	46	9.37513	1	46	0	0	0	0.394923	0.390957	0.39708	0.394923	0.391783	0.397483	0.394923	0.390957	0.39708	0.394923	0.391783	0.397483	1	1	10.2931	
9.40779	1	45	9.38343	1	45	9.38352	1	45	0	0	0	0.399943	0.395987	0.40203	0.399943	0.397153	0.402843	0.399943	0.395987	0.40203	0.399943	0.397153	0.402843	1	1	10.3002	
9.41526	1	44	9.38975	1	44	9.38983	1	44	0	0	0	0.404934	0.400923	0.407463	0.404933	0.402653	0.40675	0.404934	0.400923	0.407463	0.404933	0.402653	0.40675	1	1	10.3046	
9.42429	1	45	9.39783	1	45	9.39789	1	45	0	0	0	0.409933	0.406057	0.412473	0.409933	0.40711	0.412097	0.409933	0.406057	0.412473	0.409933	0.40711	0.412097	1	1	10.3115	
9.43326	1	46	9.40612	1	46	9.4062	1	46	0	0	0	0.414948	0.410933	0.41741	0.414948	0.41217	0.417667	0.414948	0.410933	0.41741	0.414948	0.41217	0.417667	1	1	10.317	
9.44076	1	43	9.41259	1	43	9.4127	1	43	0	0	0	0.419968	0.415927	0.422297	0.419968	0.418167	0.422097	0.419968	0.415927	0.422297	0.419968	0.418167	0.422097	1	1	10.323	
9.44974	1	47	9.42069	1	47	9.42075	1	47	0	0	0	0.424933	0.420963	0.427083	0.424932	0.421927	0.427873	0.424933	0.420963	0.427083	0.424932	0.421927	0.427873	1	1	10.3284	
9.4612	1	46	9.43067	1	46	9.43073	1	46	0	0	0	0.429919	0.42584	0.43224	0.429916	0.42707	0.432883	0.429919	0.42584	0.43224	0.429916	0.42707	0.432883	1	1	10.3369	
9.47267	1	52	9.44131	1	52	9.44139	1	52	0	0	0	0.4349	0.430777	0.437183	0.4349	0.432207	0.437377	0.4349	0.430777	0.437183	0.4349	0.432207	0.437377	1	1	10.3453	
9.48035	1	45	9.44765	1	45	9.44774	1	45	0	0	0	0.439918	0.435807	0.442153	0.439918	0.43751	0.442557	0.439918	0.435807	0.442153	0.439918	0.43751	0.442557	1	1	10.3501	
9.48686	1	46	9.45308	1	46	9.45316	1	46	0	0	0	0.444945	0.440747	0.447317	0.444944	0.442707	0.44771	0.444945	0.440747	0.447317	0.444944	0.442707	0.44771	1	1	10.3539	
9.4988	1	49	9.46358	1	49	9.46364	1	49	0	0	0	0.449951	0.445773	0.452347	0.44995	0.44754	0.452567	0.449951	0.445773	0.452347	0.44995	0.44754	0.452567	1	1	10.3621	
9.5083	1	49	9.47213	1	49	9.47218	1	49	0	0	0	0.454952	0.45091	0.45769	0.454951	0.45133	0.45789	0.454952	0.45091	0.45769	0.454951	0.45133	0.45789	1	1	10.3691	
9.51617	1	45	9.47861	1	45	9.4787	1	45	0	0	0	0.459963	0.455857	0.462693	0.459962	0.457767	0.461953	0.459963	0.455857	0.462693	0.459962	0.457767	0.461953	1	1	10.3736	
9.52956	1	50	9.49066	1	50	9.49075	1	50	0	0	0	0.464999	0.46081	0.467627	0.464998	0.462797	0.468063	0.464999	0.46081	0.467627	0.464998	0.462797	0.468063	1	1	10.3832	
9.54096	1	45	9.50026	1	45	9.50032	1	45	0	0	0	0.470001	0.46574	0.4725	0.47	0.466767	0.472517	0.470001	0.46574	0.4725	0.47	0.466767	0.472517	1	1	10.3911	
9.54914	1	50	9.50689	1	50	9.50698	1	50	0	0	0	0.47498	0.4707	0.477357	0.47498	0.47215	0.47709	0.47498	0.4707	0.477357	0.47498	0.47215	0.47709	1	1	10.3955	
9.55925	1	46	9.51529	1	46	9.51537	1	46	0	0	0	0.479986	0.475563	0.48226	0.479985	0.477323	0.48238	0.479986	0.475563	0.48226	0.479985	0.477323	0.48238	1	1	10.4022	
9.57462	1	46	9.52949	1	46	9.52958	1	46	0	0	0	0.484968	0.480527	0.48739	0.484968	0.48067	0.48852	0.484968	0.480527	0.48739	0.484968	0.48067	0.48852	1	1	10.4135	
9.58618	1	47	9.53956	1	47	9.53968	1	47	0	0	0	0.489984	0.4858	0.49218	0.489982	0.486243	0.49437	0.489984	0.4858	0.49218	0.489982	0.486243	0.49437	1	1	10.4218	
9.59703	1	44	9.54819	1	44	9.54826	1	44	0	0	0	0.495004	0.49079	0.497313	0.495003	0.49299	0.49829	0.495004	0.49079	0.497313	0.495003	0.49299	0.49829	1	1	10.4279	
9.60897	1	54	9.55794	1	54	9.55802	1	54	0	0	0	0.5	0.495827	0.502247	0.5	0.494883	0.502867	0.5	0.495827	0.502247	0.5	0.494883	0.502867	1	1	10.436	
9.62175	1	47	9.56886	1	47	9.56894	1	47	0	0	0	0.505012	0.500743	0.507327	0.505012	0.50222	0.5086	0.505012	0.500743	0.507327	0.505012	0.50222	0.5086	1	1	10.4439	
9.63622	1	52	9.58149	1	52	9.58152	1	52	0	0	0	0.510001	0.505623	0.51228	0.51	0.507503	0.51303	0.510001	0.505623	0.51228	0.51	0.507503	0.51303	1	1	10.4545	
9.64752	1	48	9.5906	1	48	9.59068	1	48	0	0	0	0.515003	0.510713	0.517367	0.515003	0.511943	0.51761	0.515003	0.510713	0.517367	0.515003	0.511943	0.51761	1	1	10.4618	
9.65954	1	53	9.60024	1	53	9.60031	1	53	0	0	0	0.519992	0.515693	0.52247	0.519991	0.51622	0.52308	0.519992	0.515693	0.52247	0.519991	0.51622	0.52308	1	1	10.4677	
9.67265	1	47	9.61105	1	47	9.61113	1	47	0	0	0	0.524983	0.520763	0.527543	0.524982	0.522307	0.52748	0.524983	0.520763	0.527543	0.524982	0.522307	0.52748	1	1	10.4767	
9.68548	1	46	9.62142	1	46	9.62151	1	46	0	0	0	0.530007	0.525883	0.53272	0.530006	0.527457	0.534683	0.530007	0.525883	0.53272	0.530006	0.527457	0.534683	1	1	10.4846	
9.69859	1	51	9.63254	1	51	9.63261	1	51	0	0	0	0.535012	0.53083	0.537613	0.535012	0.532587	0.53805	0.535012	0.53083	0.537613	0.535012	0.532587	0.53805	1	1	10.4924	
9.71413	1	51	9.64496	1	51	9.64506	1	51	0	0	0	0.540039	0.5359	0.542677	0.540038	0.537477	0.543167	0.540039	0.5359	0.542677	0.540038	0.537477	0.543167	1	1	10.5036	
9.72158	1	50	9.6503	1	50	9.65037	1	50	0	0	0	0.545036	0.54088	0.547587	0.545037	0.542677	0.549343	0.545036	0.54088	0.547587	0.545037	0.542677	0.549343	1	1	10.5065	
9.73962	1	55	9.66447	1	55	9.66456	1	55	0	0	0	0.550021	0.54579	0.552727	0.550021	0.54681	0.553617	0.550021	0.54579	0.552727	0.550021	0.54681	0.553617	1	1	10.5174	
9.75599	1	47	9.67845	1	47	9.67853	1	47	0	0	0	0.555002	0.550523	0.557777	0.555001	0.552443	0.557603	0.555002	0.550523	0.557777	0.555001	0.552443	0.557603	1	1	10.5281	
9.77152	1	61	9.69006	1	61	9.69013	1	61	0	0	0	0.560012	0.555857	0.56275	0.560012	0.556653	0.56277	0.560012	0.555857	0.56275	0.560012	0.556653	0.56277	1	1	10.5369	
9.78675	1	54	9.70222	1	54	9.7023	1	54	0	0	0	0.565034	0.560913	0.56781	0.565034	0.562433	0.568627	0.565034	0.560913	0.56781	0.565034	0.562433	0.568627	1	1	10.5463	
9.8	1	55	9.71244	1	55	9.71254	1	55	0	0	0	0.570039	0.566027	0.572807	0.570038	0.567243	0.573567	0.570039	0.566027	0.572807	0.570038	0.567243	0.573567	1	1	10.5547	
9.8153	1	50	9.72409	1	49	9.72417	1	49	0	0	0	0.575031	0.57091	0.57767	0.575032	0.572267	0.57958	0.575031	0.57091	0.57767	0.575032	0.572267	0.57958	1	1	10.5624	
9.83448	1	56	9.73947	1	56	9.73958	1	56	0	0	0	0.580058	0.575917	0.582753	0.58006	0.57754	0.583003	0.580058	0.575917	0.582753	0.58006	0.57754	0.583003	1	1	10.5756	
9.84951	1	54	9.75005	1	54	9.75009	1	54	0	0	0	0.585059	0.581083	0.587723	0.585058	0.581837	0.588203	0.585059	0.581083	0.587723	0.585058	0.581837	0.588203	1	1	10.5825	
9.86803	1	56	9.76401	1	56	9.76408	1	56	0	0	0	0.590056	0.58606	0.59262	0.590056	0.586747	0.594287	0.590056	0.58606	0.59262	0.590056	0.586747	0.594287	1	1	10.5932	
9.88785	1	53	9.77899	1	53	9.77907	1	53	0	0	0	0.59505	0.591137	0.5976	0.595049	0.590903	0.59869	0.59505	0.591137	0.5976	0.595049	0.590903	0.59869	1	1	10.6052	
9.90374	1	53	9.79086	1	53	9.79099	1	53	0	0	0	0.600046	0.596187	0.602547	0.600046	0.597467	0.602723	0.600046	0.596187	0.602547	0.600046	0.597467	0.602723	1	1	10.6136	
9.92192	1	51	9.80386	1	51	9.80392	1	51	0	0	0	0.605056	0.601253	0.60742	0.605056	0.602113	0.609007	0.605056	0.601253	0.60742	0.605056	0.602113	0.609007	1	1	10.6234	
9.93843	1	48	9.8151	1	48	9.8152	1	48	0	0	0	0.610057	0.606133	0.612123	0.610057	0.606363	0.613473	0.610057	0.606133	0.612123	0.610057	0.606363	0.613473	1	1	10.631	
9.95794	1	51	9.82959	1	51	9.82967	1	51	0	0	0	0.615068	0.61134	0.617157	0.615069	0.61097	0.617717	0.615068	0.61134	0.617157	0.615069	0.61097	0.617717	1	1	10.6426	
9.97739	1	51	9.84336	1	51	9.84345	1	51	0	0	0	0.620061	0.616433	0.62212	0.620062	0.617423	0.62402	0.620061	0.616433	0.62212	0.620062	0.617423	0.62402	1	1	10.6536	
9.99767	1	56	9.85712	1	56	9.85719	1	56	0	0	0	0.62505	0.621447	0.627117	0.625049	0.621417	0.62775	0.62505	0.621447	0.627117	0.625049	0.621417	0.62775	1	1	10.6635	
10.021	1	55	9.87375	1	55	9.87385	1	55	0	0	0	0.630067	0.626393	0.632107	0.630066	0.627143	0.633527	0.630067	0.626393	0.632107	0.630066	0.627143	0.633527	1	1	10.6757	
10.04	1	54	9.88589	1	54	9.88599	1	54	0	0	0	0.635038	0.631577	0.637193	0.635037	0.63048	0.63848	0.635038	0.631577	0.637193	0.635037	0.63048	0.63848	1	1	10.6851	
10.0647	1	59	9.90362	1	59	9.90374	1	59	0	0	0	0.640027	0.636747	0.64215	0.640028	0.636323	0.642817	0.640027	0.636747	0.64215	0.640028	0.636323	0.642817	1	1	10.6985	
10.0896	1	55	9.9188	1	55	9.91894	1	55	0	0	0	0.64502	0.64182	0.647273	0.645022	0.64153	0.649603	0.64502	0.64182	0.647273	0.645022	0.64153	0.649603	1	1	10.7098	
10.1138	1	57	9.93401	1	57	9.93407	1	57	0	0	0	0.650013	0.6468	0.652227	0.650013	0.646647	0.652893	0.650013	0.6468	0.652227	0.650013	0.646647	0.652893	1	1	10.7196	
10.1357	1	51	9.9478	1	51	9.94789	1	51	0	0	0	0.655024	0.651857	0.657	0.655024	0.650433	0.658233	0.655024	0.651857	0.657	0.655024	0.650433	0.658233	1	1	10.7293	
10.1617	1	54	9.96317	1	54	9.96322	1	54	0	0	0	0.660002	0.656903	0.66187	0.660001	0.65692	0.664707	0.660002	0.656903	0.66187	0.660001	0.65692	0.664707	1	1	10.7411	
10.1901	1	55	9.98139	1	55	9.98147	1	55	0	0	0	0.665016	0.66176	0.6669	0.665016	0.66035	0.668997	0.665016	0.66176	0.6669	0.665016	0.66035	0.668997	1	1	10.7554	
10.2147	1	54	9.99469	1	54	9.99478	1	54	0	0	0	0.67002	0.666667	0.671793	0.67002	0.66641	0.673677	0.67002	0.666667	0.671793	0.67002	0.66641	0.673677	1	1	10.7643	
10.2439	1	56	10.0108	1	56	10.0109	1	56	0	0	0	0.675015	0.67167	0.676763	0.675014	0.670753	0.67865	0.675015	0.67167	0.676763	0.675014	0.670753	0.67865	1	1	10.7753	
10.2721	1	54	10.0267	1	54	10.0268	1	54	0	0	0	0.680023	0.6765	0.68189	0.680023	0.67485	0.68377	0.680023	0.6765	0.68189	0.680023	0.67485	0.68377	1	1	10.7868	
10.3065	1	55	10.0443	1	55	10.0445	1	55	0	0	0	0.684981	0.681483	0.686857	0.684984	0.68174	0.688437	0.684981	0.681483	0.686857	0.684984	0.68174	0.688437	1	1	10.799	
10.34	1	57	10.0612	1	56	10.0613	1	56	0	0	0	0.690009	0.686687	0.6919	0.69001	0.687043	0.693153	0.690009	0.686687	0.6919	0.69001	0.687043	0.693153	1	1	10.8114	
10.3709	1	57	10.0776	1	57	10.0777	1	57	0	0	0	0.695019	0.691787	0.696903	0.695018	0.69202	0.69862	0.695019	0.691787	0.696903	0.695018	0.69202	0.69862	1	1	10.8223	
10.4076	1	53	10.0959	1	53	10.096	1	53	0	0	0	0.700013	0.697063	0.70203	0.700013	0.69704	0.70353	0.700013	0.697063	0.70203	0.700013	0.69704	0.70353	1	1	10.8356	
10.4516	1	57	10.1168	1	57	10.1169	1	57	0	0	0	0.70501	0.701873	0.706997	0.70501	0.70119	0.708287	0.70501	0.701873	0.706997	0.70501	0.70119	0.708287	1	1	10.8493	
10.4858	1	58	10.13	1	58	10.1301	1	58	0	0	0	0.70999	0.70697	0.711967	0.70999	0.70652	0.714603	0.70999	0.70697	0.711967	0.70999	0.70652	0.714603	1	1	10.859	
10.5376	1	64	10.1512	1	56	10.1513	1	56	0	0	0	0.715006	0.711693	0.716933	0.715007	0.71121	0.718643	0.715006	0.711693	0.716933	0.715007	0.71121	0.718643	1	1	10.874	
10.5896	1	56	10.1716	1	56	10.1717	1	56	0	0	0	0.719997	0.71692	0.721913	0.719996	0.716943	0.724467	0.719997	0.71692	0.721913	0.719996	0.716943	0.724467	1	1	10.8869	
10.6448	1	90	10.1917	1	56	10.1917	1	56	0	0	0	0.724992	0.721873	0.726853	0.724991	0.722223	0.72912	0.724992	0.721873	0.726853	0.724991	0.722223	0.72912	1	1	10.9014	
10.7042	1	63	10.2076	1	59	10.2076	1	59	0	0	0	0.729996	0.726887	0.731893	0.729995	0.7269	0.732663	0.729996	0.726887	0.731893	0.729995	0.7269	0.732663	1	1	10.9141	
10.7725	1	82	10.23	1	56	10.2301	1	56	0	0	0	0.734987	0.731967	0.736917	0.734989	0.73157	0.73868	0.734987	0.731967	0.736917	0.734989	0.73157	0.73868	1	1	10.9269	
10.862	1	92	10.2484	1	61	10.2484	1	61	0	0	0	0.73998	0.736857	0.74184	0.73998	0.736497	0.7432	0.73998	0.736857	0.74184	0.73998	0.736497	0.7432	1	1	10.9407	
10.9485	1	93	10.2724	1	56	10.2725	1	56	0	0	0	0.744989	0.74181	0.746823	0.744989	0.741373	0.748677	0.744989	0.74181	0.746823	0.744989	0.741373	0.748677	1	1	10.957	
11.0832	1	106	10.2944	1	68	10.2944	1	68	0	0	0	0.750013	0.74697	0.751997	0.750015	0.746903	0.753023	0.750013	0.74697	0.751997	0.750015	0.746903	0.753023	1	1	10.972	
11.2791	1	148	10.3137	1	60	10.3138	1	60	0	0	0	0.755031	0.752057	0.757047	0.755028	0.750667	0.759703	0.755031	0.752057	0.757047	0.755028	0.750667	0.759703	1	1	10.9832	
11.6563	1	246	10.3375	1	58	10.3375	1	58	0	0	0	0.760017	0.75709	0.761897	0.760015	0.75646	0.763307	0.760017	0.75709	0.761897	0.760015	0.75646	0.763307	1	1	11.0003	
13.5184	1	520	10.3612	1	59	10.3613	1	59	0	0	0	0.76505	0.76253	0.766267	0.76505	0.761765	0.76768	0.76505	0.76253	0.766267	0.76505	0.761765	0.76768	1	1	11.0144	
118.207	1	10360	10.383	1	68	10.3827	1	68	0	0	0	0.770029	0.768914	0.77123	0.769895	0.767401	0.77206	0.770029	0.768914	0.77123	0.769895	0.767401	0.77206	1	1	11.0279	
305.136	1	27171	10.4074	1	68	10.4067	1	68	0	0	0	0.775009	0.77389	0.776311	0.774705	0.772594	0.77742	0.775009	0.77389	0.776311	0.774705	0.772594	0.77742	1	1	11.042	
