9.2079	1	22	9.20779	1	22	9.20802	1	22	0	0	0	0.00499391	0.00472	0.00529667	0.00499406	0.00465333	0.00528667	0.00499391	0.00472	0.00529667	0.00499406	0.00465333	0.00528667	1	1	10.2072	
9.2067	1	23	9.20635	1	23	9.20648	1	23	0	0	0	0.0100062	0.00967333	0.0105533	0.0100061	0.00963	0.01051	0.0100062	0.00967333	0.0105533	0.0100061	0.00963	0.01051	1	1	10.2053	
9.22244	1	25	9.22199	1	25	9.22213	1	25	0	0	0	0.0150311	0.0147333	0.0154867	0.0150311	0.01449	0.0156967	0.0150311	0.0147333	0.0154867	0.0150311	0.01449	0.0156967	1	1	10.2203	
9.21559	1	26	9.21495	1	26	9.21515	1	26	0	0	0	0.020063	0.01956	0.0207733	0.0200631	0.01938	0.0207667	0.020063	0.01956	0.0207733	0.0200631	0.01938	0.0207667	1	1	10.2126	
9.20702	1	27	9.20606	1	27	9.20614	1	27	0	0	0	0.0250671	0.0246267	0.02574	0.0250667	0.0243367	0.0257767	0.0250671	0.0246267	0.02574	0.0250667	0.0243367	0.0257767	1	1	10.2033	
9.20972	1	28	9.20845	1	28	9.20861	1	28	0	0	0	0.0300682	0.02952	0.0307533	0.0300683	0.0293567	0.0306933	0.0300682	0.02952	0.0307533	0.0300683	0.0293567	0.0306933	1	1	10.205	
9.21361	1	28	9.212	1	28	9.21207	1	28	0	0	0	0.0350706	0.03449	0.03577	0.0350702	0.0342933	0.0360533	0.0350706	0.03449	0.03577	0.0350702	0.0342933	0.0360533	1	1	10.2079	
9.20701	1	28	9.20493	1	28	9.20493	1	28	0	0	0	0.0400941	0.0393233	0.0409733	0.0400936	0.0393867	0.0409467	0.0400941	0.0393233	0.0409733	0.0400936	0.0393867	0.0409467	1	1	10.2003	
9.21334	1	33	9.2108	1	33	9.2109	1	33	0	0	0	0.0450691	0.0443367	0.0459767	0.0450685	0.0442967	0.04594	0.0450691	0.0443367	0.0459767	0.0450685	0.0442967	0.04594	1	1	10.2055	
9.21141	1	29	9.2084	1	29	9.20853	1	29	0	0	0	0.050078	0.0492567	0.05102	0.0500774	0.0493767	0.0508867	0.050078	0.0492567	0.05102	0.0500774	0.0493767	0.0508867	1	1	10.2025	
9.21817	1	33	9.21448	1	33	9.21451	1	33	0	0	0	0.055088	0.0542567	0.05612	0.0550876	0.0541967	0.0560667	0.055088	0.0542567	0.05612	0.0550876	0.0541967	0.0560667	1	1	10.208	
9.22209	1	31	9.21787	1	31	9.21791	1	31	0	0	0	0.0600776	0.05914	0.0611567	0.0600772	0.0589267	0.06103	0.0600776	0.05914	0.0611567	0.0600772	0.0589267	0.06103	1	1	10.2106	
9.22307	1	33	9.21822	1	33	9.21831	1	33	0	0	0	0.0651088	0.0642067	0.0661033	0.0651089	0.06428	0.0660633	0.0651088	0.0642067	0.0661033	0.0651089	0.06428	0.0660633	1	1	10.2104	
9.22361	1	36	9.21796	1	36	9.21798	1	36	0	0	0	0.0700993	0.06919	0.0710567	0.0700989	0.0690767	0.07117	0.0700993	0.06919	0.0710567	0.0700989	0.0690767	0.07117	1	1	10.2094	
9.22519	1	35	9.2187	1	35	9.21876	1	35	0	0	0	0.0750704	0.0741733	0.0760867	0.0750701	0.07423	0.07616	0.0750704	0.0741733	0.0760867	0.0750701	0.07423	0.07616	1	1	10.2094	
9.23218	1	30	9.22506	1	30	9.22506	1	30	0	0	0	0.0800622	0.07906	0.0811233	0.080062	0.0788167	0.0813667	0.0800622	0.07906	0.0811233	0.080062	0.0788167	0.0813667	1	1	10.2152	
9.2277	1	33	9.21965	1	33	9.2197	1	33	0	0	0	0.0850491	0.0840467	0.08615	0.0850492	0.0838867	0.08631	0.0850491	0.0840467	0.08615	0.0850492	0.0838867	0.08631	1	1	10.2093	
9.2342	1	35	9.22517	1	35	9.22521	1	35	0	0	0	0.0900403	0.08904	0.0911	0.0900399	0.0889867	0.0914067	0.0900403	0.08904	0.0911	0.0900399	0.0889867	0.0914067	1	1	10.2138	
9.24293	1	33	9.23305	1	33	9.23313	1	33	0	0	0	0.0950421	0.0939633	0.09615	0.0950418	0.09409	0.09594	0.0950421	0.0939633	0.09615	0.0950418	0.09409	0.09594	1	1	10.2211	
9.2431	1	36	9.23238	1	36	9.23244	1	36	0	0	0	0.100013	0.0988367	0.101037	0.100014	0.09855	0.101647	0.100013	0.0988367	0.101037	0.100014	0.09855	0.101647	1	1	10.2196	
9.24709	1	37	9.23496	1	37	9.23506	1	37	0	0	0	0.105002	0.10396	0.106083	0.105002	0.103427	0.106833	0.105002	0.10396	0.106083	0.105002	0.103427	0.106833	1	1	10.2214	
9.24689	1	36	9.23359	1	36	9.2337	1	36	0	0	0	0.110025	0.108947	0.111093	0.110025	0.109143	0.111327	0.110025	0.108947	0.111093	0.110025	0.109143	0.111327	1	1	10.2192	
9.25678	1	35	9.24228	1	35	9.2424	1	35	0	0	0	0.115005	0.113947	0.116063	0.115005	0.113457	0.11667	0.115005	0.113947	0.116063	0.115005	0.113457	0.11667	1	1	10.227	
9.25792	1	39	9.24198	1	39	9.24204	1	39	0	0	0	0.119998	0.118917	0.12105	0.119998	0.118137	0.121237	0.119998	0.118917	0.12105	0.119998	0.118137	0.121237	1	1	10.226	
9.26144	1	37	9.24418	1	37	9.24426	1	37	0	0	0	0.124993	0.123957	0.126023	0.124993	0.123847	0.126633	0.124993	0.123957	0.126023	0.124993	0.123847	0.126633	1	1	10.2275	
9.26823	1	44	9.24979	1	44	9.24982	1	44	0	0	0	0.129989	0.128887	0.130963	0.129989	0.128527	0.13128	0.129989	0.128887	0.130963	0.129989	0.128527	0.13128	1	1	10.2322	
9.27712	1	36	9.25714	1	36	9.25722	1	36	0	0	0	0.134996	0.13394	0.136053	0.134996	0.133367	0.136623	0.134996	0.13394	0.136053	0.134996	0.133367	0.136623	1	1	10.2386	
9.28128	1	37	9.25952	1	37	9.25959	1	37	0	0	0	0.139993	0.13878	0.140917	0.139994	0.138793	0.141253	0.139993	0.13878	0.140917	0.139994	0.138793	0.141253	1	1	10.24	
9.29293	1	39	9.26944	1	39	9.26948	1	39	0	0	0	0.144979	0.143707	0.145863	0.14498	0.143813	0.146623	0.144979	0.143707	0.145863	0.14498	0.143813	0.146623	1	1	10.2491	
9.29396	1	48	9.26893	1	48	9.26903	1	48	0	0	0	0.149981	0.148657	0.151093	0.149981	0.148263	0.15172	0.149981	0.148657	0.151093	0.149981	0.148263	0.15172	1	1	10.2478	
9.2968	1	37	9.26989	1	37	9.27	1	37	0	0	0	0.154962	0.1535	0.156267	0.154963	0.153623	0.156423	0.154962	0.1535	0.156267	0.154963	0.153623	0.156423	1	1	10.2477	
9.30253	1	49	9.27352	1	49	9.2736	1	49	0	0	0	0.159973	0.158617	0.16114	0.159974	0.158337	0.16146	0.159973	0.158617	0.16114	0.159974	0.158337	0.16146	1	1	10.2503	
9.30565	1	38	9.27489	1	38	9.27495	1	38	0	0	0	0.164998	0.16344	0.166243	0.164998	0.163463	0.166993	0.164998	0.16344	0.166243	0.164998	0.163463	0.166993	1	1	10.2508	
9.31781	1	43	9.2849	1	43	9.28497	1	43	0	0	0	0.170007	0.168467	0.171367	0.170009	0.16796	0.171683	0.170007	0.168467	0.171367	0.170009	0.16796	0.171683	1	1	10.2598	
9.32009	1	48	9.28485	1	48	9.28493	1	48	0	0	0	0.175015	0.173497	0.17646	0.175015	0.17369	0.176717	0.175015	0.173497	0.17646	0.175015	0.17369	0.176717	1	1	10.2587	
9.33075	1	40	9.29302	1	40	9.29307	1	40	0	0	0	0.180034	0.178407	0.18157	0.180035	0.178173	0.181647	0.180034	0.178407	0.18157	0.180035	0.178173	0.181647	1	1	10.2657	
9.33933	1	43	9.29941	1	43	9.29947	1	43	0	0	0	0.185042	0.183203	0.186423	0.185043	0.182887	0.186767	0.185042	0.183203	0.186423	0.185043	0.182887	0.186767	1	1	10.2707	
9.34805	1	44	9.30546	1	44	9.30552	1	44	0	0	0	0.190052	0.188203	0.191317	0.190053	0.18822	0.192553	0.190052	0.188203	0.191317	0.190053	0.18822	0.192553	1	1	10.276	
9.35971	1	48	9.31418	1	48	9.31424	1	48	0	0	0	0.195078	0.193557	0.196443	0.195078	0.192237	0.197207	0.195078	0.193557	0.196443	0.195078	0.192237	0.197207	1	1	10.2837	
9.36667	1	48	9.31821	1	48	9.31828	1	48	0	0	0	0.200077	0.19841	0.20126	0.200078	0.197573	0.201897	0.200077	0.19841	0.20126	0.200078	0.197573	0.201897	1	1	10.2864	
9.37286	1	49	9.32151	1	49	9.32161	1	49	0	0	0	0.20508	0.203317	0.206423	0.205081	0.201757	0.206977	0.20508	0.203317	0.206423	0.205081	0.201757	0.206977	1	1	10.2884	
9.38481	1	45	9.33034	1	45	9.33045	1	45	0	0	0	0.210069	0.20816	0.211343	0.21007	0.20861	0.211697	0.210069	0.20816	0.211343	0.21007	0.20861	0.211697	1	1	10.2957	
9.39112	1	51	9.33341	1	51	9.33348	1	51	0	0	0	0.215034	0.2131	0.21641	0.215034	0.213057	0.21699	0.215034	0.2131	0.21641	0.215034	0.213057	0.21699	1	1	10.2977	
9.40181	1	50	9.34055	1	50	9.34059	1	50	0	0	0	0.220027	0.217907	0.22134	0.220027	0.218157	0.2226	0.220027	0.217907	0.22134	0.220027	0.218157	0.2226	1	1	10.3035	
9.41562	1	51	9.35059	1	51	9.35063	1	51	0	0	0	0.225021	0.222973	0.226473	0.22502	0.222273	0.226747	0.225021	0.222973	0.226473	0.22502	0.222273	0.226747	1	1	10.3122	
9.42349	1	52	9.35438	1	52	9.35441	1	52	0	0	0	0.230021	0.22809	0.231733	0.230021	0.228093	0.231753	0.230021	0.22809	0.231733	0.230021	0.228093	0.231753	1	1	10.3147	
9.43207	1	51	9.35953	1	51	9.35961	1	51	0	0	0	0.235028	0.233103	0.23677	0.235028	0.233327	0.236687	0.235028	0.233103	0.23677	0.235028	0.233327	0.236687	1	1	10.3181	
9.44658	1	56	9.36949	1	56	9.36958	1	56	0	0	0	0.240018	0.238197	0.241943	0.240018	0.237453	0.24169	0.240018	0.238197	0.241943	0.240018	0.237453	0.24169	1	1	10.3263	
9.45978	1	58	9.3781	1	58	9.37816	1	58	0	0	0	0.245024	0.242773	0.24693	0.245024	0.243013	0.24705	0.245024	0.242773	0.24693	0.245024	0.243013	0.24705	1	1	10.3339	
9.47211	1	50	9.38548	1	50	9.38559	1	50	0	0	0	0.250034	0.247733	0.252193	0.250034	0.247	0.252027	0.250034	0.247733	0.252193	0.250034	0.247	0.252027	1	1	10.3396	
9.48426	1	57	9.39305	1	57	9.39314	1	57	0	0	0	0.255015	0.25275	0.257127	0.255015	0.251803	0.256753	0.255015	0.25275	0.257127	0.255015	0.251803	0.256753	1	1	10.3454	
9.49653	1	60	9.39952	1	60	9.39962	1	60	0	0	0	0.260024	0.257637	0.262147	0.260025	0.257487	0.262143	0.260024	0.257637	0.262147	0.260025	0.257487	0.262143	1	1	10.3502	
9.51103	1	60	9.40909	1	60	9.40919	1	60	0	0	0	0.265017	0.262427	0.26717	0.265018	0.26242	0.267737	0.265017	0.262427	0.26717	0.265018	0.26242	0.267737	1	1	10.358	
9.5292	1	60	9.42089	1	60	9.421	1	60	0	0	0	0.270019	0.26732	0.27215	0.270019	0.267717	0.272247	0.270019	0.26732	0.27215	0.270019	0.267717	0.272247	1	1	10.3674	
9.54341	1	59	9.42822	1	59	9.42831	1	59	0	0	0	0.275021	0.272227	0.277133	0.27502	0.273273	0.277067	0.275021	0.272227	0.277133	0.27502	0.273273	0.277067	1	1	10.3732	
9.55559	1	65	9.43389	1	65	9.43398	1	65	0	0	0	0.280024	0.27711	0.28227	0.280024	0.277847	0.283007	0.280024	0.27711	0.28227	0.280024	0.277847	0.283007	1	1	10.3773	
9.57754	1	74	9.44868	1	74	9.44874	1	74	0	0	0	0.284984	0.28202	0.2873	0.284985	0.28283	0.287593	0.284984	0.28202	0.2873	0.284985	0.28283	0.287593	1	1	10.3895	
9.59458	1	65	9.45836	1	65	9.4584	1	65	0	0	0	0.290004	0.28696	0.292427	0.290004	0.28712	0.29302	0.290004	0.28696	0.292427	0.290004	0.28712	0.29302	1	1	10.3974	
9.6111	1	62	9.46699	1	62	9.46707	1	62	0	0	0	0.295023	0.291793	0.297347	0.295023	0.292403	0.297477	0.295023	0.291793	0.297347	0.295023	0.292403	0.297477	1	1	10.4036	
9.63233	1	66	9.47909	1	66	9.47916	1	66	0	0	0	0.300015	0.296733	0.302347	0.300015	0.297197	0.303383	0.300015	0.296733	0.302347	0.300015	0.297197	0.303383	1	1	10.4134	
9.64962	1	79	9.48744	1	79	9.48753	1	79	0	0	0	0.30501	0.301723	0.30717	0.30501	0.303003	0.306817	0.30501	0.301723	0.30717	0.30501	0.303003	0.306817	1	1	10.4193	
9.66973	1	75	9.49787	1	75	9.49796	1	75	0	0	0	0.310018	0.306597	0.3122	0.310018	0.307553	0.311933	0.310018	0.306597	0.3122	0.310018	0.307553	0.311933	1	1	10.4273	
9.69712	1	87	9.5143	1	87	9.51438	1	87	0	0	0	0.314986	0.311583	0.31721	0.314987	0.312883	0.317897	0.314986	0.311583	0.31721	0.314987	0.312883	0.317897	1	1	10.441	
9.71266	1	66	9.52017	1	66	9.52023	1	66	0	0	0	0.319994	0.316567	0.322197	0.319994	0.318043	0.322923	0.319994	0.316567	0.322197	0.319994	0.318043	0.322923	1	1	10.4445	
9.73479	1	92	9.53002	1	90	9.53013	1	90	0	0	0	0.325005	0.321523	0.327163	0.325006	0.323023	0.326883	0.325005	0.321523	0.327163	0.325006	0.323023	0.326883	1	1	10.4512	
9.76055	1	74	9.54233	1	74	9.54239	1	74	0	0	0	0.329995	0.326493	0.332253	0.329997	0.32735	0.33275	0.329995	0.326493	0.332253	0.329997	0.32735	0.33275	1	1	10.4607	
9.78859	1	84	9.55609	1	84	9.55619	1	84	0	0	0	0.334995	0.331413	0.337203	0.334996	0.33136	0.33761	0.334995	0.331413	0.337203	0.334996	0.33136	0.33761	1	1	10.4713	
9.81743	1	84	9.56966	1	84	9.56968	1	84	0	0	0	0.340001	0.336503	0.34213	0.340001	0.33778	0.342573	0.340001	0.336503	0.34213	0.340001	0.33778	0.342573	1	1	10.4815	
9.85179	1	80	9.58766	1	80	9.58775	1	80	0	0	0	0.344977	0.34145	0.347093	0.344978	0.342547	0.34704	0.344977	0.34145	0.347093	0.344978	0.342547	0.34704	1	1	10.496	
9.882	1	79	9.59853	1	79	9.59862	1	79	0	0	0	0.349965	0.34621	0.35204	0.349965	0.347383	0.352287	0.349965	0.34621	0.35204	0.349965	0.347383	0.352287	1	1	10.5036	
9.91297	1	87	9.61017	1	87	9.61026	1	87	0	0	0	0.354962	0.351113	0.35706	0.354963	0.35213	0.35736	0.354962	0.351113	0.35706	0.354963	0.35213	0.35736	1	1	10.5123	
9.95362	1	91	9.62682	1	91	9.62689	1	91	0	0	0	0.359946	0.356217	0.362117	0.359946	0.3571	0.361873	0.359946	0.356217	0.362117	0.359946	0.3571	0.361873	1	1	10.5245	
9.98949	1	84	9.64013	1	83	9.64023	1	83	0	0	0	0.364961	0.361297	0.367087	0.364962	0.362517	0.367237	0.364961	0.361297	0.367087	0.364962	0.362517	0.367237	1	1	10.5336	
10.0325	1	77	9.65691	1	77	9.65696	1	77	0	0	0	0.369962	0.36614	0.37218	0.369962	0.367757	0.372417	0.369962	0.36614	0.37218	0.369962	0.367757	0.372417	1	1	10.5453	
10.0785	1	95	9.67244	1	91	9.67249	1	91	0	0	0	0.374957	0.371073	0.37707	0.374958	0.372447	0.3774	0.374957	0.371073	0.37707	0.374958	0.372447	0.3774	1	1	10.557	
10.1275	1	100	9.6892	1	100	9.68928	1	100	0	0	0	0.379938	0.37607	0.382213	0.379938	0.377453	0.382213	0.379938	0.37607	0.382213	0.379938	0.377453	0.382213	1	1	10.5688	
10.1885	1	92	9.70795	1	92	9.70805	1	92	0	0	0	0.384944	0.381013	0.387093	0.384946	0.381553	0.387353	0.384944	0.381013	0.387093	0.384946	0.381553	0.387353	1	1	10.5822	
10.2441	1	95	9.7229	1	93	9.72295	1	93	0	0	0	0.389928	0.385823	0.39206	0.389928	0.387917	0.392167	0.389928	0.385823	0.39206	0.389928	0.387917	0.392167	1	1	10.5926	
10.3191	1	94	9.74392	1	93	9.74399	1	93	0	0	0	0.394923	0.390957	0.39708	0.394924	0.392517	0.39724	0.394923	0.390957	0.39708	0.394924	0.392517	0.39724	1	1	10.6078	
10.3955	1	122	9.7608	1	92	9.76091	1	92	0	0	0	0.399943	0.395987	0.40203	0.399944	0.397067	0.4029	0.399943	0.395987	0.40203	0.399944	0.397067	0.4029	1	1	10.6197	
10.4758	1	109	9.77904	1	97	9.77917	1	97	0	0	0	0.404934	0.400923	0.407463	0.404935	0.402353	0.407447	0.404934	0.400923	0.407463	0.404935	0.402353	0.407447	1	1	10.6309	
10.5998	1	116	9.80319	1	100	9.80328	1	100	0	0	0	0.409933	0.406057	0.412473	0.409935	0.407783	0.412313	0.409933	0.406057	0.412473	0.409935	0.407783	0.412313	1	1	10.6476	
10.732	1	137	9.82465	1	98	9.82474	1	98	0	0	0	0.414948	0.410933	0.41741	0.414946	0.412633	0.417857	0.414948	0.410933	0.41741	0.414946	0.412633	0.417857	1	1	10.6634	
10.9068	1	200	9.84404	1	108	9.84415	1	108	0	0	0	0.419968	0.415927	0.422297	0.41997	0.417357	0.42217	0.419968	0.415927	0.422297	0.41997	0.417357	0.42217	1	1	10.6731	
11.1267	1	167	9.86645	1	119	9.86659	1	119	0	0	0	0.424933	0.420963	0.427083	0.424935	0.421703	0.427903	0.424933	0.420963	0.427083	0.424935	0.421703	0.427903	1	1	10.6889	
11.5093	1	239	9.89738	1	110	9.89746	1	110	0	0	0	0.429919	0.42584	0.43224	0.429918	0.42723	0.432503	0.429919	0.42584	0.43224	0.429918	0.42723	0.432503	1	1	10.7093	
12.1145	1	477	9.91519	1	128	9.91525	1	128	0	0	0	0.4349	0.430777	0.437183	0.434899	0.432157	0.437053	0.4349	0.430777	0.437183	0.434899	0.432157	0.437053	1	1	10.7208	
13.7547	1	531	9.94692	1	156	9.94711	1	156	0	0	0	0.439918	0.435807	0.442153	0.439921	0.437333	0.442807	0.439918	0.435807	0.442153	0.439921	0.437333	0.442807	1	1	10.7398	
264.18	1	14510	9.97145	1	153	9.97149	1	153	0	0	0	0.445001	0.442979	0.446834	0.444856	0.442976	0.446954	0.445001	0.442979	0.446834	0.444856	0.442976	0.446954	1	1	10.755	
