9.76715	4	20	9.76692	4	20	9.7669	4	20	0	0	0	0.00499391	0.00472	0.00529667	0.00499385	0.00472	0.00529667	0.00499391	0.00472	0.00529667	0.00499385	0.00472	0.00529667	1	1	10.7651	
9.766	4	20	9.76538	4	20	9.76534	4	20	0	0	0	0.0100062	0.00967333	0.0105533	0.0100059	0.00967333	0.0105533	0.0100062	0.00967333	0.0105533	0.0100059	0.00967333	0.0105533	1	1	10.7618	
9.76606	4	21	9.76502	4	21	9.76503	4	21	0	0	0	0.0150311	0.0147333	0.0154867	0.0150309	0.0147333	0.01549	0.0150311	0.0147333	0.0154867	0.0150309	0.0147333	0.01549	1	1	10.7594	
9.76293	4	22	9.7615	4	22	9.76155	4	22	0	0	0	0.020063	0.01956	0.0207733	0.0200629	0.01956	0.0207767	0.020063	0.01956	0.0207733	0.0200629	0.01956	0.0207767	1	1	10.7541	
9.76187	4	22	9.76012	4	22	9.76018	4	22	0	0	0	0.0250671	0.0246267	0.02574	0.0250668	0.0246233	0.0257433	0.0250671	0.0246267	0.02574	0.0250668	0.0246233	0.0257433	1	1	10.7507	
9.76333	4	22	9.76116	4	22	9.7612	4	22	0	0	0	0.0300682	0.02952	0.0307533	0.0300679	0.0295233	0.0307567	0.0300682	0.02952	0.0307533	0.0300679	0.0295233	0.0307567	1	1	10.7497	
9.76629	4	22	9.76367	4	22	9.76373	4	22	0	0	0	0.0350706	0.03449	0.03577	0.0350702	0.0344933	0.0357767	0.0350706	0.03449	0.03577	0.0350702	0.0344933	0.0357767	1	1	10.7499	
9.76557	4	22	9.76256	4	22	9.76259	4	22	0	0	0	0.0400941	0.0393233	0.0409733	0.0400936	0.0393267	0.04098	0.0400941	0.0393233	0.0409733	0.0400936	0.0393267	0.04098	1	1	10.7466	
9.76433	4	22	9.76091	4	22	9.76094	4	22	0	0	0	0.0450691	0.0443367	0.0459767	0.0450685	0.04434	0.04597	0.0450691	0.0443367	0.0459767	0.0450685	0.04434	0.04597	1	1	10.7426	
9.76385	4	22	9.75994	4	22	9.75996	4	22	0	0	0	0.050078	0.0492567	0.05102	0.0500775	0.04926	0.0510167	0.050078	0.0492567	0.05102	0.0500775	0.04926	0.0510167	1	1	10.7391	
9.76294	4	22	9.75856	4	22	9.75861	4	22	0	0	0	0.055088	0.0542567	0.05612	0.0550874	0.05426	0.0561167	0.055088	0.0542567	0.05612	0.0550874	0.05426	0.0561167	1	1	10.7351	
9.76356	4	22	9.75865	4	22	9.75872	4	22	0	0	0	0.0600776	0.05914	0.0611567	0.0600772	0.05914	0.0611567	0.0600776	0.05914	0.0611567	0.0600772	0.05914	0.0611567	1	1	10.7324	
9.76657	4	23	9.76115	4	23	9.76121	4	23	0	0	0	0.0651088	0.0642067	0.0661033	0.0651087	0.0642067	0.0661033	0.0651088	0.0642067	0.0661033	0.0651087	0.0642067	0.0661033	1	1	10.732	
9.76803	4	23	9.76203	4	23	9.76208	4	23	0	0	0	0.0700993	0.06919	0.0710567	0.070099	0.0691833	0.0710567	0.0700993	0.06919	0.0710567	0.070099	0.0691833	0.0710567	1	1	10.7299	
9.76761	4	23	9.76105	4	23	9.76111	4	23	0	0	0	0.0750704	0.0741733	0.0760867	0.0750702	0.07417	0.0760867	0.0750704	0.0741733	0.0760867	0.0750702	0.07417	0.0760867	1	1	10.7258	
9.76929	4	23	9.76217	4	23	9.76225	4	23	0	0	0	0.0800622	0.07906	0.0811233	0.0800622	0.0790533	0.0811233	0.0800622	0.07906	0.0811233	0.0800622	0.0790533	0.0811233	1	1	10.7235	
9.76891	4	24	9.76118	4	24	9.76125	4	24	0	0	0	0.0850491	0.0840467	0.08615	0.0850492	0.08404	0.08615	0.0850491	0.0840467	0.08615	0.0850492	0.08404	0.08615	1	1	10.7192	
9.77018	4	25	9.76183	4	25	9.76189	4	25	0	0	0	0.0900403	0.08904	0.0911	0.0900401	0.0890333	0.0911	0.0900403	0.08904	0.0911	0.0900401	0.0890333	0.0911	1	1	10.7163	
9.77129	4	26	9.76229	4	26	9.76233	4	26	0	0	0	0.0950421	0.0939633	0.09615	0.095042	0.0939567	0.09615	0.0950421	0.0939633	0.09615	0.095042	0.0939567	0.09615	1	1	10.7131	
9.77404	4	26	9.76434	4	26	9.76441	4	26	0	0	0	0.100013	0.0988367	0.101037	0.100014	0.09883	0.101037	0.100013	0.0988367	0.101037	0.100014	0.09883	0.101037	1	1	10.7111	
9.77591	4	27	9.76553	4	27	9.7656	4	27	0	0	0	0.105002	0.10396	0.106083	0.105002	0.103953	0.106087	0.105002	0.10396	0.106083	0.105002	0.103953	0.106087	1	1	10.7081	
9.7783	4	27	9.76718	4	27	9.76725	4	27	0	0	0	0.110025	0.108947	0.111093	0.110025	0.10894	0.111097	0.110025	0.108947	0.111093	0.110025	0.10894	0.111097	1	1	10.7053	
9.7806	4	27	9.76875	4	27	9.76882	4	27	0	0	0	0.115005	0.113947	0.116063	0.115005	0.11394	0.116067	0.115005	0.113947	0.116063	0.115005	0.11394	0.116067	1	1	10.7023	
9.78347	4	27	9.77087	4	27	9.77093	4	27	0	0	0	0.119998	0.118917	0.12105	0.119998	0.118913	0.121053	0.119998	0.118917	0.12105	0.119998	0.118913	0.121053	1	1	10.6995	
9.78605	4	27	9.77269	4	27	9.77275	4	27	0	0	0	0.124993	0.123957	0.126023	0.124993	0.123953	0.126023	0.124993	0.123957	0.126023	0.124993	0.123953	0.126023	1	1	10.6962	
9.79	4	27	9.77581	4	27	9.77587	4	27	0	0	0	0.129989	0.128887	0.130963	0.129989	0.128883	0.130967	0.129989	0.128887	0.130963	0.129989	0.128883	0.130967	1	1	10.6938	
9.79384	4	27	9.77877	4	27	9.77883	4	27	0	0	0	0.134996	0.13394	0.136053	0.134996	0.13394	0.136057	0.134996	0.13394	0.136053	0.134996	0.13394	0.136057	1	1	10.6908	
9.7989	4	27	9.7829	4	27	9.78297	4	27	0	0	0	0.139993	0.13878	0.140917	0.139994	0.13878	0.14092	0.139993	0.13878	0.140917	0.139994	0.13878	0.14092	1	1	10.6884	
9.8047	4	28	9.78779	4	28	9.78786	4	28	0	0	0	0.144979	0.143707	0.145863	0.14498	0.143707	0.14586	0.144979	0.143707	0.145863	0.14498	0.143707	0.14586	1	1	10.6863	
9.81143	4	28	9.7936	4	28	9.79366	4	28	0	0	0	0.149981	0.148657	0.151093	0.149981	0.148657	0.15109	0.149981	0.148657	0.151093	0.149981	0.148657	0.15109	1	1	10.6846	
9.81835	4	28	9.79946	4	28	9.79953	4	28	0	0	0	0.154962	0.1535	0.156267	0.154962	0.153497	0.156263	0.154962	0.1535	0.156267	0.154962	0.153497	0.156263	1	1	10.6823	
9.82741	4	29	9.80742	4	29	9.80749	4	29	0	0	0	0.159973	0.158617	0.16114	0.159974	0.158617	0.16114	0.159973	0.158617	0.16114	0.159974	0.158617	0.16114	1	1	10.6809	
9.83623	4	29	9.81511	4	29	9.81518	4	29	0	0	0	0.164998	0.16344	0.166243	0.164998	0.16344	0.166247	0.164998	0.16344	0.166243	0.164998	0.16344	0.166247	1	1	10.6788	
9.84516	4	30	9.82285	4	30	9.8229	4	30	0	0	0	0.170007	0.168467	0.171367	0.170008	0.168467	0.171367	0.170007	0.168467	0.171367	0.170008	0.168467	0.171367	1	1	10.6759	
9.85658	4	31	9.83314	4	31	9.8332	4	31	0	0	0	0.175015	0.173497	0.17646	0.175015	0.173497	0.176463	0.175015	0.173497	0.17646	0.175015	0.173497	0.176463	1	1	10.6739	
9.86898	4	31	9.84431	4	31	9.84437	4	31	0	0	0	0.180034	0.178407	0.18157	0.180035	0.178407	0.18157	0.180034	0.178407	0.18157	0.180035	0.178407	0.18157	1	1	10.6714	
9.88395	4	31	9.85803	4	31	9.85809	4	31	0	0	0	0.185042	0.183203	0.186423	0.185042	0.1832	0.186423	0.185042	0.183203	0.186423	0.185042	0.1832	0.186423	1	1	10.6691	
9.90126	4	32	9.87402	4	32	9.87408	4	32	0	0	0	0.190052	0.188203	0.191317	0.190053	0.1882	0.191317	0.190052	0.188203	0.191317	0.190053	0.1882	0.191317	1	1	10.6668	
9.92189	4	36	9.89326	4	36	9.89331	4	36	0	0	0	0.195078	0.193557	0.196443	0.195078	0.193553	0.196443	0.195078	0.193557	0.196443	0.195078	0.193553	0.196443	1	1	10.6648	
9.94551	4	37	9.91548	4	37	9.91553	4	37	0	0	0	0.200077	0.19841	0.20126	0.200077	0.198407	0.20126	0.200077	0.19841	0.20126	0.200077	0.198407	0.20126	1	1	10.6629	
9.97463	4	37	9.94314	4	37	9.94319	4	37	0	0	0	0.20508	0.203317	0.206423	0.20508	0.203313	0.20642	0.20508	0.203317	0.206423	0.20508	0.203313	0.20642	1	1	10.6606	
10.0099	4	38	9.97681	4	38	9.97685	4	38	0	0	0	0.210069	0.20816	0.211343	0.210069	0.208157	0.21134	0.210069	0.20816	0.211343	0.210069	0.208157	0.21134	1	1	10.6583	
10.0518	4	44	10.0171	4	44	10.0171	4	44	0	0	0	0.215034	0.2131	0.21641	0.215033	0.213097	0.216407	0.215034	0.2131	0.21641	0.215033	0.213097	0.216407	1	1	10.6559	
10.1129	4	49	10.0764	4	49	10.0765	4	49	0	0	0	0.220027	0.217907	0.22134	0.220027	0.217903	0.22135	0.220027	0.217907	0.22134	0.220027	0.217903	0.22135	1	1	10.6537	
10.1937	4	52	10.1554	4	52	10.1555	4	52	0	0	0	0.225021	0.222973	0.226473	0.22502	0.22297	0.22647	0.225021	0.222973	0.226473	0.22502	0.22297	0.22647	1	1	10.6512	
10.3133	4	53	10.273	4	53	10.2731	4	53	0	0	0	0.230021	0.22809	0.231733	0.23002	0.228087	0.23174	0.230021	0.22809	0.231733	0.23002	0.228087	0.23174	1	1	10.649	
10.5088	4	60	10.4668	4	60	10.4668	4	60	0	0	0	0.235028	0.233103	0.23677	0.235027	0.2331	0.236777	0.235028	0.233103	0.23677	0.235027	0.2331	0.236777	1	1	10.6471	
10.9104	4	78	10.8663	4	78	10.8664	4	78	0	0	0	0.240018	0.238197	0.241943	0.240018	0.238193	0.24195	0.240018	0.238197	0.241943	0.240018	0.238193	0.24195	1	1	10.6451	
12.2916	4	159	12.2455	4	159	12.2462	4	159	0	0	0	0.245008	0.24338	0.246617	0.245007	0.24338	0.246613	0.245008	0.24338	0.246617	0.245007	0.24338	0.246613	1	1	10.644	
84.4247	4	1518	84.3764	4	1518	84.4171	4	1518	0	0	0	0.24997	0.248531	0.251476	0.249945	0.248533	0.251471	0.24997	0.248531	0.251476	0.249945	0.248533	0.251471	1	1	10.6422	
1317.16	4	16552	1317.11	4	16551	1336.7	4	16824	0	0	0	0.25498	0.253557	0.256451	0.254472	0.250987	0.256447	0.25498	0.253557	0.256451	0.254472	0.250987	0.256447	1	1	10.6402	
