9.12139	1	22	9.12131	1	22	9.12127	1	22	0	0	0	0.00499391	0.00472	0.00529667	0.00499391	0.00471667	0.00522667	0.00499391	0.00472	0.00529667	0.00499391	0.00471667	0.00522667	1	1	10.1208	
9.11476	1	26	9.11462	1	26	9.11466	1	26	0	0	0	0.0100062	0.00967333	0.0105533	0.010006	0.00945333	0.0104833	0.0100062	0.00967333	0.0105533	0.010006	0.00945333	0.0104833	1	1	10.1136	
9.11928	1	22	9.11902	1	22	9.11912	1	22	0	0	0	0.0150311	0.0147333	0.0154867	0.0150308	0.0145267	0.0155167	0.0150311	0.0147333	0.0154867	0.0150308	0.0145267	0.0155167	1	1	10.1175	
9.12194	1	26	9.12161	1	26	9.12168	1	26	0	0	0	0.020063	0.01956	0.0207733	0.0200628	0.0196233	0.02067	0.020063	0.01956	0.0207733	0.0200628	0.0196233	0.02067	1	1	10.1194	
9.10454	1	29	9.10406	1	29	9.10411	1	29	0	0	0	0.0250671	0.0246267	0.02574	0.0250667	0.0243533	0.02574	0.0250671	0.0246267	0.02574	0.0250667	0.0243533	0.02574	1	1	10.1012	
9.11592	1	28	9.11537	1	28	9.11554	1	28	0	0	0	0.0300682	0.02952	0.0307533	0.0300679	0.02915	0.0307533	0.0300682	0.02952	0.0307533	0.0300679	0.02915	0.0307533	1	1	10.112	
9.11967	1	31	9.11903	1	31	9.11913	1	31	0	0	0	0.0350706	0.03449	0.03577	0.0350701	0.0342967	0.0357467	0.0350706	0.03449	0.03577	0.0350701	0.0342967	0.0357467	1	1	10.1152	
9.11452	1	28	9.1137	1	28	9.11367	1	28	0	0	0	0.0400941	0.0393233	0.0409733	0.0400935	0.0392633	0.0410633	0.0400941	0.0393233	0.0409733	0.0400935	0.0392633	0.0410633	1	1	10.1091	
9.11689	1	29	9.11599	1	29	9.11599	1	29	0	0	0	0.0450691	0.0443367	0.0459767	0.0450685	0.0440967	0.0460667	0.0450691	0.0443367	0.0459767	0.0450685	0.0440967	0.0460667	1	1	10.1108	
9.11988	1	34	9.11886	1	34	9.11888	1	34	0	0	0	0.050078	0.0492567	0.05102	0.0500777	0.0489867	0.0509467	0.050078	0.0492567	0.05102	0.0500777	0.0489867	0.0509467	1	1	10.113	
9.11652	1	31	9.11536	1	31	9.11544	1	31	0	0	0	0.055088	0.0542567	0.05612	0.0550877	0.05382	0.0564	0.055088	0.0542567	0.05612	0.0550877	0.05382	0.0564	1	1	10.1089	
9.11648	1	32	9.11522	1	32	9.11531	1	32	0	0	0	0.0600776	0.05914	0.0611567	0.0600773	0.0591367	0.0608933	0.0600776	0.05914	0.0611567	0.0600773	0.0591367	0.0608933	1	1	10.1083	
9.11935	1	34	9.11792	1	34	9.11799	1	34	0	0	0	0.0651088	0.0642067	0.0661033	0.0651089	0.0641733	0.0659533	0.0651088	0.0642067	0.0661033	0.0651089	0.0641733	0.0659533	1	1	10.1101	
9.12342	1	32	9.1219	1	32	9.12192	1	32	0	0	0	0.0700993	0.06919	0.0710567	0.070099	0.0692367	0.07124	0.0700993	0.06919	0.0710567	0.070099	0.0692367	0.07124	1	1	10.1134	
9.12236	1	34	9.12065	1	34	9.12072	1	34	0	0	0	0.0750704	0.0741733	0.0760867	0.0750704	0.0738833	0.0761033	0.0750704	0.0741733	0.0760867	0.0750704	0.0738833	0.0761033	1	1	10.1115	
9.12892	1	32	9.12711	1	32	9.12713	1	32	0	0	0	0.0800622	0.07906	0.0811233	0.0800618	0.0790433	0.0811033	0.0800622	0.07906	0.0811233	0.0800618	0.0790433	0.0811033	1	1	10.1171	
9.12552	1	32	9.12346	1	32	9.1235	1	32	0	0	0	0.0850491	0.0840467	0.08615	0.0850491	0.0842133	0.0862	0.0850491	0.0840467	0.08615	0.0850491	0.0842133	0.0862	1	1	10.1128	
9.12575	1	33	9.1235	1	33	9.12359	1	33	0	0	0	0.0900403	0.08904	0.0911	0.0900397	0.08875	0.0909933	0.0900403	0.08904	0.0911	0.0900397	0.08875	0.0909933	1	1	10.1122	
9.12489	1	33	9.12248	1	33	9.12254	1	33	0	0	0	0.0950421	0.0939633	0.09615	0.0950417	0.09368	0.0964133	0.0950421	0.0939633	0.09615	0.0950417	0.09368	0.0964133	1	1	10.1105	
9.13175	1	36	9.12913	1	36	9.12919	1	36	0	0	0	0.100013	0.0988367	0.101037	0.100013	0.0987633	0.10135	0.100013	0.0988367	0.101037	0.100013	0.0987633	0.10135	1	1	10.1164	
9.12764	1	34	9.12492	1	34	9.12497	1	34	0	0	0	0.105002	0.10396	0.106083	0.105002	0.103513	0.10633	0.105002	0.10396	0.106083	0.105002	0.103513	0.10633	1	1	10.1115	
9.13211	1	34	9.129	1	34	9.1291	1	34	0	0	0	0.110025	0.108947	0.111093	0.110025	0.108107	0.111597	0.110025	0.108947	0.111093	0.110025	0.108107	0.111597	1	1	10.1146	
9.13069	1	35	9.1275	1	35	9.12759	1	35	0	0	0	0.115005	0.113947	0.116063	0.115005	0.1141	0.116207	0.115005	0.113947	0.116063	0.115005	0.1141	0.116207	1	1	10.1126	
9.13718	1	35	9.13374	1	35	9.13384	1	35	0	0	0	0.119998	0.118917	0.12105	0.119998	0.118703	0.121427	0.119998	0.118917	0.12105	0.119998	0.118703	0.121427	1	1	10.1178	
9.13756	1	35	9.13382	1	35	9.1339	1	35	0	0	0	0.124993	0.123957	0.126023	0.124993	0.12373	0.126493	0.124993	0.123957	0.126023	0.124993	0.12373	0.126493	1	1	10.117	
9.13453	1	38	9.13054	1	38	9.1306	1	38	0	0	0	0.129989	0.128887	0.130963	0.129989	0.12835	0.13113	0.129989	0.128887	0.130963	0.129989	0.12835	0.13113	1	1	10.1128	
9.14062	1	36	9.13628	1	36	9.13631	1	36	0	0	0	0.134996	0.13394	0.136053	0.134996	0.132933	0.136693	0.134996	0.13394	0.136053	0.134996	0.132933	0.136693	1	1	10.1181	
9.14075	1	39	9.1361	1	39	9.13619	1	39	0	0	0	0.139993	0.13878	0.140917	0.139994	0.13829	0.141893	0.139993	0.13878	0.140917	0.139994	0.13829	0.141893	1	1	10.117	
9.14283	1	37	9.13795	1	37	9.138	1	37	0	0	0	0.144979	0.143707	0.145863	0.14498	0.143657	0.146507	0.144979	0.143707	0.145863	0.14498	0.143657	0.146507	1	1	10.1177	
9.14314	1	38	9.13804	1	38	9.13814	1	38	0	0	0	0.149981	0.148657	0.151093	0.149981	0.14865	0.151907	0.149981	0.148657	0.151093	0.149981	0.14865	0.151907	1	1	10.117	
9.14713	1	36	9.14149	1	36	9.14157	1	36	0	0	0	0.154962	0.1535	0.156267	0.154963	0.153323	0.15623	0.154962	0.1535	0.156267	0.154963	0.153323	0.15623	1	1	10.1198	
9.14818	1	36	9.14231	1	36	9.14238	1	36	0	0	0	0.159973	0.158617	0.16114	0.159973	0.15876	0.162183	0.159973	0.158617	0.16114	0.159973	0.15876	0.162183	1	1	10.1198	
9.15424	1	38	9.14793	1	38	9.148	1	38	0	0	0	0.164998	0.16344	0.166243	0.164998	0.163397	0.166963	0.164998	0.16344	0.166243	0.164998	0.163397	0.166963	1	1	10.1245	
9.15757	1	40	9.15091	1	40	9.151	1	40	0	0	0	0.170007	0.168467	0.171367	0.170007	0.168247	0.171927	0.170007	0.168467	0.171367	0.170007	0.168247	0.171927	1	1	10.1263	
9.15858	1	35	9.15154	1	35	9.15161	1	35	0	0	0	0.175015	0.173497	0.17646	0.175016	0.172533	0.176873	0.175015	0.173497	0.17646	0.175016	0.172533	0.176873	1	1	10.1261	
9.1633	1	41	9.15597	1	41	9.15605	1	41	0	0	0	0.180034	0.178407	0.18157	0.180036	0.177577	0.181467	0.180034	0.178407	0.18157	0.180036	0.177577	0.181467	1	1	10.1298	
9.16699	1	39	9.15904	1	39	9.15912	1	39	0	0	0	0.185042	0.183203	0.186423	0.185042	0.183467	0.18655	0.185042	0.183203	0.186423	0.185042	0.183467	0.18655	1	1	10.1319	
9.17366	1	38	9.16543	1	38	9.16551	1	38	0	0	0	0.190052	0.188203	0.191317	0.190053	0.18816	0.19162	0.190052	0.188203	0.191317	0.190053	0.18816	0.19162	1	1	10.1372	
9.17782	1	40	9.16889	1	40	9.16899	1	40	0	0	0	0.195078	0.193557	0.196443	0.195079	0.192843	0.196973	0.195078	0.193557	0.196443	0.195079	0.192843	0.196973	1	1	10.1394	
9.18256	1	40	9.17325	1	40	9.17333	1	40	0	0	0	0.200077	0.19841	0.20126	0.200078	0.197993	0.202747	0.200077	0.19841	0.20126	0.200078	0.197993	0.202747	1	1	10.1429	
9.18406	1	39	9.17432	1	39	9.17437	1	39	0	0	0	0.20508	0.203317	0.206423	0.205081	0.20336	0.20681	0.20508	0.203317	0.206423	0.205081	0.20336	0.20681	1	1	10.1429	
9.18922	1	40	9.17887	1	40	9.17894	1	40	0	0	0	0.210069	0.20816	0.211343	0.21007	0.20815	0.21225	0.210069	0.20816	0.211343	0.21007	0.20815	0.21225	1	1	10.1461	
9.19245	1	44	9.18156	1	44	9.18161	1	44	0	0	0	0.215034	0.2131	0.21641	0.215033	0.21312	0.21702	0.215034	0.2131	0.21641	0.215033	0.21312	0.21702	1	1	10.1481	
9.19586	1	40	9.1843	1	40	9.18435	1	40	0	0	0	0.220027	0.217907	0.22134	0.220027	0.217693	0.222263	0.220027	0.217907	0.22134	0.220027	0.217693	0.222263	1	1	10.1501	
9.20485	1	39	9.19272	1	39	9.19276	1	39	0	0	0	0.225021	0.222973	0.226473	0.22502	0.221983	0.22655	0.225021	0.222973	0.226473	0.22502	0.221983	0.22655	1	1	10.1573	
9.20788	1	41	9.19503	1	41	9.19512	1	41	0	0	0	0.230021	0.22809	0.231733	0.230021	0.22783	0.231963	0.230021	0.22809	0.231733	0.230021	0.22783	0.231963	1	1	10.1586	
9.21229	1	39	9.19878	1	39	9.19884	1	39	0	0	0	0.235028	0.233103	0.23677	0.235028	0.23281	0.23689	0.235028	0.233103	0.23677	0.235028	0.23281	0.23689	1	1	10.161	
9.21522	1	39	9.20103	1	39	9.20107	1	39	0	0	0	0.240018	0.238197	0.241943	0.240017	0.238067	0.241483	0.240018	0.238197	0.241943	0.240017	0.238067	0.241483	1	1	10.1624	
9.21866	1	41	9.20377	1	40	9.20385	1	40	0	0	0	0.245024	0.242773	0.24693	0.245024	0.24309	0.24764	0.245024	0.242773	0.24693	0.245024	0.24309	0.24764	1	1	10.1641	
9.22717	1	42	9.21159	1	42	9.21165	1	42	0	0	0	0.250034	0.247733	0.252193	0.250034	0.24715	0.2518	0.250034	0.247733	0.252193	0.250034	0.24715	0.2518	1	1	10.1705	
9.23127	1	42	9.21471	1	42	9.2148	1	42	0	0	0	0.255015	0.25275	0.257127	0.255015	0.253107	0.25739	0.255015	0.25275	0.257127	0.255015	0.253107	0.25739	1	1	10.1724	
9.23828	1	41	9.22104	1	41	9.22113	1	41	0	0	0	0.260024	0.257637	0.262147	0.260025	0.25776	0.262627	0.260024	0.257637	0.262147	0.260025	0.25776	0.262627	1	1	10.1777	
9.24568	1	41	9.22736	1	41	9.2274	1	41	0	0	0	0.265017	0.262427	0.26717	0.265017	0.26247	0.267103	0.265017	0.262427	0.26717	0.265017	0.26247	0.267103	1	1	10.1826	
9.2479	1	42	9.22874	1	42	9.22882	1	42	0	0	0	0.270019	0.26732	0.27215	0.270019	0.26814	0.27242	0.270019	0.26732	0.27215	0.270019	0.26814	0.27242	1	1	10.183	
9.25373	1	40	9.23389	1	40	9.23399	1	40	0	0	0	0.275021	0.272227	0.277133	0.27502	0.272943	0.277543	0.275021	0.272227	0.277133	0.27502	0.272943	0.277543	1	1	10.1869	
9.2595	1	39	9.23843	1	39	9.2385	1	39	0	0	0	0.280024	0.27711	0.28227	0.280024	0.278147	0.282113	0.280024	0.27711	0.28227	0.280024	0.278147	0.282113	1	1	10.1902	
9.26772	1	43	9.24581	1	43	9.2459	1	43	0	0	0	0.284984	0.28202	0.2873	0.284984	0.282297	0.288273	0.284984	0.28202	0.2873	0.284984	0.282297	0.288273	1	1	10.1962	
9.27316	1	43	9.25033	1	43	9.25042	1	43	0	0	0	0.290004	0.28696	0.292427	0.290004	0.28735	0.292967	0.290004	0.28696	0.292427	0.290004	0.28735	0.292967	1	1	10.1996	
9.28035	1	42	9.25653	1	42	9.25659	1	42	0	0	0	0.295023	0.291793	0.297347	0.295023	0.292627	0.297247	0.295023	0.291793	0.297347	0.295023	0.292627	0.297247	1	1	10.204	
9.28701	1	40	9.26171	1	40	9.26178	1	40	0	0	0	0.300015	0.296733	0.302347	0.300014	0.298047	0.30208	0.300015	0.296733	0.302347	0.300014	0.298047	0.30208	1	1	10.2081	
9.29753	1	41	9.27102	1	41	9.27109	1	41	0	0	0	0.30501	0.301723	0.30717	0.305011	0.302953	0.307363	0.30501	0.301723	0.30717	0.305011	0.302953	0.307363	1	1	10.2158	
9.30494	1	41	9.27756	1	41	9.27766	1	41	0	0	0	0.310018	0.306597	0.3122	0.310018	0.306843	0.312293	0.310018	0.306597	0.3122	0.310018	0.306843	0.312293	1	1	10.2213	
9.30806	1	44	9.27922	1	44	9.27928	1	44	0	0	0	0.314986	0.311583	0.31721	0.314986	0.312717	0.317177	0.314986	0.311583	0.31721	0.314986	0.312717	0.317177	1	1	10.2213	
9.32037	1	45	9.28997	1	45	9.29002	1	45	0	0	0	0.319994	0.316567	0.322197	0.319995	0.31683	0.322777	0.319994	0.316567	0.322197	0.319995	0.31683	0.322777	1	1	10.2308	
9.32506	1	45	9.29364	1	45	9.29369	1	45	0	0	0	0.325005	0.321523	0.327163	0.325006	0.322047	0.327307	0.325005	0.321523	0.327163	0.325006	0.322047	0.327307	1	1	10.2328	
9.3332	1	43	9.3003	1	43	9.30037	1	43	0	0	0	0.329995	0.326493	0.332253	0.329995	0.327847	0.33277	0.329995	0.326493	0.332253	0.329995	0.327847	0.33277	1	1	10.2381	
9.33924	1	42	9.30473	1	42	9.30478	1	42	0	0	0	0.334995	0.331413	0.337203	0.334995	0.332853	0.33714	0.334995	0.331413	0.337203	0.334995	0.332853	0.33714	1	1	10.241	
9.35161	1	43	9.31529	1	43	9.31534	1	43	0	0	0	0.340001	0.336503	0.34213	0.340002	0.337977	0.34263	0.340001	0.336503	0.34213	0.340002	0.337977	0.34263	1	1	10.2501	
9.35878	1	50	9.32108	1	50	9.32113	1	50	0	0	0	0.344977	0.34145	0.347093	0.344977	0.342753	0.347317	0.344977	0.34145	0.347093	0.344977	0.342753	0.347317	1	1	10.2544	
9.36594	1	46	9.32657	1	46	9.32666	1	46	0	0	0	0.349965	0.34621	0.35204	0.349966	0.347703	0.352377	0.349965	0.34621	0.35204	0.349966	0.347703	0.352377	1	1	10.2582	
9.37489	1	43	9.33384	1	43	9.33392	1	43	0	0	0	0.354962	0.351113	0.35706	0.354963	0.352413	0.35718	0.354962	0.351113	0.35706	0.354963	0.352413	0.35718	1	1	10.2638	
9.38605	1	46	9.34299	1	46	9.34305	1	46	0	0	0	0.359946	0.356217	0.362117	0.359947	0.356223	0.36249	0.359946	0.356217	0.362117	0.359947	0.356223	0.36249	1	1	10.2712	
9.39519	1	43	9.34991	1	43	9.35004	1	43	0	0	0	0.364961	0.361297	0.367087	0.364961	0.362457	0.367733	0.364961	0.361297	0.367087	0.364961	0.362457	0.367733	1	1	10.2765	
9.40121	1	56	9.35409	1	56	9.35416	1	56	0	0	0	0.369962	0.36614	0.37218	0.369962	0.366783	0.37264	0.369962	0.36614	0.37218	0.369962	0.366783	0.37264	1	1	10.2788	
9.41246	1	46	9.36334	1	46	9.36342	1	46	0	0	0	0.374957	0.371073	0.37707	0.374957	0.372443	0.37817	0.374957	0.371073	0.37707	0.374957	0.372443	0.37817	1	1	10.2863	
9.42588	1	46	9.3744	1	46	9.37449	1	46	0	0	0	0.379938	0.37607	0.382213	0.379938	0.37747	0.382663	0.379938	0.37607	0.382213	0.379938	0.37747	0.382663	1	1	10.2954	
9.43182	1	46	9.37814	1	46	9.37817	1	46	0	0	0	0.384944	0.381013	0.387093	0.384944	0.382637	0.387623	0.384944	0.381013	0.387093	0.384944	0.382637	0.387623	1	1	10.2975	
9.44359	1	45	9.38776	1	45	9.38782	1	45	0	0	0	0.389928	0.385823	0.39206	0.389928	0.38702	0.39229	0.389928	0.385823	0.39206	0.389928	0.38702	0.39229	1	1	10.3052	
9.45476	1	62	9.39587	1	62	9.39599	1	62	0	0	0	0.394923	0.390957	0.39708	0.394923	0.39178	0.397483	0.394923	0.390957	0.39708	0.394923	0.39178	0.397483	1	1	10.3111	
9.46604	1	52	9.40473	1	52	9.40482	1	52	0	0	0	0.399943	0.395987	0.40203	0.399943	0.397153	0.402843	0.399943	0.395987	0.40203	0.399943	0.397153	0.402843	1	1	10.3184	
9.47674	1	43	9.41247	1	43	9.41257	1	43	0	0	0	0.404934	0.400923	0.407463	0.404933	0.402653	0.40675	0.404934	0.400923	0.407463	0.404933	0.402653	0.40675	1	1	10.3235	
9.4893	1	46	9.42189	1	46	9.42195	1	46	0	0	0	0.409933	0.406057	0.412473	0.409934	0.40711	0.4121	0.409933	0.406057	0.412473	0.409934	0.40711	0.4121	1	1	10.3315	
9.50026	1	50	9.43037	1	50	9.43045	1	50	0	0	0	0.414948	0.410933	0.41741	0.414948	0.41217	0.417667	0.414948	0.410933	0.41741	0.414948	0.41217	0.417667	1	1	10.3371	
9.51171	1	46	9.43823	1	46	9.43832	1	46	0	0	0	0.419968	0.415927	0.422297	0.419968	0.418167	0.422103	0.419968	0.415927	0.422297	0.419968	0.418167	0.422103	1	1	10.3441	
9.52469	1	52	9.44785	1	52	9.44791	1	52	0	0	0	0.424933	0.420963	0.427083	0.424932	0.421923	0.427873	0.424933	0.420963	0.427083	0.424932	0.421923	0.427873	1	1	10.3509	
9.5396	1	57	9.45925	1	57	9.4593	1	57	0	0	0	0.429919	0.42584	0.43224	0.429917	0.42707	0.432883	0.429919	0.42584	0.43224	0.429917	0.42707	0.432883	1	1	10.3599	
9.55322	1	47	9.4692	1	47	9.46926	1	47	0	0	0	0.4349	0.430777	0.437183	0.4349	0.432207	0.437377	0.4349	0.430777	0.437183	0.4349	0.432207	0.437377	1	1	10.3683	
9.56536	1	48	9.47774	1	48	9.47783	1	48	0	0	0	0.439918	0.435807	0.442153	0.439918	0.43751	0.44256	0.439918	0.435807	0.442153	0.439918	0.43751	0.44256	1	1	10.3738	
9.57686	1	54	9.48517	1	54	9.48524	1	54	0	0	0	0.444945	0.440747	0.447317	0.444944	0.442707	0.447707	0.444945	0.440747	0.447317	0.444944	0.442707	0.447707	1	1	10.3787	
9.59351	1	49	9.49683	1	49	9.4969	1	49	0	0	0	0.449951	0.445773	0.452347	0.44995	0.447537	0.452567	0.449951	0.445773	0.452347	0.44995	0.447537	0.452567	1	1	10.3881	
9.60617	1	50	9.50555	1	50	9.50561	1	50	0	0	0	0.454952	0.45091	0.45769	0.454952	0.45133	0.45789	0.454952	0.45091	0.45769	0.454952	0.45133	0.45789	1	1	10.3944	
9.62037	1	49	9.51465	1	49	9.51474	1	49	0	0	0	0.459963	0.455857	0.462693	0.459962	0.45777	0.461953	0.459963	0.455857	0.462693	0.459962	0.45777	0.461953	1	1	10.401	
9.63821	1	49	9.52768	1	49	9.52777	1	49	0	0	0	0.464999	0.46081	0.467627	0.464998	0.462797	0.468067	0.464999	0.46081	0.467627	0.464998	0.462797	0.468067	1	1	10.4107	
9.65384	1	55	9.53764	1	55	9.5377	1	55	0	0	0	0.470001	0.46574	0.4725	0.47	0.466763	0.47252	0.470001	0.46574	0.4725	0.47	0.466763	0.47252	1	1	10.4183	
9.6679	1	51	9.54625	1	51	9.54635	1	51	0	0	0	0.47498	0.4707	0.477357	0.474981	0.47215	0.477097	0.47498	0.4707	0.477357	0.474981	0.47215	0.477097	1	1	10.4247	
9.68602	1	52	9.55783	1	52	9.55792	1	52	0	0	0	0.479986	0.475563	0.48226	0.479986	0.477323	0.482383	0.479986	0.475563	0.48226	0.479986	0.477323	0.482383	1	1	10.4333	
9.70657	1	60	9.57249	1	60	9.57258	1	60	0	0	0	0.484968	0.480527	0.48739	0.484968	0.48067	0.488517	0.484968	0.480527	0.48739	0.484968	0.48067	0.488517	1	1	10.4443	
9.72383	1	63	9.58286	1	63	9.58297	1	63	0	0	0	0.489984	0.4858	0.49218	0.489982	0.486247	0.494373	0.489984	0.4858	0.49218	0.489982	0.486247	0.494373	1	1	10.4521	
9.74432	1	59	9.59638	1	59	9.5965	1	59	0	0	0	0.495004	0.49079	0.497313	0.495003	0.492993	0.49829	0.495004	0.49079	0.497313	0.495003	0.492993	0.49829	1	1	10.462	
9.76431	1	59	9.60794	1	59	9.60801	1	59	0	0	0	0.5	0.495827	0.502247	0.5	0.494883	0.502863	0.5	0.495827	0.502247	0.5	0.494883	0.502863	1	1	10.471	
9.78575	1	58	9.62128	1	58	9.62135	1	58	0	0	0	0.505012	0.500743	0.507327	0.505012	0.50222	0.5086	0.505012	0.500743	0.507327	0.505012	0.50222	0.5086	1	1	10.4799	
9.80922	1	51	9.63671	1	51	9.63675	1	51	0	0	0	0.510001	0.505623	0.51228	0.510001	0.5075	0.513023	0.510001	0.505623	0.51228	0.510001	0.5075	0.513023	1	1	10.4925	
9.8279	1	64	9.64527	1	64	9.64535	1	64	0	0	0	0.515003	0.510713	0.517367	0.515002	0.51194	0.51761	0.515003	0.510713	0.517367	0.515002	0.51194	0.51761	1	1	10.4981	
9.85074	1	66	9.65799	1	65	9.65805	1	65	0	0	0	0.519992	0.515693	0.52247	0.519991	0.51622	0.523077	0.519992	0.515693	0.52247	0.519991	0.51622	0.523077	1	1	10.5061	
9.87454	1	63	9.6715	1	63	9.67156	1	63	0	0	0	0.524983	0.520763	0.527543	0.524982	0.522307	0.52749	0.524983	0.520763	0.527543	0.524982	0.522307	0.52749	1	1	10.5162	
9.90088	1	61	9.6853	1	61	9.68537	1	61	0	0	0	0.530007	0.525883	0.53272	0.530007	0.527453	0.534683	0.530007	0.525883	0.53272	0.530007	0.527453	0.534683	1	1	10.5265	
9.92459	1	58	9.69687	1	58	9.69697	1	58	0	0	0	0.535012	0.53083	0.537613	0.535011	0.532583	0.538053	0.535012	0.53083	0.537613	0.535011	0.532583	0.538053	1	1	10.5341	
9.95555	1	65	9.7129	1	65	9.71299	1	65	0	0	0	0.540039	0.5359	0.542677	0.540038	0.537473	0.543167	0.540039	0.5359	0.542677	0.540038	0.537473	0.543167	1	1	10.5458	
9.97737	1	67	9.71965	1	67	9.71971	1	67	0	0	0	0.545036	0.54088	0.547587	0.545035	0.54267	0.549343	0.545036	0.54088	0.547587	0.545035	0.54267	0.549343	1	1	10.549	
10.0109	1	61	9.73654	1	61	9.73661	1	61	0	0	0	0.550021	0.54579	0.552727	0.55002	0.546817	0.55361	0.550021	0.54579	0.552727	0.55002	0.546817	0.55361	1	1	10.5615	
10.0458	1	75	9.75402	1	75	9.75412	1	75	0	0	0	0.555002	0.550523	0.557777	0.555001	0.55244	0.557613	0.555002	0.550523	0.557777	0.555001	0.55244	0.557613	1	1	10.5743	
10.0819	1	66	9.76999	1	65	9.77006	1	65	0	0	0	0.560012	0.555857	0.56275	0.560013	0.556653	0.56277	0.560012	0.555857	0.56275	0.560013	0.556653	0.56277	1	1	10.5856	
10.1173	1	68	9.78481	1	67	9.78491	1	67	0	0	0	0.565034	0.560913	0.56781	0.565034	0.56243	0.568637	0.565034	0.560913	0.56781	0.565034	0.56243	0.568637	1	1	10.5951	
10.1545	1	65	9.79839	1	61	9.79849	1	61	0	0	0	0.570039	0.566027	0.572807	0.570038	0.567243	0.573567	0.570039	0.566027	0.572807	0.570038	0.567243	0.573567	1	1	10.6048	
10.2017	1	68	9.81664	1	65	9.81673	1	65	0	0	0	0.575031	0.57091	0.57767	0.575032	0.572253	0.57958	0.575031	0.57091	0.57767	0.575032	0.572253	0.57958	1	1	10.6161	
10.2546	1	84	9.8351	1	72	9.83522	1	72	0	0	0	0.580058	0.575917	0.582753	0.58006	0.577537	0.582993	0.580058	0.575917	0.582753	0.58006	0.577537	0.582993	1	1	10.6297	
10.3036	1	96	9.85125	1	64	9.85132	1	64	0	0	0	0.585059	0.581083	0.587723	0.585058	0.581843	0.588203	0.585059	0.581083	0.587723	0.585058	0.581843	0.588203	1	1	10.6402	
10.3623	1	81	9.86784	1	75	9.86794	1	75	0	0	0	0.590056	0.58606	0.59262	0.590056	0.58675	0.59429	0.590056	0.58606	0.59262	0.590056	0.58675	0.59429	1	1	10.6512	
10.4325	1	121	9.88461	1	68	9.88472	1	68	0	0	0	0.59505	0.591137	0.5976	0.595048	0.590903	0.59869	0.59505	0.591137	0.5976	0.595048	0.590903	0.59869	1	1	10.6624	
10.5131	1	102	9.90432	1	66	9.90445	1	66	0	0	0	0.600046	0.596187	0.602547	0.600045	0.597467	0.60272	0.600046	0.596187	0.602547	0.600045	0.597467	0.60272	1	1	10.6749	
10.5996	1	152	9.92613	1	79	9.92622	1	79	0	0	0	0.605056	0.601253	0.60742	0.605058	0.602113	0.60901	0.605056	0.601253	0.60742	0.605058	0.602113	0.60901	1	1	10.6881	
10.7251	1	132	9.93911	1	78	9.93919	1	78	0	0	0	0.610057	0.606133	0.612123	0.610058	0.606363	0.61348	0.610057	0.606133	0.612123	0.610058	0.606363	0.61348	1	1	10.6968	
10.8753	1	175	9.96138	1	79	9.96145	1	79	0	0	0	0.615068	0.61134	0.617157	0.615067	0.610967	0.617713	0.615068	0.61134	0.617157	0.615067	0.610967	0.617713	1	1	10.7101	
11.1019	1	213	9.98196	1	75	9.98207	1	75	0	0	0	0.620061	0.616433	0.62212	0.62006	0.61742	0.624013	0.620061	0.616433	0.62212	0.62006	0.61742	0.624013	1	1	10.7247	
11.5226	1	311	10.0016	1	79	10.0017	1	79	0	0	0	0.62505	0.621447	0.627117	0.625048	0.621413	0.627753	0.62505	0.621447	0.627117	0.625048	0.621413	0.627753	1	1	10.7369	
13.0466	1	587	10.024	1	92	10.0241	1	92	0	0	0	0.630147	0.627976	0.63186	0.630149	0.628064	0.632696	0.630147	0.627976	0.63186	0.630149	0.628064	0.632696	1	1	10.7491	
143.765	1	13450	10.0462	1	87	10.0462	1	87	0	0	0	0.635021	0.633304	0.636683	0.634888	0.630694	0.63728	0.635021	0.633304	0.636683	0.634888	0.630694	0.63728	1	1	10.7633	
463.267	1	35779	10.0682	1	85	10.0685	1	85	0	0	0	0.640017	0.638354	0.641731	0.63953	0.637606	0.641541	0.640017	0.638354	0.641731	0.63953	0.637606	0.641541	1	1	10.7762	
