9.095	1	20	9.095	1	20	9.09531	1	20	0	0	0	0.00499391	0.00472	0.00529667	0.00499385	0.00472	0.00529667	0.00499391	0.00472	0.00529667	0.00499385	0.00472	0.00529667	1	1	10.095	
9.0879	1	20	9.0879	1	20	9.08806	1	20	0	0	0	0.0100062	0.00967333	0.0105533	0.0100059	0.00967	0.0105533	0.0100062	0.00967333	0.0105533	0.0100059	0.00967	0.0105533	1	1	10.0879	
9.08583	1	20	9.08581	1	20	9.08591	1	20	0	0	0	0.0150311	0.0147333	0.0154867	0.0150309	0.0147333	0.01549	0.0150311	0.0147333	0.0154867	0.0150309	0.0147333	0.01549	1	1	10.0858	
9.09274	1	20	9.09272	1	20	9.0928	1	20	0	0	0	0.020063	0.01956	0.0207733	0.0200627	0.01956	0.0207767	0.020063	0.01956	0.0207733	0.0200627	0.01956	0.0207767	1	1	10.0927	
9.09084	1	20	9.09081	1	20	9.09088	1	20	0	0	0	0.0250671	0.0246267	0.02574	0.0250667	0.0246233	0.0257433	0.0250671	0.0246267	0.02574	0.0250667	0.0246233	0.0257433	1	1	10.0908	
9.08984	1	20	9.08979	1	20	9.08985	1	20	0	0	0	0.0300682	0.02952	0.0307533	0.0300679	0.0295233	0.0307567	0.0300682	0.02952	0.0307533	0.0300679	0.0295233	0.0307567	1	1	10.0898	
9.09052	1	20	9.09047	1	20	9.09056	1	20	0	0	0	0.0350706	0.03449	0.03577	0.0350703	0.0344933	0.0357733	0.0350706	0.03449	0.03577	0.0350703	0.0344933	0.0357733	1	1	10.0905	
9.09052	1	20	9.09045	1	20	9.09055	1	20	0	0	0	0.0400941	0.0393233	0.0409733	0.0400939	0.0393267	0.0409767	0.0400941	0.0393233	0.0409733	0.0400939	0.0393267	0.0409767	1	1	10.0904	
9.09244	1	20	9.09235	1	20	9.09247	1	20	0	0	0	0.0450691	0.0443367	0.0459767	0.0450689	0.04434	0.04597	0.0450691	0.0443367	0.0459767	0.0450689	0.04434	0.04597	1	1	10.0924	
9.09221	1	20	9.09211	1	20	9.09222	1	20	0	0	0	0.050078	0.0492567	0.05102	0.0500779	0.04926	0.0510167	0.050078	0.0492567	0.05102	0.0500779	0.04926	0.0510167	1	1	10.0921	
9.091	1	20	9.09089	1	20	9.09098	1	20	0	0	0	0.055088	0.0542567	0.05612	0.0550877	0.05426	0.0561167	0.055088	0.0542567	0.05612	0.0550877	0.05426	0.0561167	1	1	10.0909	
9.09134	1	20	9.0912	1	20	9.09127	1	20	0	0	0	0.0600776	0.05914	0.0611567	0.0600774	0.05914	0.0611567	0.0600776	0.05914	0.0611567	0.0600774	0.05914	0.0611567	1	1	10.0912	
9.09089	1	20	9.09073	1	20	9.09082	1	20	0	0	0	0.0651088	0.0642067	0.0661033	0.065109	0.0642067	0.0661033	0.0651088	0.0642067	0.0661033	0.065109	0.0642067	0.0661033	1	1	10.0907	
9.09113	1	20	9.09096	1	20	9.09105	1	20	0	0	0	0.0700993	0.06919	0.0710567	0.0700994	0.0691833	0.0710567	0.0700993	0.06919	0.0710567	0.0700994	0.0691833	0.0710567	1	1	10.091	
9.09048	1	20	9.09027	1	20	9.09039	1	20	0	0	0	0.0750704	0.0741733	0.0760867	0.0750707	0.0741733	0.0760867	0.0750704	0.0741733	0.0760867	0.0750707	0.0741733	0.0760867	1	1	10.0903	
9.08891	1	20	9.08868	1	20	9.08877	1	20	0	0	0	0.0800622	0.07906	0.0811233	0.0800628	0.0790533	0.0811233	0.0800622	0.07906	0.0811233	0.0800628	0.0790533	0.0811233	1	1	10.0887	
9.08867	1	20	9.08842	1	20	9.08851	1	20	0	0	0	0.0850491	0.0840467	0.08615	0.0850497	0.08404	0.08615	0.0850491	0.0840467	0.08615	0.0850497	0.08404	0.08615	1	1	10.0884	
9.08951	1	20	9.08922	1	20	9.08931	1	20	0	0	0	0.0900403	0.08904	0.0911	0.0900405	0.0890333	0.0911	0.0900403	0.08904	0.0911	0.0900405	0.0890333	0.0911	1	1	10.0892	
9.08911	1	20	9.08878	1	20	9.08887	1	20	0	0	0	0.0950421	0.0939633	0.09615	0.0950424	0.0939567	0.09615	0.0950421	0.0939633	0.09615	0.0950424	0.0939567	0.09615	1	1	10.0888	
9.09017	1	20	9.0898	1	20	9.08989	1	20	0	0	0	0.100013	0.0988367	0.101037	0.100014	0.09883	0.101037	0.100013	0.0988367	0.101037	0.100014	0.09883	0.101037	1	1	10.0898	
9.08986	1	20	9.08945	1	20	9.08953	1	20	0	0	0	0.105002	0.10396	0.106083	0.105002	0.103953	0.106087	0.105002	0.10396	0.106083	0.105002	0.103953	0.106087	1	1	10.0894	
9.09187	1	20	9.09141	1	20	9.0915	1	20	0	0	0	0.110025	0.108947	0.111093	0.110025	0.10894	0.111097	0.110025	0.108947	0.111093	0.110025	0.10894	0.111097	1	1	10.0914	
9.09175	1	20	9.09126	1	20	9.09135	1	20	0	0	0	0.115005	0.113947	0.116063	0.115005	0.11394	0.116067	0.115005	0.113947	0.116063	0.115005	0.11394	0.116067	1	1	10.0913	
9.09124	1	20	9.09071	1	20	9.0908	1	20	0	0	0	0.119998	0.118917	0.12105	0.119998	0.118913	0.121053	0.119998	0.118917	0.12105	0.119998	0.118913	0.121053	1	1	10.0907	
9.09168	1	20	9.09111	1	20	9.09119	1	20	0	0	0	0.124993	0.123957	0.126023	0.124993	0.123953	0.126023	0.124993	0.123957	0.126023	0.124993	0.123953	0.126023	1	1	10.0911	
9.09183	1	20	9.0912	1	20	9.09129	1	20	0	0	0	0.129989	0.128887	0.130963	0.129989	0.128883	0.130967	0.129989	0.128887	0.130963	0.129989	0.128883	0.130967	1	1	10.0912	
9.09228	1	20	9.0916	1	20	9.09168	1	20	0	0	0	0.134996	0.13394	0.136053	0.134996	0.13394	0.136057	0.134996	0.13394	0.136053	0.134996	0.13394	0.136057	1	1	10.0916	
9.09309	1	20	9.09236	1	20	9.09243	1	20	0	0	0	0.139993	0.13878	0.140917	0.139994	0.13878	0.14092	0.139993	0.13878	0.140917	0.139994	0.13878	0.14092	1	1	10.0924	
9.09409	1	20	9.09328	1	20	9.09336	1	20	0	0	0	0.144979	0.143707	0.145863	0.14498	0.143707	0.14586	0.144979	0.143707	0.145863	0.14498	0.143707	0.14586	1	1	10.0933	
9.0953	1	20	9.09443	1	20	9.09451	1	20	0	0	0	0.149981	0.148657	0.151093	0.149981	0.148657	0.15109	0.149981	0.148657	0.151093	0.149981	0.148657	0.15109	1	1	10.0944	
9.09617	1	20	9.09522	1	20	9.09529	1	20	0	0	0	0.154962	0.1535	0.156267	0.154963	0.1535	0.156263	0.154962	0.1535	0.156267	0.154963	0.1535	0.156263	1	1	10.0952	
9.09657	1	20	9.09556	1	20	9.09564	1	20	0	0	0	0.159973	0.158617	0.16114	0.159974	0.158617	0.16114	0.159973	0.158617	0.16114	0.159974	0.158617	0.16114	1	1	10.0956	
9.0978	1	20	9.09672	1	20	9.09679	1	20	0	0	0	0.164998	0.16344	0.166243	0.164998	0.16344	0.166247	0.164998	0.16344	0.166243	0.164998	0.16344	0.166247	1	1	10.0967	
9.09797	1	20	9.09682	1	20	9.09689	1	20	0	0	0	0.170007	0.168467	0.171367	0.170008	0.168467	0.171367	0.170007	0.168467	0.171367	0.170008	0.168467	0.171367	1	1	10.0968	
9.09865	1	20	9.0974	1	20	9.09747	1	20	0	0	0	0.175015	0.173497	0.17646	0.175016	0.173497	0.176463	0.175015	0.173497	0.17646	0.175016	0.173497	0.176463	1	1	10.0974	
9.09908	1	20	9.09775	1	20	9.09782	1	20	0	0	0	0.180034	0.178407	0.18157	0.180035	0.178407	0.18157	0.180034	0.178407	0.18157	0.180035	0.178407	0.18157	1	1	10.0977	
9.09991	1	20	9.09848	1	20	9.09854	1	20	0	0	0	0.185042	0.183203	0.186423	0.185042	0.183203	0.186423	0.185042	0.183203	0.186423	0.185042	0.183203	0.186423	1	1	10.0985	
9.1001	1	20	9.09858	1	20	9.09864	1	20	0	0	0	0.190052	0.188203	0.191317	0.190053	0.188203	0.191317	0.190052	0.188203	0.191317	0.190053	0.188203	0.191317	1	1	10.0986	
9.09998	1	20	9.09836	1	20	9.09841	1	20	0	0	0	0.195078	0.193557	0.196443	0.195078	0.193557	0.196443	0.195078	0.193557	0.196443	0.195078	0.193557	0.196443	1	1	10.0984	
9.10055	1	20	9.09885	1	20	9.0989	1	20	0	0	0	0.200077	0.19841	0.20126	0.200077	0.198407	0.20126	0.200077	0.19841	0.20126	0.200077	0.198407	0.20126	1	1	10.0989	
9.10132	1	20	9.09951	1	20	9.09956	1	20	0	0	0	0.20508	0.203317	0.206423	0.20508	0.203313	0.20642	0.20508	0.203317	0.206423	0.20508	0.203313	0.20642	1	1	10.0995	
9.10248	1	20	9.10056	1	20	9.10061	1	20	0	0	0	0.210069	0.20816	0.211343	0.210069	0.208157	0.21134	0.210069	0.20816	0.211343	0.210069	0.208157	0.21134	1	1	10.1006	
9.10329	1	20	9.10128	1	20	9.10133	1	20	0	0	0	0.215034	0.2131	0.21641	0.215033	0.213097	0.216407	0.215034	0.2131	0.21641	0.215033	0.213097	0.216407	1	1	10.1013	
9.10354	1	20	9.10141	1	20	9.10146	1	20	0	0	0	0.220027	0.217907	0.22134	0.220027	0.217903	0.221363	0.220027	0.217907	0.22134	0.220027	0.217903	0.221363	1	1	10.1014	
9.10425	1	20	9.10201	1	20	9.10206	1	20	0	0	0	0.225021	0.222973	0.226473	0.225021	0.22297	0.22647	0.225021	0.222973	0.226473	0.225021	0.22297	0.22647	1	1	10.102	
9.10512	1	20	9.10275	1	20	9.1028	1	20	0	0	0	0.230021	0.22809	0.231733	0.230021	0.228087	0.231753	0.230021	0.22809	0.231733	0.230021	0.228087	0.231753	1	1	10.1027	
9.10554	1	20	9.10304	1	20	9.10309	1	20	0	0	0	0.235028	0.233103	0.23677	0.235027	0.2331	0.23679	0.235028	0.233103	0.23677	0.235027	0.2331	0.23679	1	1	10.103	
9.10632	1	20	9.10371	1	20	9.10376	1	20	0	0	0	0.240018	0.238197	0.241943	0.240018	0.238193	0.241963	0.240018	0.238197	0.241943	0.240018	0.238193	0.241963	1	1	10.1037	
9.10706	1	20	9.1043	1	20	9.10435	1	20	0	0	0	0.245024	0.242773	0.24693	0.245024	0.24277	0.246927	0.245024	0.242773	0.24693	0.245024	0.24277	0.246927	1	1	10.1043	
9.10767	1	20	9.10478	1	20	9.10483	1	20	0	0	0	0.250034	0.247733	0.252193	0.250034	0.24773	0.25221	0.250034	0.247733	0.252193	0.250034	0.24773	0.25221	1	1	10.1048	
9.10867	1	20	9.10563	1	20	9.10569	1	20	0	0	0	0.255015	0.25275	0.257127	0.255015	0.252747	0.257143	0.255015	0.25275	0.257127	0.255015	0.252747	0.257143	1	1	10.1056	
9.1096	1	20	9.10641	1	20	9.10646	1	20	0	0	0	0.260024	0.257637	0.262147	0.260024	0.257633	0.262167	0.260024	0.257637	0.262147	0.260024	0.257633	0.262167	1	1	10.1064	
9.11054	1	20	9.10719	1	20	9.10725	1	20	0	0	0	0.265017	0.262427	0.26717	0.265017	0.262423	0.26719	0.265017	0.262427	0.26717	0.265017	0.262423	0.26719	1	1	10.1072	
9.11098	1	20	9.10746	1	20	9.10751	1	20	0	0	0	0.270019	0.26732	0.27215	0.270019	0.267317	0.27217	0.270019	0.26732	0.27215	0.270019	0.267317	0.27217	1	1	10.1075	
9.11214	1	20	9.10845	1	20	9.10851	1	20	0	0	0	0.275021	0.272227	0.277133	0.275021	0.272223	0.277157	0.275021	0.272227	0.277133	0.275021	0.272223	0.277157	1	1	10.1085	
9.11281	1	20	9.10895	1	20	9.109	1	20	0	0	0	0.280024	0.27711	0.28227	0.280024	0.277103	0.282293	0.280024	0.27711	0.28227	0.280024	0.277103	0.282293	1	1	10.1089	
9.11363	1	20	9.10959	1	20	9.10964	1	20	0	0	0	0.284984	0.28202	0.2873	0.284984	0.282013	0.287323	0.284984	0.28202	0.2873	0.284984	0.282013	0.287323	1	1	10.1096	
9.11456	1	20	9.11033	1	20	9.11037	1	20	0	0	0	0.290004	0.28696	0.292427	0.290004	0.28695	0.29245	0.290004	0.28696	0.292427	0.290004	0.28695	0.29245	1	1	10.1103	
9.11551	1	20	9.11107	1	20	9.11112	1	20	0	0	0	0.295023	0.291793	0.297347	0.295023	0.291783	0.29737	0.295023	0.291793	0.297347	0.295023	0.291783	0.29737	1	1	10.1111	
9.11632	1	20	9.11167	1	20	9.11172	1	20	0	0	0	0.300015	0.296733	0.302347	0.300015	0.296723	0.30237	0.300015	0.296733	0.302347	0.300015	0.296723	0.30237	1	1	10.1117	
9.11689	1	20	9.11202	1	20	9.11207	1	20	0	0	0	0.30501	0.301723	0.30717	0.305011	0.301713	0.307193	0.30501	0.301723	0.30717	0.305011	0.301713	0.307193	1	1	10.112	
9.11791	1	20	9.11282	1	20	9.11287	1	20	0	0	0	0.310018	0.306597	0.3122	0.310018	0.306587	0.312223	0.310018	0.306597	0.3122	0.310018	0.306587	0.312223	1	1	10.1128	
9.11927	1	20	9.11394	1	20	9.11399	1	20	0	0	0	0.314986	0.311583	0.31721	0.314987	0.311573	0.317233	0.314986	0.311583	0.31721	0.314987	0.311573	0.317233	1	1	10.1139	
9.12058	1	20	9.11498	1	20	9.11503	1	20	0	0	0	0.319994	0.316567	0.322197	0.319995	0.31656	0.322193	0.319994	0.316567	0.322197	0.319995	0.31656	0.322193	1	1	10.115	
9.12168	1	20	9.11582	1	20	9.11587	1	20	0	0	0	0.325005	0.321523	0.327163	0.325006	0.321517	0.32716	0.325005	0.321523	0.327163	0.325006	0.321517	0.32716	1	1	10.1158	
9.12251	1	20	9.11638	1	20	9.11643	1	20	0	0	0	0.329995	0.326493	0.332253	0.329996	0.326487	0.33225	0.329995	0.326493	0.332253	0.329996	0.326487	0.33225	1	1	10.1164	
9.12364	1	20	9.11726	1	20	9.11731	1	20	0	0	0	0.334995	0.331413	0.337203	0.334996	0.331407	0.3372	0.334995	0.331413	0.337203	0.334996	0.331407	0.3372	1	1	10.1173	
9.12492	1	20	9.11826	1	20	9.11832	1	20	0	0	0	0.340001	0.336503	0.34213	0.340002	0.336497	0.342157	0.340001	0.336503	0.34213	0.340002	0.336497	0.342157	1	1	10.1183	
9.12623	1	20	9.11926	1	20	9.11931	1	20	0	0	0	0.344977	0.34145	0.347093	0.344978	0.341443	0.34712	0.344977	0.34145	0.347093	0.344978	0.341443	0.34712	1	1	10.1193	
9.12746	1	20	9.12015	1	20	9.1202	1	20	0	0	0	0.349965	0.34621	0.35204	0.349966	0.346203	0.352037	0.349965	0.34621	0.35204	0.349966	0.346203	0.352037	1	1	10.1201	
9.12861	1	20	9.12097	1	20	9.12102	1	20	0	0	0	0.354962	0.351113	0.35706	0.354963	0.351107	0.357087	0.354962	0.351113	0.35706	0.354963	0.351107	0.357087	1	1	10.121	
9.12983	1	20	9.12183	1	20	9.12189	1	20	0	0	0	0.359946	0.356217	0.362117	0.359947	0.35621	0.362143	0.359946	0.356217	0.362117	0.359947	0.35621	0.362143	1	1	10.1218	
9.13141	1	20	9.12306	1	20	9.12312	1	20	0	0	0	0.364961	0.361297	0.367087	0.364962	0.36129	0.36711	0.364961	0.361297	0.367087	0.364962	0.36129	0.36711	1	1	10.1231	
9.13298	1	20	9.12426	1	20	9.12432	1	20	0	0	0	0.369962	0.36614	0.37218	0.369963	0.366133	0.372203	0.369962	0.36614	0.37218	0.369963	0.366133	0.372203	1	1	10.1243	
9.13437	1	20	9.12524	1	20	9.1253	1	20	0	0	0	0.374957	0.371073	0.37707	0.374958	0.371067	0.377093	0.374957	0.371073	0.37707	0.374958	0.371067	0.377093	1	1	10.1252	
9.13581	1	20	9.12627	1	20	9.12633	1	20	0	0	0	0.379938	0.37607	0.382213	0.379939	0.376063	0.382233	0.379938	0.37607	0.382213	0.379939	0.376063	0.382233	1	1	10.1263	
9.13712	1	20	9.12717	1	20	9.12724	1	20	0	0	0	0.384944	0.381013	0.387093	0.384945	0.381007	0.387113	0.384944	0.381013	0.387093	0.384945	0.381007	0.387113	1	1	10.1272	
9.13867	1	20	9.12826	1	20	9.12832	1	20	0	0	0	0.389928	0.385823	0.39206	0.389929	0.385817	0.39208	0.389928	0.385823	0.39206	0.389929	0.385817	0.39208	1	1	10.1283	
9.14031	1	20	9.1294	1	20	9.12946	1	20	0	0	0	0.394923	0.390957	0.39708	0.394924	0.390947	0.3971	0.394923	0.390957	0.39708	0.394924	0.390947	0.3971	1	1	10.1294	
9.14181	1	20	9.1304	1	20	9.13046	1	20	0	0	0	0.399943	0.395987	0.40203	0.399944	0.395977	0.40205	0.399943	0.395987	0.40203	0.399944	0.395977	0.40205	1	1	10.1304	
9.1433	1	20	9.13136	1	20	9.13143	1	20	0	0	0	0.404934	0.400923	0.407463	0.404935	0.400913	0.407483	0.404934	0.400923	0.407463	0.404935	0.400913	0.407483	1	1	10.1314	
9.1451	1	20	9.13259	1	20	9.13265	1	20	0	0	0	0.409933	0.406057	0.412473	0.409934	0.406047	0.412493	0.409933	0.406057	0.412473	0.409934	0.406047	0.412493	1	1	10.1326	
9.14663	1	20	9.13349	1	20	9.13355	1	20	0	0	0	0.414948	0.410933	0.41741	0.414948	0.410923	0.41743	0.414948	0.410933	0.41741	0.414948	0.410923	0.41743	1	1	10.1335	
9.14849	1	20	9.13472	1	20	9.13479	1	20	0	0	0	0.419968	0.415927	0.422297	0.419968	0.415913	0.422317	0.419968	0.415927	0.422297	0.419968	0.415913	0.422317	1	1	10.1347	
9.15015	1	20	9.13571	1	20	9.13577	1	20	0	0	0	0.424933	0.420963	0.427083	0.424933	0.42095	0.42708	0.424933	0.420963	0.427083	0.424933	0.42095	0.42708	1	1	10.1357	
9.15155	1	20	9.13642	1	20	9.13649	1	20	0	0	0	0.429919	0.42584	0.43224	0.429919	0.425827	0.432237	0.429919	0.42584	0.43224	0.429919	0.425827	0.432237	1	1	10.1364	
9.15337	1	20	9.13755	1	20	9.13761	1	20	0	0	0	0.4349	0.430777	0.437183	0.4349	0.430763	0.43718	0.4349	0.430777	0.437183	0.4349	0.430763	0.43718	1	1	10.1375	
9.15537	1	20	9.13873	1	20	9.13879	1	20	0	0	0	0.439918	0.435807	0.442153	0.439918	0.435793	0.44215	0.439918	0.435807	0.442153	0.439918	0.435793	0.44215	1	1	10.1387	
9.15748	1	20	9.14002	1	20	9.14008	1	20	0	0	0	0.444945	0.440747	0.447317	0.444945	0.440733	0.447313	0.444945	0.440747	0.447317	0.444945	0.440733	0.447313	1	1	10.14	
9.15971	1	20	9.14134	1	20	9.1414	1	20	0	0	0	0.449951	0.445773	0.452347	0.44995	0.44576	0.452343	0.449951	0.445773	0.452347	0.44995	0.44576	0.452343	1	1	10.1413	
9.1618	1	20	9.14247	1	20	9.14253	1	20	0	0	0	0.454952	0.45091	0.45769	0.454951	0.450897	0.457687	0.454952	0.45091	0.45769	0.454951	0.450897	0.457687	1	1	10.1425	
9.1638	1	20	9.14354	1	20	9.1436	1	20	0	0	0	0.459963	0.455857	0.462693	0.459963	0.455843	0.46269	0.459963	0.455857	0.462693	0.459963	0.455843	0.46269	1	1	10.1435	
9.16604	1	20	9.14472	1	20	9.14478	1	20	0	0	0	0.464999	0.46081	0.467627	0.464998	0.460797	0.467623	0.464999	0.46081	0.467627	0.464998	0.460797	0.467623	1	1	10.1447	
9.16843	1	20	9.14593	1	20	9.146	1	20	0	0	0	0.470001	0.46574	0.4725	0.470001	0.465727	0.472497	0.470001	0.46574	0.4725	0.470001	0.465727	0.472497	1	1	10.1459	
9.17098	1	20	9.14728	1	20	9.14734	1	20	0	0	0	0.47498	0.4707	0.477357	0.47498	0.470683	0.477353	0.47498	0.4707	0.477357	0.47498	0.470683	0.477353	1	1	10.1473	
9.17355	1	20	9.14853	1	20	9.14859	1	20	0	0	0	0.479986	0.475563	0.48226	0.479986	0.475547	0.482257	0.479986	0.475563	0.48226	0.479986	0.475547	0.482257	1	1	10.1485	
9.17628	1	20	9.14984	1	20	9.14989	1	20	0	0	0	0.484968	0.480527	0.48739	0.484968	0.48051	0.487387	0.484968	0.480527	0.48739	0.484968	0.48051	0.487387	1	1	10.1498	
9.17946	1	22	9.15145	1	20	9.15151	1	20	0	0	0	0.489984	0.4858	0.49218	0.489983	0.485783	0.492177	0.489984	0.4858	0.49218	0.489983	0.485783	0.492177	1	1	10.1515	
9.18263	1	22	9.15295	1	20	9.153	1	20	0	0	0	0.495004	0.49079	0.497313	0.495003	0.490773	0.49731	0.495004	0.49079	0.497313	0.495003	0.490773	0.49731	1	1	10.1529	
9.18582	1	23	9.15423	1	20	9.15429	1	20	0	0	0	0.5	0.495827	0.502247	0.5	0.495813	0.502247	0.5	0.495827	0.502247	0.5	0.495813	0.502247	1	1	10.1542	
9.18894	1	23	9.15533	1	20	9.15538	1	20	0	0	0	0.505012	0.500743	0.507327	0.505012	0.50073	0.507327	0.505012	0.500743	0.507327	0.505012	0.50073	0.507327	1	1	10.1553	
9.19223	1	23	9.15646	1	20	9.15652	1	20	0	0	0	0.510001	0.505623	0.51228	0.510001	0.50561	0.51228	0.510001	0.505623	0.51228	0.510001	0.50561	0.51228	1	1	10.1565	
9.19605	1	23	9.15789	1	20	9.15795	1	20	0	0	0	0.515003	0.510713	0.517367	0.515003	0.5107	0.51737	0.515003	0.510713	0.517367	0.515003	0.5107	0.51737	1	1	10.1579	
9.20023	1	23	9.15937	1	20	9.15943	1	20	0	0	0	0.519992	0.515693	0.52247	0.519992	0.51568	0.522473	0.519992	0.515693	0.52247	0.519992	0.51568	0.522473	1	1	10.1594	
9.20439	1	23	9.16054	1	20	9.1606	1	20	0	0	0	0.524983	0.520763	0.527543	0.524983	0.52075	0.527543	0.524983	0.520763	0.527543	0.524983	0.52075	0.527543	1	1	10.1605	
9.20924	1	27	9.16191	1	20	9.16197	1	20	0	0	0	0.530007	0.525883	0.53272	0.530007	0.52587	0.53272	0.530007	0.525883	0.53272	0.530007	0.52587	0.53272	1	1	10.1619	
9.21444	1	28	9.16316	1	20	9.16322	1	20	0	0	0	0.535012	0.53083	0.537613	0.535012	0.530817	0.537613	0.535012	0.53083	0.537613	0.535012	0.530817	0.537613	1	1	10.1632	
9.22027	1	30	9.16462	1	20	9.16469	1	20	0	0	0	0.540039	0.5359	0.542677	0.540039	0.535887	0.542677	0.540039	0.5359	0.542677	0.540039	0.535887	0.542677	1	1	10.1646	
9.22617	1	30	9.16588	1	20	9.16595	1	20	0	0	0	0.545036	0.54088	0.547587	0.545036	0.540867	0.547587	0.545036	0.54088	0.547587	0.545036	0.540867	0.547587	1	1	10.1659	
9.23301	1	30	9.16714	1	20	9.16721	1	20	0	0	0	0.550021	0.54579	0.552727	0.550021	0.54578	0.552727	0.550021	0.54579	0.552727	0.550021	0.54578	0.552727	1	1	10.1671	
9.24089	1	30	9.16875	1	20	9.16882	1	20	0	0	0	0.555002	0.550523	0.557777	0.555002	0.550513	0.557777	0.555002	0.550523	0.557777	0.555002	0.550513	0.557777	1	1	10.1687	
9.24935	1	32	9.17014	1	20	9.17021	1	20	0	0	0	0.560012	0.555857	0.56275	0.560012	0.555847	0.562753	0.560012	0.555857	0.56275	0.560012	0.555847	0.562753	1	1	10.1701	
9.25893	1	35	9.17148	1	20	9.17155	1	20	0	0	0	0.565034	0.560913	0.56781	0.565034	0.560903	0.567813	0.565034	0.560913	0.56781	0.565034	0.560903	0.567813	1	1	10.1715	
9.27095	1	40	9.17278	1	20	9.17285	1	20	0	0	0	0.570039	0.566027	0.572807	0.570039	0.566017	0.57281	0.570039	0.566027	0.572807	0.570039	0.566017	0.57281	1	1	10.1728	
9.28541	1	47	9.17426	1	20	9.17433	1	20	0	0	0	0.575031	0.57091	0.57767	0.575032	0.5709	0.577673	0.575031	0.57091	0.57767	0.575032	0.5709	0.577673	1	1	10.1743	
9.3032	1	52	9.17562	1	20	9.17569	1	20	0	0	0	0.580058	0.575917	0.582753	0.580059	0.57591	0.582757	0.580058	0.575917	0.582753	0.580059	0.57591	0.582757	1	1	10.1756	
9.32659	1	56	9.177	1	20	9.17707	1	20	0	0	0	0.585059	0.581083	0.587723	0.585059	0.581077	0.587727	0.585059	0.581083	0.587723	0.585059	0.581077	0.587727	1	1	10.177	
9.35783	1	59	9.17812	1	20	9.17819	1	20	0	0	0	0.590056	0.58606	0.59262	0.590056	0.586053	0.592627	0.590056	0.58606	0.59262	0.590056	0.586053	0.592627	1	1	10.1781	
9.40452	1	68	9.17966	1	20	9.17973	1	20	0	0	0	0.59505	0.591137	0.5976	0.595051	0.591127	0.597607	0.59505	0.591137	0.5976	0.595051	0.591127	0.597607	1	1	10.1797	
9.47481	1	98	9.18088	1	20	9.18094	1	20	0	0	0	0.600046	0.596187	0.602547	0.600046	0.596177	0.602553	0.600046	0.596187	0.602547	0.600046	0.596177	0.602553	1	1	10.1809	
9.60984	1	139	9.18237	1	20	9.18242	1	20	0	0	0	0.605056	0.601253	0.60742	0.605056	0.601243	0.607427	0.605056	0.601253	0.60742	0.605056	0.601243	0.607427	1	1	10.1824	
9.90692	1	173	9.18351	1	20	9.18355	1	20	0	0	0	0.610057	0.606133	0.612123	0.610058	0.606123	0.612137	0.610057	0.606133	0.612123	0.610058	0.606123	0.612137	1	1	10.1835	
11.6772	1	381	9.18508	1	20	9.18509	1	20	0	0	0	0.615068	0.61134	0.617157	0.615075	0.61133	0.61717	0.615068	0.61134	0.617157	0.615075	0.61133	0.61717	1	1	10.1851	
188.418	1	8659	9.18644	1	20	9.18584	1	20	0	0	0	0.620029	0.618477	0.621754	0.619857	0.614916	0.621751	0.620029	0.618477	0.621754	0.619857	0.614916	0.621751	1	1	10.1864	
561.193	1	27174	9.1879	1	20	9.18627	1	20	0	0	0	0.625025	0.623449	0.626701	0.624505	0.608856	0.626699	0.625025	0.623449	0.626701	0.624505	0.608856	0.626699	1	1	10.1879	
