9.16395	1	33	9.1594	1	33	9.15961	1	33	0	0	0	0.00499391	0.00472	0.00529667	0.00499391	0.00468333	0.00522	0.00499391	0.00472	0.00529667	0.00499391	0.00468333	0.00522	1	1	10.1592	
9.16174	1	28	9.15294	1	28	9.15292	1	28	0	0	0	0.0100062	0.00967333	0.0105533	0.0100061	0.00951	0.0104067	0.0100062	0.00967333	0.0105533	0.0100061	0.00951	0.0104067	1	1	10.1525	
9.15665	1	36	9.14288	1	36	9.14284	1	36	0	0	0	0.0150311	0.0147333	0.0154867	0.015031	0.01453	0.0153833	0.0150311	0.0147333	0.0154867	0.015031	0.01453	0.0153833	1	1	10.1421	
9.18096	1	35	9.1618	1	35	9.1619	1	35	0	0	0	0.020063	0.01956	0.0207733	0.0200629	0.0195733	0.0206	0.020063	0.01956	0.0207733	0.0200629	0.0195733	0.0206	1	1	10.1609	
9.20927	1	46	9.18433	1	46	9.18447	1	46	0	0	0	0.0250671	0.0246267	0.02574	0.025067	0.0242167	0.02575	0.0250671	0.0246267	0.02574	0.025067	0.0242167	0.02575	1	1	10.1832	
9.22059	1	45	9.18964	1	45	9.18976	1	45	0	0	0	0.0300682	0.02952	0.0307533	0.0300678	0.0294367	0.0309933	0.0300682	0.02952	0.0307533	0.0300678	0.0294367	0.0309933	1	1	10.1881	
9.23797	1	39	9.20079	1	39	9.20082	1	39	0	0	0	0.0350706	0.03449	0.03577	0.0350705	0.03424	0.03611	0.0350706	0.03449	0.03577	0.0350705	0.03424	0.03611	1	1	10.199	
9.26559	1	41	9.22094	1	41	9.22102	1	41	0	0	0	0.0400941	0.0393233	0.0409733	0.0400935	0.0392567	0.0410133	0.0400941	0.0393233	0.0409733	0.0400935	0.0392567	0.0410133	1	1	10.2188	
9.28262	1	43	9.23089	1	43	9.23092	1	43	0	0	0	0.0450691	0.0443367	0.0459767	0.0450685	0.04437	0.0457933	0.0450691	0.0443367	0.0459767	0.0450685	0.04437	0.0457933	1	1	10.2285	
9.30135	1	50	9.24184	1	50	9.24192	1	50	0	0	0	0.050078	0.0492567	0.05102	0.0500777	0.0491467	0.05086	0.050078	0.0492567	0.05102	0.0500777	0.0491467	0.05086	1	1	10.2389	
9.3261	1	59	9.2583	1	59	9.25838	1	59	0	0	0	0.055088	0.0542567	0.05612	0.0550875	0.05408	0.0560033	0.055088	0.0542567	0.05612	0.0550875	0.05408	0.0560033	1	1	10.2548	
9.33806	1	54	9.26229	1	54	9.26242	1	54	0	0	0	0.0600776	0.05914	0.0611567	0.0600776	0.05895	0.06138	0.0600776	0.05914	0.0611567	0.0600776	0.05895	0.06138	1	1	10.2585	
9.37136	1	61	9.28553	1	57	9.28559	1	57	0	0	0	0.0651088	0.0642067	0.0661033	0.0651088	0.0641133	0.0664733	0.0651088	0.0642067	0.0661033	0.0651088	0.0641133	0.0664733	1	1	10.2814	
9.39053	1	57	9.29497	1	57	9.29508	1	57	0	0	0	0.0700993	0.06919	0.0710567	0.0700991	0.0690233	0.0710733	0.0700993	0.06919	0.0710567	0.0700991	0.0690233	0.0710733	1	1	10.2902	
9.41887	1	56	9.313	1	56	9.3131	1	56	0	0	0	0.0750704	0.0741733	0.0760867	0.0750699	0.0737067	0.0761633	0.0750704	0.0741733	0.0760867	0.0750699	0.0737067	0.0761633	1	1	10.3079	
9.45073	1	74	9.33282	1	74	9.33296	1	74	0	0	0	0.0800622	0.07906	0.0811233	0.080062	0.07899	0.0810967	0.0800622	0.07906	0.0811233	0.080062	0.07899	0.0810967	1	1	10.3267	
9.4761	1	68	9.34657	1	68	9.3467	1	68	0	0	0	0.0850491	0.0840467	0.08615	0.0850492	0.0839533	0.0858767	0.0850491	0.0840467	0.08615	0.0850492	0.0839533	0.0858767	1	1	10.34	
9.50408	1	77	9.36119	1	77	9.36123	1	77	0	0	0	0.0900403	0.08904	0.0911	0.0900404	0.0887233	0.0910767	0.0900403	0.08904	0.0911	0.0900404	0.0887233	0.0910767	1	1	10.3537	
9.5291	1	78	9.37218	1	78	9.37226	1	78	0	0	0	0.0950421	0.0939633	0.09615	0.0950422	0.0939733	0.0963267	0.0950421	0.0939633	0.09615	0.0950422	0.0939733	0.0963267	1	1	10.364	
9.56924	1	96	9.39678	1	96	9.39687	1	96	0	0	0	0.100013	0.0988367	0.101037	0.100014	0.0987467	0.10123	0.100013	0.0988367	0.101037	0.100014	0.0987467	0.10123	1	1	10.3879	
9.59685	1	78	9.40737	1	78	9.40746	1	78	0	0	0	0.105002	0.10396	0.106083	0.105002	0.10395	0.106673	0.105002	0.10396	0.106083	0.105002	0.10395	0.106673	1	1	10.3977	
9.63338	1	74	9.4263	1	74	9.42642	1	74	0	0	0	0.110025	0.108947	0.111093	0.110025	0.1087	0.111423	0.110025	0.108947	0.111093	0.110025	0.1087	0.111423	1	1	10.4158	
9.67867	1	111	9.45169	1	111	9.45177	1	111	0	0	0	0.115005	0.113947	0.116063	0.115005	0.113733	0.11641	0.115005	0.113947	0.116063	0.115005	0.113733	0.11641	1	1	10.4399	
9.71774	1	106	9.46808	1	105	9.46826	1	105	0	0	0	0.119998	0.118917	0.12105	0.119998	0.118467	0.121537	0.119998	0.118917	0.12105	0.119998	0.118467	0.121537	1	1	10.4553	
9.76375	1	122	9.49219	1	122	9.49226	1	122	0	0	0	0.124993	0.123957	0.126023	0.124993	0.123717	0.126337	0.124993	0.123957	0.126023	0.124993	0.123717	0.126337	1	1	10.478	
9.81515	1	91	9.51709	1	91	9.51718	1	91	0	0	0	0.129989	0.128887	0.130963	0.129989	0.12881	0.132227	0.129989	0.128887	0.130963	0.129989	0.12881	0.132227	1	1	10.5016	
9.86883	1	107	9.54294	1	107	9.54297	1	107	0	0	0	0.134996	0.13394	0.136053	0.134996	0.133313	0.13626	0.134996	0.13394	0.136053	0.134996	0.133313	0.13626	1	1	10.5258	
9.93814	1	106	9.58009	1	105	9.58022	1	105	0	0	0	0.139993	0.13878	0.140917	0.139993	0.138583	0.141307	0.139993	0.13878	0.140917	0.139993	0.138583	0.141307	1	1	10.5613	
9.99726	1	141	9.60304	1	141	9.60314	1	141	0	0	0	0.144979	0.143707	0.145863	0.14498	0.143337	0.14677	0.144979	0.143707	0.145863	0.14498	0.143337	0.14677	1	1	10.5826	
10.067	1	121	9.63464	1	120	9.63477	1	120	0	0	0	0.149981	0.148657	0.151093	0.149981	0.14876	0.150993	0.149981	0.148657	0.151093	0.149981	0.14876	0.150993	1	1	10.6122	
10.1462	1	121	9.66515	1	121	9.66527	1	121	0	0	0	0.154962	0.1535	0.156267	0.154963	0.153553	0.156657	0.154962	0.1535	0.156267	0.154963	0.153553	0.156657	1	1	10.6405	
10.2265	1	135	9.69372	1	135	9.69383	1	135	0	0	0	0.159973	0.158617	0.16114	0.159973	0.158257	0.161477	0.159973	0.158617	0.16114	0.159973	0.158257	0.161477	1	1	10.667	
10.328	1	142	9.73343	1	142	9.73351	1	142	0	0	0	0.164998	0.16344	0.166243	0.164998	0.16376	0.16786	0.164998	0.16344	0.166243	0.164998	0.16376	0.16786	1	1	10.7041	
10.432	1	145	9.76706	1	145	9.76714	1	145	0	0	0	0.170007	0.168467	0.171367	0.170008	0.16808	0.171797	0.170007	0.168467	0.171367	0.170008	0.16808	0.171797	1	1	10.7346	
10.5491	1	155	9.80196	1	155	9.80205	1	155	0	0	0	0.175015	0.173497	0.17646	0.175015	0.173337	0.176963	0.175015	0.173497	0.17646	0.175015	0.173337	0.176963	1	1	10.7669	
10.7009	1	170	9.84863	1	169	9.84874	1	169	0	0	0	0.180034	0.178407	0.18157	0.180035	0.177517	0.182407	0.180034	0.178407	0.18157	0.180035	0.177517	0.182407	1	1	10.8099	
10.8773	1	147	9.88799	1	147	9.88808	1	147	0	0	0	0.185042	0.183203	0.186423	0.185043	0.18335	0.186337	0.185042	0.183203	0.186423	0.185043	0.18335	0.186337	1	1	10.8456	
11.0733	1	176	9.93245	1	176	9.93256	1	176	0	0	0	0.190052	0.188203	0.191317	0.190052	0.18859	0.19193	0.190052	0.188203	0.191317	0.190052	0.18859	0.19193	1	1	10.886	
11.3675	1	175	9.99112	1	173	9.99117	1	173	0	0	0	0.195078	0.193557	0.196443	0.195078	0.193133	0.196557	0.195078	0.193557	0.196443	0.195078	0.193133	0.196557	1	1	10.9384	
11.675	1	167	10.0336	1	161	10.0337	1	161	0	0	0	0.200077	0.19841	0.20126	0.200077	0.19824	0.202143	0.200077	0.19841	0.20126	0.200077	0.19824	0.202143	1	1	10.9762	
12.2286	1	296	10.0976	1	191	10.0977	1	191	0	0	0	0.20508	0.203317	0.206423	0.205081	0.203147	0.207567	0.20508	0.203317	0.206423	0.205081	0.203147	0.207567	1	1	11.034	
13.0818	1	338	10.1581	1	195	10.1582	1	195	0	0	0	0.210069	0.20816	0.211343	0.210069	0.208587	0.211617	0.210069	0.20816	0.211343	0.210069	0.208587	0.211617	1	1	11.0872	
14.7393	1	589	10.2142	1	277	10.2144	1	277	0	0	0	0.215034	0.2131	0.21641	0.215031	0.212043	0.216883	0.215034	0.2131	0.21641	0.215031	0.212043	0.216883	1	1	11.1352	
342.06	1	33882	10.2803	1	225	10.2796	1	225	0	0	0	0.219954	0.218769	0.22125	0.219838	0.218511	0.220926	0.219954	0.218769	0.22125	0.219838	0.218511	0.220926	1	1	11.1923	
