10.7975	8	15	10.7975	8	15	10.7975	8	15	0	0	0	0.00499391	0.00472	0.00529667	0.00499396	0.00472	0.00529667	0.00499391	0.00472	0.00529667	0.00499396	0.00472	0.00529667	1	1	11.7968	
10.8051	8	15	10.8051	8	15	10.8051	8	15	0	0	0	0.0100062	0.00967333	0.0105533	0.010006	0.00967	0.0105533	0.0100062	0.00967333	0.0105533	0.010006	0.00967	0.0105533	1	1	11.804	
10.8129	8	15	10.8129	8	15	10.8128	8	15	0	0	0	0.0150311	0.0147333	0.0154867	0.015031	0.0147333	0.01549	0.0150311	0.0147333	0.0154867	0.015031	0.0147333	0.01549	1	1	11.8114	
10.8143	8	15	10.8142	8	15	10.8142	8	15	0	0	0	0.020063	0.01956	0.0207733	0.020063	0.01956	0.0207767	0.020063	0.01956	0.0207733	0.020063	0.01956	0.0207767	1	1	11.8122	
10.8149	8	15	10.8147	8	15	10.8147	8	15	0	0	0	0.0250671	0.0246267	0.02574	0.025067	0.0246233	0.0257433	0.0250671	0.0246267	0.02574	0.025067	0.0246233	0.0257433	1	1	11.8121	
10.8152	8	16	10.8149	8	16	10.8149	8	16	0	0	0	0.0300682	0.02952	0.0307533	0.030068	0.0295233	0.0307567	0.0300682	0.02952	0.0307533	0.030068	0.0295233	0.0307567	1	1	11.8117	
10.8165	8	16	10.816	8	16	10.816	8	16	0	0	0	0.0350706	0.03449	0.03577	0.0350704	0.0344933	0.0357767	0.0350706	0.03449	0.03577	0.0350704	0.0344933	0.0357767	1	1	11.8122	
10.8175	8	16	10.8167	8	16	10.8167	8	16	0	0	0	0.0400941	0.0393233	0.0409733	0.0400939	0.0393267	0.04098	0.0400941	0.0393233	0.0409733	0.0400939	0.0393267	0.04098	1	1	11.8124	
10.8178	8	18	10.8166	8	18	10.8167	8	18	0	0	0	0.0450691	0.0443367	0.0459767	0.0450689	0.04434	0.04597	0.0450691	0.0443367	0.0459767	0.0450689	0.04434	0.04597	1	1	11.8117	
10.8202	8	18	10.8187	8	18	10.8188	8	18	0	0	0	0.050078	0.0492567	0.05102	0.0500779	0.04926	0.0510167	0.050078	0.0492567	0.05102	0.0500779	0.04926	0.0510167	1	1	11.813	
10.8215	8	18	10.8195	8	18	10.8195	8	18	0	0	0	0.055088	0.0542567	0.05612	0.0550878	0.05426	0.0561167	0.055088	0.0542567	0.05612	0.0550878	0.05426	0.0561167	1	1	11.8132	
10.8228	8	18	10.8203	8	18	10.8203	8	18	0	0	0	0.0600776	0.05914	0.0611567	0.0600777	0.05914	0.0611567	0.0600776	0.05914	0.0611567	0.0600777	0.05914	0.0611567	1	1	11.8133	
10.8234	8	18	10.8203	8	18	10.8203	8	18	0	0	0	0.0651088	0.0642067	0.0661033	0.0651091	0.0642067	0.0661033	0.0651088	0.0642067	0.0661033	0.0651091	0.0642067	0.0661033	1	1	11.8126	
10.8254	8	18	10.8216	8	18	10.8217	8	18	0	0	0	0.0700993	0.06919	0.0710567	0.0700995	0.0691833	0.0710567	0.0700993	0.06919	0.0710567	0.0700995	0.0691833	0.0710567	1	1	11.8133	
10.8266	8	18	10.822	8	18	10.822	8	18	0	0	0	0.0750704	0.0741733	0.0760867	0.0750707	0.07417	0.0760867	0.0750704	0.0741733	0.0760867	0.0750707	0.07417	0.0760867	1	1	11.8129	
10.8292	8	19	10.8236	8	19	10.8237	8	19	0	0	0	0.0800622	0.07906	0.0811233	0.0800627	0.0790533	0.0811233	0.0800622	0.07906	0.0811233	0.0800627	0.0790533	0.0811233	1	1	11.8138	
10.8313	8	19	10.8248	8	19	10.8248	8	19	0	0	0	0.0850491	0.0840467	0.08615	0.0850498	0.08404	0.08615	0.0850491	0.0840467	0.08615	0.0850498	0.08404	0.08615	1	1	11.8141	
10.8334	8	19	10.8256	8	19	10.8256	8	19	0	0	0	0.0900403	0.08904	0.0911	0.0900406	0.0890333	0.0911	0.0900403	0.08904	0.0911	0.0900406	0.0890333	0.0911	1	1	11.814	
10.8352	8	19	10.8261	8	19	10.8261	8	19	0	0	0	0.0950421	0.0939633	0.09615	0.0950426	0.0939567	0.09615	0.0950421	0.0939633	0.09615	0.0950426	0.0939567	0.09615	1	1	11.8138	
10.8378	8	19	10.8274	8	19	10.8274	8	19	0	0	0	0.100013	0.0988367	0.101037	0.100014	0.09883	0.101037	0.100013	0.0988367	0.101037	0.100014	0.09883	0.101037	1	1	11.8141	
10.8404	8	19	10.8284	8	19	10.8285	8	19	0	0	0	0.105002	0.10396	0.106083	0.105003	0.103953	0.106087	0.105002	0.10396	0.106083	0.105003	0.103953	0.106087	1	1	11.8143	
10.8428	8	19	10.8292	8	19	10.8293	8	19	0	0	0	0.110025	0.108947	0.111093	0.110025	0.10894	0.111097	0.110025	0.108947	0.111093	0.110025	0.10894	0.111097	1	1	11.8142	
10.8456	8	19	10.8302	8	19	10.8302	8	19	0	0	0	0.115005	0.113947	0.116063	0.115006	0.11394	0.116067	0.115005	0.113947	0.116063	0.115006	0.11394	0.116067	1	1	11.8143	
10.8492	8	19	10.8318	8	19	10.8318	8	19	0	0	0	0.119998	0.118917	0.12105	0.119998	0.118913	0.121053	0.119998	0.118917	0.12105	0.119998	0.118913	0.121053	1	1	11.8148	
10.8522	8	19	10.8325	8	19	10.8325	8	19	0	0	0	0.124993	0.123957	0.126023	0.124994	0.123953	0.126023	0.124993	0.123957	0.126023	0.124994	0.123953	0.126023	1	1	11.8147	
10.8557	8	20	10.8336	8	20	10.8336	8	20	0	0	0	0.129989	0.128887	0.130963	0.129989	0.128883	0.130967	0.129989	0.128887	0.130963	0.129989	0.128883	0.130967	1	1	11.8147	
10.86	8	20	10.8353	8	20	10.8353	8	20	0	0	0	0.134996	0.13394	0.136053	0.134997	0.13394	0.136057	0.134996	0.13394	0.136053	0.134997	0.13394	0.136057	1	1	11.8154	
10.8642	8	20	10.8368	8	20	10.8369	8	20	0	0	0	0.139993	0.13878	0.140917	0.139995	0.13878	0.14092	0.139993	0.13878	0.140917	0.139995	0.13878	0.14092	1	1	11.8158	
10.8685	8	20	10.8381	8	20	10.8381	8	20	0	0	0	0.144979	0.143707	0.145863	0.144981	0.143707	0.14586	0.144979	0.143707	0.145863	0.144981	0.143707	0.14586	1	1	11.816	
10.8732	8	20	10.8395	8	20	10.8395	8	20	0	0	0	0.149981	0.148657	0.151093	0.149982	0.148657	0.15109	0.149981	0.148657	0.151093	0.149982	0.148657	0.15109	1	1	11.8162	
10.8783	8	30	10.8413	8	30	10.8413	8	30	0	0	0	0.154962	0.1535	0.156267	0.154963	0.153503	0.156263	0.154962	0.1535	0.156267	0.154963	0.153503	0.156263	1	1	11.8167	
10.8842	8	30	10.8434	8	30	10.8434	8	30	0	0	0	0.159973	0.158617	0.16114	0.159975	0.158617	0.16114	0.159973	0.158617	0.16114	0.159975	0.158617	0.16114	1	1	11.8175	
10.8899	8	30	10.8449	8	30	10.8449	8	30	0	0	0	0.164998	0.16344	0.166243	0.164999	0.16344	0.166247	0.164998	0.16344	0.166243	0.164999	0.16344	0.166247	1	1	11.8177	
10.8962	8	30	10.8466	8	30	10.8467	8	30	0	0	0	0.170007	0.168467	0.171367	0.170009	0.168467	0.171367	0.170007	0.168467	0.171367	0.170009	0.168467	0.171367	1	1	11.8181	
10.9031	8	30	10.8488	8	30	10.8488	8	30	0	0	0	0.175015	0.173497	0.17646	0.175017	0.173497	0.176467	0.175015	0.173497	0.17646	0.175017	0.173497	0.176467	1	1	11.819	
10.9104	8	30	10.8511	8	30	10.8511	8	30	0	0	0	0.180034	0.178407	0.18157	0.180036	0.178407	0.181573	0.180034	0.178407	0.18157	0.180036	0.178407	0.181573	1	1	11.8198	
10.9179	8	30	10.8531	8	30	10.8531	8	30	0	0	0	0.185042	0.183203	0.186423	0.185043	0.183207	0.186427	0.185042	0.183203	0.186423	0.185043	0.183207	0.186427	1	1	11.8206	
10.9259	8	30	10.8551	8	30	10.8552	8	30	0	0	0	0.190052	0.188203	0.191317	0.190054	0.188207	0.19132	0.190052	0.188203	0.191317	0.190054	0.188207	0.19132	1	1	11.8211	
10.9344	8	30	10.8571	8	30	10.8571	8	30	0	0	0	0.195078	0.193557	0.196443	0.195079	0.19356	0.196447	0.195078	0.193557	0.196443	0.195079	0.19356	0.196447	1	1	11.8214	
10.9437	8	30	10.8593	8	30	10.8593	8	30	0	0	0	0.200077	0.19841	0.20126	0.200078	0.198407	0.201263	0.200077	0.19841	0.20126	0.200078	0.198407	0.201263	1	1	11.822	
10.9539	8	30	10.8621	8	30	10.8621	8	30	0	0	0	0.20508	0.203317	0.206423	0.205082	0.203313	0.206423	0.20508	0.203317	0.206423	0.205082	0.203313	0.206423	1	1	11.8228	
10.9645	8	31	10.8646	8	30	10.8646	8	30	0	0	0	0.210069	0.20816	0.211343	0.210071	0.208157	0.211343	0.210069	0.20816	0.211343	0.210071	0.208157	0.211343	1	1	11.8235	
10.9758	6	31	10.8667	6	30	10.8667	6	30	0	0	0	0.215034	0.2131	0.21641	0.215035	0.213097	0.21641	0.215034	0.2131	0.21641	0.215035	0.213097	0.21641	1	1	11.8239	
10.9878	6	31	10.8691	6	30	10.8692	6	30	0	0	0	0.220027	0.217907	0.22134	0.220028	0.217903	0.22135	0.220027	0.217907	0.22134	0.220028	0.217903	0.22135	1	1	11.8245	
11.0008	6	31	10.8718	6	30	10.8719	6	30	0	0	0	0.225021	0.222973	0.226473	0.225022	0.22297	0.226473	0.225021	0.222973	0.226473	0.225022	0.22297	0.226473	1	1	11.8251	
11.0144	6	31	10.8743	6	30	10.8744	6	30	0	0	0	0.230021	0.22809	0.231733	0.230022	0.228087	0.23174	0.230021	0.22809	0.231733	0.230022	0.228087	0.23174	1	1	11.8258	
11.0294	6	31	10.877	6	31	10.877	6	31	0	0	0	0.235028	0.233103	0.23677	0.235028	0.2331	0.236777	0.235028	0.233103	0.23677	0.235028	0.2331	0.236777	1	1	11.8265	
11.0464	6	31	10.8802	6	31	10.8802	6	31	0	0	0	0.240018	0.238197	0.241943	0.240019	0.238193	0.24195	0.240018	0.238197	0.241943	0.240019	0.238193	0.24195	1	1	11.8274	
11.0646	6	31	10.8835	6	31	10.8835	6	31	0	0	0	0.245024	0.242773	0.24693	0.245025	0.24277	0.24693	0.245024	0.242773	0.24693	0.245025	0.24277	0.24693	1	1	11.8286	
11.0844	6	31	10.8868	6	31	10.8868	6	31	0	0	0	0.250034	0.247733	0.252193	0.250034	0.24773	0.252197	0.250034	0.247733	0.252193	0.250034	0.24773	0.252197	1	1	11.8295	
11.1059	6	31	10.89	6	31	10.89	6	31	0	0	0	0.255015	0.25275	0.257127	0.255016	0.252747	0.25713	0.255015	0.25275	0.257127	0.255016	0.252747	0.25713	1	1	11.8303	
11.1296	6	33	10.8934	6	32	10.8934	6	32	0	0	0	0.260024	0.257637	0.262147	0.260025	0.257633	0.262153	0.260024	0.257637	0.262147	0.260025	0.257633	0.262153	1	1	11.8313	
11.1561	6	32	10.8973	6	32	10.8973	6	32	0	0	0	0.265017	0.262427	0.26717	0.265018	0.262423	0.267177	0.265017	0.262427	0.26717	0.265018	0.262423	0.267177	1	1	11.8325	
11.1847	6	34	10.9015	6	34	10.9016	6	34	0	0	0	0.270019	0.26732	0.27215	0.27002	0.267317	0.272157	0.270019	0.26732	0.27215	0.27002	0.267317	0.272157	1	1	11.8338	
11.2165	6	34	10.9056	6	34	10.9056	6	34	0	0	0	0.275021	0.272227	0.277133	0.275021	0.272223	0.277143	0.275021	0.272227	0.277133	0.275021	0.272223	0.277143	1	1	11.8347	
11.2513	6	34	10.9095	6	34	10.9095	6	34	0	0	0	0.280024	0.27711	0.28227	0.280025	0.277107	0.28228	0.280024	0.27711	0.28227	0.280025	0.277107	0.28228	1	1	11.8356	
11.2913	6	36	10.9137	6	35	10.9137	6	35	0	0	0	0.284984	0.28202	0.2873	0.284985	0.282017	0.28731	0.284984	0.28202	0.2873	0.284985	0.282017	0.28731	1	1	11.8368	
11.3369	6	38	10.9181	6	35	10.9181	6	35	0	0	0	0.290004	0.28696	0.292427	0.290004	0.28695	0.292437	0.290004	0.28696	0.292427	0.290004	0.28695	0.292437	1	1	11.8378	
11.3894	6	40	10.923	6	35	10.923	6	35	0	0	0	0.295023	0.291793	0.297347	0.295024	0.291787	0.297357	0.295023	0.291793	0.297347	0.295024	0.291787	0.297357	1	1	11.8389	
11.4462	6	44	10.928	6	34	10.928	6	34	0	0	0	0.300015	0.296733	0.302347	0.300016	0.29673	0.302357	0.300015	0.296733	0.302347	0.300016	0.29673	0.302357	1	1	11.8401	
11.5148	6	44	10.9337	6	34	10.9337	6	34	0	0	0	0.30501	0.301723	0.30717	0.305011	0.301717	0.30718	0.30501	0.301723	0.30717	0.305011	0.301717	0.30718	1	1	11.8418	
11.5951	6	47	10.9396	6	34	10.9396	6	34	0	0	0	0.310018	0.306597	0.3122	0.310018	0.306587	0.312213	0.310018	0.306597	0.3122	0.310018	0.306587	0.312213	1	1	11.8434	
11.689	6	53	10.9455	6	34	10.9455	6	34	0	0	0	0.314986	0.311583	0.31721	0.314987	0.311573	0.31722	0.314986	0.311583	0.31721	0.314987	0.311573	0.31722	1	1	11.8447	
11.8025	6	63	10.9519	6	34	10.9519	6	34	0	0	0	0.319994	0.316567	0.322197	0.319994	0.316567	0.3222	0.319994	0.316567	0.322197	0.319994	0.316567	0.3222	1	1	11.8462	
11.9376	6	67	10.9582	6	34	10.9583	6	34	0	0	0	0.325005	0.321523	0.327163	0.325006	0.321527	0.327167	0.325005	0.321523	0.327163	0.325006	0.321527	0.327167	1	1	11.8477	
12.1068	6	78	10.9646	6	34	10.9646	6	34	0	0	0	0.329995	0.326493	0.332253	0.329995	0.32649	0.332257	0.329995	0.326493	0.332253	0.329995	0.32649	0.332257	1	1	11.8491	
12.3311	6	85	10.9717	6	34	10.9717	6	34	0	0	0	0.334995	0.331413	0.337203	0.334995	0.331413	0.337207	0.334995	0.331413	0.337203	0.334995	0.331413	0.337207	1	1	11.8508	
12.6238	6	93	10.9786	6	35	10.9786	6	35	0	0	0	0.340001	0.336503	0.34213	0.340002	0.336513	0.34215	0.340001	0.336503	0.34213	0.340002	0.336513	0.34215	1	1	11.8523	
13.0282	6	121	10.9862	6	36	10.9863	6	36	0	0	0	0.344977	0.34145	0.347093	0.344977	0.341457	0.347113	0.344977	0.34145	0.347093	0.344977	0.341457	0.347113	1	1	11.8542	
13.6586	6	198	10.9946	6	36	10.9945	6	36	0	0	0	0.349965	0.34621	0.35204	0.349965	0.34621	0.35204	0.349965	0.34621	0.35204	0.349965	0.34621	0.35204	1	1	11.8559	
14.6839	6	197	11.0039	6	35	11.0039	6	35	0	0	0	0.354962	0.351113	0.35706	0.354963	0.351107	0.357077	0.354962	0.351113	0.35706	0.354963	0.351107	0.357077	1	1	11.8581	
17.5487	6	379	11.0142	6	51	11.0142	6	51	0	0	0	0.359946	0.356217	0.362117	0.359946	0.356213	0.362147	0.359946	0.356217	0.362117	0.359946	0.356213	0.362147	1	1	11.8602	
627.921	6	33705	11.0267	6	44	11.0257	6	46	0	0	0	0.365014	0.362941	0.366554	0.364684	0.352551	0.366551	0.365014	0.362941	0.366554	0.364684	0.352551	0.366551	1	1	11.8626	
