9.77678	4	23	9.77135	4	23	9.77132	4	23	0	0	0	0.00499391	0.00472	0.00529667	0.00499385	0.00472	0.00529667	0.00499391	0.00472	0.00529667	0.00499385	0.00472	0.00529667	1	1	10.7708	
9.78611	4	24	9.77502	4	23	9.77499	4	23	0	0	0	0.0100062	0.00967333	0.0105533	0.0100059	0.00967333	0.0105533	0.0100062	0.00967333	0.0105533	0.0100059	0.00967333	0.0105533	1	1	10.774	
9.79604	4	24	9.77862	4	23	9.77863	4	23	0	0	0	0.0150311	0.0147333	0.0154867	0.0150309	0.0147333	0.01549	0.0150311	0.0147333	0.0154867	0.0150309	0.0147333	0.01549	1	1	10.7771	
9.80274	4	26	9.77922	4	23	9.77927	4	23	0	0	0	0.020063	0.01956	0.0207733	0.0200629	0.01956	0.0207767	0.020063	0.01956	0.0207733	0.0200629	0.01956	0.0207767	1	1	10.7772	
9.81324	4	26	9.78299	4	23	9.78306	4	23	0	0	0	0.0250671	0.0246267	0.02574	0.0250668	0.0246233	0.0257433	0.0250671	0.0246267	0.02574	0.0250668	0.0246233	0.0257433	1	1	10.7804	
9.82715	4	35	9.78987	4	35	9.78992	4	35	0	0	0	0.0300682	0.02952	0.0307533	0.0300679	0.0295233	0.0307567	0.0300682	0.02952	0.0307533	0.0300679	0.0295233	0.0307567	1	1	10.7868	
9.842	4	35	9.79732	4	35	9.79738	4	35	0	0	0	0.0350706	0.03449	0.03577	0.0350702	0.0344933	0.0357767	0.0350706	0.03449	0.03577	0.0350702	0.0344933	0.0357767	1	1	10.7936	
9.85318	4	35	9.80112	4	35	9.80115	4	35	0	0	0	0.0400941	0.0393233	0.0409733	0.0400935	0.0393267	0.04098	0.0400941	0.0393233	0.0409733	0.0400935	0.0393267	0.04098	1	1	10.7969	
9.86494	4	35	9.80474	4	35	9.80477	4	35	0	0	0	0.0450691	0.0443367	0.0459767	0.0450685	0.04434	0.04597	0.0450691	0.0443367	0.0459767	0.0450685	0.04434	0.04597	1	1	10.7999	
9.87631	4	35	9.80785	4	35	9.80787	4	35	0	0	0	0.050078	0.0492567	0.05102	0.0500774	0.04926	0.0510167	0.050078	0.0492567	0.05102	0.0500774	0.04926	0.0510167	1	1	10.8024	
9.88873	4	36	9.8117	4	35	9.81175	4	35	0	0	0	0.055088	0.0542567	0.05612	0.0550873	0.05426	0.0561167	0.055088	0.0542567	0.05612	0.0550873	0.05426	0.0561167	1	1	10.8056	
9.90292	4	36	9.81626	4	35	9.81633	4	35	0	0	0	0.0600776	0.05914	0.0611567	0.0600772	0.05914	0.0611567	0.0600776	0.05914	0.0611567	0.0600772	0.05914	0.0611567	1	1	10.8095	
9.92071	4	39	9.82404	4	39	9.8241	4	39	0	0	0	0.0651088	0.0642067	0.0661033	0.0651086	0.0642067	0.0661033	0.0651088	0.0642067	0.0661033	0.0651086	0.0642067	0.0661033	1	1	10.8167	
9.93793	4	39	9.8306	4	38	9.83064	4	38	0	0	0	0.0700993	0.06919	0.0710567	0.070099	0.0691833	0.0710567	0.0700993	0.06919	0.0710567	0.070099	0.0691833	0.0710567	1	1	10.8226	
9.9536	4	36	9.83479	4	35	9.83485	4	35	0	0	0	0.0750704	0.0741733	0.0760867	0.0750702	0.07417	0.0760867	0.0750704	0.0741733	0.0760867	0.0750702	0.07417	0.0760867	1	1	10.8261	
9.97224	4	39	9.84126	4	39	9.84132	4	39	0	0	0	0.0800622	0.07906	0.0811233	0.0800623	0.0790567	0.0811233	0.0800622	0.07906	0.0811233	0.0800623	0.0790567	0.0811233	1	1	10.8318	
9.98956	4	39	9.84606	4	39	9.84613	4	39	0	0	0	0.0850491	0.0840467	0.08615	0.0850493	0.0840433	0.08615	0.0850491	0.0840467	0.08615	0.0850493	0.0840433	0.08615	1	1	10.8358	
10.0097	4	40	9.85235	4	39	9.85241	4	39	0	0	0	0.0900403	0.08904	0.0911	0.0900401	0.0890367	0.0911	0.0900403	0.08904	0.0911	0.0900401	0.0890367	0.0911	1	1	10.8414	
10.0306	4	40	9.85868	4	39	9.85873	4	39	0	0	0	0.0950421	0.0939633	0.09615	0.095042	0.09396	0.09615	0.0950421	0.0939633	0.09615	0.095042	0.09396	0.09615	1	1	10.847	
10.055	4	43	9.867	4	39	9.86706	4	39	0	0	0	0.100013	0.0988367	0.101037	0.100014	0.0988333	0.101037	0.100013	0.0988367	0.101037	0.100014	0.0988333	0.101037	1	1	10.8545	
10.0809	4	43	9.87543	4	39	9.87549	4	39	0	0	0	0.105002	0.10396	0.106083	0.105002	0.103957	0.106087	0.105002	0.10396	0.106083	0.105002	0.103957	0.106087	1	1	10.8621	
10.1081	4	44	9.88407	4	39	9.88414	4	39	0	0	0	0.110025	0.108947	0.111093	0.110025	0.108943	0.111097	0.110025	0.108947	0.111093	0.110025	0.108943	0.111097	1	1	10.8699	
10.1374	4	53	9.89272	4	39	9.89278	4	39	0	0	0	0.115005	0.113947	0.116063	0.115005	0.113943	0.116067	0.115005	0.113947	0.116063	0.115005	0.113943	0.116067	1	1	10.8776	
10.1711	4	53	9.90386	4	50	9.90392	4	50	0	0	0	0.119998	0.118917	0.12105	0.119998	0.118917	0.121053	0.119998	0.118917	0.12105	0.119998	0.118917	0.121053	1	1	10.8879	
10.207	4	53	9.9145	4	50	9.91456	4	50	0	0	0	0.124993	0.123957	0.126023	0.124993	0.123957	0.126023	0.124993	0.123957	0.126023	0.124993	0.123957	0.126023	1	1	10.8975	
10.2485	4	74	9.92776	4	51	9.92782	4	51	0	0	0	0.129989	0.128887	0.130963	0.129989	0.128887	0.130967	0.129989	0.128887	0.130963	0.129989	0.128887	0.130967	1	1	10.9098	
10.2946	4	75	9.94067	4	51	9.94076	4	51	0	0	0	0.134996	0.13394	0.136053	0.134996	0.133943	0.136057	0.134996	0.13394	0.136053	0.134996	0.133943	0.136057	1	1	10.9217	
10.3501	4	75	9.95675	4	55	9.95686	4	55	0	0	0	0.139993	0.13878	0.140917	0.139993	0.138783	0.14092	0.139993	0.13878	0.140917	0.139993	0.138783	0.14092	1	1	10.9367	
10.4146	4	75	9.97439	4	55	9.97451	4	55	0	0	0	0.144979	0.143707	0.145863	0.144979	0.14371	0.145857	0.144979	0.143707	0.145863	0.144979	0.14371	0.145857	1	1	10.9532	
10.4955	4	87	9.9944	4	55	9.9945	4	55	0	0	0	0.149981	0.148657	0.151093	0.149981	0.14866	0.151087	0.149981	0.148657	0.151093	0.149981	0.14866	0.151087	1	1	10.9721	
10.5926	4	93	10.0145	4	67	10.0146	4	67	0	0	0	0.154962	0.1535	0.156267	0.154962	0.153497	0.15626	0.154962	0.1535	0.156267	0.154962	0.153497	0.15626	1	1	10.9911	
10.7241	4	153	10.0391	4	67	10.0392	4	67	0	0	0	0.159973	0.158617	0.16114	0.159973	0.15862	0.16114	0.159973	0.158617	0.16114	0.159973	0.15862	0.16114	1	1	11.0146	
10.9072	4	220	10.0653	4	55	10.0654	4	55	0	0	0	0.164998	0.16344	0.166243	0.164998	0.163443	0.166247	0.164998	0.16344	0.166243	0.164998	0.163443	0.166247	1	1	11.0394	
11.1818	4	341	10.0918	4	55	10.0919	4	55	0	0	0	0.170007	0.168467	0.171367	0.170007	0.16847	0.171367	0.170007	0.168467	0.171367	0.170007	0.16847	0.171367	1	1	11.0647	
11.7479	4	574	10.1251	4	55	10.1252	4	55	0	0	0	0.175015	0.173497	0.17646	0.175015	0.1735	0.176467	0.175015	0.173497	0.17646	0.175015	0.1735	0.176467	1	1	11.0965	
13.1379	4	850	10.1607	4	66	10.1608	4	66	0	0	0	0.180034	0.178407	0.18157	0.180033	0.17841	0.181573	0.180034	0.178407	0.18157	0.180033	0.17841	0.181573	1	1	11.1305	
19.4735	4	2568	10.2037	4	70	10.2037	4	70	0	0	0	0.185027	0.183715	0.186282	0.185024	0.183718	0.18626	0.185027	0.183715	0.186282	0.185024	0.183718	0.18626	1	1	11.1717	
4457.72	4	247784	10.2535	4	71	10.2458	4	71	0	0	0	0.189982	0.18875	0.191076	0.18885	0.153144	0.191073	0.189982	0.18875	0.191076	0.18885	0.153144	0.191073	1	1	11.2198	
