9.12139	1	22	9.12131	1	22	9.12127	1	22	0	0	0	0.00499391	0.00472	0.00529667	0.00499391	0.00471667	0.00522667	0.00499391	0.00472	0.00529667	0.00499391	0.00471667	0.00522667	1	1	10.1208	
9.11476	1	26	9.11462	1	26	9.11466	1	26	0	0	0	0.0100062	0.00967333	0.0105533	0.010006	0.00945333	0.0104833	0.0100062	0.00967333	0.0105533	0.010006	0.00945333	0.0104833	1	1	10.1136	
9.11928	1	22	9.11902	1	22	9.11912	1	22	0	0	0	0.0150311	0.0147333	0.0154867	0.0150308	0.0145267	0.0155167	0.0150311	0.0147333	0.0154867	0.0150308	0.0145267	0.0155167	1	1	10.1175	
9.12198	1	26	9.12165	1	26	9.12172	1	26	0	0	0	0.020063	0.01956	0.0207733	0.0200628	0.0196233	0.02067	0.020063	0.01956	0.0207733	0.0200628	0.0196233	0.02067	1	1	10.1194	
9.1045	1	29	9.10403	1	29	9.10408	1	29	0	0	0	0.0250671	0.0246267	0.02574	0.0250667	0.0243533	0.02574	0.0250671	0.0246267	0.02574	0.0250667	0.0243533	0.02574	1	1	10.1012	
9.1159	1	28	9.11536	1	28	9.11552	1	28	0	0	0	0.0300682	0.02952	0.0307533	0.0300679	0.02915	0.0307533	0.0300682	0.02952	0.0307533	0.0300679	0.02915	0.0307533	1	1	10.112	
9.1196	1	31	9.11898	1	31	9.11908	1	31	0	0	0	0.0350706	0.03449	0.03577	0.0350701	0.0342967	0.0357467	0.0350706	0.03449	0.03577	0.0350701	0.0342967	0.0357467	1	1	10.1151	
9.11443	1	28	9.11364	1	28	9.11361	1	28	0	0	0	0.0400941	0.0393233	0.0409733	0.0400935	0.0392633	0.0410633	0.0400941	0.0393233	0.0409733	0.0400935	0.0392633	0.0410633	1	1	10.109	
9.11669	1	29	9.11584	1	29	9.11585	1	29	0	0	0	0.0450691	0.0443367	0.0459767	0.0450685	0.0440967	0.0460667	0.0450691	0.0443367	0.0459767	0.0450685	0.0440967	0.0460667	1	1	10.1107	
9.11978	1	34	9.11883	1	34	9.11885	1	34	0	0	0	0.050078	0.0492567	0.05102	0.0500777	0.0489867	0.0509467	0.050078	0.0492567	0.05102	0.0500777	0.0489867	0.0509467	1	1	10.1129	
9.11637	1	31	9.11529	1	31	9.11537	1	31	0	0	0	0.055088	0.0542567	0.05612	0.0550877	0.05382	0.0564	0.055088	0.0542567	0.05612	0.0550877	0.05382	0.0564	1	1	10.1088	
9.11625	1	32	9.1151	1	32	9.11519	1	32	0	0	0	0.0600776	0.05914	0.0611567	0.0600773	0.0591367	0.0608933	0.0600776	0.05914	0.0611567	0.0600773	0.0591367	0.0608933	1	1	10.1081	
9.1191	1	34	9.11784	1	34	9.1179	1	34	0	0	0	0.0651088	0.0642067	0.0661033	0.0651089	0.0641733	0.0659533	0.0651088	0.0642067	0.0661033	0.0651089	0.0641733	0.0659533	1	1	10.11	
9.12294	1	32	9.12159	1	32	9.12161	1	32	0	0	0	0.0700993	0.06919	0.0710567	0.070099	0.0692367	0.07124	0.0700993	0.06919	0.0710567	0.070099	0.0692367	0.07124	1	1	10.1131	
9.12201	1	34	9.12052	1	34	9.1206	1	34	0	0	0	0.0750704	0.0741733	0.0760867	0.0750704	0.0738833	0.0761033	0.0750704	0.0741733	0.0760867	0.0750704	0.0738833	0.0761033	1	1	10.1113	
9.12846	1	32	9.1269	1	32	9.12692	1	32	0	0	0	0.0800622	0.07906	0.0811233	0.0800618	0.0790433	0.0811033	0.0800622	0.07906	0.0811233	0.0800618	0.0790433	0.0811033	1	1	10.1168	
9.12493	1	34	9.12321	1	34	9.12326	1	34	0	0	0	0.0850491	0.0840467	0.08615	0.0850491	0.0842133	0.0862	0.0850491	0.0840467	0.08615	0.0850491	0.0842133	0.0862	1	1	10.1125	
9.12519	1	33	9.12333	1	33	9.12342	1	33	0	0	0	0.0900403	0.08904	0.0911	0.0900397	0.08875	0.0909933	0.0900403	0.08904	0.0911	0.0900397	0.08875	0.0909933	1	1	10.112	
9.12432	1	33	9.12235	1	33	9.12242	1	33	0	0	0	0.0950421	0.0939633	0.09615	0.0950417	0.09368	0.0964133	0.0950421	0.0939633	0.09615	0.0950417	0.09368	0.0964133	1	1	10.1103	
9.13092	1	36	9.12882	1	36	9.12889	1	36	0	0	0	0.100013	0.0988367	0.101037	0.100013	0.0987633	0.10135	0.100013	0.0988367	0.101037	0.100013	0.0987633	0.10135	1	1	10.116	
9.12659	1	34	9.12444	1	34	9.12449	1	34	0	0	0	0.105002	0.10396	0.106083	0.105002	0.103513	0.10633	0.105002	0.10396	0.106083	0.105002	0.103513	0.10633	1	1	10.1109	
9.13087	1	34	9.12846	1	34	9.12855	1	34	0	0	0	0.110025	0.108947	0.111093	0.110025	0.108107	0.111597	0.110025	0.108947	0.111093	0.110025	0.108107	0.111597	1	1	10.114	
9.12917	1	36	9.12675	1	36	9.12684	1	36	0	0	0	0.115005	0.113947	0.116063	0.115005	0.1141	0.116207	0.115005	0.113947	0.116063	0.115005	0.1141	0.116207	1	1	10.1117	
9.13574	1	35	9.1332	1	35	9.1333	1	35	0	0	0	0.119998	0.118917	0.12105	0.119998	0.118703	0.121427	0.119998	0.118917	0.12105	0.119998	0.118703	0.121427	1	1	10.1172	
9.13579	1	35	9.13305	1	35	9.13312	1	35	0	0	0	0.124993	0.123957	0.126023	0.124993	0.12373	0.126493	0.124993	0.123957	0.126023	0.124993	0.12373	0.126493	1	1	10.1161	
9.13246	1	38	9.12961	1	38	9.12966	1	38	0	0	0	0.129989	0.128887	0.130963	0.129989	0.12835	0.13113	0.129989	0.128887	0.130963	0.129989	0.12835	0.13113	1	1	10.1117	
9.13832	1	36	9.1353	1	36	9.13533	1	36	0	0	0	0.134996	0.13394	0.136053	0.134996	0.132933	0.136693	0.134996	0.13394	0.136053	0.134996	0.132933	0.136693	1	1	10.1169	
9.13835	1	39	9.13515	1	39	9.13524	1	39	0	0	0	0.139993	0.13878	0.140917	0.139994	0.13829	0.141893	0.139993	0.13878	0.140917	0.139994	0.13829	0.141893	1	1	10.1158	
9.13996	1	41	9.13663	1	41	9.13668	1	41	0	0	0	0.144979	0.143707	0.145863	0.14498	0.143657	0.146507	0.144979	0.143707	0.145863	0.14498	0.143657	0.146507	1	1	10.1162	
9.14006	1	38	9.13671	1	38	9.13682	1	38	0	0	0	0.149981	0.148657	0.151093	0.149981	0.14865	0.151907	0.149981	0.148657	0.151093	0.149981	0.14865	0.151907	1	1	10.1154	
9.14407	1	36	9.14045	1	36	9.14053	1	36	0	0	0	0.154962	0.1535	0.156267	0.154963	0.153323	0.15623	0.154962	0.1535	0.156267	0.154963	0.153323	0.15623	1	1	10.1184	
9.14437	1	36	9.14067	1	36	9.14074	1	36	0	0	0	0.159973	0.158617	0.16114	0.159973	0.15876	0.162183	0.159973	0.158617	0.16114	0.159973	0.15876	0.162183	1	1	10.1178	
9.15038	1	42	9.1464	1	42	9.14648	1	42	0	0	0	0.164998	0.16344	0.166243	0.164998	0.163397	0.166963	0.164998	0.16344	0.166243	0.164998	0.163397	0.166963	1	1	10.1227	
9.15358	1	39	9.14947	1	39	9.14955	1	39	0	0	0	0.170007	0.168467	0.171367	0.170007	0.168247	0.171927	0.170007	0.168467	0.171367	0.170007	0.168247	0.171927	1	1	10.1246	
9.15399	1	37	9.14977	1	37	9.14985	1	37	0	0	0	0.175015	0.173497	0.17646	0.175016	0.172533	0.176873	0.175015	0.173497	0.17646	0.175016	0.172533	0.176873	1	1	10.124	
9.15827	1	41	9.15394	1	41	9.15402	1	41	0	0	0	0.180034	0.178407	0.18157	0.180036	0.177577	0.181467	0.180034	0.178407	0.18157	0.180036	0.177577	0.181467	1	1	10.1273	
9.16165	1	39	9.15702	1	39	9.1571	1	39	0	0	0	0.185042	0.183203	0.186423	0.185042	0.183467	0.18655	0.185042	0.183203	0.186423	0.185042	0.183467	0.18655	1	1	10.1295	
9.16726	1	38	9.16252	1	38	9.16259	1	38	0	0	0	0.190052	0.188203	0.191317	0.190053	0.18816	0.19162	0.190052	0.188203	0.191317	0.190053	0.18816	0.19162	1	1	10.1339	
9.17142	1	40	9.16635	1	40	9.16645	1	40	0	0	0	0.195078	0.193557	0.196443	0.195079	0.192843	0.196973	0.195078	0.193557	0.196443	0.195079	0.192843	0.196973	1	1	10.1365	
9.17531	1	40	9.17017	1	40	9.17025	1	40	0	0	0	0.200077	0.19841	0.20126	0.200078	0.197993	0.202747	0.200077	0.19841	0.20126	0.200078	0.197993	0.202747	1	1	10.1394	
9.17701	1	42	9.17179	1	42	9.17185	1	42	0	0	0	0.20508	0.203317	0.206423	0.205081	0.20336	0.20681	0.20508	0.203317	0.206423	0.205081	0.20336	0.20681	1	1	10.14	
9.18119	1	40	9.17569	1	40	9.17577	1	40	0	0	0	0.210069	0.20816	0.211343	0.21007	0.20815	0.21225	0.210069	0.20816	0.211343	0.21007	0.20815	0.21225	1	1	10.1425	
9.18416	1	44	9.17841	1	44	9.17845	1	44	0	0	0	0.215034	0.2131	0.21641	0.215033	0.21312	0.21702	0.215034	0.2131	0.21641	0.215033	0.21312	0.21702	1	1	10.1445	
9.18649	1	40	9.18051	1	40	9.18056	1	40	0	0	0	0.220027	0.217907	0.22134	0.220027	0.217693	0.222263	0.220027	0.217907	0.22134	0.220027	0.217693	0.222263	1	1	10.1458	
9.19487	1	41	9.18873	1	41	9.18877	1	41	0	0	0	0.225021	0.222973	0.226473	0.22502	0.221983	0.22655	0.225021	0.222973	0.226473	0.22502	0.221983	0.22655	1	1	10.1528	
9.19758	1	41	9.19125	1	41	9.19133	1	41	0	0	0	0.230021	0.22809	0.231733	0.230021	0.22783	0.231963	0.230021	0.22809	0.231733	0.230021	0.22783	0.231963	1	1	10.1543	
9.20066	1	39	9.19403	1	39	9.1941	1	39	0	0	0	0.235028	0.233103	0.23677	0.235028	0.23281	0.23689	0.235028	0.233103	0.23677	0.235028	0.23281	0.23689	1	1	10.1559	
9.20339	1	39	9.19653	1	39	9.19655	1	39	0	0	0	0.240018	0.238197	0.241943	0.240017	0.238067	0.241483	0.240018	0.238197	0.241943	0.240017	0.238067	0.241483	1	1	10.1575	
9.20593	1	41	9.19889	1	41	9.19896	1	41	0	0	0	0.245024	0.242773	0.24693	0.245024	0.243093	0.24764	0.245024	0.242773	0.24693	0.245024	0.243093	0.24764	1	1	10.1588	
9.21359	1	42	9.20629	1	42	9.20635	1	42	0	0	0	0.250034	0.247733	0.252193	0.250033	0.24715	0.2518	0.250034	0.247733	0.252193	0.250033	0.24715	0.2518	1	1	10.1647	
9.21732	1	42	9.2097	1	42	9.20979	1	42	0	0	0	0.255015	0.25275	0.257127	0.255015	0.253107	0.25739	0.255015	0.25275	0.257127	0.255015	0.253107	0.25739	1	1	10.1669	
9.22325	1	41	9.21539	1	41	9.21548	1	41	0	0	0	0.260024	0.257637	0.262147	0.260025	0.25776	0.262627	0.260024	0.257637	0.262147	0.260025	0.25776	0.262627	1	1	10.1716	
9.22957	1	42	9.22133	1	42	9.22138	1	42	0	0	0	0.265017	0.262427	0.26717	0.265017	0.26247	0.267103	0.265017	0.262427	0.26717	0.265017	0.26247	0.267103	1	1	10.1761	
9.23094	1	46	9.22253	1	46	9.2226	1	46	0	0	0	0.270019	0.26732	0.27215	0.270019	0.26814	0.27242	0.270019	0.26732	0.27215	0.270019	0.26814	0.27242	1	1	10.1764	
9.23591	1	41	9.22735	1	41	9.22746	1	41	0	0	0	0.275021	0.272227	0.277133	0.275021	0.272943	0.277543	0.275021	0.272227	0.277133	0.275021	0.272943	0.277543	1	1	10.1802	
9.23949	1	44	9.23042	1	44	9.23049	1	44	0	0	0	0.280024	0.27711	0.28227	0.280024	0.278147	0.282113	0.280024	0.27711	0.28227	0.280024	0.278147	0.282113	1	1	10.1818	
9.24711	1	42	9.238	1	42	9.23808	1	42	0	0	0	0.284984	0.28202	0.2873	0.284984	0.282297	0.288273	0.284984	0.28202	0.2873	0.284984	0.282297	0.288273	1	1	10.188	
9.25204	1	43	9.24258	1	43	9.24267	1	43	0	0	0	0.290004	0.28696	0.292427	0.290004	0.28735	0.292967	0.290004	0.28696	0.292427	0.290004	0.28735	0.292967	1	1	10.1915	
9.25759	1	42	9.24793	1	42	9.24799	1	42	0	0	0	0.295023	0.291793	0.297347	0.295023	0.292627	0.297247	0.295023	0.291793	0.297347	0.295023	0.292627	0.297247	1	1	10.1952	
9.26283	1	40	9.25276	1	40	9.25283	1	40	0	0	0	0.300015	0.296733	0.302347	0.300015	0.298047	0.30208	0.300015	0.296733	0.302347	0.300015	0.298047	0.30208	1	1	10.1989	
9.27215	1	42	9.26172	1	42	9.26179	1	42	0	0	0	0.30501	0.301723	0.30717	0.305011	0.302953	0.307363	0.30501	0.301723	0.30717	0.305011	0.302953	0.307363	1	1	10.2062	
9.27851	1	41	9.2678	1	41	9.2679	1	41	0	0	0	0.310018	0.306597	0.3122	0.310018	0.306847	0.312293	0.310018	0.306597	0.3122	0.310018	0.306847	0.312293	1	1	10.2114	
9.28031	1	43	9.26927	1	43	9.26934	1	43	0	0	0	0.314986	0.311583	0.31721	0.314986	0.312713	0.317177	0.314986	0.311583	0.31721	0.314986	0.312713	0.317177	1	1	10.2114	
9.29047	1	45	9.27892	1	45	9.27899	1	45	0	0	0	0.319994	0.316567	0.322197	0.319995	0.31683	0.322777	0.319994	0.316567	0.322197	0.319995	0.31683	0.322777	1	1	10.2198	
9.29367	1	44	9.28198	1	44	9.28203	1	44	0	0	0	0.325005	0.321523	0.327163	0.325006	0.322047	0.327303	0.325005	0.321523	0.327163	0.325006	0.322047	0.327303	1	1	10.2215	
9.30019	1	43	9.28809	1	43	9.28817	1	43	0	0	0	0.329995	0.326493	0.332253	0.329995	0.327847	0.33277	0.329995	0.326493	0.332253	0.329995	0.327847	0.33277	1	1	10.2263	
9.30524	1	44	9.29275	1	44	9.29281	1	44	0	0	0	0.334995	0.331413	0.337203	0.334995	0.332853	0.337143	0.334995	0.331413	0.337203	0.334995	0.332853	0.337143	1	1	10.2294	
9.31504	1	44	9.30202	1	44	9.30207	1	44	0	0	0	0.340001	0.336503	0.34213	0.340002	0.337977	0.34263	0.340001	0.336503	0.34213	0.340002	0.337977	0.34263	1	1	10.2373	
9.32063	1	44	9.30735	1	44	9.30741	1	44	0	0	0	0.344977	0.34145	0.347093	0.344978	0.342753	0.347317	0.344977	0.34145	0.347093	0.344978	0.342753	0.347317	1	1	10.2414	
9.32552	1	46	9.31171	1	46	9.31181	1	46	0	0	0	0.349965	0.34621	0.35204	0.349966	0.347703	0.352377	0.349965	0.34621	0.35204	0.349966	0.347703	0.352377	1	1	10.2439	
9.33279	1	45	9.31873	1	45	9.31882	1	45	0	0	0	0.354962	0.351113	0.35706	0.354963	0.352413	0.357177	0.354962	0.351113	0.35706	0.354963	0.352413	0.357177	1	1	10.2499	
9.34091	1	44	9.32631	1	44	9.32635	1	44	0	0	0	0.359946	0.356217	0.362117	0.359947	0.356223	0.36249	0.359946	0.356217	0.362117	0.359947	0.356223	0.36249	1	1	10.2558	
9.34909	1	49	9.33397	1	49	9.33409	1	49	0	0	0	0.364961	0.361297	0.367087	0.364961	0.362453	0.36773	0.364961	0.361297	0.367087	0.364961	0.362453	0.36773	1	1	10.2619	
9.3524	1	43	9.3369	1	43	9.33698	1	43	0	0	0	0.369962	0.36614	0.37218	0.369963	0.366787	0.37264	0.369962	0.36614	0.37218	0.369963	0.366787	0.37264	1	1	10.2632	
9.36153	1	49	9.34548	1	49	9.34555	1	49	0	0	0	0.374957	0.371073	0.37707	0.374957	0.372443	0.37817	0.374957	0.371073	0.37707	0.374957	0.372443	0.37817	1	1	10.2703	
9.37168	1	46	9.35525	1	46	9.35534	1	46	0	0	0	0.379938	0.37607	0.382213	0.379938	0.37747	0.382663	0.379938	0.37607	0.382213	0.379938	0.37747	0.382663	1	1	10.278	
9.37552	1	53	9.35867	1	53	9.3587	1	53	0	0	0	0.384944	0.381013	0.387093	0.384944	0.382637	0.387623	0.384944	0.381013	0.387093	0.384944	0.382637	0.387623	1	1	10.2804	
9.38408	1	45	9.3666	1	45	9.36666	1	45	0	0	0	0.389928	0.385823	0.39206	0.389928	0.387017	0.39229	0.389928	0.385823	0.39206	0.389928	0.387017	0.39229	1	1	10.2863	
9.39191	1	49	9.37384	1	49	9.37395	1	49	0	0	0	0.394923	0.390957	0.39708	0.394923	0.391783	0.397483	0.394923	0.390957	0.39708	0.394923	0.391783	0.397483	1	1	10.2919	
9.40159	1	45	9.38294	1	45	9.38304	1	45	0	0	0	0.399943	0.395987	0.40203	0.399943	0.397153	0.402843	0.399943	0.395987	0.40203	0.399943	0.397153	0.402843	1	1	10.2996	
9.4081	1	44	9.38858	1	44	9.38866	1	44	0	0	0	0.404934	0.400923	0.407463	0.404934	0.402653	0.40675	0.404934	0.400923	0.407463	0.404934	0.402653	0.40675	1	1	10.3035	
9.41652	1	46	9.39642	1	46	9.39648	1	46	0	0	0	0.409933	0.406057	0.412473	0.409933	0.40711	0.412097	0.409933	0.406057	0.412473	0.409933	0.40711	0.412097	1	1	10.3099	
9.42611	1	50	9.40571	1	50	9.40579	1	50	0	0	0	0.414948	0.410933	0.41741	0.414948	0.41217	0.417667	0.414948	0.410933	0.41741	0.414948	0.41217	0.417667	1	1	10.3167	
9.43237	1	46	9.41124	1	46	9.41135	1	46	0	0	0	0.419968	0.415927	0.422297	0.419968	0.418167	0.422097	0.419968	0.415927	0.422297	0.419968	0.418167	0.422097	1	1	10.3216	
9.44115	1	47	9.4195	1	47	9.41955	1	47	0	0	0	0.424933	0.420963	0.427083	0.424932	0.421927	0.427873	0.424933	0.420963	0.427083	0.424932	0.421927	0.427873	1	1	10.3273	
9.45193	1	46	9.42927	1	46	9.42933	1	46	0	0	0	0.429919	0.42584	0.43224	0.429917	0.42707	0.432883	0.429919	0.42584	0.43224	0.429917	0.42707	0.432883	1	1	10.3356	
9.46284	1	47	9.43991	1	47	9.43999	1	47	0	0	0	0.4349	0.430777	0.437183	0.434899	0.432207	0.437377	0.4349	0.430777	0.437183	0.434899	0.432207	0.437377	1	1	10.3441	
9.46977	1	44	9.44568	1	44	9.44578	1	44	0	0	0	0.439918	0.435807	0.442153	0.439917	0.43751	0.442557	0.439918	0.435807	0.442153	0.439917	0.43751	0.442557	1	1	10.3483	
9.47551	1	46	9.45085	1	46	9.45093	1	46	0	0	0	0.444945	0.440747	0.447317	0.444944	0.442707	0.44771	0.444945	0.440747	0.447317	0.444944	0.442707	0.44771	1	1	10.352	
9.48726	1	49	9.46169	1	49	9.46176	1	49	0	0	0	0.449951	0.445773	0.452347	0.44995	0.44754	0.45257	0.449951	0.445773	0.452347	0.44995	0.44754	0.45257	1	1	10.3605	
9.49608	1	49	9.46993	1	49	9.46998	1	49	0	0	0	0.454952	0.45091	0.45769	0.454951	0.45133	0.457893	0.454952	0.45091	0.45769	0.454951	0.45133	0.457893	1	1	10.3673	
9.50325	1	47	9.47623	1	47	9.47632	1	47	0	0	0	0.459963	0.455857	0.462693	0.459962	0.457767	0.461953	0.459963	0.455857	0.462693	0.459962	0.457767	0.461953	1	1	10.3717	
9.51622	1	53	9.48839	1	53	9.48848	1	53	0	0	0	0.464999	0.46081	0.467627	0.464998	0.4628	0.468063	0.464999	0.46081	0.467627	0.464998	0.4628	0.468063	1	1	10.3815	
9.52612	1	47	9.4973	1	47	9.49736	1	47	0	0	0	0.470001	0.46574	0.4725	0.47	0.466763	0.47252	0.470001	0.46574	0.4725	0.47	0.466763	0.47252	1	1	10.3889	
9.5338	1	50	9.50389	1	50	9.50398	1	50	0	0	0	0.47498	0.4707	0.477357	0.47498	0.47215	0.47709	0.47498	0.4707	0.477357	0.47498	0.47215	0.47709	1	1	10.3932	
9.54354	1	48	9.51267	1	48	9.51276	1	48	0	0	0	0.479986	0.475563	0.48226	0.479985	0.477323	0.48238	0.479986	0.475563	0.48226	0.479985	0.477323	0.48238	1	1	10.4	
9.55824	1	50	9.52674	1	50	9.52684	1	50	0	0	0	0.484968	0.480527	0.48739	0.484968	0.48067	0.488517	0.484968	0.480527	0.48739	0.484968	0.48067	0.488517	1	1	10.4116	
9.56933	1	47	9.53712	1	47	9.53724	1	47	0	0	0	0.489984	0.4858	0.49218	0.489982	0.486243	0.49437	0.489984	0.4858	0.49218	0.489982	0.486243	0.49437	1	1	10.42	
9.57748	1	49	9.5439	1	49	9.54397	1	49	0	0	0	0.495004	0.49079	0.497313	0.495004	0.49299	0.49829	0.495004	0.49079	0.497313	0.495004	0.49299	0.49829	1	1	10.4251	
9.58964	1	54	9.55461	1	54	9.5547	1	54	0	0	0	0.5	0.495827	0.502247	0.5	0.494883	0.502867	0.5	0.495827	0.502247	0.5	0.494883	0.502867	1	1	10.4339	
9.60082	1	48	9.56464	1	48	9.56473	1	48	0	0	0	0.505012	0.500743	0.507327	0.505012	0.50222	0.5086	0.505012	0.500743	0.507327	0.505012	0.50222	0.5086	1	1	10.4412	
9.61426	1	53	9.57709	1	53	9.57712	1	53	0	0	0	0.510001	0.505623	0.51228	0.51	0.507503	0.51303	0.510001	0.505623	0.51228	0.51	0.507503	0.51303	1	1	10.4517	
9.62481	1	49	9.58662	1	49	9.58668	1	49	0	0	0	0.515003	0.510713	0.517367	0.515002	0.51194	0.51761	0.515003	0.510713	0.517367	0.515002	0.51194	0.51761	1	1	10.4596	
9.63508	1	50	9.5953	1	50	9.59538	1	50	0	0	0	0.519992	0.515693	0.52247	0.519991	0.51622	0.52308	0.519992	0.515693	0.52247	0.519991	0.51622	0.52308	1	1	10.4648	
9.64611	1	49	9.60498	1	49	9.60507	1	49	0	0	0	0.524983	0.520763	0.527543	0.524982	0.522307	0.52748	0.524983	0.520763	0.527543	0.524982	0.522307	0.52748	1	1	10.4728	
9.65941	1	52	9.61693	1	52	9.61704	1	52	0	0	0	0.530007	0.525883	0.53272	0.530007	0.527457	0.534683	0.530007	0.525883	0.53272	0.530007	0.527457	0.534683	1	1	10.482	
9.6703	1	56	9.62689	1	56	9.62696	1	56	0	0	0	0.535012	0.53083	0.537613	0.535012	0.532587	0.53805	0.535012	0.53083	0.537613	0.535012	0.532587	0.53805	1	1	10.4897	
9.68442	1	50	9.6392	1	50	9.6393	1	50	0	0	0	0.540039	0.5359	0.542677	0.540038	0.537477	0.543167	0.540039	0.5359	0.542677	0.540038	0.537477	0.543167	1	1	10.4998	
9.69126	1	50	9.64505	1	50	9.64512	1	50	0	0	0	0.545036	0.54088	0.547587	0.545037	0.542677	0.549343	0.545036	0.54088	0.547587	0.545037	0.542677	0.549343	1	1	10.5034	
9.70627	1	52	9.6574	1	52	9.6575	1	52	0	0	0	0.550021	0.54579	0.552727	0.550021	0.54681	0.553617	0.550021	0.54579	0.552727	0.550021	0.54681	0.553617	1	1	10.5137	
9.72133	1	55	9.67136	1	55	9.67143	1	55	0	0	0	0.555002	0.550523	0.557777	0.555001	0.552443	0.557603	0.555002	0.550523	0.557777	0.555001	0.552443	0.557603	1	1	10.5241	
9.73352	1	57	9.68152	1	57	9.68159	1	57	0	0	0	0.560012	0.555857	0.56275	0.560012	0.556653	0.562767	0.560012	0.555857	0.56275	0.560012	0.556653	0.562767	1	1	10.5321	
9.74897	1	66	9.69523	1	66	9.69532	1	66	0	0	0	0.565034	0.560913	0.56781	0.565034	0.562433	0.568627	0.565034	0.560913	0.56781	0.565034	0.562433	0.568627	1	1	10.5428	
9.75866	1	55	9.7034	1	55	9.70351	1	55	0	0	0	0.570039	0.566027	0.572807	0.570038	0.567243	0.57357	0.570039	0.566027	0.572807	0.570038	0.567243	0.57357	1	1	10.5495	
9.77279	1	49	9.71564	1	49	9.71572	1	49	0	0	0	0.575031	0.57091	0.57767	0.575032	0.572263	0.57958	0.575031	0.57091	0.57767	0.575032	0.572263	0.57958	1	1	10.5585	
9.78785	1	50	9.72931	1	50	9.72942	1	50	0	0	0	0.580058	0.575917	0.582753	0.580059	0.57754	0.583007	0.580058	0.575917	0.582753	0.580059	0.57754	0.583007	1	1	10.57	
9.80172	1	55	9.74038	1	55	9.74042	1	55	0	0	0	0.585059	0.581083	0.587723	0.585058	0.58184	0.588203	0.585059	0.581083	0.587723	0.585058	0.58184	0.588203	1	1	10.578	
9.81708	1	55	9.75368	1	55	9.75376	1	55	0	0	0	0.590056	0.58606	0.59262	0.590056	0.586747	0.594287	0.590056	0.58606	0.59262	0.590056	0.586747	0.594287	1	1	10.5882	
9.83423	1	57	9.76816	1	57	9.76823	1	57	0	0	0	0.59505	0.591137	0.5976	0.595049	0.5909	0.598687	0.59505	0.591137	0.5976	0.595049	0.5909	0.598687	1	1	10.5998	
9.84577	1	56	9.77773	1	56	9.77785	1	56	0	0	0	0.600046	0.596187	0.602547	0.600045	0.597467	0.602727	0.600046	0.596187	0.602547	0.600045	0.597467	0.602727	1	1	10.6069	
9.86447	1	55	9.79377	1	55	9.79382	1	55	0	0	0	0.605056	0.601253	0.60742	0.605056	0.602107	0.609007	0.605056	0.601253	0.60742	0.605056	0.602107	0.609007	1	1	10.6193	
9.87503	1	54	9.802	1	54	9.80208	1	54	0	0	0	0.610057	0.606133	0.612123	0.610056	0.60636	0.613473	0.610057	0.606133	0.612123	0.610056	0.60636	0.613473	1	1	10.6245	
9.89176	1	53	9.81599	1	53	9.81608	1	53	0	0	0	0.615068	0.61134	0.617157	0.615069	0.610967	0.61771	0.615068	0.61134	0.617157	0.615069	0.610967	0.61771	1	1	10.6364	
9.90811	1	56	9.82981	1	56	9.8299	1	56	0	0	0	0.620061	0.616433	0.62212	0.620062	0.617423	0.62402	0.620061	0.616433	0.62212	0.620062	0.617423	0.62402	1	1	10.6477	
9.92451	1	54	9.84317	1	54	9.84324	1	54	0	0	0	0.62505	0.621447	0.627117	0.625048	0.621417	0.62775	0.62505	0.621447	0.627117	0.625048	0.621417	0.62775	1	1	10.6571	
9.9428	1	55	9.85859	1	55	9.85867	1	55	0	0	0	0.630067	0.626393	0.632107	0.630066	0.62714	0.633527	0.630067	0.626393	0.632107	0.630066	0.62714	0.633527	1	1	10.669	
9.95718	1	54	9.86987	1	54	9.86996	1	54	0	0	0	0.635038	0.631577	0.637193	0.635037	0.63048	0.63848	0.635038	0.631577	0.637193	0.635037	0.63048	0.63848	1	1	10.6783	
9.97782	1	55	9.88694	1	55	9.88707	1	55	0	0	0	0.640027	0.636747	0.64215	0.640029	0.63633	0.64282	0.640027	0.636747	0.64215	0.640029	0.63633	0.64282	1	1	10.691	
9.99496	1	57	9.89993	1	57	9.90007	1	57	0	0	0	0.64502	0.64182	0.647273	0.645022	0.64153	0.649603	0.64502	0.64182	0.647273	0.645022	0.64153	0.649603	1	1	10.702	
10.0133	1	57	9.91533	1	56	9.91537	1	56	0	0	0	0.650013	0.6468	0.652227	0.650012	0.646647	0.652893	0.650013	0.6468	0.652227	0.650012	0.646647	0.652893	1	1	10.7126	
10.0304	1	58	9.92791	1	58	9.92801	1	58	0	0	0	0.655024	0.651857	0.657	0.655024	0.650433	0.658233	0.655024	0.651857	0.657	0.655024	0.650433	0.658233	1	1	10.723	
10.0495	1	57	9.94206	1	57	9.94212	1	57	0	0	0	0.660002	0.656903	0.66187	0.660002	0.656927	0.664713	0.660002	0.656903	0.66187	0.660002	0.656927	0.664713	1	1	10.7328	
10.0685	1	55	9.95785	1	54	9.95793	1	54	0	0	0	0.665016	0.66176	0.6669	0.665016	0.66035	0.668997	0.665016	0.66176	0.6669	0.665016	0.66035	0.668997	1	1	10.7461	
10.0874	1	57	9.97218	1	57	9.97227	1	57	0	0	0	0.67002	0.666667	0.671793	0.67002	0.66641	0.673683	0.67002	0.666667	0.671793	0.67002	0.66641	0.673683	1	1	10.7557	
10.1054	1	57	9.98473	1	57	9.9848	1	57	0	0	0	0.675015	0.67167	0.676763	0.675014	0.670753	0.678647	0.675015	0.67167	0.676763	0.675014	0.670753	0.678647	1	1	10.7652	
10.1286	1	57	10.0028	1	57	10.0029	1	57	0	0	0	0.680023	0.6765	0.68189	0.680023	0.674857	0.683767	0.680023	0.6765	0.68189	0.680023	0.674857	0.683767	1	1	10.7783	
10.1492	1	56	10.0184	1	56	10.0186	1	56	0	0	0	0.684981	0.681483	0.686857	0.684982	0.68174	0.688437	0.684981	0.681483	0.686857	0.684982	0.68174	0.688437	1	1	10.7898	
10.1701	1	58	10.0326	1	56	10.0327	1	56	0	0	0	0.690009	0.686687	0.6919	0.690009	0.687047	0.69315	0.690009	0.686687	0.6919	0.690009	0.687047	0.69315	1	1	10.8024	
10.1911	1	57	10.0495	1	57	10.0496	1	57	0	0	0	0.695019	0.691787	0.696903	0.695018	0.69202	0.698627	0.695019	0.691787	0.696903	0.695018	0.69202	0.698627	1	1	10.8139	
10.2106	1	57	10.0632	1	57	10.0633	1	57	0	0	0	0.700013	0.697063	0.70203	0.700013	0.69704	0.703537	0.700013	0.697063	0.70203	0.700013	0.69704	0.703537	1	1	10.8246	
10.235	1	56	10.0798	1	56	10.0799	1	56	0	0	0	0.70501	0.701873	0.706997	0.70501	0.701187	0.708283	0.70501	0.701873	0.706997	0.70501	0.701187	0.708283	1	1	10.8362	
10.2598	1	60	10.0984	1	60	10.0985	1	60	0	0	0	0.70999	0.70697	0.711967	0.709989	0.70652	0.714607	0.70999	0.70697	0.711967	0.709989	0.70652	0.714607	1	1	10.8506	
10.2833	1	60	10.1133	1	59	10.1134	1	59	0	0	0	0.715006	0.711693	0.716933	0.715007	0.711217	0.71865	0.715006	0.711693	0.716933	0.715007	0.711217	0.71865	1	1	10.8622	
10.3063	1	57	10.1303	1	57	10.1303	1	57	0	0	0	0.719997	0.71692	0.721913	0.719996	0.716947	0.724463	0.719997	0.71692	0.721913	0.719996	0.716947	0.724463	1	1	10.8742	
10.335	1	58	10.1492	1	58	10.1493	1	58	0	0	0	0.724992	0.721873	0.726853	0.724992	0.72222	0.72912	0.724992	0.721873	0.726853	0.724992	0.72222	0.72912	1	1	10.8889	
10.361	1	55	10.1653	1	55	10.1654	1	55	0	0	0	0.729996	0.726887	0.731893	0.729995	0.726893	0.732657	0.729996	0.726887	0.731893	0.729995	0.726893	0.732657	1	1	10.9012	
10.3848	1	58	10.1826	1	58	10.1827	1	58	0	0	0	0.734987	0.731967	0.736917	0.734988	0.731567	0.738683	0.734987	0.731967	0.736917	0.734988	0.731567	0.738683	1	1	10.9126	
10.4116	1	56	10.1986	1	56	10.1987	1	56	0	0	0	0.73998	0.736857	0.74184	0.73998	0.736487	0.74321	0.73998	0.736857	0.74184	0.73998	0.736487	0.74321	1	1	10.9246	
10.4412	1	59	10.2185	1	59	10.2186	1	59	0	0	0	0.744989	0.74181	0.746823	0.744989	0.741373	0.748673	0.744989	0.74181	0.746823	0.744989	0.741373	0.748673	1	1	10.9383	
10.4774	1	60	10.2399	1	60	10.24	1	60	0	0	0	0.750013	0.74697	0.751997	0.750014	0.746893	0.75302	0.750013	0.74697	0.751997	0.750014	0.746893	0.75302	1	1	10.9543	
10.5022	1	58	10.2571	1	58	10.2572	1	58	0	0	0	0.755031	0.752057	0.757047	0.755031	0.750677	0.759703	0.755031	0.752057	0.757047	0.755031	0.750677	0.759703	1	1	10.9669	
10.543	1	60	10.2784	1	60	10.2784	1	60	0	0	0	0.760017	0.75709	0.761897	0.760017	0.75646	0.763317	0.760017	0.75709	0.761897	0.760017	0.75646	0.763317	1	1	10.9839	
10.5733	1	59	10.2957	1	59	10.2958	1	59	0	0	0	0.764986	0.762083	0.766777	0.764987	0.760237	0.768153	0.764986	0.762083	0.766777	0.764987	0.760237	0.768153	1	1	10.9966	
10.6098	1	64	10.3151	1	63	10.3151	1	63	0	0	0	0.770007	0.767193	0.771797	0.770009	0.766483	0.772713	0.770007	0.767193	0.771797	0.770009	0.766483	0.772713	1	1	11.009	
10.643	1	62	10.3332	1	62	10.3333	1	62	0	0	0	0.774999	0.772357	0.77653	0.775	0.76969	0.77907	0.774999	0.772357	0.77653	0.775	0.76969	0.77907	1	1	11.0221	
10.6805	1	59	10.352	1	59	10.3521	1	59	0	0	0	0.779985	0.777277	0.78171	0.779986	0.776547	0.784157	0.779985	0.777277	0.78171	0.779986	0.776547	0.784157	1	1	11.0355	
10.7223	1	61	10.3703	1	56	10.3704	1	56	0	0	0	0.784983	0.78218	0.786763	0.784983	0.78089	0.789407	0.784983	0.78218	0.786763	0.784983	0.78089	0.789407	1	1	11.0492	
10.7716	1	70	10.3942	1	70	10.3943	1	70	0	0	0	0.78999	0.787247	0.791913	0.789991	0.786337	0.794433	0.78999	0.787247	0.791913	0.789991	0.786337	0.794433	1	1	11.0629	
10.8161	1	64	10.415	1	59	10.4151	1	59	0	0	0	0.795015	0.792217	0.796923	0.795014	0.79044	0.799407	0.795015	0.792217	0.796923	0.795014	0.79044	0.799407	1	1	11.0799	
10.8611	1	60	10.437	1	58	10.4371	1	58	0	0	0	0.79998	0.797153	0.80206	0.799978	0.796793	0.803613	0.79998	0.797153	0.80206	0.799978	0.796793	0.803613	1	1	11.0922	
10.9191	1	65	10.4629	1	55	10.463	1	55	0	0	0	0.804958	0.802123	0.806993	0.804958	0.801063	0.80884	0.804958	0.802123	0.806993	0.804958	0.801063	0.80884	1	1	11.1109	
10.9786	1	67	10.4779	1	58	10.478	1	58	0	0	0	0.809979	0.807203	0.81193	0.80998	0.806263	0.813107	0.809979	0.807203	0.81193	0.80998	0.806263	0.813107	1	1	11.1235	
11.0358	1	60	10.497	1	57	10.4971	1	57	0	0	0	0.814986	0.812083	0.816733	0.814986	0.811533	0.819283	0.814986	0.812083	0.816733	0.814986	0.811533	0.819283	1	1	11.1372	
11.1124	1	63	10.5249	1	59	10.525	1	59	0	0	0	0.820017	0.817267	0.821753	0.820017	0.815713	0.823757	0.820017	0.817267	0.821753	0.820017	0.815713	0.823757	1	1	11.1541	
11.1939	1	75	10.5482	1	57	10.5483	1	57	0	0	0	0.824999	0.82244	0.82674	0.824999	0.821363	0.82863	0.824999	0.82244	0.82674	0.824999	0.821363	0.82863	1	1	11.1732	
11.3026	1	77	10.5768	1	57	10.5769	1	57	0	0	0	0.830024	0.827473	0.8317	0.830023	0.82501	0.834447	0.830024	0.827473	0.8317	0.830023	0.82501	0.834447	1	1	11.1879	
11.3989	1	89	10.5955	1	66	10.5956	1	66	0	0	0	0.835026	0.83255	0.836483	0.835028	0.83224	0.838237	0.835026	0.83255	0.836483	0.835028	0.83224	0.838237	1	1	11.2022	
11.5196	1	85	10.6231	1	56	10.6232	1	56	0	0	0	0.840016	0.83751	0.841543	0.840016	0.83669	0.844157	0.840016	0.83751	0.841543	0.840016	0.83669	0.844157	1	1	11.2185	
11.755	1	121	10.6469	1	61	10.647	1	61	0	0	0	0.84503	0.842827	0.84652	0.84503	0.841387	0.849193	0.84503	0.842827	0.84652	0.84503	0.841387	0.849193	1	1	11.2345	
12.1977	1	157	10.6762	1	62	10.6763	1	62	0	0	0	0.850007	0.847697	0.85137	0.850006	0.84612	0.853367	0.850007	0.847697	0.85137	0.850006	0.84612	0.853367	1	1	11.2557	
13.0057	1	216	10.7018	1	71	10.7019	1	71	0	0	0	0.855009	0.852827	0.85631	0.855019	0.85169	0.858183	0.855009	0.852827	0.85631	0.855019	0.85169	0.858183	1	1	11.2721	
81.2122	1	7549	10.7282	1	73	10.7284	1	73	0	0	0	0.859945	0.858969	0.860999	0.859834	0.856746	0.862056	0.859945	0.858969	0.860999	0.859834	0.856746	0.862056	1	1	11.2897	
258.727	1	17190	10.7555	1	81	10.7552	1	81	0	0	0	0.864948	0.864023	0.865947	0.86463	0.862233	0.867433	0.864948	0.864023	0.865947	0.86463	0.862233	0.867433	1	1	11.3071	
