28
1: [14, 15, 21, 20]
2: [20, 21, 15, 14]
3: [13, 19, 25, 26, 27, 28, 22, 16, 10, 9, 8, 7]
4: [7, 8, 14, 20, 26, 25, 19, 13]
5: [7, 8, 9, 15, 21, 27, 26, 25, 19, 13]
6: [8, 9, 10, 16, 22, 28, 27, 26, 20, 14]
7: [9, 10, 16, 22, 28, 27, 21, 15]
8: [7, 8, 9, 10, 16, 15, 14, 13]
9: [7, 8, 9, 10, 16, 22, 21, 20, 19, 13]
10: [13, 14, 15, 16, 22, 28, 27, 26, 25, 19]
11: [19, 20, 21, 22, 28, 27, 26, 25]
12: [6, 12, 18, 24, 30, 31, 32, 33, 34, 35, 29, 23, 17, 11, 5, 4, 3, 2, 1, 0]
13: [0, 1, 7, 13, 19, 25, 31, 30, 24, 18, 12, 6]
14: [0, 1, 2, 8, 14, 20, 26, 32, 31, 30, 24, 18, 12, 6]
15: [0, 1, 2, 3, 9, 15, 21, 27, 33, 32, 31, 30, 24, 18, 12, 6]
16: [0, 1, 2, 3, 4, 10, 16, 22, 28, 34, 33, 32, 31, 30, 24, 18, 12, 6]
17: [1, 2, 3, 4, 5, 11, 17, 23, 29, 35, 34, 33, 32, 31, 25, 19, 13, 7]
18: [2, 3, 4, 5, 11, 17, 23, 29, 35, 34, 33, 32, 26, 20, 14, 8]
19: [3, 4, 5, 11, 17, 23, 29, 35, 34, 33, 27, 21, 15, 9]
20: [4, 5, 11, 17, 23, 29, 35, 34, 28, 22, 16, 10]
21: [0, 1, 2, 3, 4, 5, 11, 10, 9, 8, 7, 6]
22: [0, 1, 2, 3, 4, 5, 11, 17, 16, 15, 14, 13, 12, 6]
23: [0, 1, 2, 3, 4, 5, 11, 17, 23, 22, 21, 20, 19, 18, 12, 6]
24: [0, 1, 2, 3, 4, 5, 11, 17, 23, 29, 28, 27, 26, 25, 24, 18, 12, 6]
25: [6, 7, 8, 9, 10, 11, 17, 23, 29, 35, 34, 33, 32, 31, 30, 24, 18, 12]
26: [12, 13, 14, 15, 16, 17, 23, 29, 35, 34, 33, 32, 31, 30, 24, 18]
27: [18, 19, 20, 21, 22, 23, 29, 35, 34, 33, 32, 31, 30, 24]
28: [24, 25, 26, 27, 28, 29, 35, 34, 33, 32, 31, 30]
36
0
0: []
1: [13, 14, 15, 16, 21, 22, 23, 24, 12]
2: [14, 15, 16, 21, 22, 23, 24, 12]
3: [15, 16, 21, 22, 23, 24, 12]
4: [16, 21, 22, 23, 24, 12]
5: [24, 21, 22, 23, 12]
6: [12, 21, 13, 14, 22, 23, 15, 16, 24]
7: [13, 21]
8: [14, 21]
9: [15, 21]
10: [16, 21]
11: [24, 21, 22, 23, 12]
12: [12, 13, 14, 22, 23, 15, 16, 24]
13: [13, 22]
14: [14, 22]
15: [15, 22]
16: [16, 22]
17: [24, 22, 23, 12]
18: [12, 13, 14, 23, 15, 16, 24]
19: [13, 23]
20: [14, 23]
21: [15, 23]
22: [16, 23]
23: [24, 23, 12]
24: [12, 13, 14, 15, 16, 24]
25: [13, 24]
26: [14, 24]
27: [15, 24]
28: [16, 24]
29: [24, 12]
30: [12, 13, 14, 15, 16]
31: [12, 13, 14, 15, 16]
32: [12, 14, 15, 16]
33: [12, 15, 16]
34: [16, 12]
35: [12]
1
0: [12, 21, 13, 14, 22, 23, 15, 16, 24]
1: []
2: [14, 15, 16, 17, 21, 22, 23, 24, 12]
3: [15, 16, 17, 21, 22, 23, 24, 12]
4: [16, 17, 21, 22, 23, 24, 12]
5: [17, 21, 22, 23, 24, 12]
6: [12, 21, 13, 14, 22, 23, 15, 16, 24]
7: [13, 21, 17]
8: [14, 21]
9: [15, 21]
10: [16, 21]
11: [17, 21, 22, 23, 24, 12]
12: [12, 13, 14, 22, 23, 15, 16, 24]
13: [13, 22, 17]
14: [14, 22]
15: [15, 22]
16: [16, 22]
17: [24, 17, 22, 23, 12]
18: [12, 13, 14, 23, 15, 16, 24]
19: [13, 23, 17]
20: [14, 23]
21: [15, 23]
22: [16, 23]
23: [24, 17, 23, 12]
24: [12, 13, 14, 15, 16, 24]
25: [13, 24, 17]
26: [14, 24]
27: [15, 24]
28: [16, 24]
29: [24, 17, 12]
30: [12, 13, 14, 15, 16]
31: [13, 12, 14, 15, 16, 17]
32: [14, 12, 15, 16, 17]
33: [15, 16, 12, 17]
34: [16, 17, 12]
35: [17, 12]
2
0: [12, 21, 14, 22, 23, 15, 16, 24]
1: [12, 21, 14, 22, 23, 15, 16, 17, 24]
2: []
3: [15, 16, 17, 18, 21, 22, 23, 24, 12]
4: [16, 17, 18, 21, 22, 23, 24, 12]
5: [17, 18, 21, 22, 23, 24, 12]
6: [12, 21, 14, 22, 23, 15, 16, 24]
7: [21, 17]
8: [14, 21, 18]
9: [15, 21]
10: [16, 21]
11: [17, 18, 21, 22, 23, 24, 12]
12: [12, 14, 22, 23, 15, 16, 24]
13: [22, 17]
14: [14, 22, 18]
15: [15, 22]
16: [16, 22]
17: [17, 18, 22, 23, 24, 12]
18: [12, 14, 23, 15, 16, 24]
19: [23, 17]
20: [14, 23, 18]
21: [15, 23]
22: [16, 23]
23: [24, 17, 18, 23, 12]
24: [12, 14, 15, 16, 24]
25: [24, 17]
26: [14, 24, 18]
27: [15, 24]
28: [16, 24]
29: [24, 17, 18, 12]
30: [12, 14, 15, 16]
31: [14, 12, 15, 16, 17]
32: [14, 15, 16, 12, 17, 18]
33: [15, 16, 17, 18, 12]
34: [16, 17, 18, 12]
35: [17, 18, 12]
3
0: [12, 21, 22, 23, 15, 16, 24]
1: [12, 21, 22, 23, 15, 16, 17, 24]
2: [12, 21, 22, 18, 23, 15, 16, 17, 24]
3: []
4: [16, 17, 18, 19, 21, 22, 23, 24, 12]
5: [17, 18, 19, 21, 22, 23, 24, 12]
6: [12, 21, 22, 23, 15, 16, 24]
7: [21, 17]
8: [21, 18]
9: [15, 21, 19]
10: [16, 21]
11: [17, 18, 19, 21, 22, 23, 24, 12]
12: [12, 22, 23, 15, 16, 24]
13: [22, 17]
14: [22, 18]
15: [15, 22, 19]
16: [16, 22]
17: [17, 18, 19, 22, 23, 24, 12]
18: [12, 23, 15, 16, 24]
19: [23, 17]
20: [23, 18]
21: [15, 23, 19]
22: [16, 23]
23: [17, 18, 19, 23, 24, 12]
24: [12, 15, 16, 24]
25: [24, 17]
26: [24, 18]
27: [15, 24, 19]
28: [16, 24]
29: [24, 17, 18, 19, 12]
30: [12, 15, 16]
31: [15, 16, 12, 17]
32: [15, 16, 17, 18, 12]
33: [15, 16, 17, 18, 19, 12]
34: [16, 17, 18, 19, 12]
35: [17, 18, 19, 12]
4
0: [12, 21, 22, 23, 16, 24]
1: [12, 21, 22, 23, 16, 17, 24]
2: [12, 21, 22, 18, 23, 16, 17, 24]
3: [12, 21, 19, 22, 18, 23, 16, 17, 24]
4: []
5: [17, 18, 19, 20, 21, 22, 23, 24, 12]
6: [12, 21, 22, 23, 16, 24]
7: [21, 17]
8: [21, 18]
9: [21, 19]
10: [16, 21, 20]
11: [17, 18, 19, 20, 21, 22, 23, 24, 12]
12: [12, 22, 23, 16, 24]
13: [22, 17]
14: [22, 18]
15: [22, 19]
16: [16, 22, 20]
17: [17, 18, 19, 20, 22, 23, 24, 12]
18: [12, 23, 16, 24]
19: [23, 17]
20: [23, 18]
21: [23, 19]
22: [16, 23, 20]
23: [17, 18, 19, 20, 23, 24, 12]
24: [12, 16, 24]
25: [24, 17]
26: [24, 18]
27: [24, 19]
28: [16, 24, 20]
29: [17, 18, 19, 20, 24, 12]
30: [16, 12]
31: [16, 17, 12]
32: [16, 17, 18, 12]
33: [16, 17, 18, 19, 12]
34: [16, 17, 18, 19, 20, 12]
35: [17, 18, 19, 20, 12]
5
0: [12, 21, 22, 23, 24]
1: [12, 21, 22, 23, 24, 17]
2: [12, 21, 22, 18, 23, 24, 17]
3: [12, 21, 19, 22, 18, 23, 24, 17]
4: [12, 20, 21, 19, 22, 18, 23, 24, 17]
5: []
6: [12, 21, 22, 23, 24]
7: [21, 17]
8: [21, 18]
9: [21, 19]
10: [21, 20]
11: [17, 18, 19, 20, 21, 22, 23, 24, 12]
12: [12, 22, 23, 24]
13: [22, 17]
14: [22, 18]
15: [22, 19]
16: [22, 20]
17: [17, 18, 19, 20, 22, 23, 24, 12]
18: [12, 23, 24]
19: [23, 17]
20: [23, 18]
21: [23, 19]
22: [23, 20]
23: [17, 18, 19, 20, 23, 24, 12]
24: [24, 12]
25: [24, 17]
26: [24, 18]
27: [24, 19]
28: [24, 20]
29: [17, 18, 19, 20, 24, 12]
30: [12]
31: [17, 12]
32: [17, 18, 12]
33: [17, 18, 19, 12]
34: [17, 18, 19, 20, 12]
35: [17, 18, 19, 20, 12]
6
0: [13, 14, 15, 16, 21, 22, 23, 24, 12]
1: [13, 14, 15, 16, 21, 22, 23, 24, 12]
2: [14, 15, 16, 21, 22, 23, 24, 12]
3: [15, 16, 21, 22, 23, 24, 12]
4: [16, 21, 22, 23, 24, 12]
5: [24, 21, 22, 23, 12]
6: []
7: [25, 13, 21]
8: [25, 14, 21]
9: [25, 15, 21]
10: [25, 16, 21]
11: [25, 24, 21, 22, 23, 12]
12: [12, 13, 14, 22, 23, 15, 16, 24, 25]
13: [13, 22]
14: [14, 22]
15: [15, 22]
16: [16, 22]
17: [25, 24, 22, 23, 12]
18: [12, 13, 14, 23, 15, 16, 24, 25]
19: [13, 23]
20: [14, 23]
21: [15, 23]
22: [16, 23]
23: [25, 24, 23, 12]
24: [12, 13, 14, 15, 16, 24, 25]
25: [13, 24]
26: [14, 24]
27: [15, 24]
28: [16, 24]
29: [25, 24, 12]
30: [12, 13, 14, 15, 16, 25]
31: [12, 13, 14, 15, 16, 25]
32: [12, 14, 15, 16, 25]
33: [12, 15, 16, 25]
34: [12, 16, 25]
35: [25, 12]
7
0: [21, 13]
1: [17, 21, 13]
2: [17, 21]
3: [17, 21]
4: [17, 21]
5: [17, 21]
6: [21, 13, 25]
7: []
8: [8, 9, 4, 5, 3]
9: [8, 9, 5, 3]
10: [8, 9, 3]
11: [25, 17, 21]
12: [13, 25]
13: [3, 8, 4, 9, 5]
14: [4, 8]
15: [5, 8]
16: [8, 9, 3]
17: [25, 17]
18: [13, 25]
19: [3, 4, 9, 5]
20: [4, 9]
21: [5, 9]
22: [9, 3]
23: [25, 17]
24: [13, 25]
25: [3, 4, 5]
26: [3, 4, 5]
27: [3, 5]
28: [3]
29: [25, 17]
30: [13, 25]
31: [13, 25, 17]
32: [25, 17]
33: [25, 17]
34: [25, 17]
35: [25, 17]
8
0: [21, 14]
1: [21, 14]
2: [18, 21, 14]
3: [18, 21]
4: [18, 21]
5: [18, 21]
6: [21, 14, 25]
7: [3, 8, 4, 9, 5]
8: []
9: [8, 9, 5, 6, 3]
10: [8, 9, 6, 3]
11: [25, 18, 21]
12: [14, 25]
13: [3, 8, 4, 9, 5]
14: [4, 8, 6]
15: [5, 8]
16: [8, 9, 6, 3]
17: [25, 18]
18: [14, 25]
19: [3, 4, 9, 5]
20: [4, 9, 6]
21: [5, 9]
22: [9, 6, 3]
23: [25, 18]
24: [14, 25]
25: [3, 4, 5]
26: [4, 3, 5, 6]
27: [5, 3, 6]
28: [6, 3]
29: [25, 18]
30: [14, 25]
31: [14, 25]
32: [14, 25, 18]
33: [25, 18]
34: [25, 18]
35: [25, 18]
9
0: [21, 15]
1: [21, 15]
2: [21, 15]
3: [19, 21, 15]
4: [19, 21]
5: [19, 21]
6: [21, 15, 25]
7: [3, 8, 9, 5]
8: [3, 8, 9, 5, 6]
9: []
10: [8, 9, 6, 7, 3]
11: [25, 19, 21]
12: [15, 25]
13: [3, 8, 9, 5]
14: [8, 6]
15: [5, 8, 7]
16: [8, 9, 6, 7, 3]
17: [25, 19]
18: [15, 25]
19: [3, 9, 5]
20: [9, 6]
21: [5, 9, 7]
22: [9, 6, 7, 3]
23: [25, 19]
24: [15, 25]
25: [3, 5]
26: [5, 3, 6]
27: [5, 6, 7, 3]
28: [6, 7, 3]
29: [25, 19]
30: [15, 25]
31: [15, 25]
32: [15, 25]
33: [15, 25, 19]
34: [25, 19]
35: [25, 19]
10
0: [21, 16]
1: [21, 16]
2: [21, 16]
3: [21, 16]
4: [20, 21, 16]
5: [20, 21]
6: [21, 16, 25]
7: [3, 8, 9]
8: [3, 8, 9, 6]
9: [3, 8, 7, 9, 6]
10: []
11: [25, 20, 21]
12: [16, 25]
13: [8, 3, 9]
14: [8, 6]
15: [8, 7]
16: [8, 9, 6, 7, 3]
17: [25, 20]
18: [16, 25]
19: [9, 3]
20: [9, 6]
21: [9, 7]
22: [9, 6, 7, 3]
23: [25, 20]
24: [16, 25]
25: [3]
26: [6, 3]
27: [6, 7, 3]
28: [6, 7, 3]
29: [25, 20]
30: [16, 25]
31: [16, 25]
32: [16, 25]
33: [16, 25]
34: [16, 25, 20]
35: [25, 20]
11
0: [12, 21, 22, 23, 24]
1: [12, 21, 22, 23, 24, 17]
2: [12, 21, 22, 18, 23, 24, 17]
3: [12, 21, 19, 22, 18, 23, 24, 17]
4: [12, 20, 21, 19, 22, 18, 23, 24, 17]
5: [12, 20, 21, 19, 22, 18, 23, 24, 17]
6: [21, 12, 22, 23, 24, 25]
7: [21, 17, 25]
8: [21, 18, 25]
9: [21, 19, 25]
10: [21, 20, 25]
11: []
12: [22, 12, 23, 24, 25]
13: [22, 17]
14: [22, 18]
15: [22, 19]
16: [22, 20]
17: [17, 18, 19, 20, 22, 23, 24, 25, 12]
18: [23, 24, 12, 25]
19: [23, 17]
20: [23, 18]
21: [23, 19]
22: [23, 20]
23: [17, 18, 19, 20, 23, 24, 25, 12]
24: [24, 25, 12]
25: [24, 17]
26: [24, 18]
27: [24, 19]
28: [24, 20]
29: [17, 18, 19, 20, 24, 25, 12]
30: [25, 12]
31: [17, 25, 12]
32: [17, 18, 25, 12]
33: [17, 18, 19, 25, 12]
34: [17, 18, 19, 20, 25, 12]
35: [17, 18, 19, 20, 25, 12]
12
0: [13, 14, 15, 16, 22, 23, 24, 12]
1: [13, 14, 15, 16, 22, 23, 24, 12]
2: [14, 15, 16, 22, 23, 24, 12]
3: [15, 16, 22, 23, 24, 12]
4: [16, 24, 22, 23, 12]
5: [24, 22, 23, 12]
6: [13, 14, 15, 16, 22, 23, 24, 25, 12]
7: [25, 13]
8: [25, 14]
9: [25, 15]
10: [25, 16]
11: [25, 24, 22, 23, 12]
12: []
13: [26, 13, 22]
14: [26, 14, 22]
15: [26, 15, 22]
16: [26, 16, 22]
17: [26, 25, 24, 22, 23, 12]
18: [12, 13, 14, 26, 23, 15, 16, 24, 25]
19: [13, 23]
20: [14, 23]
21: [15, 23]
22: [16, 23]
23: [26, 25, 24, 12, 23]
24: [12, 13, 14, 26, 15, 16, 24, 25]
25: [13, 24]
26: [14, 24]
27: [15, 24]
28: [16, 24]
29: [26, 25, 12, 24]
30: [12, 13, 14, 26, 15, 16, 25]
31: [12, 13, 14, 26, 15, 16, 25]
32: [12, 14, 26, 15, 16, 25]
33: [12, 26, 15, 16, 25]
34: [12, 26, 16, 25]
35: [26, 12, 25]
13
0: [22, 13]
1: [17, 22, 13]
2: [17, 22]
3: [17, 22]
4: [17, 22]
5: [17, 22]
6: [22, 13]
7: [8, 9, 4, 5, 3]
8: [8, 9, 4, 5, 3]
9: [8, 9, 5, 3]
10: [8, 9, 3]
11: [17, 22]
12: [22, 13, 26]
13: []
14: [10, 4, 8]
15: [10, 5, 8]
16: [10, 8, 9, 3]
17: [26, 17, 22]
18: [13, 26]
19: [3, 4, 9, 10, 5]
20: [4, 9]
21: [5, 9]
22: [10, 9, 3]
23: [26, 17]
24: [13, 26]
25: [3, 4, 10, 5]
26: [3, 4, 10, 5]
27: [3, 10, 5]
28: [10, 3]
29: [26, 17]
30: [13, 26]
31: [13, 26, 17]
32: [26, 17]
33: [26, 17]
34: [26, 17]
35: [26, 17]
14
0: [22, 14]
1: [22, 14]
2: [18, 22, 14]
3: [18, 22]
4: [18, 22]
5: [18, 22]
6: [22, 14]
7: [8, 4]
8: [6, 8, 4]
9: [6, 8]
10: [6, 8]
11: [18, 22]
12: [22, 14, 26]
13: [8, 4, 10]
14: []
15: [1, 2]
16: [10, 6, 8]
17: [26, 18, 22]
18: [14, 26]
19: [4, 10]
20: [2, 1]
21: [1, 2]
22: [10, 6]
23: [26, 18]
24: [14, 26]
25: [4, 10]
26: [4, 10, 6]
27: [10, 6]
28: [10, 6]
29: [26, 18]
30: [14, 26]
31: [14, 26]
32: [14, 26, 18]
33: [26, 18]
34: [26, 18]
35: [26, 18]
15
0: [22, 15]
1: [22, 15]
2: [22, 15]
3: [19, 22, 15]
4: [19, 22]
5: [19, 22]
6: [22, 15]
7: [8, 5]
8: [8, 5]
9: [7, 8, 5]
10: [7, 8]
11: [19, 22]
12: [22, 15, 26]
13: [8, 5, 10]
14: [2, 1]
15: []
16: [10, 7, 8]
17: [26, 19, 22]
18: [15, 26]
19: [5, 10]
20: [1, 2]
21: [1, 2]
22: [10, 7]
23: [26, 19]
24: [15, 26]
25: [5, 10]
26: [5, 10]
27: [5, 10, 7]
28: [10, 7]
29: [26, 19]
30: [15, 26]
31: [15, 26]
32: [15, 26]
33: [15, 26, 19]
34: [26, 19]
35: [26, 19]
16
0: [22, 16]
1: [22, 16]
2: [22, 16]
3: [22, 16]
4: [20, 22, 16]
5: [20, 22]
6: [22, 16]
7: [8, 3, 9]
8: [3, 8, 9, 6]
9: [3, 8, 7, 9, 6]
10: [3, 8, 7, 9, 6]
11: [20, 22]
12: [22, 16, 26]
13: [8, 9, 3, 10]
14: [8, 6, 10]
15: [8, 7, 10]
16: []
17: [26, 20, 22]
18: [16, 26]
19: [9, 10, 3]
20: [9, 6]
21: [9, 7]
22: [9, 10, 6, 7, 3]
23: [26, 20]
24: [16, 26]
25: [10, 3]
26: [10, 6, 3]
27: [10, 6, 7, 3]
28: [10, 6, 7, 3]
29: [26, 20]
30: [16, 26]
31: [16, 26]
32: [16, 26]
33: [16, 26]
34: [16, 26, 20]
35: [26, 20]
17
0: [12, 22, 23, 24]
1: [12, 22, 23, 24, 17]
2: [12, 22, 18, 23, 24, 17]
3: [12, 19, 22, 18, 23, 24, 17]
4: [12, 20, 19, 22, 18, 23, 24, 17]
5: [12, 20, 19, 22, 18, 23, 24, 17]
6: [22, 12, 23, 24, 25]
7: [17, 25]
8: [18, 25]
9: [19, 25]
10: [20, 25]
11: [12, 20, 19, 22, 18, 23, 24, 17, 25]
12: [22, 23, 24, 12, 25, 26]
13: [22, 17, 26]
14: [22, 18, 26]
15: [22, 19, 26]
16: [22, 20, 26]
17: []
18: [23, 24, 25, 26, 12]
19: [23, 17]
20: [23, 18]
21: [23, 19]
22: [23, 20]
23: [17, 18, 19, 20, 23, 24, 25, 26, 12]
24: [24, 25, 26, 12]
25: [24, 17]
26: [24, 18]
27: [24, 19]
28: [24, 20]
29: [17, 18, 19, 20, 24, 25, 26, 12]
30: [25, 26, 12]
31: [17, 26, 25, 12]
32: [17, 18, 26, 25, 12]
33: [17, 18, 19, 25, 26, 12]
34: [17, 18, 19, 20, 25, 26, 12]
35: [17, 18, 19, 20, 25, 26, 12]
18
0: [13, 14, 15, 16, 23, 24, 12]
1: [13, 14, 15, 16, 23, 24, 12]
2: [14, 15, 16, 23, 24, 12]
3: [16, 24, 23, 15, 12]
4: [16, 24, 23, 12]
5: [24, 23, 12]
6: [13, 14, 15, 16, 23, 24, 25, 12]
7: [25, 13]
8: [25, 14]
9: [25, 15]
10: [25, 16]
11: [25, 24, 23, 12]
12: [13, 14, 15, 16, 23, 24, 25, 26, 12]
13: [26, 13]
14: [26, 14]
15: [26, 15]
16: [26, 16]
17: [26, 25, 24, 12, 23]
18: []
19: [27, 13, 23]
20: [27, 14, 23]
21: [27, 15, 23]
22: [27, 16, 23]
23: [27, 26, 25, 12, 24, 23]
24: [12, 13, 27, 14, 26, 15, 16, 24, 25]
25: [13, 24]
26: [14, 24]
27: [15, 24]
28: [16, 24]
29: [27, 26, 12, 25, 24]
30: [12, 13, 27, 14, 26, 15, 16, 25]
31: [12, 13, 27, 14, 26, 15, 16, 25]
32: [12, 27, 14, 26, 15, 16, 25]
33: [12, 27, 26, 15, 16, 25]
34: [12, 27, 26, 16, 25]
35: [27, 12, 26, 25]
19
0: [23, 13]
1: [17, 23, 13]
2: [17, 23]
3: [17, 23]
4: [17, 23]
5: [17, 23]
6: [23, 13]
7: [9, 4, 5, 3]
8: [9, 4, 5, 3]
9: [9, 5, 3]
10: [9, 3]
11: [17, 23]
12: [23, 13]
13: [9, 10, 4, 5, 3]
14: [10, 4]
15: [10, 5]
16: [10, 9, 3]
17: [17, 23]
18: [23, 13, 27]
19: []
20: [11, 4, 9]
21: [11, 5, 9]
22: [11, 10, 3, 9]
23: [27, 17, 23]
24: [13, 27]
25: [3, 11, 4, 10, 5]
26: [3, 11, 4, 10, 5]
27: [3, 11, 10, 5]
28: [11, 3, 10]
29: [27, 17]
30: [13, 27]
31: [13, 27, 17]
32: [27, 17]
33: [27, 17]
34: [27, 17]
35: [27, 17]
20
0: [23, 14]
1: [23, 14]
2: [18, 23, 14]
3: [18, 23]
4: [18, 23]
5: [18, 23]
6: [23, 14]
7: [9, 4]
8: [6, 9, 4]
9: [6, 9]
10: [6, 9]
11: [18, 23]
12: [23, 14]
13: [9, 4]
14: [1, 2]
15: [1, 2]
16: [6, 9]
17: [18, 23]
18: [23, 14, 27]
19: [9, 4, 11]
20: []
21: [2, 1]
22: [11, 6, 9]
23: [27, 18, 23]
24: [14, 27]
25: [4, 11]
26: [4, 11, 6]
27: [11, 6]
28: [11, 6]
29: [27, 18]
30: [14, 27]
31: [14, 27]
32: [14, 27, 18]
33: [27, 18]
34: [27, 18]
35: [27, 18]
21
0: [23, 15]
1: [23, 15]
2: [23, 15]
3: [19, 23, 15]
4: [19, 23]
5: [19, 23]
6: [23, 15]
7: [9, 5]
8: [9, 5]
9: [7, 9, 5]
10: [7, 9]
11: [19, 23]
12: [23, 15]
13: [9, 5]
14: [1, 2]
15: [2, 1]
16: [7, 9]
17: [19, 23]
18: [23, 15, 27]
19: [9, 5, 11]
20: [1, 2]
21: []
22: [11, 7, 9]
23: [27, 19, 23]
24: [15, 27]
25: [5, 11]
26: [5, 11]
27: [5, 11, 7]
28: [11, 7]
29: [27, 19]
30: [15, 27]
31: [15, 27]
32: [15, 27]
33: [15, 27, 19]
34: [27, 19]
35: [27, 19]
22
0: [23, 16]
1: [23, 16]
2: [23, 16]
3: [23, 16]
4: [20, 23, 16]
5: [20, 23]
6: [23, 16]
7: [9, 3]
8: [3, 9, 6]
9: [3, 7, 9, 6]
10: [3, 7, 9, 6]
11: [20, 23]
12: [23, 16]
13: [9, 10, 3]
14: [6, 10]
15: [7, 10]
16: [3, 7, 9, 10, 6]
17: [20, 23]
18: [23, 16, 27]
19: [9, 10, 11, 3]
20: [9, 6, 11]
21: [9, 7, 11]
22: []
23: [27, 20, 23]
24: [16, 27]
25: [10, 11, 3]
26: [10, 11, 6, 3]
27: [10, 11, 6, 7, 3]
28: [10, 11, 6, 7, 3]
29: [27, 20]
30: [16, 27]
31: [16, 27]
32: [16, 27]
33: [16, 27]
34: [16, 27, 20]
35: [27, 20]
23
0: [12, 23, 24]
1: [12, 23, 24, 17]
2: [12, 18, 23, 24, 17]
3: [12, 19, 18, 23, 24, 17]
4: [12, 20, 19, 18, 23, 24, 17]
5: [12, 20, 19, 18, 23, 24, 17]
6: [23, 24, 12, 25]
7: [17, 25]
8: [18, 25]
9: [19, 25]
10: [20, 25]
11: [12, 20, 19, 18, 23, 24, 17, 25]
12: [23, 24, 25, 26, 12]
13: [17, 26]
14: [18, 26]
15: [19, 26]
16: [20, 26]
17: [12, 20, 19, 18, 26, 23, 24, 17, 25]
18: [23, 24, 25, 26, 27, 12]
19: [23, 17, 27]
20: [23, 18, 27]
21: [23, 19, 27]
22: [23, 20, 27]
23: []
24: [24, 25, 26, 27, 12]
25: [24, 17]
26: [24, 18]
27: [24, 19]
28: [24, 20]
29: [17, 18, 19, 20, 24, 25, 26, 27, 12]
30: [25, 26, 27, 12]
31: [17, 26, 27, 25, 12]
32: [17, 18, 25, 26, 27, 12]
33: [17, 18, 19, 25, 26, 27, 12]
34: [17, 18, 19, 20, 25, 26, 27, 12]
35: [17, 18, 19, 20, 25, 26, 27, 12]
24
0: [13, 14, 15, 16, 24, 12]
1: [13, 14, 15, 16, 24, 12]
2: [16, 24, 14, 15, 12]
3: [16, 24, 15, 12]
4: [16, 24, 12]
5: [24, 12]
6: [13, 14, 15, 16, 24, 25, 12]
7: [25, 13]
8: [25, 14]
9: [25, 15]
10: [25, 16]
11: [25, 24, 12]
12: [13, 14, 15, 16, 24, 25, 26, 12]
13: [26, 13]
14: [26, 14]
15: [26, 15]
16: [26, 16]
17: [26, 25, 12, 24]
18: [13, 14, 15, 16, 24, 25, 26, 27, 12]
19: [27, 13]
20: [27, 14]
21: [27, 15]
22: [27, 16]
23: [27, 26, 12, 25, 24]
24: []
25: [28, 13, 24]
26: [28, 14, 24]
27: [28, 15, 24]
28: [28, 16, 24]
29: [28, 27, 12, 26, 25, 24]
30: [12, 28, 13, 27, 14, 26, 15, 16, 25]
31: [12, 28, 13, 27, 14, 26, 15, 16, 25]
32: [12, 28, 27, 14, 26, 15, 16, 25]
33: [12, 28, 27, 26, 15, 16, 25]
34: [12, 28, 27, 26, 16, 25]
35: [12, 28, 27, 26, 25]
25
0: [24, 13]
1: [17, 24, 13]
2: [17, 24]
3: [17, 24]
4: [17, 24]
5: [17, 24]
6: [24, 13]
7: [4, 5, 3]
8: [4, 5, 3]
9: [5, 3]
10: [3]
11: [17, 24]
12: [24, 13]
13: [10, 4, 5, 3]
14: [10, 4]
15: [10, 5]
16: [10, 3]
17: [17, 24]
18: [24, 13]
19: [10, 11, 4, 5, 3]
20: [11, 4]
21: [11, 5]
22: [11, 3, 10]
23: [17, 24]
24: [24, 13, 28]
25: []
26: [3, 11, 4, 10, 5]
27: [3, 11, 10, 5]
28: [3, 11, 10]
29: [28, 17, 24]
30: [13, 28]
31: [13, 28, 17]
32: [28, 17]
33: [28, 17]
34: [28, 17]
35: [28, 17]
26
0: [24, 14]
1: [24, 14]
2: [18, 24, 14]
3: [18, 24]
4: [18, 24]
5: [18, 24]
6: [24, 14]
7: [4, 5, 3]
8: [6, 4, 5, 3]
9: [6, 3, 5]
10: [3, 6]
11: [18, 24]
12: [24, 14]
13: [10, 4, 5, 3]
14: [6, 10, 4]
15: [10, 5]
16: [3, 10, 6]
17: [18, 24]
18: [24, 14]
19: [10, 11, 4, 5, 3]
20: [6, 11, 4]
21: [11, 5]
22: [3, 11, 10, 6]
23: [18, 24]
24: [24, 14, 28]
25: [10, 11, 4, 5, 3]
26: []
27: [3, 11, 10, 5, 6]
28: [3, 11, 10, 6]
29: [28, 18, 24]
30: [14, 28]
31: [14, 28]
32: [14, 28, 18]
33: [28, 18]
34: [28, 18]
35: [28, 18]
27
0: [24, 15]
1: [24, 15]
2: [24, 15]
3: [19, 24, 15]
4: [19, 24]
5: [19, 24]
6: [24, 15]
7: [5, 3]
8: [6, 3, 5]
9: [7, 3, 6, 5]
10: [3, 7, 6]
11: [19, 24]
12: [24, 15]
13: [10, 5, 3]
14: [6, 10]
15: [7, 10, 5]
16: [3, 7, 10, 6]
17: [19, 24]
18: [24, 15]
19: [10, 11, 5, 3]
20: [6, 11]
21: [7, 11, 5]
22: [3, 11, 7, 10, 6]
23: [19, 24]
24: [24, 15, 28]
25: [10, 11, 5, 3]
26: [10, 11, 5, 6, 3]
27: []
28: [3, 11, 7, 10, 6]
29: [28, 19, 24]
30: [15, 28]
31: [15, 28]
32: [15, 28]
33: [15, 28, 19]
34: [28, 19]
35: [28, 19]
28
0: [24, 16]
1: [24, 16]
2: [24, 16]
3: [24, 16]
4: [20, 24, 16]
5: [20, 24]
6: [24, 16]
7: [3]
8: [3, 6]
9: [3, 7, 6]
10: [3, 7, 6]
11: [20, 24]
12: [24, 16]
13: [10, 3]
14: [6, 10]
15: [7, 10]
16: [3, 7, 10, 6]
17: [20, 24]
18: [24, 16]
19: [10, 11, 3]
20: [6, 11]
21: [7, 11]
22: [3, 11, 7, 10, 6]
23: [20, 24]
24: [24, 16, 28]
25: [10, 11, 3]
26: [10, 11, 6, 3]
27: [10, 11, 6, 7, 3]
28: []
29: [28, 20, 24]
30: [16, 28]
31: [16, 28]
32: [16, 28]
33: [16, 28]
34: [16, 28, 20]
35: [28, 20]
29
0: [24, 12]
1: [12, 24, 17]
2: [12, 18, 24, 17]
3: [12, 19, 18, 24, 17]
4: [12, 20, 19, 18, 24, 17]
5: [12, 20, 19, 18, 24, 17]
6: [24, 25, 12]
7: [17, 25]
8: [18, 25]
9: [19, 25]
10: [20, 25]
11: [12, 20, 19, 18, 24, 17, 25]
12: [24, 25, 26, 12]
13: [17, 26]
14: [18, 26]
15: [19, 26]
16: [20, 26]
17: [12, 20, 19, 18, 26, 24, 17, 25]
18: [24, 25, 26, 27, 12]
19: [17, 27]
20: [18, 27]
21: [19, 27]
22: [20, 27]
23: [12, 20, 27, 19, 18, 26, 24, 17, 25]
24: [24, 25, 26, 27, 28, 12]
25: [24, 17, 28]
26: [24, 18, 28]
27: [24, 19, 28]
28: [24, 20, 28]
29: []
30: [25, 26, 27, 28, 12]
31: [17, 25, 26, 27, 28, 12]
32: [17, 18, 25, 26, 27, 28, 12]
33: [17, 18, 19, 25, 26, 27, 28, 12]
34: [17, 18, 19, 20, 25, 26, 27, 28, 12]
35: [17, 18, 19, 20, 25, 26, 27, 28, 12]
30
0: [16, 13, 14, 15, 12]
1: [16, 13, 14, 15, 12]
2: [16, 14, 15, 12]
3: [16, 15, 12]
4: [16, 12]
5: [12]
6: [13, 14, 15, 16, 25, 12]
7: [25, 13]
8: [25, 14]
9: [25, 15]
10: [25, 16]
11: [25, 12]
12: [13, 14, 15, 16, 25, 26, 12]
13: [26, 13]
14: [26, 14]
15: [26, 15]
16: [26, 16]
17: [26, 12, 25]
18: [13, 14, 15, 16, 25, 26, 27, 12]
19: [27, 13]
20: [27, 14]
21: [27, 15]
22: [27, 16]
23: [27, 12, 26, 25]
24: [13, 14, 15, 16, 25, 26, 27, 28, 12]
25: [28, 13]
26: [28, 14]
27: [28, 15]
28: [28, 16]
29: [12, 28, 27, 26, 25]
30: []
31: [12, 28, 13, 27, 14, 26, 15, 16, 25]
32: [12, 28, 27, 14, 26, 15, 16, 25]
33: [12, 28, 27, 26, 15, 16, 25]
34: [12, 28, 27, 26, 16, 25]
35: [12, 28, 27, 26, 25]
31
0: [16, 13, 14, 15, 12]
1: [17, 16, 13, 14, 15, 12]
2: [17, 16, 14, 15, 12]
3: [17, 16, 15, 12]
4: [17, 16, 12]
5: [17, 12]
6: [13, 14, 15, 16, 25, 12]
7: [17, 25, 13]
8: [25, 14]
9: [25, 15]
10: [25, 16]
11: [12, 17, 25]
12: [13, 14, 15, 16, 25, 26, 12]
13: [17, 26, 13]
14: [26, 14]
15: [26, 15]
16: [26, 16]
17: [12, 26, 17, 25]
18: [13, 14, 15, 16, 25, 26, 27, 12]
19: [17, 27, 13]
20: [27, 14]
21: [27, 15]
22: [27, 16]
23: [12, 27, 26, 17, 25]
24: [13, 14, 15, 16, 25, 26, 27, 28, 12]
25: [17, 28, 13]
26: [28, 14]
27: [28, 15]
28: [28, 16]
29: [12, 28, 27, 26, 17, 25]
30: [13, 14, 15, 16, 25, 26, 27, 28, 12]
31: []
32: [12, 28, 27, 14, 26, 15, 16, 17, 25]
33: [12, 28, 27, 26, 15, 16, 17, 25]
34: [12, 28, 27, 26, 16, 17, 25]
35: [12, 28, 27, 26, 17, 25]
32
0: [16, 14, 15, 12]
1: [17, 16, 14, 15, 12]
2: [18, 17, 16, 14, 15, 12]
3: [18, 17, 16, 12, 15]
4: [18, 17, 12, 16]
5: [18, 12, 17]
6: [16, 25, 14, 15, 12]
7: [17, 25]
8: [18, 25, 14]
9: [25, 15]
10: [25, 16]
11: [12, 18, 17, 25]
12: [14, 15, 16, 25, 26, 12]
13: [17, 26]
14: [18, 26, 14]
15: [26, 15]
16: [26, 16]
17: [12, 18, 26, 17, 25]
18: [14, 15, 16, 25, 26, 27, 12]
19: [17, 27]
20: [18, 27, 14]
21: [27, 15]
22: [27, 16]
23: [12, 27, 18, 26, 17, 25]
24: [14, 15, 16, 25, 26, 27, 28, 12]
25: [17, 28]
26: [18, 28, 14]
27: [28, 15]
28: [28, 16]
29: [12, 28, 27, 18, 26, 17, 25]
30: [14, 15, 16, 25, 26, 27, 28, 12]
31: [14, 15, 16, 17, 25, 26, 27, 28, 12]
32: []
33: [12, 28, 27, 18, 26, 15, 16, 17, 25]
34: [12, 28, 27, 18, 26, 16, 17, 25]
35: [12, 28, 27, 18, 26, 17, 25]
33
0: [16, 15, 12]
1: [17, 16, 15, 12]
2: [18, 17, 16, 12, 15]
3: [19, 18, 17, 12, 16, 15]
4: [19, 18, 12, 17, 16]
5: [19, 12, 18, 17]
6: [16, 25, 15, 12]
7: [17, 25]
8: [18, 25]
9: [19, 25, 15]
10: [25, 16]
11: [12, 19, 18, 17, 25]
12: [16, 25, 26, 15, 12]
13: [17, 26]
14: [18, 26]
15: [19, 26, 15]
16: [26, 16]
17: [12, 19, 18, 26, 17, 25]
18: [15, 16, 25, 26, 27, 12]
19: [17, 27]
20: [18, 27]
21: [19, 27, 15]
22: [27, 16]
23: [12, 27, 19, 18, 26, 17, 25]
24: [15, 16, 25, 26, 27, 28, 12]
25: [17, 28]
26: [18, 28]
27: [19, 28, 15]
28: [28, 16]
29: [12, 28, 27, 19, 18, 26, 17, 25]
30: [15, 16, 25, 26, 27, 28, 12]
31: [15, 16, 17, 25, 26, 27, 28, 12]
32: [15, 16, 17, 18, 25, 26, 27, 28, 12]
33: []
34: [12, 28, 27, 19, 18, 26, 16, 17, 25]
35: [12, 28, 27, 19, 18, 26, 17, 25]
34
0: [16, 12]
1: [17, 16, 12]
2: [18, 17, 12, 16]
3: [19, 18, 12, 17, 16]
4: [20, 19, 12, 18, 17, 16]
5: [12, 20, 19, 18, 17]
6: [16, 25, 12]
7: [17, 25]
8: [18, 25]
9: [19, 25]
10: [20, 25, 16]
11: [12, 20, 19, 18, 17, 25]
12: [16, 25, 26, 12]
13: [17, 26]
14: [18, 26]
15: [19, 26]
16: [20, 26, 16]
17: [12, 20, 19, 18, 26, 17, 25]
18: [16, 25, 26, 27, 12]
19: [17, 27]
20: [18, 27]
21: [19, 27]
22: [20, 27, 16]
23: [12, 20, 27, 19, 18, 26, 17, 25]
24: [16, 25, 26, 27, 28, 12]
25: [17, 28]
26: [18, 28]
27: [19, 28]
28: [20, 28, 16]
29: [12, 20, 28, 27, 19, 18, 26, 17, 25]
30: [16, 25, 26, 27, 28, 12]
31: [16, 17, 25, 26, 27, 28, 12]
32: [16, 17, 18, 25, 26, 27, 28, 12]
33: [16, 17, 18, 19, 25, 26, 27, 28, 12]
34: []
35: [12, 20, 28, 27, 19, 18, 26, 17, 25]
35
0: [12]
1: [17, 12]
2: [18, 12, 17]
3: [19, 12, 18, 17]
4: [12, 20, 19, 18, 17]
5: [12, 20, 19, 18, 17]
6: [25, 12]
7: [17, 25]
8: [18, 25]
9: [19, 25]
10: [20, 25]
11: [12, 20, 19, 18, 17, 25]
12: [25, 26, 12]
13: [17, 26]
14: [18, 26]
15: [19, 26]
16: [20, 26]
17: [12, 20, 19, 18, 26, 17, 25]
18: [25, 26, 27, 12]
19: [17, 27]
20: [18, 27]
21: [19, 27]
22: [20, 27]
23: [12, 20, 27, 19, 18, 26, 17, 25]
24: [25, 26, 27, 28, 12]
25: [17, 28]
26: [18, 28]
27: [19, 28]
28: [20, 28]
29: [12, 20, 28, 27, 19, 18, 26, 17, 25]
30: [25, 26, 27, 28, 12]
31: [17, 25, 26, 27, 28, 12]
32: [17, 18, 25, 26, 27, 28, 12]
33: [17, 18, 19, 25, 26, 27, 28, 12]
34: [17, 18, 19, 20, 25, 26, 27, 28, 12]
35: []
