44
1: [27, 28, 36, 35]
2: [35, 36, 28, 27]
3: [26, 34, 42, 43, 44, 45, 37, 29, 21, 20, 19, 18]
4: [18, 19, 27, 35, 43, 42, 34, 26]
5: [18, 19, 20, 28, 36, 44, 43, 42, 34, 26]
6: [19, 20, 21, 29, 37, 45, 44, 43, 35, 27]
7: [20, 21, 29, 37, 45, 44, 36, 28]
8: [18, 19, 20, 21, 29, 28, 27, 26]
9: [26, 27, 28, 29, 37, 36, 35, 34]
10: [34, 35, 36, 37, 45, 44, 43, 42]
11: [9, 10, 11, 12, 13, 14, 22, 30, 38, 46, 54, 53, 52, 51, 50, 49, 41, 33, 25, 17]
12: [17, 18, 19, 20, 21, 22, 14, 13, 12, 11, 10, 9]
13: [17, 25, 26, 27, 28, 29, 30, 22, 14, 13, 12, 11, 10, 9]
14: [17, 25, 33, 34, 35, 36, 37, 38, 30, 22, 14, 13, 12, 11, 10, 9]
15: [17, 25, 33, 41, 42, 43, 44, 45, 46, 38, 30, 22, 14, 13, 12, 11, 10, 9]
16: [25, 33, 41, 49, 50, 51, 52, 53, 54, 46, 38, 30, 22, 21, 20, 19, 18, 17]
17: [33, 41, 49, 50, 51, 52, 53, 54, 46, 38, 30, 29, 28, 27, 26, 25]
18: [41, 49, 50, 51, 52, 53, 54, 46, 38, 37, 36, 35, 34, 33]
19: [49, 50, 51, 52, 53, 54, 46, 45, 44, 43, 42, 41]
20: [17, 25, 33, 41, 49, 50, 42, 34, 26, 18, 10, 9]
21: [18, 26, 34, 42, 50, 51, 43, 35, 27, 19, 11, 10]
22: [19, 27, 35, 43, 51, 52, 44, 36, 28, 20, 12, 11]
23: [20, 28, 36, 44, 52, 53, 45, 37, 29, 21, 13, 12]
24: [21, 29, 37, 45, 53, 54, 46, 38, 30, 22, 14, 13]
25: [8, 16, 24, 32, 40, 48, 56, 57, 58, 59, 60, 61, 62, 63, 55, 47, 39, 31, 23, 15, 7, 6, 5, 4, 3, 2, 1, 0]
26: [0, 1, 9, 17, 25, 33, 41, 49, 57, 56, 48, 40, 32, 24, 16, 8]
27: [0, 1, 2, 10, 18, 26, 34, 42, 50, 58, 57, 56, 48, 40, 32, 24, 16, 8]
28: [0, 1, 2, 3, 11, 19, 27, 35, 43, 51, 59, 58, 57, 56, 48, 40, 32, 24, 16, 8]
29: [0, 1, 2, 3, 4, 12, 20, 28, 36, 44, 52, 60, 59, 58, 57, 56, 48, 40, 32, 24, 16, 8]
30: [0, 1, 2, 3, 4, 5, 13, 21, 29, 37, 45, 53, 61, 60, 59, 58, 57, 56, 48, 40, 32, 24, 16, 8]
31: [0, 1, 2, 3, 4, 5, 6, 14, 22, 30, 38, 46, 54, 62, 61, 60, 59, 58, 57, 56, 48, 40, 32, 24, 16, 8]
32: [1, 2, 3, 4, 5, 6, 7, 15, 23, 31, 39, 47, 55, 63, 62, 61, 60, 59, 58, 57, 49, 41, 33, 25, 17, 9]
33: [2, 3, 4, 5, 6, 7, 15, 23, 31, 39, 47, 55, 63, 62, 61, 60, 59, 58, 50, 42, 34, 26, 18, 10]
34: [3, 4, 5, 6, 7, 15, 23, 31, 39, 47, 55, 63, 62, 61, 60, 59, 51, 43, 35, 27, 19, 11]
35: [4, 5, 6, 7, 15, 23, 31, 39, 47, 55, 63, 62, 61, 60, 52, 44, 36, 28, 20, 12]
36: [5, 6, 7, 15, 23, 31, 39, 47, 55, 63, 62, 61, 53, 45, 37, 29, 21, 13]
37: [6, 7, 15, 23, 31, 39, 47, 55, 63, 62, 54, 46, 38, 30, 22, 14]
38: [0, 1, 2, 3, 4, 5, 6, 7, 15, 14, 13, 12, 11, 10, 9, 8]
39: [8, 9, 10, 11, 12, 13, 14, 15, 23, 22, 21, 20, 19, 18, 17, 16]
40: [16, 17, 18, 19, 20, 21, 22, 23, 31, 30, 29, 28, 27, 26, 25, 24]
41: [24, 25, 26, 27, 28, 29, 30, 31, 39, 38, 37, 36, 35, 34, 33, 32]
42: [32, 33, 34, 35, 36, 37, 38, 39, 47, 46, 45, 44, 43, 42, 41, 40]
43: [40, 41, 42, 43, 44, 45, 46, 47, 55, 54, 53, 52, 51, 50, 49, 48]
44: [48, 49, 50, 51, 52, 53, 54, 55, 63, 62, 61, 60, 59, 58, 57, 56]
64
0
0: []
1: [38, 26, 27, 28, 29, 30, 31, 25]
2: [38, 27, 28, 29, 30, 31, 25]
3: [38, 28, 29, 30, 31, 25]
4: [38, 29, 30, 31, 25]
5: [38, 30, 31, 25]
6: [38, 31, 25]
7: [38, 25]
8: [25, 26, 38, 27, 28, 29, 30, 31]
9: [26, 38]
10: [27, 38]
11: [28, 38]
12: [29, 38]
13: [30, 38]
14: [31, 38]
15: [38, 25]
16: [25, 26, 27, 28, 29, 30, 31]
17: [26]
18: [27]
19: [28]
20: [29]
21: [30]
22: [31]
23: [25]
24: [25, 26, 27, 28, 29, 30, 31]
25: [26]
26: [27]
27: [28]
28: [29]
29: [30]
30: [31]
31: [25]
32: [25, 26, 27, 28, 29, 30, 31]
33: [26]
34: [27]
35: [28]
36: [29]
37: [30]
38: [31]
39: [25]
40: [25, 26, 27, 28, 29, 30, 31]
41: [26]
42: [27]
43: [28]
44: [29]
45: [30]
46: [31]
47: [25]
48: [25, 26, 27, 28, 29, 30, 31]
49: [26]
50: [27]
51: [28]
52: [29]
53: [30]
54: [31]
55: [25]
56: [25, 26, 27, 28, 29, 30, 31]
57: [25, 26, 27, 28, 29, 30, 31]
58: [25, 27, 28, 29, 30, 31]
59: [25, 28, 29, 30, 31]
60: [25, 29, 30, 31]
61: [25, 30, 31]
62: [25, 31]
63: [25]
1
0: [25, 26, 38, 27, 28, 29, 30, 31]
1: []
2: [32, 38, 27, 28, 29, 30, 31, 25]
3: [32, 38, 28, 29, 30, 31, 25]
4: [32, 38, 29, 30, 31, 25]
5: [32, 38, 30, 31, 25]
6: [32, 38, 31, 25]
7: [32, 38, 25]
8: [25, 26, 38, 27, 28, 29, 30, 31]
9: [26, 38, 32]
10: [27, 38]
11: [28, 38]
12: [29, 38]
13: [30, 38]
14: [31, 38]
15: [32, 38, 25]
16: [25, 26, 27, 28, 29, 30, 31]
17: [26, 32]
18: [27]
19: [28]
20: [29]
21: [30]
22: [31]
23: [32, 25]
24: [25, 26, 27, 28, 29, 30, 31]
25: [26, 32]
26: [27]
27: [28]
28: [29]
29: [30]
30: [31]
31: [32, 25]
32: [25, 26, 27, 28, 29, 30, 31]
33: [26, 32]
34: [27]
35: [28]
36: [29]
37: [30]
38: [31]
39: [32, 25]
40: [25, 26, 27, 28, 29, 30, 31]
41: [26, 32]
42: [27]
43: [28]
44: [29]
45: [30]
46: [31]
47: [32, 25]
48: [25, 26, 27, 28, 29, 30, 31]
49: [26, 32]
50: [27]
51: [28]
52: [29]
53: [30]
54: [31]
55: [32, 25]
56: [25, 26, 27, 28, 29, 30, 31]
57: [26, 25, 27, 28, 29, 30, 31, 32]
58: [27, 25, 28, 29, 30, 31, 32]
59: [28, 25, 29, 30, 31, 32]
60: [29, 25, 30, 31, 32]
61: [30, 25, 31, 32]
62: [31, 32, 25]
63: [32, 25]
2
0: [25, 38, 27, 28, 29, 30, 31]
1: [25, 38, 27, 28, 29, 30, 32, 31]
2: []
3: [32, 33, 38, 28, 29, 30, 31, 25]
4: [32, 33, 38, 29, 30, 31, 25]
5: [32, 33, 38, 30, 31, 25]
6: [32, 33, 38, 31, 25]
7: [32, 33, 38, 25]
8: [25, 38, 27, 28, 29, 30, 31]
9: [38, 32]
10: [27, 38, 33]
11: [28, 38]
12: [29, 38]
13: [30, 38]
14: [31, 38]
15: [32, 33, 38, 25]
16: [25, 27, 28, 29, 30, 31]
17: [32]
18: [27, 33]
19: [28]
20: [29]
21: [30]
22: [31]
23: [32, 33, 25]
24: [25, 27, 28, 29, 30, 31]
25: [32]
26: [27, 33]
27: [28]
28: [29]
29: [30]
30: [31]
31: [32, 33, 25]
32: [25, 27, 28, 29, 30, 31]
33: [32]
34: [27, 33]
35: [28]
36: [29]
37: [30]
38: [31]
39: [32, 33, 25]
40: [25, 27, 28, 29, 30, 31]
41: [32]
42: [27, 33]
43: [28]
44: [29]
45: [30]
46: [31]
47: [32, 33, 25]
48: [25, 27, 28, 29, 30, 31]
49: [32]
50: [27, 33]
51: [28]
52: [29]
53: [30]
54: [31]
55: [32, 33, 25]
56: [25, 27, 28, 29, 30, 31]
57: [27, 25, 28, 29, 30, 31, 32]
58: [27, 28, 25, 29, 30, 31, 32, 33]
59: [28, 29, 25, 30, 31, 32, 33]
60: [29, 30, 25, 31, 32, 33]
61: [30, 31, 32, 25, 33]
62: [31, 32, 33, 25]
63: [32, 33, 25]
3
0: [25, 38, 28, 29, 30, 31]
1: [25, 38, 28, 29, 30, 32, 31]
2: [25, 38, 28, 29, 33, 30, 32, 31]
3: []
4: [32, 33, 34, 38, 29, 30, 31, 25]
5: [32, 33, 34, 38, 30, 31, 25]
6: [32, 33, 34, 38, 31, 25]
7: [32, 33, 34, 38, 25]
8: [25, 38, 28, 29, 30, 31]
9: [38, 32]
10: [38, 33]
11: [28, 38, 34]
12: [29, 38]
13: [30, 38]
14: [31, 38]
15: [32, 33, 34, 38, 25]
16: [25, 28, 29, 30, 31]
17: [32]
18: [33]
19: [28, 34]
20: [29]
21: [30]
22: [31]
23: [32, 33, 34, 25]
24: [25, 28, 29, 30, 31]
25: [32]
26: [33]
27: [28, 34]
28: [29]
29: [30]
30: [31]
31: [32, 33, 34, 25]
32: [25, 28, 29, 30, 31]
33: [32]
34: [33]
35: [28, 34]
36: [29]
37: [30]
38: [31]
39: [32, 33, 34, 25]
40: [25, 28, 29, 30, 31]
41: [32]
42: [33]
43: [28, 34]
44: [29]
45: [30]
46: [31]
47: [32, 33, 34, 25]
48: [25, 28, 29, 30, 31]
49: [32]
50: [33]
51: [28, 34]
52: [29]
53: [30]
54: [31]
55: [32, 33, 34, 25]
56: [25, 28, 29, 30, 31]
57: [28, 25, 29, 30, 31, 32]
58: [28, 29, 25, 30, 31, 32, 33]
59: [28, 29, 30, 25, 31, 32, 33, 34]
60: [29, 30, 31, 32, 25, 34, 33]
61: [30, 31, 32, 33, 34, 25]
62: [31, 32, 33, 34, 25]
63: [32, 33, 34, 25]
4
0: [25, 38, 29, 30, 31]
1: [25, 38, 29, 30, 32, 31]
2: [25, 38, 29, 33, 30, 32, 31]
3: [25, 38, 34, 29, 33, 30, 32, 31]
4: []
5: [32, 33, 34, 35, 38, 30, 31, 25]
6: [32, 33, 34, 35, 38, 31, 25]
7: [32, 33, 34, 35, 38, 25]
8: [25, 38, 29, 30, 31]
9: [38, 32]
10: [38, 33]
11: [38, 34]
12: [29, 38, 35]
13: [30, 38]
14: [31, 38]
15: [32, 33, 34, 35, 38, 25]
16: [25, 29, 30, 31]
17: [32]
18: [33]
19: [34]
20: [29, 35]
21: [30]
22: [31]
23: [32, 33, 34, 35, 25]
24: [25, 29, 30, 31]
25: [32]
26: [33]
27: [34]
28: [29, 35]
29: [30]
30: [31]
31: [32, 33, 34, 35, 25]
32: [25, 29, 30, 31]
33: [32]
34: [33]
35: [34]
36: [29, 35]
37: [30]
38: [31]
39: [32, 33, 34, 35, 25]
40: [25, 29, 30, 31]
41: [32]
42: [33]
43: [34]
44: [29, 35]
45: [30]
46: [31]
47: [32, 33, 34, 35, 25]
48: [25, 29, 30, 31]
49: [32]
50: [33]
51: [34]
52: [29, 35]
53: [30]
54: [31]
55: [32, 33, 34, 35, 25]
56: [25, 29, 30, 31]
57: [29, 25, 30, 31, 32]
58: [29, 30, 25, 31, 32, 33]
59: [29, 30, 31, 32, 25, 34, 33]
60: [29, 30, 31, 32, 33, 34, 35, 25]
61: [30, 31, 32, 33, 34, 35, 25]
62: [31, 32, 33, 34, 35, 25]
63: [32, 33, 34, 35, 25]
5
0: [25, 38, 30, 31]
1: [25, 38, 30, 32, 31]
2: [25, 38, 33, 30, 32, 31]
3: [25, 38, 34, 33, 30, 32, 31]
4: [25, 38, 35, 34, 33, 30, 32, 31]
5: []
6: [32, 33, 34, 35, 36, 38, 31, 25]
7: [32, 33, 34, 35, 36, 38, 25]
8: [25, 38, 30, 31]
9: [38, 32]
10: [38, 33]
11: [38, 34]
12: [38, 35]
13: [30, 38, 36]
14: [31, 38]
15: [32, 33, 34, 35, 36, 38, 25]
16: [25, 30, 31]
17: [32]
18: [33]
19: [34]
20: [35]
21: [30, 36]
22: [31]
23: [32, 33, 34, 35, 36, 25]
24: [25, 30, 31]
25: [32]
26: [33]
27: [34]
28: [35]
29: [30, 36]
30: [31]
31: [32, 33, 34, 35, 36, 25]
32: [25, 30, 31]
33: [32]
34: [33]
35: [34]
36: [35]
37: [30, 36]
38: [31]
39: [32, 33, 34, 35, 36, 25]
40: [25, 30, 31]
41: [32]
42: [33]
43: [34]
44: [35]
45: [30, 36]
46: [31]
47: [32, 33, 34, 35, 36, 25]
48: [25, 30, 31]
49: [32]
50: [33]
51: [34]
52: [35]
53: [30, 36]
54: [31]
55: [32, 33, 34, 35, 36, 25]
56: [25, 30, 31]
57: [30, 25, 31, 32]
58: [30, 31, 32, 25, 33]
59: [30, 31, 32, 33, 34, 25]
60: [30, 31, 32, 33, 34, 35, 25]
61: [30, 31, 32, 33, 34, 35, 36, 25]
62: [31, 32, 33, 34, 35, 36, 25]
63: [32, 33, 34, 35, 36, 25]
6
0: [25, 38, 31]
1: [25, 38, 32, 31]
2: [25, 38, 33, 32, 31]
3: [25, 38, 34, 33, 32, 31]
4: [25, 38, 35, 34, 33, 32, 31]
5: [25, 38, 36, 35, 34, 33, 32, 31]
6: []
7: [32, 33, 34, 35, 36, 37, 38, 25]
8: [25, 38, 31]
9: [38, 32]
10: [38, 33]
11: [38, 34]
12: [38, 35]
13: [38, 36]
14: [31, 38, 37]
15: [32, 33, 34, 35, 36, 37, 38, 25]
16: [25, 31]
17: [32]
18: [33]
19: [34]
20: [35]
21: [36]
22: [31, 37]
23: [32, 33, 34, 35, 36, 37, 25]
24: [25, 31]
25: [32]
26: [33]
27: [34]
28: [35]
29: [36]
30: [31, 37]
31: [32, 33, 34, 35, 36, 37, 25]
32: [25, 31]
33: [32]
34: [33]
35: [34]
36: [35]
37: [36]
38: [31, 37]
39: [32, 33, 34, 35, 36, 37, 25]
40: [25, 31]
41: [32]
42: [33]
43: [34]
44: [35]
45: [36]
46: [31, 37]
47: [32, 33, 34, 35, 36, 37, 25]
48: [25, 31]
49: [32]
50: [33]
51: [34]
52: [35]
53: [36]
54: [31, 37]
55: [32, 33, 34, 35, 36, 37, 25]
56: [25, 31]
57: [31, 32, 25]
58: [31, 32, 33, 25]
59: [31, 32, 33, 34, 25]
60: [31, 32, 33, 34, 35, 25]
61: [31, 32, 33, 34, 35, 36, 25]
62: [31, 32, 33, 34, 35, 36, 37, 25]
63: [32, 33, 34, 35, 36, 37, 25]
7
0: [25, 38]
1: [25, 38, 32]
2: [25, 38, 33, 32]
3: [25, 38, 34, 33, 32]
4: [25, 38, 35, 34, 33, 32]
5: [25, 38, 36, 35, 34, 33, 32]
6: [25, 37, 38, 36, 35, 34, 33, 32]
7: []
8: [25, 38]
9: [38, 32]
10: [38, 33]
11: [38, 34]
12: [38, 35]
13: [38, 36]
14: [38, 37]
15: [32, 33, 34, 35, 36, 37, 38, 25]
16: [25]
17: [32]
18: [33]
19: [34]
20: [35]
21: [36]
22: [37]
23: [32, 33, 34, 35, 36, 37, 25]
24: [25]
25: [32]
26: [33]
27: [34]
28: [35]
29: [36]
30: [37]
31: [32, 33, 34, 35, 36, 37, 25]
32: [25]
33: [32]
34: [33]
35: [34]
36: [35]
37: [36]
38: [37]
39: [32, 33, 34, 35, 36, 37, 25]
40: [25]
41: [32]
42: [33]
43: [34]
44: [35]
45: [36]
46: [37]
47: [32, 33, 34, 35, 36, 37, 25]
48: [25]
49: [32]
50: [33]
51: [34]
52: [35]
53: [36]
54: [37]
55: [32, 33, 34, 35, 36, 37, 25]
56: [25]
57: [32, 25]
58: [32, 33, 25]
59: [32, 33, 34, 25]
60: [32, 33, 34, 35, 25]
61: [32, 33, 34, 35, 36, 25]
62: [32, 33, 34, 35, 36, 37, 25]
63: [32, 33, 34, 35, 36, 37, 25]
8
0: [38, 26, 27, 28, 29, 30, 31, 25]
1: [38, 26, 27, 28, 29, 30, 31, 25]
2: [38, 27, 28, 29, 30, 31, 25]
3: [38, 28, 29, 30, 31, 25]
4: [38, 29, 30, 31, 25]
5: [38, 30, 31, 25]
6: [38, 31, 25]
7: [38, 25]
8: []
9: [39, 26, 38]
10: [39, 27, 38]
11: [39, 28, 38]
12: [39, 29, 38]
13: [39, 30, 38]
14: [39, 31, 38]
15: [39, 38, 25]
16: [25, 26, 39, 27, 28, 29, 30, 31]
17: [26, 39]
18: [27, 39]
19: [28, 39]
20: [29, 39]
21: [30, 39]
22: [39, 31]
23: [39, 25]
24: [25, 26, 27, 28, 29, 30, 31]
25: [26]
26: [27]
27: [28]
28: [29]
29: [30]
30: [31]
31: [25]
32: [25, 26, 27, 28, 29, 30, 31]
33: [26]
34: [27]
35: [28]
36: [29]
37: [30]
38: [31]
39: [25]
40: [25, 26, 27, 28, 29, 30, 31]
41: [26]
42: [27]
43: [28]
44: [29]
45: [30]
46: [31]
47: [25]
48: [25, 26, 27, 28, 29, 30, 31]
49: [26]
50: [27]
51: [28]
52: [29]
53: [30]
54: [31]
55: [25]
56: [25, 26, 27, 28, 29, 30, 31]
57: [25, 26, 27, 28, 29, 30, 31]
58: [25, 27, 28, 29, 30, 31]
59: [25, 28, 29, 30, 31]
60: [25, 29, 30, 31]
61: [25, 30, 31]
62: [25, 31]
63: [25]
9
0: [38, 26]
1: [32, 38, 26]
2: [32, 38]
3: [32, 38]
4: [32, 38]
5: [32, 38]
6: [32, 38]
7: [32, 38]
8: [38, 26, 39]
9: []
10: [11, 12, 20, 13, 14, 15]
11: [11, 12, 13, 14, 15]
12: [11, 12, 13, 14, 15]
13: [11, 12, 13, 14, 15]
14: [11, 12, 13, 14, 15]
15: [39, 32, 38]
16: [26, 39]
17: [12, 13, 14, 15, 20, 11]
18: [12, 20]
19: [12]
20: [12]
21: [12]
22: [11, 12, 13, 14, 15]
23: [39, 32]
24: [26]
25: [20, 13, 14, 15, 11]
26: [13, 20]
27: [13]
28: [13]
29: [13]
30: [11, 13, 14, 15]
31: [32]
32: [26]
33: [20, 14, 15, 11]
34: [14, 20]
35: [14]
36: [14]
37: [14]
38: [11, 14, 15]
39: [32]
40: [26]
41: [20, 15, 11]
42: [15, 20]
43: [15]
44: [15]
45: [15]
46: [11, 15]
47: [32]
48: [26]
49: [20, 11]
50: [20, 11]
51: [11]
52: [11]
53: [11]
54: [11]
55: [32]
56: [26]
57: [26, 32]
58: [32]
59: [32]
60: [32]
61: [32]
62: [32]
63: [32]
10
0: [38, 27]
1: [38, 27]
2: [33, 38, 27]
3: [33, 38]
4: [33, 38]
5: [33, 38]
6: [33, 38]
7: [33, 38]
8: [38, 27, 39]
9: [12, 13, 14, 15, 20, 11]
10: []
11: [11, 12, 21, 13, 14, 15]
12: [11, 12, 13, 14, 15]
13: [11, 12, 13, 14, 15]
14: [11, 12, 13, 14, 15]
15: [39, 33, 38]
16: [27, 39]
17: [12, 13, 14, 15, 20, 11]
18: [21, 12, 20]
19: [12, 21]
20: [12]
21: [12]
22: [11, 12, 13, 14, 15]
23: [39, 33]
24: [27]
25: [20, 13, 14, 15, 11]
26: [21, 13, 20]
27: [13, 21]
28: [13]
29: [13]
30: [11, 13, 14, 15]
31: [33]
32: [27]
33: [20, 14, 15, 11]
34: [21, 14, 20]
35: [14, 21]
36: [14]
37: [14]
38: [11, 14, 15]
39: [33]
40: [27]
41: [20, 15, 11]
42: [21, 15, 20]
43: [21, 15]
44: [15]
45: [15]
46: [11, 15]
47: [33]
48: [27]
49: [20, 11]
50: [21, 20, 11]
51: [21, 11]
52: [11]
53: [11]
54: [11]
55: [33]
56: [27]
57: [27]
58: [27, 33]
59: [33]
60: [33]
61: [33]
62: [33]
63: [33]
11
0: [38, 28]
1: [38, 28]
2: [38, 28]
3: [34, 38, 28]
4: [34, 38]
5: [34, 38]
6: [34, 38]
7: [34, 38]
8: [38, 39, 28]
9: [12, 13, 14, 15, 11]
10: [12, 13, 14, 15, 21, 11]
11: []
12: [11, 12, 22, 13, 14, 15]
13: [11, 12, 13, 14, 15]
14: [11, 12, 13, 14, 15]
15: [39, 34, 38]
16: [39, 28]
17: [12, 13, 14, 15, 11]
18: [21, 12]
19: [22, 12, 21]
20: [12, 22]
21: [12]
22: [11, 12, 13, 14, 15]
23: [39, 34]
24: [28]
25: [13, 14, 15, 11]
26: [21, 13]
27: [22, 13, 21]
28: [13, 22]
29: [13]
30: [11, 13, 14, 15]
31: [34]
32: [28]
33: [14, 15, 11]
34: [21, 14]
35: [22, 14, 21]
36: [14, 22]
37: [14]
38: [11, 14, 15]
39: [34]
40: [28]
41: [15, 11]
42: [21, 15]
43: [22, 21, 15]
44: [22, 15]
45: [15]
46: [11, 15]
47: [34]
48: [28]
49: [11]
50: [21, 11]
51: [22, 21, 11]
52: [22, 11]
53: [11]
54: [11]
55: [34]
56: [28]
57: [28]
58: [28]
59: [28, 34]
60: [34]
61: [34]
62: [34]
63: [34]
12
0: [38, 29]
1: [38, 29]
2: [38, 29]
3: [38, 29]
4: [35, 38, 29]
5: [35, 38]
6: [35, 38]
7: [35, 38]
8: [38, 39, 29]
9: [12, 13, 14, 15, 11]
10: [12, 13, 14, 15, 11]
11: [12, 13, 14, 15, 22, 11]
12: []
13: [11, 12, 23, 13, 14, 15]
14: [11, 12, 13, 14, 15]
15: [39, 35, 38]
16: [39, 29]
17: [12, 13, 14, 15, 11]
18: [12]
19: [22, 12]
20: [23, 12, 22]
21: [12, 23]
22: [11, 12, 13, 14, 15]
23: [39, 35]
24: [29]
25: [13, 14, 15, 11]
26: [13]
27: [22, 13]
28: [23, 13, 22]
29: [13, 23]
30: [11, 13, 14, 15]
31: [35]
32: [29]
33: [14, 15, 11]
34: [14]
35: [22, 14]
36: [23, 14, 22]
37: [23, 14]
38: [11, 14, 15]
39: [35]
40: [29]
41: [15, 11]
42: [15]
43: [22, 15]
44: [23, 22, 15]
45: [23, 15]
46: [11, 15]
47: [35]
48: [29]
49: [11]
50: [11]
51: [22, 11]
52: [23, 22, 11]
53: [23, 11]
54: [11]
55: [35]
56: [29]
57: [29]
58: [29]
59: [29]
60: [29, 35]
61: [35]
62: [35]
63: [35]
13
0: [38, 30]
1: [38, 30]
2: [38, 30]
3: [38, 30]
4: [38, 30]
5: [36, 38, 30]
6: [36, 38]
7: [36, 38]
8: [38, 39, 30]
9: [12, 13, 14, 15, 11]
10: [12, 13, 14, 15, 11]
11: [12, 13, 14, 15, 11]
12: [12, 13, 14, 15, 23, 11]
13: []
14: [11, 24, 12, 13, 14, 15]
15: [39, 36, 38]
16: [39, 30]
17: [12, 13, 14, 15, 11]
18: [12]
19: [12]
20: [23, 12]
21: [24, 12, 23]
22: [11, 24, 12, 13, 14, 15]
23: [39, 36]
24: [30]
25: [13, 14, 15, 11]
26: [13]
27: [13]
28: [23, 13]
29: [24, 13, 23]
30: [11, 24, 13, 14, 15]
31: [36]
32: [30]
33: [14, 15, 11]
34: [14]
35: [14]
36: [23, 14]
37: [24, 23, 14]
38: [11, 24, 14, 15]
39: [36]
40: [30]
41: [15, 11]
42: [15]
43: [15]
44: [23, 15]
45: [24, 23, 15]
46: [11, 24, 15]
47: [36]
48: [30]
49: [11]
50: [11]
51: [11]
52: [23, 11]
53: [24, 11, 23]
54: [24, 11]
55: [36]
56: [30]
57: [30]
58: [30]
59: [30]
60: [30]
61: [30, 36]
62: [36]
63: [36]
14
0: [38, 31]
1: [38, 31]
2: [38, 31]
3: [38, 31]
4: [38, 31]
5: [38, 31]
6: [37, 38, 31]
7: [37, 38]
8: [38, 39, 31]
9: [12, 13, 14, 15, 11]
10: [12, 13, 14, 15, 11]
11: [12, 13, 14, 15, 11]
12: [12, 13, 14, 15, 11]
13: [12, 13, 14, 15, 24, 11]
14: []
15: [39, 37, 38]
16: [39, 31]
17: [12, 13, 14, 15, 11]
18: [12]
19: [12]
20: [12]
21: [24, 12]
22: [11, 24, 12, 13, 14, 15]
23: [39, 37]
24: [31]
25: [13, 14, 15, 11]
26: [13]
27: [13]
28: [13]
29: [24, 13]
30: [11, 24, 13, 14, 15]
31: [37]
32: [31]
33: [14, 15, 11]
34: [14]
35: [14]
36: [14]
37: [24, 14]
38: [11, 24, 14, 15]
39: [37]
40: [31]
41: [15, 11]
42: [15]
43: [15]
44: [15]
45: [24, 15]
46: [11, 24, 15]
47: [37]
48: [31]
49: [11]
50: [11]
51: [11]
52: [11]
53: [24, 11]
54: [11, 24]
55: [37]
56: [31]
57: [31]
58: [31]
59: [31]
60: [31]
61: [31]
62: [31, 37]
63: [37]
15
0: [25, 38]
1: [25, 38, 32]
2: [25, 38, 33, 32]
3: [25, 38, 34, 33, 32]
4: [25, 38, 35, 34, 33, 32]
5: [25, 38, 36, 35, 34, 33, 32]
6: [25, 37, 38, 36, 35, 34, 33, 32]
7: [25, 37, 38, 36, 35, 34, 33, 32]
8: [38, 25, 39]
9: [38, 39, 32]
10: [38, 39, 33]
11: [38, 39, 34]
12: [38, 39, 35]
13: [38, 36, 39]
14: [38, 37, 39]
15: []
16: [39, 25]
17: [39, 32]
18: [39, 33]
19: [39, 34]
20: [39, 35]
21: [39, 36]
22: [39, 37]
23: [32, 33, 34, 35, 36, 37, 39, 25]
24: [25]
25: [32]
26: [33]
27: [34]
28: [35]
29: [36]
30: [37]
31: [32, 33, 34, 35, 36, 37, 25]
32: [25]
33: [32]
34: [33]
35: [34]
36: [35]
37: [36]
38: [37]
39: [32, 33, 34, 35, 36, 37, 25]
40: [25]
41: [32]
42: [33]
43: [34]
44: [35]
45: [36]
46: [37]
47: [32, 33, 34, 35, 36, 37, 25]
48: [25]
49: [32]
50: [33]
51: [34]
52: [35]
53: [36]
54: [37]
55: [32, 33, 34, 35, 36, 37, 25]
56: [25]
57: [32, 25]
58: [32, 33, 25]
59: [32, 33, 34, 25]
60: [32, 33, 34, 35, 25]
61: [32, 33, 34, 35, 36, 25]
62: [32, 33, 34, 35, 36, 37, 25]
63: [32, 33, 34, 35, 36, 37, 25]
16
0: [26, 27, 28, 29, 30, 31, 25]
1: [26, 27, 28, 29, 30, 31, 25]
2: [27, 28, 29, 30, 31, 25]
3: [28, 29, 30, 31, 25]
4: [29, 30, 31, 25]
5: [30, 31, 25]
6: [31, 25]
7: [25]
8: [39, 26, 27, 28, 29, 30, 31, 25]
9: [39, 26]
10: [39, 27]
11: [39, 28]
12: [39, 29]
13: [39, 30]
14: [39, 31]
15: [39, 25]
16: []
17: [40, 26, 39]
18: [40, 27, 39]
19: [40, 28, 39]
20: [40, 29, 39]
21: [40, 30, 39]
22: [40, 39, 31]
23: [40, 39, 25]
24: [25, 40, 26, 27, 28, 29, 30, 31]
25: [26, 40]
26: [27, 40]
27: [28, 40]
28: [29, 40]
29: [40, 30]
30: [40, 31]
31: [40, 25]
32: [25, 26, 27, 28, 29, 30, 31]
33: [26]
34: [27]
35: [28]
36: [29]
37: [30]
38: [31]
39: [25]
40: [25, 26, 27, 28, 29, 30, 31]
41: [26]
42: [27]
43: [28]
44: [29]
45: [30]
46: [31]
47: [25]
48: [25, 26, 27, 28, 29, 30, 31]
49: [26]
50: [27]
51: [28]
52: [29]
53: [30]
54: [31]
55: [25]
56: [25, 26, 27, 28, 29, 30, 31]
57: [25, 26, 27, 28, 29, 30, 31]
58: [25, 27, 28, 29, 30, 31]
59: [25, 28, 29, 30, 31]
60: [25, 29, 30, 31]
61: [25, 30, 31]
62: [25, 31]
63: [25]
17
0: [26]
1: [32, 26]
2: [32]
3: [32]
4: [32]
5: [32]
6: [32]
7: [32]
8: [39, 26]
9: [11, 12, 20, 13, 14, 15]
10: [11, 12, 20, 13, 14, 15]
11: [11, 12, 13, 14, 15]
12: [11, 12, 13, 14, 15]
13: [11, 12, 13, 14, 15]
14: [11, 12, 13, 14, 15]
15: [32, 39]
16: [39, 26, 40]
17: []
18: [12, 20, 16]
19: [12, 16]
20: [12, 16]
21: [12, 16]
22: [12, 11, 13, 14, 15, 16]
23: [40, 32, 39]
24: [26, 40]
25: [13, 14, 15, 16, 20, 11]
26: [13, 20]
27: [13]
28: [13]
29: [13]
30: [13, 11, 14, 15, 16]
31: [40, 32]
32: [26]
33: [16, 20, 14, 15, 11]
34: [14, 20]
35: [14]
36: [14]
37: [14]
38: [14, 11, 15, 16]
39: [32]
40: [26]
41: [16, 20, 15, 11]
42: [15, 20]
43: [15]
44: [15]
45: [15]
46: [15, 16, 11]
47: [32]
48: [26]
49: [16, 20, 11]
50: [16, 20, 11]
51: [16, 11]
52: [16, 11]
53: [16, 11]
54: [16, 11]
55: [32]
56: [26]
57: [26, 32]
58: [32]
59: [32]
60: [32]
61: [32]
62: [32]
63: [32]
18
0: [27]
1: [27]
2: [33, 27]
3: [33]
4: [33]
5: [33]
6: [33]
7: [33]
8: [39, 27]
9: [20, 12]
10: [20, 12, 21]
11: [12, 21]
12: [12]
13: [12]
14: [12]
15: [33, 39]
16: [39, 27, 40]
17: [16, 20, 12]
18: []
19: [8, 4, 5, 3]
20: [8, 5, 3]
21: [8, 3]
22: [12, 16]
23: [40, 33, 39]
24: [27, 40]
25: [16, 20]
26: [3, 8, 4, 5]
27: [4, 8]
28: [5, 8]
29: [8, 3]
30: [16]
31: [40, 33]
32: [27]
33: [16, 20]
34: [3, 4, 5]
35: [4]
36: [5]
37: [3]
38: [16]
39: [33]
40: [27]
41: [16, 20]
42: [3, 4, 5]
43: [3, 4, 5]
44: [3, 5]
45: [3]
46: [16]
47: [33]
48: [27]
49: [16, 20]
50: [21, 16, 20]
51: [21, 16]
52: [16]
53: [16]
54: [16]
55: [33]
56: [27]
57: [27]
58: [27, 33]
59: [33]
60: [33]
61: [33]
62: [33]
63: [33]
19
0: [28]
1: [28]
2: [28]
3: [34, 28]
4: [34]
5: [34]
6: [34]
7: [34]
8: [39, 28]
9: [12]
10: [21, 12]
11: [21, 12, 22]
12: [12, 22]
13: [12]
14: [12]
15: [34, 39]
16: [39, 40, 28]
17: [16, 12]
18: [3, 8, 4, 5]
19: []
20: [8, 5, 6, 3]
21: [8, 6, 3]
22: [12, 16]
23: [40, 34, 39]
24: [40, 28]
25: [16]
26: [3, 8, 4, 5]
27: [4, 8, 6]
28: [5, 8]
29: [8, 6, 3]
30: [16]
31: [40, 34]
32: [28]
33: [16]
34: [3, 4, 5]
35: [4, 6]
36: [5]
37: [6, 3]
38: [16]
39: [34]
40: [28]
41: [16]
42: [3, 4, 5]
43: [4, 3, 5, 6]
44: [5, 3, 6]
45: [6, 3]
46: [16]
47: [34]
48: [28]
49: [16]
50: [16, 21]
51: [22, 16, 21]
52: [22, 16]
53: [16]
54: [16]
55: [34]
56: [28]
57: [28]
58: [28]
59: [28, 34]
60: [34]
61: [34]
62: [34]
63: [34]
20
0: [29]
1: [29]
2: [29]
3: [29]
4: [35, 29]
5: [35]
6: [35]
7: [35]
8: [39, 29]
9: [12]
10: [12]
11: [22, 12]
12: [22, 12, 23]
13: [12, 23]
14: [12]
15: [35, 39]
16: [39, 40, 29]
17: [16, 12]
18: [3, 8, 5]
19: [3, 8, 5, 6]
20: []
21: [8, 6, 7, 3]
22: [12, 16]
23: [40, 35, 39]
24: [40, 29]
25: [16]
26: [3, 8, 5]
27: [8, 6]
28: [5, 8, 7]
29: [8, 6, 7, 3]
30: [16]
31: [40, 35]
32: [29]
33: [16]
34: [3, 5]
35: [6]
36: [5, 7]
37: [6, 7, 3]
38: [16]
39: [35]
40: [29]
41: [16]
42: [3, 5]
43: [5, 3, 6]
44: [5, 6, 7, 3]
45: [6, 7, 3]
46: [16]
47: [35]
48: [29]
49: [16]
50: [16]
51: [22, 16]
52: [23, 22, 16]
53: [23, 16]
54: [16]
55: [35]
56: [29]
57: [29]
58: [29]
59: [29]
60: [29, 35]
61: [35]
62: [35]
63: [35]
21
0: [30]
1: [30]
2: [30]
3: [30]
4: [30]
5: [36, 30]
6: [36]
7: [36]
8: [39, 30]
9: [12]
10: [12]
11: [12]
12: [23, 12]
13: [23, 12, 24]
14: [12, 24]
15: [36, 39]
16: [39, 40, 30]
17: [16, 12]
18: [3, 8]
19: [3, 8, 6]
20: [3, 8, 7, 6]
21: []
22: [12, 24, 16]
23: [40, 36, 39]
24: [40, 30]
25: [16]
26: [8, 3]
27: [8, 6]
28: [8, 7]
29: [8, 6, 7, 3]
30: [24, 16]
31: [40, 36]
32: [30]
33: [16]
34: [3]
35: [6]
36: [7]
37: [6, 7, 3]
38: [24, 16]
39: [36]
40: [30]
41: [16]
42: [3]
43: [6, 3]
44: [6, 7, 3]
45: [6, 7, 3]
46: [24, 16]
47: [36]
48: [30]
49: [16]
50: [16]
51: [16]
52: [23, 16]
53: [24, 23, 16]
54: [24, 16]
55: [36]
56: [30]
57: [30]
58: [30]
59: [30]
60: [30]
61: [30, 36]
62: [36]
63: [36]
22
0: [31]
1: [31]
2: [31]
3: [31]
4: [31]
5: [31]
6: [37, 31]
7: [37]
8: [39, 31]
9: [12, 13, 14, 15, 11]
10: [12, 13, 14, 15, 11]
11: [12, 13, 14, 15, 11]
12: [12, 13, 14, 15, 11]
13: [12, 13, 14, 15, 24, 11]
14: [12, 13, 14, 15, 24, 11]
15: [37, 39]
16: [39, 40, 31]
17: [16, 12, 13, 14, 15, 11]
18: [16, 12]
19: [16, 12]
20: [16, 12]
21: [16, 24, 12]
22: []
23: [40, 37, 39]
24: [40, 31]
25: [16, 13, 14, 15, 11]
26: [13]
27: [13]
28: [13]
29: [24, 13]
30: [11, 24, 13, 14, 16, 15]
31: [40, 37]
32: [31]
33: [16, 14, 15, 11]
34: [14]
35: [14]
36: [14]
37: [24, 14]
38: [11, 24, 14, 16, 15]
39: [37]
40: [31]
41: [16, 11, 15]
42: [15]
43: [15]
44: [15]
45: [24, 15]
46: [11, 24, 16, 15]
47: [37]
48: [31]
49: [16, 11]
50: [11, 16]
51: [11, 16]
52: [11, 16]
53: [11, 24, 16]
54: [11, 24, 16]
55: [37]
56: [31]
57: [31]
58: [31]
59: [31]
60: [31]
61: [31]
62: [31, 37]
63: [37]
23
0: [25]
1: [25, 32]
2: [25, 33, 32]
3: [25, 34, 33, 32]
4: [25, 35, 34, 33, 32]
5: [25, 36, 35, 34, 33, 32]
6: [25, 37, 36, 35, 34, 33, 32]
7: [25, 37, 36, 35, 34, 33, 32]
8: [39, 25]
9: [39, 32]
10: [39, 33]
11: [39, 34]
12: [39, 35]
13: [36, 39]
14: [37, 39]
15: [25, 37, 39, 36, 35, 34, 33, 32]
16: [39, 40, 25]
17: [39, 40, 32]
18: [39, 40, 33]
19: [39, 40, 34]
20: [39, 40, 35]
21: [39, 36, 40]
22: [39, 37, 40]
23: []
24: [40, 25]
25: [40, 32]
26: [40, 33]
27: [40, 34]
28: [40, 35]
29: [40, 36]
30: [40, 37]
31: [32, 33, 34, 35, 36, 37, 40, 25]
32: [25]
33: [32]
34: [33]
35: [34]
36: [35]
37: [36]
38: [37]
39: [32, 33, 34, 35, 36, 37, 25]
40: [25]
41: [32]
42: [33]
43: [34]
44: [35]
45: [36]
46: [37]
47: [32, 33, 34, 35, 36, 37, 25]
48: [25]
49: [32]
50: [33]
51: [34]
52: [35]
53: [36]
54: [37]
55: [32, 33, 34, 35, 36, 37, 25]
56: [25]
57: [32, 25]
58: [32, 33, 25]
59: [32, 33, 34, 25]
60: [32, 33, 34, 35, 25]
61: [32, 33, 34, 35, 36, 25]
62: [32, 33, 34, 35, 36, 37, 25]
63: [32, 33, 34, 35, 36, 37, 25]
24
0: [26, 27, 28, 29, 30, 31, 25]
1: [26, 27, 28, 29, 30, 31, 25]
2: [27, 28, 29, 30, 31, 25]
3: [28, 29, 30, 31, 25]
4: [29, 30, 31, 25]
5: [30, 31, 25]
6: [31, 25]
7: [25]
8: [26, 27, 28, 29, 30, 31, 25]
9: [26]
10: [27]
11: [28]
12: [29]
13: [30]
14: [31]
15: [25]
16: [40, 26, 27, 28, 29, 30, 31, 25]
17: [40, 26]
18: [40, 27]
19: [40, 28]
20: [40, 29]
21: [40, 30]
22: [40, 31]
23: [40, 25]
24: []
25: [41, 26, 40]
26: [41, 27, 40]
27: [41, 28, 40]
28: [41, 29, 40]
29: [41, 40, 30]
30: [41, 40, 31]
31: [41, 40, 25]
32: [25, 41, 26, 27, 28, 29, 30, 31]
33: [26, 41]
34: [27, 41]
35: [28, 41]
36: [41, 29]
37: [41, 30]
38: [41, 31]
39: [41, 25]
40: [25, 26, 27, 28, 29, 30, 31]
41: [26]
42: [27]
43: [28]
44: [29]
45: [30]
46: [31]
47: [25]
48: [25, 26, 27, 28, 29, 30, 31]
49: [26]
50: [27]
51: [28]
52: [29]
53: [30]
54: [31]
55: [25]
56: [25, 26, 27, 28, 29, 30, 31]
57: [25, 26, 27, 28, 29, 30, 31]
58: [25, 27, 28, 29, 30, 31]
59: [25, 28, 29, 30, 31]
60: [25, 29, 30, 31]
61: [25, 30, 31]
62: [25, 31]
63: [25]
25
0: [26]
1: [32, 26]
2: [32]
3: [32]
4: [32]
5: [32]
6: [32]
7: [32]
8: [26]
9: [11, 20, 13, 14, 15]
10: [11, 20, 13, 14, 15]
11: [11, 13, 14, 15]
12: [11, 13, 14, 15]
13: [11, 13, 14, 15]
14: [11, 13, 14, 15]
15: [32]
16: [40, 26]
17: [11, 20, 13, 14, 16, 15]
18: [20, 16]
19: [16]
20: [16]
21: [16]
22: [13, 11, 14, 15, 16]
23: [40, 32]
24: [40, 26, 41]
25: []
26: [13, 20, 17]
27: [13, 17]
28: [13, 17]
29: [13, 17]
30: [13, 14, 11, 15, 16, 17]
31: [41, 40, 32]
32: [26, 41]
33: [14, 15, 16, 17, 20, 11]
34: [14, 20]
35: [14]
36: [14]
37: [14]
38: [14, 15, 16, 17, 11]
39: [41, 32]
40: [26]
41: [16, 17, 20, 15, 11]
42: [15, 20]
43: [15]
44: [15]
45: [15]
46: [15, 16, 17, 11]
47: [32]
48: [26]
49: [16, 17, 20, 11]
50: [16, 17, 20, 11]
51: [16, 17, 11]
52: [16, 17, 11]
53: [16, 17, 11]
54: [16, 17, 11]
55: [32]
56: [26]
57: [26, 32]
58: [32]
59: [32]
60: [32]
61: [32]
62: [32]
63: [32]
26
0: [27]
1: [27]
2: [33, 27]
3: [33]
4: [33]
5: [33]
6: [33]
7: [33]
8: [27]
9: [20, 13]
10: [20, 21, 13]
11: [21, 13]
12: [13]
13: [13]
14: [13]
15: [33]
16: [40, 27]
17: [20, 13]
18: [8, 4, 5, 3]
19: [8, 4, 5, 3]
20: [8, 5, 3]
21: [8, 3]
22: [13]
23: [40, 33]
24: [40, 27, 41]
25: [17, 20, 13]
26: []
27: [9, 4, 8]
28: [9, 5, 8]
29: [9, 8, 3]
30: [13, 17]
31: [41, 40, 33]
32: [27, 41]
33: [17, 20]
34: [3, 9, 4, 5]
35: [4, 9]
36: [9, 5]
37: [9, 3]
38: [17]
39: [41, 33]
40: [27]
41: [17, 20]
42: [3, 4, 5]
43: [3, 4, 5]
44: [3, 5]
45: [3]
46: [17]
47: [33]
48: [27]
49: [17, 20]
50: [21, 17, 20]
51: [21, 17]
52: [17]
53: [17]
54: [17]
55: [33]
56: [27]
57: [27]
58: [27, 33]
59: [33]
60: [33]
61: [33]
62: [33]
63: [33]
27
0: [28]
1: [28]
2: [28]
3: [34, 28]
4: [34]
5: [34]
6: [34]
7: [34]
8: [28]
9: [13]
10: [21, 13]
11: [21, 13, 22]
12: [13, 22]
13: [13]
14: [13]
15: [34]
16: [40, 28]
17: [13]
18: [8, 4]
19: [6, 8, 4]
20: [6, 8]
21: [6, 8]
22: [13]
23: [34, 40]
24: [40, 28, 41]
25: [17, 13]
26: [8, 4, 9]
27: []
28: [1, 2]
29: [9, 6, 8]
30: [13, 17]
31: [41, 34, 40]
32: [28, 41]
33: [17]
34: [4, 9]
35: [2, 1]
36: [1, 2]
37: [9, 6]
38: [17]
39: [41, 34]
40: [28]
41: [17]
42: [4]
43: [4, 6]
44: [6]
45: [6]
46: [17]
47: [34]
48: [28]
49: [17]
50: [17, 21]
51: [22, 17, 21]
52: [22, 17]
53: [17]
54: [17]
55: [34]
56: [28]
57: [28]
58: [28]
59: [28, 34]
60: [34]
61: [34]
62: [34]
63: [34]
28
0: [29]
1: [29]
2: [29]
3: [29]
4: [35, 29]
5: [35]
6: [35]
7: [35]
8: [29]
9: [13]
10: [13]
11: [22, 13]
12: [22, 13, 23]
13: [13, 23]
14: [13]
15: [35]
16: [40, 29]
17: [13]
18: [8, 5]
19: [8, 5]
20: [7, 8, 5]
21: [7, 8]
22: [13]
23: [35, 40]
24: [40, 41, 29]
25: [17, 13]
26: [8, 9, 5]
27: [2, 1]
28: []
29: [9, 7, 8]
30: [13, 17]
31: [41, 35, 40]
32: [41, 29]
33: [17]
34: [9, 5]
35: [1, 2]
36: [1, 2]
37: [9, 7]
38: [17]
39: [41, 35]
40: [29]
41: [17]
42: [5]
43: [5]
44: [5, 7]
45: [7]
46: [17]
47: [35]
48: [29]
49: [17]
50: [17]
51: [17, 22]
52: [23, 17, 22]
53: [23, 17]
54: [17]
55: [35]
56: [29]
57: [29]
58: [29]
59: [29]
60: [29, 35]
61: [35]
62: [35]
63: [35]
29
0: [30]
1: [30]
2: [30]
3: [30]
4: [30]
5: [36, 30]
6: [36]
7: [36]
8: [30]
9: [13]
10: [13]
11: [13]
12: [23, 13]
13: [23, 13, 24]
14: [13, 24]
15: [36]
16: [40, 30]
17: [13]
18: [8, 3]
19: [3, 8, 6]
20: [3, 8, 7, 6]
21: [3, 8, 7, 6]
22: [13, 24]
23: [36, 40]
24: [40, 41, 30]
25: [17, 13]
26: [8, 9, 3]
27: [8, 9, 6]
28: [8, 7, 9]
29: []
30: [13, 24, 17]
31: [41, 36, 40]
32: [41, 30]
33: [17]
34: [9, 3]
35: [9, 6]
36: [9, 7]
37: [9, 6, 7, 3]
38: [24, 17]
39: [41, 36]
40: [30]
41: [17]
42: [3]
43: [6, 3]
44: [6, 7, 3]
45: [6, 7, 3]
46: [24, 17]
47: [36]
48: [30]
49: [17]
50: [17]
51: [17]
52: [23, 17]
53: [24, 23, 17]
54: [24, 17]
55: [36]
56: [30]
57: [30]
58: [30]
59: [30]
60: [30]
61: [30, 36]
62: [36]
63: [36]
30
0: [31]
1: [31]
2: [31]
3: [31]
4: [31]
5: [31]
6: [37, 31]
7: [37]
8: [31]
9: [13, 14, 15, 11]
10: [13, 14, 15, 11]
11: [13, 14, 15, 11]
12: [13, 14, 15, 11]
13: [24, 13, 14, 15, 11]
14: [24, 13, 14, 15, 11]
15: [37]
16: [40, 31]
17: [16, 13, 14, 15, 11]
18: [16]
19: [16]
20: [16]
21: [16, 24]
22: [13, 14, 15, 16, 24, 11]
23: [37, 40]
24: [40, 41, 31]
25: [17, 16, 13, 14, 15, 11]
26: [17, 13]
27: [17, 13]
28: [17, 13]
29: [17, 24, 13]
30: []
31: [41, 37, 40]
32: [41, 31]
33: [17, 16, 11, 14, 15]
34: [14]
35: [14]
36: [14]
37: [24, 14]
38: [11, 24, 17, 14, 16, 15]
39: [41, 37]
40: [31]
41: [17, 16, 11, 15]
42: [15]
43: [15]
44: [15]
45: [24, 15]
46: [11, 24, 17, 16, 15]
47: [37]
48: [31]
49: [17, 11, 16]
50: [11, 17, 16]
51: [11, 17, 16]
52: [11, 17, 16]
53: [11, 24, 17, 16]
54: [11, 24, 17, 16]
55: [37]
56: [31]
57: [31]
58: [31]
59: [31]
60: [31]
61: [31]
62: [31, 37]
63: [37]
31
0: [25]
1: [25, 32]
2: [25, 33, 32]
3: [25, 34, 33, 32]
4: [25, 35, 34, 33, 32]
5: [25, 36, 35, 34, 33, 32]
6: [25, 37, 36, 35, 34, 33, 32]
7: [25, 37, 36, 35, 34, 33, 32]
8: [25]
9: [32]
10: [33]
11: [34]
12: [35]
13: [36]
14: [37]
15: [25, 37, 36, 35, 34, 33, 32]
16: [40, 25]
17: [40, 32]
18: [40, 33]
19: [40, 34]
20: [40, 35]
21: [36, 40]
22: [37, 40]
23: [25, 40, 37, 36, 35, 34, 33, 32]
24: [40, 41, 25]
25: [40, 41, 32]
26: [40, 41, 33]
27: [40, 41, 34]
28: [40, 35, 41]
29: [40, 36, 41]
30: [40, 37, 41]
31: []
32: [41, 25]
33: [41, 32]
34: [41, 33]
35: [41, 34]
36: [41, 35]
37: [41, 36]
38: [41, 37]
39: [32, 33, 34, 35, 36, 37, 41, 25]
40: [25]
41: [32]
42: [33]
43: [34]
44: [35]
45: [36]
46: [37]
47: [32, 33, 34, 35, 36, 37, 25]
48: [25]
49: [32]
50: [33]
51: [34]
52: [35]
53: [36]
54: [37]
55: [32, 33, 34, 35, 36, 37, 25]
56: [25]
57: [32, 25]
58: [32, 33, 25]
59: [32, 33, 34, 25]
60: [32, 33, 34, 35, 25]
61: [32, 33, 34, 35, 36, 25]
62: [32, 33, 34, 35, 36, 37, 25]
63: [32, 33, 34, 35, 36, 37, 25]
32
0: [26, 27, 28, 29, 30, 31, 25]
1: [26, 27, 28, 29, 30, 31, 25]
2: [27, 28, 29, 30, 31, 25]
3: [28, 29, 30, 31, 25]
4: [29, 30, 31, 25]
5: [30, 31, 25]
6: [31, 25]
7: [25]
8: [26, 27, 28, 29, 30, 31, 25]
9: [26]
10: [27]
11: [28]
12: [29]
13: [30]
14: [31]
15: [25]
16: [26, 27, 28, 29, 30, 31, 25]
17: [26]
18: [27]
19: [28]
20: [29]
21: [30]
22: [31]
23: [25]
24: [41, 26, 27, 28, 29, 30, 31, 25]
25: [41, 26]
26: [41, 27]
27: [41, 28]
28: [41, 29]
29: [41, 30]
30: [41, 31]
31: [41, 25]
32: []
33: [42, 26, 41]
34: [42, 27, 41]
35: [42, 28, 41]
36: [42, 41, 29]
37: [42, 41, 30]
38: [42, 41, 31]
39: [42, 41, 25]
40: [25, 26, 42, 27, 28, 29, 30, 31]
41: [26, 42]
42: [27, 42]
43: [42, 28]
44: [42, 29]
45: [42, 30]
46: [42, 31]
47: [42, 25]
48: [25, 26, 27, 28, 29, 30, 31]
49: [26]
50: [27]
51: [28]
52: [29]
53: [30]
54: [31]
55: [25]
56: [25, 26, 27, 28, 29, 30, 31]
57: [25, 26, 27, 28, 29, 30, 31]
58: [25, 27, 28, 29, 30, 31]
59: [25, 28, 29, 30, 31]
60: [25, 29, 30, 31]
61: [25, 30, 31]
62: [25, 31]
63: [25]
33
0: [26]
1: [32, 26]
2: [32]
3: [32]
4: [32]
5: [32]
6: [32]
7: [32]
8: [26]
9: [11, 20, 14, 15]
10: [11, 20, 14, 15]
11: [11, 14, 15]
12: [11, 14, 15]
13: [11, 14, 15]
14: [11, 14, 15]
15: [32]
16: [26]
17: [11, 20, 14, 16, 15]
18: [20, 16]
19: [16]
20: [16]
21: [16]
22: [14, 11, 15, 16]
23: [32]
24: [41, 26]
25: [11, 20, 17, 14, 16, 15]
26: [20, 17]
27: [17]
28: [17]
29: [17]
30: [14, 15, 16, 17, 11]
31: [41, 32]
32: [41, 26, 42]
33: []
34: [14, 20, 18]
35: [14, 18]
36: [14, 18]
37: [14, 18]
38: [14, 15, 16, 17, 18, 11]
39: [42, 41, 32]
40: [26, 42]
41: [15, 16, 17, 18, 20, 11]
42: [15, 20]
43: [15]
44: [15]
45: [15]
46: [15, 16, 17, 18, 11]
47: [42, 32]
48: [26]
49: [16, 17, 18, 20, 11]
50: [16, 17, 18, 20, 11]
51: [16, 17, 18, 11]
52: [16, 17, 18, 11]
53: [16, 17, 18, 11]
54: [16, 17, 18, 11]
55: [32]
56: [26]
57: [26, 32]
58: [32]
59: [32]
60: [32]
61: [32]
62: [32]
63: [32]
34
0: [27]
1: [27]
2: [33, 27]
3: [33]
4: [33]
5: [33]
6: [33]
7: [33]
8: [27]
9: [20, 14]
10: [20, 21, 14]
11: [21, 14]
12: [14]
13: [14]
14: [14]
15: [33]
16: [27]
17: [20, 14]
18: [4, 5, 3]
19: [4, 5, 3]
20: [5, 3]
21: [3]
22: [14]
23: [33]
24: [41, 27]
25: [20, 14]
26: [9, 4, 5, 3]
27: [9, 4]
28: [9, 5]
29: [9, 3]
30: [14]
31: [41, 33]
32: [41, 27, 42]
33: [18, 20, 14]
34: []
35: [10, 4, 9]
36: [10, 9, 5]
37: [10, 9, 3]
38: [14, 18]
39: [42, 41, 33]
40: [27, 42]
41: [18, 20]
42: [3, 10, 4, 5]
43: [3, 10, 4, 5]
44: [3, 10, 5]
45: [10, 3]
46: [18]
47: [42, 33]
48: [27]
49: [18, 20]
50: [21, 18, 20]
51: [21, 18]
52: [18]
53: [18]
54: [18]
55: [33]
56: [27]
57: [27]
58: [27, 33]
59: [33]
60: [33]
61: [33]
62: [33]
63: [33]
35
0: [28]
1: [28]
2: [28]
3: [34, 28]
4: [34]
5: [34]
6: [34]
7: [34]
8: [28]
9: [14]
10: [21, 14]
11: [21, 14, 22]
12: [14, 22]
13: [14]
14: [14]
15: [34]
16: [28]
17: [14]
18: [4]
19: [6, 4]
20: [6]
21: [6]
22: [14]
23: [34]
24: [41, 28]
25: [14]
26: [9, 4]
27: [1, 2]
28: [1, 2]
29: [9, 6]
30: [14]
31: [41, 34]
32: [41, 28, 42]
33: [18, 14]
34: [9, 4, 10]
35: []
36: [2, 1]
37: [10, 9, 6]
38: [14, 18]
39: [42, 41, 34]
40: [28, 42]
41: [18]
42: [4, 10]
43: [4, 10, 6]
44: [10, 6]
45: [10, 6]
46: [18]
47: [42, 34]
48: [28]
49: [18]
50: [18, 21]
51: [22, 18, 21]
52: [22, 18]
53: [18]
54: [18]
55: [34]
56: [28]
57: [28]
58: [28]
59: [28, 34]
60: [34]
61: [34]
62: [34]
63: [34]
36
0: [29]
1: [29]
2: [29]
3: [29]
4: [35, 29]
5: [35]
6: [35]
7: [35]
8: [29]
9: [14]
10: [14]
11: [22, 14]
12: [22, 14, 23]
13: [14, 23]
14: [14]
15: [35]
16: [29]
17: [14]
18: [5]
19: [5]
20: [7, 5]
21: [7]
22: [14]
23: [35]
24: [41, 29]
25: [14]
26: [9, 5]
27: [1, 2]
28: [2, 1]
29: [7, 9]
30: [14]
31: [35, 41]
32: [41, 29, 42]
33: [18, 14]
34: [9, 5, 10]
35: [1, 2]
36: []
37: [10, 7, 9]
38: [14, 18]
39: [42, 35, 41]
40: [29, 42]
41: [18]
42: [5, 10]
43: [5, 10]
44: [5, 10, 7]
45: [10, 7]
46: [18]
47: [42, 35]
48: [29]
49: [18]
50: [18]
51: [18, 22]
52: [23, 18, 22]
53: [23, 18]
54: [18]
55: [35]
56: [29]
57: [29]
58: [29]
59: [29]
60: [29, 35]
61: [35]
62: [35]
63: [35]
37
0: [30]
1: [30]
2: [30]
3: [30]
4: [30]
5: [36, 30]
6: [36]
7: [36]
8: [30]
9: [14]
10: [14]
11: [14]
12: [23, 14]
13: [23, 14, 24]
14: [14, 24]
15: [36]
16: [30]
17: [14]
18: [3]
19: [3, 6]
20: [3, 7, 6]
21: [3, 7, 6]
22: [14, 24]
23: [36]
24: [41, 30]
25: [14]
26: [9, 3]
27: [9, 6]
28: [7, 9]
29: [3, 9, 7, 6]
30: [14, 24]
31: [36, 41]
32: [41, 42, 30]
33: [18, 14]
34: [9, 10, 3]
35: [9, 6, 10]
36: [9, 7, 10]
37: []
38: [14, 24, 18]
39: [42, 36, 41]
40: [42, 30]
41: [18]
42: [10, 3]
43: [10, 6, 3]
44: [10, 6, 7, 3]
45: [10, 6, 7, 3]
46: [24, 18]
47: [42, 36]
48: [30]
49: [18]
50: [18]
51: [18]
52: [18, 23]
53: [24, 18, 23]
54: [24, 18]
55: [36]
56: [30]
57: [30]
58: [30]
59: [30]
60: [30]
61: [30, 36]
62: [36]
63: [36]
38
0: [31]
1: [31]
2: [31]
3: [31]
4: [31]
5: [31]
6: [37, 31]
7: [37]
8: [31]
9: [14, 15, 11]
10: [14, 15, 11]
11: [14, 15, 11]
12: [14, 15, 11]
13: [24, 14, 15, 11]
14: [24, 14, 15, 11]
15: [37]
16: [31]
17: [16, 14, 15, 11]
18: [16]
19: [16]
20: [16]
21: [16, 24]
22: [16, 24, 14, 15, 11]
23: [37]
24: [41, 31]
25: [17, 16, 11, 14, 15]
26: [17]
27: [17]
28: [17]
29: [17, 24]
30: [14, 15, 16, 17, 24, 11]
31: [37, 41]
32: [41, 42, 31]
33: [18, 17, 16, 11, 14, 15]
34: [18, 14]
35: [18, 14]
36: [18, 14]
37: [18, 24, 14]
38: []
39: [42, 37, 41]
40: [42, 31]
41: [18, 17, 11, 16, 15]
42: [15]
43: [15]
44: [15]
45: [24, 15]
46: [11, 24, 18, 17, 16, 15]
47: [42, 37]
48: [31]
49: [18, 11, 17, 16]
50: [11, 18, 17, 16]
51: [11, 18, 17, 16]
52: [11, 18, 17, 16]
53: [11, 24, 18, 17, 16]
54: [11, 24, 18, 17, 16]
55: [37]
56: [31]
57: [31]
58: [31]
59: [31]
60: [31]
61: [31]
62: [31, 37]
63: [37]
39
0: [25]
1: [25, 32]
2: [25, 33, 32]
3: [25, 34, 33, 32]
4: [25, 35, 34, 33, 32]
5: [25, 36, 35, 34, 33, 32]
6: [25, 37, 36, 35, 34, 33, 32]
7: [25, 37, 36, 35, 34, 33, 32]
8: [25]
9: [32]
10: [33]
11: [34]
12: [35]
13: [36]
14: [37]
15: [25, 37, 36, 35, 34, 33, 32]
16: [25]
17: [32]
18: [33]
19: [34]
20: [35]
21: [36]
22: [37]
23: [25, 37, 36, 35, 34, 33, 32]
24: [41, 25]
25: [41, 32]
26: [41, 33]
27: [41, 34]
28: [35, 41]
29: [36, 41]
30: [37, 41]
31: [25, 41, 37, 36, 35, 34, 33, 32]
32: [41, 42, 25]
33: [41, 42, 32]
34: [41, 33, 42]
35: [41, 34, 42]
36: [41, 35, 42]
37: [41, 36, 42]
38: [41, 37, 42]
39: []
40: [42, 25]
41: [42, 32]
42: [42, 33]
43: [42, 34]
44: [42, 35]
45: [42, 36]
46: [42, 37]
47: [32, 33, 34, 35, 36, 37, 42, 25]
48: [25]
49: [32]
50: [33]
51: [34]
52: [35]
53: [36]
54: [37]
55: [32, 33, 34, 35, 36, 37, 25]
56: [25]
57: [32, 25]
58: [32, 33, 25]
59: [32, 33, 34, 25]
60: [32, 33, 34, 35, 25]
61: [32, 33, 34, 35, 36, 25]
62: [32, 33, 34, 35, 36, 37, 25]
63: [32, 33, 34, 35, 36, 37, 25]
40
0: [26, 27, 28, 29, 30, 31, 25]
1: [26, 27, 28, 29, 30, 31, 25]
2: [27, 28, 29, 30, 31, 25]
3: [28, 29, 30, 31, 25]
4: [29, 30, 31, 25]
5: [30, 31, 25]
6: [31, 25]
7: [25]
8: [26, 27, 28, 29, 30, 31, 25]
9: [26]
10: [27]
11: [28]
12: [29]
13: [30]
14: [31]
15: [25]
16: [26, 27, 28, 29, 30, 31, 25]
17: [26]
18: [27]
19: [28]
20: [29]
21: [30]
22: [31]
23: [25]
24: [26, 27, 28, 29, 30, 31, 25]
25: [26]
26: [27]
27: [28]
28: [29]
29: [30]
30: [31]
31: [25]
32: [42, 26, 27, 28, 29, 30, 31, 25]
33: [42, 26]
34: [42, 27]
35: [42, 28]
36: [42, 29]
37: [42, 30]
38: [42, 31]
39: [42, 25]
40: []
41: [43, 26, 42]
42: [43, 27, 42]
43: [43, 42, 28]
44: [43, 42, 29]
45: [43, 42, 30]
46: [43, 42, 31]
47: [43, 42, 25]
48: [25, 26, 43, 27, 28, 29, 30, 31]
49: [26, 43]
50: [43, 27]
51: [43, 28]
52: [43, 29]
53: [43, 30]
54: [43, 31]
55: [43, 25]
56: [25, 26, 27, 28, 29, 30, 31]
57: [25, 26, 27, 28, 29, 30, 31]
58: [25, 27, 28, 29, 30, 31]
59: [25, 28, 29, 30, 31]
60: [25, 29, 30, 31]
61: [25, 30, 31]
62: [25, 31]
63: [25]
41
0: [26]
1: [32, 26]
2: [32]
3: [32]
4: [32]
5: [32]
6: [32]
7: [32]
8: [26]
9: [11, 20, 15]
10: [11, 20, 15]
11: [11, 15]
12: [11, 15]
13: [11, 15]
14: [11, 15]
15: [32]
16: [26]
17: [11, 20, 16, 15]
18: [20, 16]
19: [16]
20: [16]
21: [16]
22: [15, 16, 11]
23: [32]
24: [26]
25: [11, 20, 17, 16, 15]
26: [20, 17]
27: [17]
28: [17]
29: [17]
30: [15, 16, 17, 11]
31: [32]
32: [42, 26]
33: [11, 20, 18, 17, 16, 15]
34: [20, 18]
35: [18]
36: [18]
37: [18]
38: [15, 16, 17, 18, 11]
39: [42, 32]
40: [42, 26, 43]
41: []
42: [15, 20, 19]
43: [15, 19]
44: [15, 19]
45: [15, 19]
46: [15, 16, 17, 18, 19, 11]
47: [43, 42, 32]
48: [26, 43]
49: [16, 17, 18, 19, 20, 11]
50: [16, 17, 18, 19, 20, 11]
51: [16, 17, 18, 19, 11]
52: [16, 17, 18, 19, 11]
53: [16, 17, 18, 19, 11]
54: [16, 17, 18, 19, 11]
55: [43, 32]
56: [26]
57: [26, 32]
58: [32]
59: [32]
60: [32]
61: [32]
62: [32]
63: [32]
42
0: [27]
1: [27]
2: [33, 27]
3: [33]
4: [33]
5: [33]
6: [33]
7: [33]
8: [27]
9: [20, 15]
10: [20, 21, 15]
11: [21, 15]
12: [15]
13: [15]
14: [15]
15: [33]
16: [27]
17: [20, 15]
18: [4, 5, 3]
19: [4, 5, 3]
20: [5, 3]
21: [3]
22: [15]
23: [33]
24: [27]
25: [20, 15]
26: [4, 5, 3]
27: [4]
28: [5]
29: [3]
30: [15]
31: [33]
32: [42, 27]
33: [20, 15]
34: [10, 4, 5, 3]
35: [10, 4]
36: [10, 5]
37: [10, 3]
38: [15]
39: [42, 33]
40: [42, 27, 43]
41: [19, 20, 15]
42: []
43: [3, 10, 4, 5]
44: [3, 10, 5]
45: [3, 10]
46: [15, 19]
47: [43, 42, 33]
48: [27, 43]
49: [19, 20]
50: [21, 19, 20]
51: [21, 19]
52: [19]
53: [19]
54: [19]
55: [43, 33]
56: [27]
57: [27]
58: [27, 33]
59: [33]
60: [33]
61: [33]
62: [33]
63: [33]
43
0: [28]
1: [28]
2: [28]
3: [34, 28]
4: [34]
5: [34]
6: [34]
7: [34]
8: [28]
9: [15]
10: [21, 15]
11: [21, 22, 15]
12: [22, 15]
13: [15]
14: [15]
15: [34]
16: [28]
17: [15]
18: [4, 5, 3]
19: [6, 4, 5, 3]
20: [6, 3, 5]
21: [3, 6]
22: [15]
23: [34]
24: [28]
25: [15]
26: [4, 5, 3]
27: [6, 4]
28: [5]
29: [3, 6]
30: [15]
31: [34]
32: [42, 28]
33: [15]
34: [10, 4, 5, 3]
35: [6, 10, 4]
36: [10, 5]
37: [3, 10, 6]
38: [15]
39: [42, 34]
40: [42, 28, 43]
41: [19, 15]
42: [10, 4, 5, 3]
43: []
44: [3, 10, 5, 6]
45: [3, 10, 6]
46: [15, 19]
47: [43, 42, 34]
48: [28, 43]
49: [19]
50: [19, 21]
51: [22, 19, 21]
52: [22, 19]
53: [19]
54: [19]
55: [43, 34]
56: [28]
57: [28]
58: [28]
59: [28, 34]
60: [34]
61: [34]
62: [34]
63: [34]
44
0: [29]
1: [29]
2: [29]
3: [29]
4: [35, 29]
5: [35]
6: [35]
7: [35]
8: [29]
9: [15]
10: [15]
11: [22, 15]
12: [22, 23, 15]
13: [23, 15]
14: [15]
15: [35]
16: [29]
17: [15]
18: [5, 3]
19: [6, 3, 5]
20: [7, 3, 6, 5]
21: [3, 7, 6]
22: [15]
23: [35]
24: [29]
25: [15]
26: [5, 3]
27: [6]
28: [7, 5]
29: [3, 7, 6]
30: [15]
31: [35]
32: [42, 29]
33: [15]
34: [10, 5, 3]
35: [6, 10]
36: [7, 10, 5]
37: [3, 10, 7, 6]
38: [15]
39: [42, 35]
40: [42, 29, 43]
41: [19, 15]
42: [10, 5, 3]
43: [10, 5, 6, 3]
44: []
45: [3, 10, 7, 6]
46: [15, 19]
47: [43, 42, 35]
48: [29, 43]
49: [19]
50: [19]
51: [19, 22]
52: [23, 19, 22]
53: [23, 19]
54: [19]
55: [43, 35]
56: [29]
57: [29]
58: [29]
59: [29]
60: [29, 35]
61: [35]
62: [35]
63: [35]
45
0: [30]
1: [30]
2: [30]
3: [30]
4: [30]
5: [36, 30]
6: [36]
7: [36]
8: [30]
9: [15]
10: [15]
11: [15]
12: [23, 15]
13: [23, 15, 24]
14: [15, 24]
15: [36]
16: [30]
17: [15]
18: [3]
19: [3, 6]
20: [3, 7, 6]
21: [3, 7, 6]
22: [15, 24]
23: [36]
24: [30]
25: [15]
26: [3]
27: [6]
28: [7]
29: [3, 7, 6]
30: [15, 24]
31: [36]
32: [42, 30]
33: [15]
34: [10, 3]
35: [6, 10]
36: [7, 10]
37: [3, 10, 7, 6]
38: [15, 24]
39: [36, 42]
40: [42, 30, 43]
41: [19, 15]
42: [10, 3]
43: [10, 6, 3]
44: [10, 6, 7, 3]
45: []
46: [15, 24, 19]
47: [43, 36, 42]
48: [30, 43]
49: [19]
50: [19]
51: [19]
52: [19, 23]
53: [24, 19, 23]
54: [24, 19]
55: [43, 36]
56: [30]
57: [30]
58: [30]
59: [30]
60: [30]
61: [30, 36]
62: [36]
63: [36]
46
0: [31]
1: [31]
2: [31]
3: [31]
4: [31]
5: [31]
6: [37, 31]
7: [37]
8: [31]
9: [15, 11]
10: [15, 11]
11: [15, 11]
12: [15, 11]
13: [24, 15, 11]
14: [24, 15, 11]
15: [37]
16: [31]
17: [16, 11, 15]
18: [16]
19: [16]
20: [16]
21: [16, 24]
22: [16, 24, 15, 11]
23: [37]
24: [31]
25: [17, 16, 11, 15]
26: [17]
27: [17]
28: [17]
29: [17, 24]
30: [16, 17, 24, 15, 11]
31: [37]
32: [42, 31]
33: [18, 17, 11, 16, 15]
34: [18]
35: [18]
36: [18]
37: [18, 24]
38: [15, 16, 17, 18, 24, 11]
39: [37, 42]
40: [42, 43, 31]
41: [19, 18, 11, 17, 16, 15]
42: [19, 15]
43: [19, 15]
44: [19, 15]
45: [19, 24, 15]
46: []
47: [43, 37, 42]
48: [43, 31]
49: [19, 11, 18, 17, 16]
50: [11, 19, 18, 17, 16]
51: [11, 19, 18, 17, 16]
52: [11, 19, 18, 17, 16]
53: [11, 24, 19, 18, 17, 16]
54: [11, 24, 19, 18, 17, 16]
55: [43, 37]
56: [31]
57: [31]
58: [31]
59: [31]
60: [31]
61: [31]
62: [31, 37]
63: [37]
47
0: [25]
1: [25, 32]
2: [25, 33, 32]
3: [25, 34, 33, 32]
4: [25, 35, 34, 33, 32]
5: [25, 36, 35, 34, 33, 32]
6: [25, 37, 36, 35, 34, 33, 32]
7: [25, 37, 36, 35, 34, 33, 32]
8: [25]
9: [32]
10: [33]
11: [34]
12: [35]
13: [36]
14: [37]
15: [25, 37, 36, 35, 34, 33, 32]
16: [25]
17: [32]
18: [33]
19: [34]
20: [35]
21: [36]
22: [37]
23: [25, 37, 36, 35, 34, 33, 32]
24: [25]
25: [32]
26: [33]
27: [34]
28: [35]
29: [36]
30: [37]
31: [25, 37, 36, 35, 34, 33, 32]
32: [42, 25]
33: [42, 32]
34: [33, 42]
35: [34, 42]
36: [35, 42]
37: [36, 42]
38: [37, 42]
39: [25, 42, 37, 36, 35, 34, 33, 32]
40: [42, 43, 25]
41: [42, 32, 43]
42: [42, 33, 43]
43: [42, 34, 43]
44: [42, 35, 43]
45: [42, 36, 43]
46: [42, 37, 43]
47: []
48: [43, 25]
49: [43, 32]
50: [43, 33]
51: [43, 34]
52: [43, 35]
53: [43, 36]
54: [43, 37]
55: [32, 33, 34, 35, 36, 37, 43, 25]
56: [25]
57: [32, 25]
58: [32, 33, 25]
59: [32, 33, 34, 25]
60: [32, 33, 34, 35, 25]
61: [32, 33, 34, 35, 36, 25]
62: [32, 33, 34, 35, 36, 37, 25]
63: [32, 33, 34, 35, 36, 37, 25]
48
0: [26, 27, 28, 29, 30, 31, 25]
1: [26, 27, 28, 29, 30, 31, 25]
2: [27, 28, 29, 30, 31, 25]
3: [28, 29, 30, 31, 25]
4: [29, 30, 31, 25]
5: [30, 31, 25]
6: [31, 25]
7: [25]
8: [26, 27, 28, 29, 30, 31, 25]
9: [26]
10: [27]
11: [28]
12: [29]
13: [30]
14: [31]
15: [25]
16: [26, 27, 28, 29, 30, 31, 25]
17: [26]
18: [27]
19: [28]
20: [29]
21: [30]
22: [31]
23: [25]
24: [26, 27, 28, 29, 30, 31, 25]
25: [26]
26: [27]
27: [28]
28: [29]
29: [30]
30: [31]
31: [25]
32: [26, 27, 28, 29, 30, 31, 25]
33: [26]
34: [27]
35: [28]
36: [29]
37: [30]
38: [31]
39: [25]
40: [43, 26, 27, 28, 29, 30, 31, 25]
41: [43, 26]
42: [43, 27]
43: [43, 28]
44: [43, 29]
45: [43, 30]
46: [43, 31]
47: [43, 25]
48: []
49: [44, 26, 43]
50: [44, 43, 27]
51: [44, 43, 28]
52: [44, 43, 29]
53: [44, 43, 30]
54: [44, 43, 31]
55: [44, 25, 43]
56: [25, 26, 44, 27, 28, 29, 30, 31]
57: [25, 26, 44, 27, 28, 29, 30, 31]
58: [25, 44, 27, 28, 29, 30, 31]
59: [25, 44, 28, 29, 30, 31]
60: [25, 44, 29, 30, 31]
61: [25, 44, 30, 31]
62: [25, 44, 31]
63: [25, 44]
49
0: [26]
1: [32, 26]
2: [32]
3: [32]
4: [32]
5: [32]
6: [32]
7: [32]
8: [26]
9: [11, 20]
10: [11, 20]
11: [11]
12: [11]
13: [11]
14: [11]
15: [32]
16: [26]
17: [11, 20, 16]
18: [20, 16]
19: [16]
20: [16]
21: [16]
22: [16, 11]
23: [32]
24: [26]
25: [11, 20, 17, 16]
26: [20, 17]
27: [17]
28: [17]
29: [17]
30: [16, 17, 11]
31: [32]
32: [26]
33: [11, 20, 18, 17, 16]
34: [20, 18]
35: [18]
36: [18]
37: [18]
38: [16, 17, 18, 11]
39: [32]
40: [43, 26]
41: [11, 19, 20, 18, 17, 16]
42: [20, 19]
43: [19]
44: [19]
45: [19]
46: [16, 17, 18, 19, 11]
47: [43, 32]
48: [43, 26, 44]
49: []
50: [16, 17, 18, 19, 20, 11]
51: [16, 17, 18, 19, 11]
52: [16, 17, 18, 19, 11]
53: [16, 17, 18, 19, 11]
54: [16, 17, 18, 19, 11]
55: [44, 43, 32]
56: [26, 44]
57: [26, 44, 32]
58: [44, 32]
59: [44, 32]
60: [44, 32]
61: [44, 32]
62: [44, 32]
63: [44, 32]
50
0: [27]
1: [27]
2: [33, 27]
3: [33]
4: [33]
5: [33]
6: [33]
7: [33]
8: [27]
9: [11, 20]
10: [20, 11, 21]
11: [21, 11]
12: [11]
13: [11]
14: [11]
15: [33]
16: [27]
17: [11, 20, 16]
18: [20, 21, 16]
19: [21, 16]
20: [16]
21: [16]
22: [16, 11]
23: [33]
24: [27]
25: [11, 20, 17, 16]
26: [20, 21, 17]
27: [21, 17]
28: [17]
29: [17]
30: [16, 17, 11]
31: [33]
32: [27]
33: [11, 20, 18, 17, 16]
34: [20, 18, 21]
35: [21, 18]
36: [18]
37: [18]
38: [16, 17, 18, 11]
39: [33]
40: [43, 27]
41: [11, 19, 20, 18, 17, 16]
42: [20, 19, 21]
43: [21, 19]
44: [19]
45: [19]
46: [16, 17, 18, 19, 11]
47: [43, 33]
48: [43, 27, 44]
49: [11, 19, 20, 18, 17, 16]
50: []
51: [16, 17, 18, 19, 21, 11]
52: [16, 17, 18, 19, 11]
53: [16, 17, 18, 19, 11]
54: [16, 17, 18, 19, 11]
55: [44, 43, 33]
56: [27, 44]
57: [27, 44]
58: [27, 44, 33]
59: [44, 33]
60: [44, 33]
61: [44, 33]
62: [44, 33]
63: [44, 33]
51
0: [28]
1: [28]
2: [28]
3: [34, 28]
4: [34]
5: [34]
6: [34]
7: [34]
8: [28]
9: [11]
10: [21, 11]
11: [21, 22, 11]
12: [22, 11]
13: [11]
14: [11]
15: [34]
16: [28]
17: [11, 16]
18: [21, 16]
19: [21, 22, 16]
20: [22, 16]
21: [16]
22: [16, 11]
23: [34]
24: [28]
25: [11, 17, 16]
26: [21, 17]
27: [21, 17, 22]
28: [22, 17]
29: [17]
30: [16, 17, 11]
31: [34]
32: [28]
33: [11, 18, 17, 16]
34: [18, 21]
35: [21, 18, 22]
36: [22, 18]
37: [18]
38: [16, 17, 18, 11]
39: [34]
40: [43, 28]
41: [11, 19, 18, 17, 16]
42: [19, 21]
43: [21, 19, 22]
44: [22, 19]
45: [19]
46: [16, 17, 18, 19, 11]
47: [43, 34]
48: [43, 28, 44]
49: [11, 19, 18, 17, 16]
50: [11, 19, 21, 18, 17, 16]
51: []
52: [16, 17, 18, 19, 22, 11]
53: [16, 17, 18, 19, 11]
54: [16, 17, 18, 19, 11]
55: [44, 43, 34]
56: [28, 44]
57: [28, 44]
58: [28, 44]
59: [28, 44, 34]
60: [44, 34]
61: [44, 34]
62: [44, 34]
63: [44, 34]
52
0: [29]
1: [29]
2: [29]
3: [29]
4: [35, 29]
5: [35]
6: [35]
7: [35]
8: [29]
9: [11]
10: [11]
11: [22, 11]
12: [22, 23, 11]
13: [23, 11]
14: [11]
15: [35]
16: [29]
17: [11, 16]
18: [16]
19: [22, 16]
20: [22, 16, 23]
21: [23, 16]
22: [16, 11]
23: [35]
24: [29]
25: [11, 17, 16]
26: [17]
27: [17, 22]
28: [22, 17, 23]
29: [23, 17]
30: [16, 17, 11]
31: [35]
32: [29]
33: [11, 18, 17, 16]
34: [18]
35: [18, 22]
36: [22, 18, 23]
37: [23, 18]
38: [16, 17, 18, 11]
39: [35]
40: [43, 29]
41: [11, 19, 18, 17, 16]
42: [19]
43: [19, 22]
44: [22, 19, 23]
45: [23, 19]
46: [16, 17, 18, 19, 11]
47: [43, 35]
48: [43, 29, 44]
49: [11, 19, 18, 17, 16]
50: [11, 19, 18, 17, 16]
51: [11, 19, 22, 18, 17, 16]
52: []
53: [16, 17, 18, 19, 23, 11]
54: [16, 17, 18, 19, 11]
55: [44, 43, 35]
56: [29, 44]
57: [29, 44]
58: [29, 44]
59: [29, 44]
60: [29, 44, 35]
61: [44, 35]
62: [44, 35]
63: [44, 35]
53
0: [30]
1: [30]
2: [30]
3: [30]
4: [30]
5: [36, 30]
6: [36]
7: [36]
8: [30]
9: [11]
10: [11]
11: [11]
12: [23, 11]
13: [23, 24, 11]
14: [24, 11]
15: [36]
16: [30]
17: [11, 16]
18: [16]
19: [16]
20: [16, 23]
21: [23, 16, 24]
22: [16, 24, 11]
23: [36]
24: [30]
25: [11, 17, 16]
26: [17]
27: [17]
28: [17, 23]
29: [23, 17, 24]
30: [16, 17, 24, 11]
31: [36]
32: [30]
33: [11, 18, 17, 16]
34: [18]
35: [18]
36: [18, 23]
37: [23, 18, 24]
38: [16, 17, 18, 24, 11]
39: [36]
40: [43, 30]
41: [11, 19, 18, 17, 16]
42: [19]
43: [19]
44: [19, 23]
45: [23, 19, 24]
46: [16, 17, 18, 19, 24, 11]
47: [43, 36]
48: [43, 30, 44]
49: [11, 19, 18, 17, 16]
50: [11, 19, 18, 17, 16]
51: [11, 19, 18, 17, 16]
52: [11, 19, 23, 18, 17, 16]
53: []
54: [16, 17, 18, 19, 24, 11]
55: [44, 43, 36]
56: [30, 44]
57: [30, 44]
58: [30, 44]
59: [30, 44]
60: [30, 44]
61: [30, 44, 36]
62: [44, 36]
63: [44, 36]
54
0: [31]
1: [31]
2: [31]
3: [31]
4: [31]
5: [31]
6: [37, 31]
7: [37]
8: [31]
9: [11]
10: [11]
11: [11]
12: [11]
13: [24, 11]
14: [24, 11]
15: [37]
16: [31]
17: [16, 11]
18: [16]
19: [16]
20: [16]
21: [16, 24]
22: [16, 24, 11]
23: [37]
24: [31]
25: [17, 11, 16]
26: [17]
27: [17]
28: [17]
29: [17, 24]
30: [16, 17, 24, 11]
31: [37]
32: [31]
33: [18, 11, 17, 16]
34: [18]
35: [18]
36: [18]
37: [18, 24]
38: [16, 17, 18, 24, 11]
39: [37]
40: [43, 31]
41: [19, 11, 18, 17, 16]
42: [19]
43: [19]
44: [19]
45: [19, 24]
46: [16, 17, 18, 19, 24, 11]
47: [37, 43]
48: [43, 31, 44]
49: [11, 19, 18, 17, 16]
50: [11, 19, 18, 17, 16]
51: [11, 19, 18, 17, 16]
52: [11, 19, 18, 17, 16]
53: [11, 24, 19, 18, 17, 16]
54: []
55: [44, 37, 43]
56: [31, 44]
57: [31, 44]
58: [31, 44]
59: [31, 44]
60: [31, 44]
61: [31, 44]
62: [31, 44, 37]
63: [44, 37]
55
0: [25]
1: [25, 32]
2: [25, 33, 32]
3: [25, 34, 33, 32]
4: [25, 35, 34, 33, 32]
5: [25, 36, 35, 34, 33, 32]
6: [25, 37, 36, 35, 34, 33, 32]
7: [25, 37, 36, 35, 34, 33, 32]
8: [25]
9: [32]
10: [33]
11: [34]
12: [35]
13: [36]
14: [37]
15: [25, 37, 36, 35, 34, 33, 32]
16: [25]
17: [32]
18: [33]
19: [34]
20: [35]
21: [36]
22: [37]
23: [25, 37, 36, 35, 34, 33, 32]
24: [25]
25: [32]
26: [33]
27: [34]
28: [35]
29: [36]
30: [37]
31: [25, 37, 36, 35, 34, 33, 32]
32: [25]
33: [32]
34: [33]
35: [34]
36: [35]
37: [36]
38: [37]
39: [25, 37, 36, 35, 34, 33, 32]
40: [43, 25]
41: [32, 43]
42: [33, 43]
43: [34, 43]
44: [35, 43]
45: [36, 43]
46: [37, 43]
47: [25, 43, 37, 36, 35, 34, 33, 32]
48: [43, 44, 25]
49: [43, 32, 44]
50: [43, 33, 44]
51: [43, 34, 44]
52: [43, 35, 44]
53: [43, 36, 44]
54: [43, 37, 44]
55: []
56: [44, 25]
57: [32, 44, 25]
58: [32, 33, 44, 25]
59: [32, 33, 34, 44, 25]
60: [32, 33, 34, 35, 44, 25]
61: [32, 33, 34, 35, 36, 44, 25]
62: [32, 33, 34, 35, 36, 37, 44, 25]
63: [32, 33, 34, 35, 36, 37, 44, 25]
56
0: [26, 27, 28, 29, 30, 31, 25]
1: [26, 27, 28, 29, 30, 31, 25]
2: [27, 28, 29, 30, 31, 25]
3: [28, 29, 30, 31, 25]
4: [29, 30, 31, 25]
5: [30, 31, 25]
6: [31, 25]
7: [25]
8: [26, 27, 28, 29, 30, 31, 25]
9: [26]
10: [27]
11: [28]
12: [29]
13: [30]
14: [31]
15: [25]
16: [26, 27, 28, 29, 30, 31, 25]
17: [26]
18: [27]
19: [28]
20: [29]
21: [30]
22: [31]
23: [25]
24: [26, 27, 28, 29, 30, 31, 25]
25: [26]
26: [27]
27: [28]
28: [29]
29: [30]
30: [31]
31: [25]
32: [26, 27, 28, 29, 30, 31, 25]
33: [26]
34: [27]
35: [28]
36: [29]
37: [30]
38: [31]
39: [25]
40: [26, 27, 28, 29, 30, 31, 25]
41: [26]
42: [27]
43: [28]
44: [29]
45: [30]
46: [31]
47: [25]
48: [44, 26, 27, 28, 29, 30, 31, 25]
49: [44, 26]
50: [44, 27]
51: [44, 28]
52: [44, 29]
53: [44, 30]
54: [44, 31]
55: [25, 44]
56: []
57: [25, 26, 44, 27, 28, 29, 30, 31]
58: [25, 44, 27, 28, 29, 30, 31]
59: [25, 44, 28, 29, 30, 31]
60: [25, 44, 29, 30, 31]
61: [25, 44, 30, 31]
62: [25, 44, 31]
63: [25, 44]
57
0: [26, 27, 28, 29, 30, 31, 25]
1: [32, 26, 27, 28, 29, 30, 31, 25]
2: [32, 27, 28, 29, 30, 31, 25]
3: [32, 28, 29, 30, 31, 25]
4: [32, 29, 30, 31, 25]
5: [32, 30, 31, 25]
6: [32, 25, 31]
7: [32, 25]
8: [26, 27, 28, 29, 30, 31, 25]
9: [32, 26]
10: [27]
11: [28]
12: [29]
13: [30]
14: [31]
15: [25, 32]
16: [26, 27, 28, 29, 30, 31, 25]
17: [32, 26]
18: [27]
19: [28]
20: [29]
21: [30]
22: [31]
23: [25, 32]
24: [26, 27, 28, 29, 30, 31, 25]
25: [32, 26]
26: [27]
27: [28]
28: [29]
29: [30]
30: [31]
31: [25, 32]
32: [26, 27, 28, 29, 30, 31, 25]
33: [32, 26]
34: [27]
35: [28]
36: [29]
37: [30]
38: [31]
39: [25, 32]
40: [26, 27, 28, 29, 30, 31, 25]
41: [32, 26]
42: [27]
43: [28]
44: [29]
45: [30]
46: [31]
47: [25, 32]
48: [44, 26, 27, 28, 29, 30, 31, 25]
49: [32, 44, 26]
50: [44, 27]
51: [44, 28]
52: [44, 29]
53: [44, 30]
54: [44, 31]
55: [25, 44, 32]
56: [44, 26, 27, 28, 29, 30, 31, 25]
57: []
58: [25, 44, 27, 28, 29, 30, 32, 31]
59: [25, 44, 28, 29, 30, 32, 31]
60: [25, 44, 29, 30, 32, 31]
61: [25, 44, 30, 32, 31]
62: [25, 44, 32, 31]
63: [25, 44, 32]
58
0: [27, 28, 29, 30, 31, 25]
1: [32, 27, 28, 29, 30, 31, 25]
2: [33, 32, 27, 28, 29, 30, 31, 25]
3: [33, 32, 28, 29, 30, 31, 25]
4: [33, 32, 29, 30, 31, 25]
5: [33, 32, 25, 30, 31]
6: [33, 32, 25, 31]
7: [25, 33, 32]
8: [27, 28, 29, 30, 31, 25]
9: [32]
10: [33, 27]
11: [28]
12: [29]
13: [30]
14: [31]
15: [25, 33, 32]
16: [27, 28, 29, 30, 31, 25]
17: [32]
18: [33, 27]
19: [28]
20: [29]
21: [30]
22: [31]
23: [25, 33, 32]
24: [27, 28, 29, 30, 31, 25]
25: [32]
26: [33, 27]
27: [28]
28: [29]
29: [30]
30: [31]
31: [25, 33, 32]
32: [27, 28, 29, 30, 31, 25]
33: [32]
34: [33, 27]
35: [28]
36: [29]
37: [30]
38: [31]
39: [25, 33, 32]
40: [27, 28, 29, 30, 31, 25]
41: [32]
42: [33, 27]
43: [28]
44: [29]
45: [30]
46: [31]
47: [25, 33, 32]
48: [44, 27, 28, 29, 30, 31, 25]
49: [32, 44]
50: [33, 44, 27]
51: [44, 28]
52: [44, 29]
53: [44, 30]
54: [44, 31]
55: [25, 44, 33, 32]
56: [44, 27, 28, 29, 30, 31, 25]
57: [32, 44, 27, 28, 29, 30, 31, 25]
58: []
59: [25, 44, 28, 29, 33, 30, 32, 31]
60: [25, 44, 29, 33, 30, 32, 31]
61: [25, 44, 33, 30, 32, 31]
62: [25, 44, 33, 32, 31]
63: [25, 44, 33, 32]
59
0: [28, 29, 30, 31, 25]
1: [32, 28, 29, 30, 31, 25]
2: [33, 32, 28, 29, 30, 31, 25]
3: [34, 33, 32, 28, 29, 30, 31, 25]
4: [34, 33, 32, 25, 29, 30, 31]
5: [34, 33, 32, 25, 30, 31]
6: [34, 25, 33, 32, 31]
7: [25, 34, 33, 32]
8: [28, 29, 30, 31, 25]
9: [32]
10: [33]
11: [34, 28]
12: [29]
13: [30]
14: [31]
15: [25, 34, 33, 32]
16: [28, 29, 30, 31, 25]
17: [32]
18: [33]
19: [34, 28]
20: [29]
21: [30]
22: [31]
23: [25, 34, 33, 32]
24: [28, 29, 30, 31, 25]
25: [32]
26: [33]
27: [34, 28]
28: [29]
29: [30]
30: [31]
31: [25, 34, 33, 32]
32: [28, 29, 30, 31, 25]
33: [32]
34: [33]
35: [34, 28]
36: [29]
37: [30]
38: [31]
39: [25, 34, 33, 32]
40: [28, 29, 30, 31, 25]
41: [32]
42: [33]
43: [34, 28]
44: [29]
45: [30]
46: [31]
47: [25, 34, 33, 32]
48: [44, 28, 29, 30, 31, 25]
49: [32, 44]
50: [33, 44]
51: [34, 44, 28]
52: [44, 29]
53: [44, 30]
54: [44, 31]
55: [25, 44, 34, 33, 32]
56: [44, 28, 29, 30, 31, 25]
57: [32, 44, 28, 29, 30, 31, 25]
58: [32, 33, 44, 28, 29, 30, 31, 25]
59: []
60: [25, 44, 34, 29, 33, 30, 32, 31]
61: [25, 44, 34, 33, 30, 32, 31]
62: [25, 44, 34, 33, 32, 31]
63: [25, 44, 34, 33, 32]
60
0: [29, 30, 31, 25]
1: [32, 29, 30, 31, 25]
2: [33, 32, 29, 30, 31, 25]
3: [34, 33, 32, 25, 29, 30, 31]
4: [35, 34, 33, 32, 25, 29, 30, 31]
5: [35, 34, 25, 33, 32, 30, 31]
6: [35, 25, 34, 33, 32, 31]
7: [25, 35, 34, 33, 32]
8: [29, 30, 31, 25]
9: [32]
10: [33]
11: [34]
12: [35, 29]
13: [30]
14: [31]
15: [25, 35, 34, 33, 32]
16: [29, 30, 31, 25]
17: [32]
18: [33]
19: [34]
20: [35, 29]
21: [30]
22: [31]
23: [25, 35, 34, 33, 32]
24: [29, 30, 31, 25]
25: [32]
26: [33]
27: [34]
28: [35, 29]
29: [30]
30: [31]
31: [25, 35, 34, 33, 32]
32: [29, 30, 31, 25]
33: [32]
34: [33]
35: [34]
36: [35, 29]
37: [30]
38: [31]
39: [25, 35, 34, 33, 32]
40: [29, 30, 31, 25]
41: [32]
42: [33]
43: [34]
44: [35, 29]
45: [30]
46: [31]
47: [25, 35, 34, 33, 32]
48: [44, 29, 30, 31, 25]
49: [32, 44]
50: [33, 44]
51: [34, 44]
52: [35, 44, 29]
53: [44, 30]
54: [44, 31]
55: [25, 44, 35, 34, 33, 32]
56: [44, 29, 30, 31, 25]
57: [32, 44, 29, 30, 31, 25]
58: [32, 33, 44, 29, 30, 31, 25]
59: [32, 33, 34, 44, 29, 30, 31, 25]
60: []
61: [25, 44, 35, 34, 33, 30, 32, 31]
62: [25, 44, 35, 34, 33, 32, 31]
63: [25, 44, 35, 34, 33, 32]
61
0: [30, 31, 25]
1: [32, 30, 31, 25]
2: [33, 32, 25, 30, 31]
3: [34, 33, 32, 25, 30, 31]
4: [35, 34, 25, 33, 32, 30, 31]
5: [36, 35, 25, 34, 33, 32, 30, 31]
6: [36, 25, 35, 34, 33, 32, 31]
7: [25, 36, 35, 34, 33, 32]
8: [30, 31, 25]
9: [32]
10: [33]
11: [34]
12: [35]
13: [36, 30]
14: [31]
15: [25, 36, 35, 34, 33, 32]
16: [30, 31, 25]
17: [32]
18: [33]
19: [34]
20: [35]
21: [36, 30]
22: [31]
23: [25, 36, 35, 34, 33, 32]
24: [30, 31, 25]
25: [32]
26: [33]
27: [34]
28: [35]
29: [36, 30]
30: [31]
31: [25, 36, 35, 34, 33, 32]
32: [30, 31, 25]
33: [32]
34: [33]
35: [34]
36: [35]
37: [36, 30]
38: [31]
39: [25, 36, 35, 34, 33, 32]
40: [30, 31, 25]
41: [32]
42: [33]
43: [34]
44: [35]
45: [36, 30]
46: [31]
47: [25, 36, 35, 34, 33, 32]
48: [44, 30, 31, 25]
49: [32, 44]
50: [33, 44]
51: [34, 44]
52: [35, 44]
53: [36, 44, 30]
54: [44, 31]
55: [25, 44, 36, 35, 34, 33, 32]
56: [44, 30, 31, 25]
57: [32, 44, 30, 31, 25]
58: [32, 33, 44, 30, 31, 25]
59: [32, 33, 34, 44, 30, 31, 25]
60: [32, 33, 34, 35, 44, 30, 31, 25]
61: []
62: [25, 44, 36, 35, 34, 33, 32, 31]
63: [25, 44, 36, 35, 34, 33, 32]
62
0: [31, 25]
1: [32, 25, 31]
2: [33, 32, 25, 31]
3: [34, 25, 33, 32, 31]
4: [35, 25, 34, 33, 32, 31]
5: [36, 25, 35, 34, 33, 32, 31]
6: [37, 25, 36, 35, 34, 33, 32, 31]
7: [25, 37, 36, 35, 34, 33, 32]
8: [31, 25]
9: [32]
10: [33]
11: [34]
12: [35]
13: [36]
14: [37, 31]
15: [25, 37, 36, 35, 34, 33, 32]
16: [31, 25]
17: [32]
18: [33]
19: [34]
20: [35]
21: [36]
22: [37, 31]
23: [25, 37, 36, 35, 34, 33, 32]
24: [31, 25]
25: [32]
26: [33]
27: [34]
28: [35]
29: [36]
30: [37, 31]
31: [25, 37, 36, 35, 34, 33, 32]
32: [31, 25]
33: [32]
34: [33]
35: [34]
36: [35]
37: [36]
38: [37, 31]
39: [25, 37, 36, 35, 34, 33, 32]
40: [31, 25]
41: [32]
42: [33]
43: [34]
44: [35]
45: [36]
46: [37, 31]
47: [25, 37, 36, 35, 34, 33, 32]
48: [44, 31, 25]
49: [32, 44]
50: [33, 44]
51: [34, 44]
52: [35, 44]
53: [36, 44]
54: [37, 44, 31]
55: [25, 44, 37, 36, 35, 34, 33, 32]
56: [44, 31, 25]
57: [32, 44, 31, 25]
58: [32, 33, 44, 31, 25]
59: [32, 33, 34, 44, 31, 25]
60: [32, 33, 34, 35, 44, 31, 25]
61: [32, 33, 34, 35, 36, 44, 31, 25]
62: []
63: [25, 44, 37, 36, 35, 34, 33, 32]
63
0: [25]
1: [32, 25]
2: [25, 33, 32]
3: [25, 34, 33, 32]
4: [25, 35, 34, 33, 32]
5: [25, 36, 35, 34, 33, 32]
6: [25, 37, 36, 35, 34, 33, 32]
7: [25, 37, 36, 35, 34, 33, 32]
8: [25]
9: [32]
10: [33]
11: [34]
12: [35]
13: [36]
14: [37]
15: [25, 37, 36, 35, 34, 33, 32]
16: [25]
17: [32]
18: [33]
19: [34]
20: [35]
21: [36]
22: [37]
23: [25, 37, 36, 35, 34, 33, 32]
24: [25]
25: [32]
26: [33]
27: [34]
28: [35]
29: [36]
30: [37]
31: [25, 37, 36, 35, 34, 33, 32]
32: [25]
33: [32]
34: [33]
35: [34]
36: [35]
37: [36]
38: [37]
39: [25, 37, 36, 35, 34, 33, 32]
40: [25]
41: [32]
42: [33]
43: [34]
44: [35]
45: [36]
46: [37]
47: [25, 37, 36, 35, 34, 33, 32]
48: [44, 25]
49: [32, 44]
50: [33, 44]
51: [34, 44]
52: [35, 44]
53: [36, 44]
54: [37, 44]
55: [25, 44, 37, 36, 35, 34, 33, 32]
56: [44, 25]
57: [32, 44, 25]
58: [32, 33, 44, 25]
59: [32, 33, 34, 44, 25]
60: [32, 33, 34, 35, 44, 25]
61: [32, 33, 34, 35, 36, 44, 25]
62: [32, 33, 34, 35, 36, 37, 44, 25]
63: []
