8.7968	2	23	8.78923	2	22	7.98885	2	18	0	0	0	0.00499391	0.00471	0.00536	0.00499401	0.00471	0.00536	0.00895208	0.00824333	0.00963	0.0089524	0.00824333	0.00963	1.7926	1.79263	8.99038	
8.84591	2	28	8.82992	2	22	8.01282	2	18	0	0	0	0.0100062	0.00962333	0.01048	0.010006	0.00962333	0.01048	0.0180378	0.0172933	0.0192367	0.0180374	0.0172933	0.0192367	1.80265	1.80266	9.0144	
8.86266	2	25	8.83775	2	22	8.03735	2	18	0	0	0	0.0150311	0.0145233	0.0156967	0.0150309	0.0145233	0.0156967	0.02704	0.0259333	0.0284833	0.0270398	0.0259333	0.0284833	1.79893	1.79895	9.01886	
8.88625	2	30	8.85067	2	24	8.05694	2	21	0	0	0	0.020063	0.0194867	0.0205667	0.0200631	0.01949	0.0205667	0.0360579	0.0347767	0.0372567	0.0360585	0.0347767	0.0372567	1.79723	1.79725	9.0265	
8.91581	2	34	8.87017	2	22	8.06611	2	21	0	0	0	0.0250671	0.02449	0.0257333	0.0250669	0.0244867	0.0257367	0.0451318	0.0439833	0.0464533	0.0451319	0.0439833	0.0464567	1.80044	1.80046	9.03584	
8.94079	2	36	8.88193	2	26	8.07574	2	22	0	0	0	0.0300682	0.02949	0.0307167	0.0300681	0.0294933	0.0307133	0.0541228	0.0526633	0.0563	0.0541222	0.0526667	0.0563	1.8	1.79999	9.04061	
8.97424	2	33	8.90164	2	24	8.10445	2	22	0	0	0	0.0350706	0.0342367	0.0362133	0.0350701	0.0342333	0.0362133	0.0631154	0.0612733	0.06533	0.063115	0.0612733	0.06533	1.79966	1.79968	9.05181	
9.00879	2	42	8.9233	2	34	8.11972	2	34	0	0	0	0.0400941	0.0389867	0.0411167	0.0400936	0.0389867	0.04112	0.072177	0.0700667	0.0745967	0.0721769	0.0700667	0.0746	1.80019	1.80021	9.06466	
9.03644	2	43	8.93357	2	34	8.13333	2	34	0	0	0	0.0450691	0.04441	0.0457233	0.0450682	0.0444133	0.0457233	0.0810798	0.07946	0.0826367	0.0810779	0.0794633	0.0826567	1.79901	1.799	9.06798	
9.06832	2	42	8.94789	2	25	8.1478	2	22	0	0	0	0.050078	0.04917	0.05091	0.0500777	0.0491633	0.05091	0.090079	0.0880267	0.09225	0.0900784	0.0880167	0.0922467	1.79877	1.79877	9.07553	
9.11647	2	45	8.97635	2	38	8.16889	2	38	0	0	0	0.055088	0.0541533	0.0558567	0.0550877	0.05415	0.05585	0.0990448	0.0965533	0.101737	0.0990436	0.09655	0.10173	1.79794	1.79793	9.09346	
9.15889	2	50	8.99454	2	38	8.1948	2	38	0	0	0	0.0600776	0.0585933	0.0612533	0.0600771	0.0585867	0.0612533	0.108018	0.105313	0.110653	0.108017	0.105293	0.110653	1.79797	1.79797	9.10149	
9.2115	2	59	9.02055	2	38	8.21169	2	34	0	0	0	0.0651088	0.0641933	0.06608	0.0651089	0.0641933	0.0660767	0.117103	0.115033	0.120723	0.117103	0.115037	0.120737	1.79857	1.79857	9.11663	
9.25587	2	58	9.03831	2	42	8.23276	2	38	0	0	0	0.0700993	0.0692433	0.0712167	0.0700991	0.0692467	0.0712133	0.126046	0.123663	0.128517	0.126046	0.123673	0.128537	1.79811	1.79811	9.12539	
9.31632	2	56	9.06133	2	39	8.25263	2	39	0	0	0	0.0750704	0.0737167	0.0760867	0.0750703	0.0737133	0.07609	0.134952	0.131797	0.13759	0.134951	0.131793	0.13759	1.79767	1.79767	9.13578	
9.37294	2	63	9.08499	2	40	8.28057	2	40	0	0	0	0.0800622	0.0788433	0.08149	0.0800626	0.07884	0.08149	0.143966	0.141463	0.14713	0.143967	0.141467	0.14713	1.79817	1.79818	9.14771	
9.43839	2	67	9.11121	2	40	8.30143	2	40	0	0	0	0.0850492	0.0838967	0.0865433	0.0850496	0.0838967	0.08654	0.152894	0.149913	0.155517	0.152894	0.149897	0.155517	1.79771	1.79771	9.16122	
9.51003	2	77	9.13465	2	45	8.32903	2	41	0	0	0	0.0900403	0.0881367	0.0912167	0.0900402	0.0881367	0.09122	0.161919	0.158543	0.16451	0.16192	0.158537	0.164513	1.7983	1.79831	9.1705	
9.59046	2	70	9.16434	2	45	8.36125	2	45	0	0	0	0.0950421	0.09396	0.0965867	0.095042	0.0939533	0.0965867	0.170904	0.16843	0.17513	0.170903	0.16843	0.175127	1.79819	1.79819	9.18464	
9.67596	2	112	9.18368	2	42	8.37185	2	42	0	0	0	0.100014	0.0985767	0.101243	0.100014	0.0985833	0.10124	0.179775	0.176603	0.18299	0.179776	0.17661	0.18299	1.7975	1.79751	9.19113	
9.78513	2	82	9.21952	2	42	8.40509	2	42	0	0	0	0.105002	0.103807	0.106227	0.105002	0.10381	0.106237	0.188774	0.18556	0.191903	0.188774	0.185563	0.191893	1.79782	1.79781	9.2099	
9.91698	2	99	9.25449	2	42	8.44536	2	42	0	0	0	0.110025	0.108787	0.111333	0.110026	0.108787	0.111333	0.197877	0.1946	0.20158	0.197879	0.194613	0.201577	1.79847	1.79848	9.22508	
10.037	2	115	9.28329	2	49	8.47034	2	45	0	0	0	0.115005	0.113727	0.116963	0.115005	0.113727	0.11697	0.206856	0.20342	0.21087	0.206858	0.20342	0.210877	1.79868	1.79868	9.23642	
10.1931	2	137	9.31957	2	46	8.50731	2	46	0	0	0	0.119998	0.118613	0.121213	0.119998	0.118613	0.121213	0.215819	0.211733	0.21892	0.21582	0.211737	0.218933	1.79853	1.79853	9.25186	
10.3701	2	134	9.35502	2	44	8.54091	2	44	0	0	0	0.124993	0.12335	0.12636	0.124993	0.123347	0.12636	0.224817	0.22087	0.228107	0.224817	0.220867	0.22812	1.79863	1.79863	9.26723	
10.5818	2	146	9.39335	2	48	8.5742	2	48	0	0	0	0.129989	0.128747	0.13121	0.12999	0.128743	0.131213	0.233857	0.230573	0.237133	0.23386	0.230573	0.237133	1.79906	1.79906	9.28074	
10.8651	2	159	9.43399	2	48	8.61399	2	48	0	0	0	0.134996	0.133797	0.136793	0.134996	0.133797	0.136793	0.242939	0.23918	0.246713	0.242938	0.23917	0.246713	1.7996	1.7996	9.29635	
11.1634	2	166	9.47253	2	46	8.65686	2	45	0	0	0	0.139994	0.1387	0.142043	0.139995	0.138693	0.142037	0.251935	0.248517	0.255967	0.251937	0.24853	0.255947	1.79962	1.79961	9.31132	
11.5978	2	214	9.52066	2	50	8.69509	2	50	0	0	0	0.14498	0.1435	0.146687	0.14498	0.143493	0.146697	0.260957	0.257767	0.264273	0.260957	0.257767	0.264283	1.79996	1.79995	9.32729	
12.1231	2	259	9.57016	2	47	8.7432	2	47	0	0	0	0.149981	0.14896	0.151417	0.149981	0.14893	0.151413	0.270074	0.265633	0.274083	0.270074	0.265643	0.274083	1.80072	1.80072	9.34671	
12.9358	2	300	9.62054	2	75	8.79266	2	75	0	0	0	0.154962	0.153983	0.15644	0.154963	0.153983	0.15644	0.279055	0.27535	0.282653	0.279057	0.27535	0.282667	1.80079	1.8008	9.3645	
14.0916	2	323	9.66999	2	53	8.83809	2	53	0	0	0	0.159973	0.15789	0.16147	0.159972	0.157883	0.161467	0.288068	0.28388	0.291447	0.288066	0.28387	0.29146	1.80072	1.80072	9.3785	
16.0716	2	513	9.72465	2	60	8.89316	2	60	0	0	0	0.164998	0.16387	0.166513	0.164998	0.163863	0.166503	0.297156	0.29383	0.300683	0.297157	0.293827	0.300687	1.80097	1.80098	9.39542	
22.1649	2	1227	9.78143	2	71	8.94909	2	71	0	0	0	0.169979	0.168767	0.171415	0.16998	0.168757	0.171417	0.305969	0.303358	0.308893	0.30597	0.303357	0.308893	1.80004	1.80003	9.41272	
451.952	2	41232	9.84422	2	59	9.01133	2	59	0	0	0	0.17498	0.174016	0.175894	0.174881	0.168319	0.175893	0.314981	0.312254	0.316899	0.314809	0.301733	0.316896	1.8001	1.80013	9.42992	
