6.54153	1	36	6.54072	1	36	5.73527	1	32	0	0	0	0.00499391	0.00471	0.00536	0.00499396	0.00471	0.00536	0.00895208	0.00824333	0.00963	0.00895208	0.00824333	0.00963	1.7926	1.79258	6.74082	
6.60845	1	41	6.60686	1	37	5.80054	1	37	0	0	0	0.0100062	0.00962333	0.01048	0.0100061	0.00962333	0.01048	0.0180378	0.0172933	0.0192367	0.0180378	0.0172933	0.0192367	1.80265	1.80268	6.78956	
6.66683	1	40	6.66437	1	40	5.8701	1	36	0	0	0	0.0150311	0.0145233	0.0156967	0.015031	0.0145233	0.0156967	0.02704	0.0259333	0.0284833	0.0270398	0.0259333	0.0284833	1.79893	1.79893	6.84395	
6.71316	1	42	6.71004	1	39	5.91302	1	36	0	0	0	0.020063	0.0194867	0.0205667	0.020063	0.0194867	0.0205667	0.0360579	0.0347767	0.0372567	0.0360586	0.0347767	0.0372567	1.79723	1.79727	6.88512	
6.76773	1	43	6.76358	1	42	5.96723	1	38	0	0	0	0.0250671	0.02449	0.0257333	0.0250668	0.0244867	0.0257367	0.0451318	0.0439833	0.0464533	0.0451317	0.0439833	0.0464567	1.80044	1.80046	6.92837	
6.82765	1	43	6.82145	1	40	6.01883	1	38	0	0	0	0.0300682	0.02949	0.0307167	0.0300679	0.0294933	0.0307133	0.0541228	0.0526633	0.0563	0.054122	0.0526667	0.0563	1.8	1.8	6.97963	
6.85994	1	45	6.85271	1	43	6.04164	1	39	0	0	0	0.0350706	0.0342367	0.0362133	0.0350702	0.0342333	0.0362133	0.0631154	0.0612733	0.06533	0.0631149	0.0612733	0.06533	1.79966	1.79968	7.00432	
6.91688	1	52	6.90774	1	52	6.1054	1	52	0	0	0	0.0400941	0.0389867	0.0411167	0.0400937	0.0389867	0.04112	0.072177	0.0700667	0.0745967	0.0721763	0.0700667	0.0746	1.80019	1.80019	7.05232	
6.98114	1	48	6.96993	1	41	6.15938	1	39	0	0	0	0.0450691	0.04441	0.0457233	0.0450684	0.04441	0.0457233	0.0810798	0.07946	0.0826367	0.081078	0.0794633	0.08265	1.79901	1.799	7.1084	
7.01566	1	52	7.00217	1	52	6.19214	1	52	0	0	0	0.050078	0.04917	0.05091	0.0500778	0.0491667	0.05091	0.090079	0.0880267	0.09225	0.0900784	0.0880333	0.0922433	1.79877	1.79877	7.1337	
7.07365	1	54	7.05784	1	44	6.24267	1	42	0	0	0	0.055088	0.0541533	0.0558567	0.0550875	0.0541533	0.0558533	0.0990448	0.0965533	0.101737	0.0990439	0.0965533	0.101733	1.79794	1.79794	7.18319	
7.12606	1	55	7.10716	1	44	6.29261	1	41	0	0	0	0.0600776	0.0585933	0.0612533	0.0600772	0.05859	0.0612533	0.108018	0.105313	0.110653	0.108017	0.105297	0.110653	1.79797	1.79797	7.22694	
7.18488	1	53	7.16261	1	52	6.34605	1	52	0	0	0	0.0651088	0.0641933	0.06608	0.0651085	0.0641933	0.0660767	0.117103	0.115033	0.120723	0.117103	0.115037	0.120737	1.79857	1.79858	7.27311	
7.2227	1	59	7.19726	1	48	6.37992	1	48	0	0	0	0.0700993	0.0692433	0.0712167	0.0700989	0.06925	0.0712133	0.126046	0.123663	0.128517	0.126046	0.123677	0.128527	1.79811	1.79812	7.30213	
7.2727	1	63	7.24209	1	51	6.41628	1	51	0	0	0	0.0750704	0.0737167	0.0760867	0.0750699	0.0737167	0.07609	0.134952	0.131797	0.13759	0.134951	0.131797	0.13759	1.79767	1.79767	7.34066	
7.32972	1	66	7.29512	1	56	6.47393	1	56	0	0	0	0.0800622	0.0788433	0.08149	0.0800622	0.07884	0.08149	0.143966	0.141463	0.14713	0.143966	0.141477	0.14713	1.79817	1.79817	7.38408	
7.37639	1	69	7.33753	1	49	6.50948	1	49	0	0	0	0.0850492	0.0838967	0.0865433	0.0850488	0.0838933	0.08654	0.152894	0.149913	0.155517	0.152893	0.149903	0.155517	1.79771	1.79772	7.42221	
7.43273	1	70	7.38807	1	60	6.55675	1	57	0	0	0	0.0900403	0.0881367	0.0912167	0.0900397	0.0881367	0.09122	0.161919	0.158543	0.16451	0.161919	0.158537	0.16451	1.7983	1.79831	7.46402	
7.47959	1	80	7.42795	1	56	6.59366	1	56	0	0	0	0.0950421	0.09396	0.0965867	0.0950425	0.0939533	0.09659	0.170904	0.16843	0.17513	0.170904	0.168433	0.175127	1.79819	1.79818	7.49665	
7.53186	1	68	7.47218	1	54	6.6427	1	52	0	0	0	0.100014	0.0985767	0.101243	0.100013	0.09858	0.101243	0.179775	0.176603	0.18299	0.179775	0.176607	0.18299	1.7975	1.79751	7.53392	
7.5839	1	73	7.51502	1	68	6.67702	1	64	0	0	0	0.105002	0.103807	0.106227	0.105002	0.10381	0.106233	0.188774	0.18556	0.191903	0.188775	0.185557	0.19189	1.79782	1.79783	7.5692	
7.63366	1	74	7.55592	1	66	6.71776	1	62	0	0	0	0.110025	0.108787	0.111333	0.110025	0.108787	0.11133	0.197877	0.1946	0.20158	0.197878	0.194613	0.201577	1.79847	1.79848	7.60328	
7.68885	1	72	7.5996	1	64	6.75974	1	62	0	0	0	0.115005	0.113727	0.116963	0.115005	0.113727	0.116973	0.206856	0.20342	0.21087	0.206857	0.20342	0.210893	1.79868	1.79868	7.63819	
7.74596	1	76	7.64539	1	69	6.79967	1	69	0	0	0	0.119998	0.118613	0.121213	0.119998	0.11861	0.121213	0.215819	0.211733	0.21892	0.215822	0.211743	0.21893	1.79853	1.79854	7.6766	
7.81682	1	77	7.70464	1	75	6.85655	1	75	0	0	0	0.124993	0.12335	0.12636	0.124993	0.123343	0.12636	0.224817	0.22087	0.228107	0.224819	0.220863	0.228123	1.79863	1.79865	7.72547	
7.86529	1	110	7.73675	1	66	6.88554	1	66	0	0	0	0.129989	0.128747	0.13121	0.129989	0.128743	0.131213	0.233857	0.230573	0.237133	0.233858	0.23057	0.237147	1.79906	1.79907	7.7499	
7.92208	1	96	7.77522	1	64	6.92186	1	64	0	0	0	0.134996	0.133797	0.136793	0.134996	0.1338	0.13679	0.242939	0.23918	0.246713	0.242939	0.239167	0.24671	1.7996	1.7996	7.78072	
7.98113	1	94	7.81787	1	69	6.96496	1	65	0	0	0	0.139994	0.1387	0.142043	0.139994	0.138693	0.142037	0.251935	0.248517	0.255967	0.251935	0.24853	0.255963	1.79962	1.79962	7.814	
8.03674	1	92	7.858	1	71	7.00515	1	67	0	0	0	0.14498	0.1435	0.146687	0.144979	0.143503	0.1467	0.260957	0.257767	0.264273	0.260956	0.25777	0.264287	1.79996	1.79996	7.8457	
8.11039	1	103	7.90404	1	101	7.04793	1	97	0	0	0	0.149981	0.14896	0.151417	0.149982	0.14896	0.151413	0.270074	0.265633	0.274083	0.270076	0.26564	0.274093	1.80072	1.80073	7.88396	
8.18502	1	111	7.95218	1	73	7.09125	1	73	0	0	0	0.154962	0.153983	0.15644	0.154961	0.153983	0.156437	0.279055	0.27535	0.282653	0.279053	0.275333	0.282663	1.80079	1.80079	7.92101	
8.25899	1	126	7.99676	1	68	7.13356	1	68	0	0	0	0.159973	0.15789	0.16147	0.159973	0.157887	0.161467	0.288068	0.28388	0.291447	0.288067	0.283873	0.291447	1.80072	1.80072	7.9569	
8.32247	1	144	8.02285	1	80	7.15678	1	80	0	0	0	0.164998	0.16387	0.166513	0.164998	0.163867	0.166507	0.297156	0.29383	0.300683	0.297159	0.29385	0.300693	1.80097	1.80098	7.975	
8.40167	1	146	8.07172	1	96	7.20558	1	96	0	0	0	0.170008	0.168587	0.171523	0.170008	0.168587	0.171523	0.306168	0.30249	0.30979	0.30617	0.30249	0.309793	1.80091	1.80092	8.01437	
8.4821	1	154	8.10609	1	78	7.23126	1	74	0	0	0	0.175015	0.17378	0.176443	0.175016	0.173777	0.176443	0.315161	0.309647	0.319467	0.315164	0.309673	0.31949	1.80077	1.80077	8.04057	
8.57857	1	150	8.14744	1	74	7.27681	1	72	0	0	0	0.180034	0.178163	0.18141	0.180035	0.178177	0.181407	0.324183	0.32065	0.327567	0.324183	0.32065	0.327577	1.80068	1.80067	8.0726	
8.66502	1	146	8.19077	1	79	7.30575	1	75	0	0	0	0.185041	0.1837	0.186537	0.185043	0.1837	0.186537	0.333238	0.329753	0.336673	0.333241	0.329753	0.336683	1.80089	1.80088	8.10669	
8.78824	1	266	8.23453	1	76	7.35282	1	75	0	0	0	0.190052	0.188987	0.191353	0.190053	0.18899	0.191353	0.342298	0.3384	0.345987	0.342301	0.338403	0.345987	1.80108	1.80108	8.13912	
8.89114	1	227	8.27781	1	85	7.39752	1	81	0	0	0	0.195077	0.19343	0.196657	0.195077	0.193433	0.19667	0.351373	0.34831	0.3549	0.351372	0.348323	0.3549	1.8012	1.8012	8.17356	
8.99049	1	220	8.30798	1	75	7.41931	1	73	0	0	0	0.200077	0.198647	0.202083	0.200076	0.19864	0.202093	0.360248	0.356233	0.365297	0.360249	0.35624	0.365307	1.80055	1.80055	8.19576	
9.13498	1	226	8.35146	1	74	7.46532	1	74	0	0	0	0.20508	0.20363	0.206777	0.20508	0.20363	0.206773	0.369223	0.36587	0.372783	0.369223	0.365887	0.372797	1.80038	1.80039	8.22834	
9.30355	1	203	8.39046	1	76	7.50301	1	76	0	0	0	0.210069	0.208173	0.2115	0.210067	0.208173	0.211497	0.378256	0.37335	0.38255	0.378252	0.373323	0.382483	1.80062	1.80062	8.25549	
9.51359	1	306	8.43622	1	79	7.55074	1	79	0	0	0	0.215034	0.213277	0.21678	0.215034	0.213277	0.216777	0.387101	0.38325	0.39125	0.387102	0.38324	0.391243	1.80019	1.80019	8.29132	
9.64771	1	345	8.46542	1	77	7.57189	1	75	0	0	0	0.220028	0.217783	0.221743	0.220027	0.217767	0.22174	0.396088	0.390813	0.39951	0.396089	0.390803	0.399503	1.80017	1.80018	8.31205	
9.87423	1	368	8.51549	1	80	7.62131	1	80	0	0	0	0.225021	0.222313	0.226663	0.22502	0.22232	0.226663	0.405055	0.399957	0.409987	0.405053	0.399953	0.409993	1.80008	1.80008	8.35157	
10.1368	1	307	8.55432	1	83	7.65944	1	83	0	0	0	0.230021	0.227957	0.231717	0.230021	0.227953	0.23172	0.413976	0.409087	0.41777	0.413977	0.409093	0.41775	1.79973	1.79974	8.37974	
10.4071	1	335	8.60065	1	80	7.70465	1	80	0	0	0	0.235028	0.23363	0.236853	0.235026	0.233627	0.23684	0.423043	0.4198	0.42848	0.423041	0.41981	0.42846	1.79997	1.79998	8.41509	
10.8075	1	395	8.64003	1	93	7.74077	1	93	0	0	0	0.240019	0.238327	0.24225	0.240017	0.238327	0.242237	0.432012	0.427083	0.436387	0.43201	0.427087	0.43637	1.79991	1.79992	8.44225	
11.1966	1	440	8.67202	1	83	7.77404	1	82	0	0	0	0.245024	0.24343	0.246467	0.245023	0.24343	0.246467	0.441096	0.435677	0.446587	0.441096	0.435687	0.446557	1.80021	1.80022	8.46554	
12.0092	1	703	8.72414	1	104	7.82015	1	104	0	0	0	0.250008	0.248418	0.251918	0.250006	0.24842	0.25192	0.450102	0.446862	0.453877	0.450098	0.446867	0.453867	1.80035	1.80035	8.50005	
12.5289	1	651	8.76135	1	79	7.85788	1	78	0	0	0	0.255016	0.252767	0.25653	0.255021	0.25276	0.256523	0.459117	0.455247	0.46585	0.459125	0.45524	0.465857	1.80035	1.80034	8.52945	
13.5431	1	1236	8.79911	1	86	7.89206	1	86	0	0	0	0.260024	0.258227	0.261787	0.260025	0.258233	0.261783	0.468142	0.463863	0.473947	0.468143	0.463877	0.473943	1.80038	1.80038	8.55341	
14.9367	1	857	8.84289	1	102	7.93342	1	102	0	0	0	0.265018	0.263463	0.267173	0.265026	0.26346	0.267183	0.477196	0.473417	0.482283	0.477212	0.473407	0.48227	1.80062	1.80062	8.58491	
16.0624	1	1005	8.88384	1	86	7.97412	1	86	0	0	0	0.270026	0.268485	0.271713	0.270028	0.26848	0.271715	0.486155	0.482725	0.489725	0.486158	0.482715	0.489733	1.8004	1.8004	8.61431	
20.5989	1	1287	8.92534	1	97	8.01829	1	96	0	0	0	0.275011	0.273879	0.27688	0.275017	0.273874	0.27688	0.494987	0.492316	0.499429	0.494998	0.492311	0.49942	1.79988	1.79988	8.64395	
161.989	1	12146	8.95514	1	114	8.04387	1	110	0	0	0	0.280003	0.278731	0.281537	0.279962	0.27645	0.281533	0.503954	0.501574	0.506829	0.503878	0.496999	0.506874	1.79981	1.79981	8.66455	
515.208	1	47422	8.99912	1	108	8.08665	1	108	0	0	0	0.284998	0.283959	0.286131	0.284797	0.26972	0.286711	0.512884	0.509863	0.516537	0.512524	0.4866	0.516539	1.79961	1.79961	8.69453	
