8.12947	2	37	8.12361	2	37	7.32472	2	35	0	0	0	0.00499391	0.00471	0.00536	0.00499401	0.00471	0.00536	0.00895208	0.00824333	0.00963	0.00895229	0.00824333	0.00963	1.7926	1.79261	8.30261	
8.27454	2	39	8.26428	2	39	7.42798	2	36	0	0	0	0.0100062	0.00962333	0.01048	0.0100061	0.00962333	0.01048	0.0180378	0.0172933	0.0192367	0.0180376	0.0172933	0.0192367	1.80265	1.80265	8.40458	
8.34478	2	40	8.32714	2	40	7.53788	2	36	0	0	0	0.0150311	0.0145233	0.0156967	0.015031	0.0145233	0.0157	0.02704	0.0259333	0.0284833	0.0270397	0.0259333	0.0284833	1.79893	1.79893	8.44463	
8.44406	2	43	8.41933	2	41	7.62689	2	39	0	0	0	0.020063	0.0194867	0.0205667	0.0200632	0.0194867	0.0205667	0.0360579	0.0347767	0.0372567	0.0360585	0.0347767	0.0372567	1.79723	1.79725	8.51434	
8.53058	2	47	8.49863	2	44	7.70011	2	42	0	0	0	0.0250671	0.02449	0.0257333	0.0250669	0.0244867	0.0257367	0.0451318	0.0439833	0.0464533	0.0451318	0.0439833	0.0464567	1.80044	1.80045	8.56636	
8.61918	2	44	8.57862	2	44	7.78057	2	40	0	0	0	0.0300682	0.02949	0.0307167	0.030068	0.0294933	0.0307133	0.0541228	0.0526633	0.0563	0.0541221	0.0526667	0.0563	1.8	1.79999	8.62328	
8.69964	2	64	8.65042	2	50	7.85487	2	48	0	0	0	0.0350706	0.0342367	0.0362133	0.0350699	0.0342333	0.0362133	0.0631154	0.0612733	0.06533	0.0631145	0.0612733	0.06533	1.79966	1.79968	8.67177	
8.77187	2	72	8.71402	2	58	7.91073	2	58	0	0	0	0.0400941	0.0389867	0.0411167	0.0400937	0.0389867	0.04112	0.072177	0.0700667	0.0745967	0.0721769	0.0700667	0.0746	1.80019	1.8002	8.71554	
8.84845	2	70	8.7796	2	48	7.98095	2	48	0	0	0	0.0450691	0.04441	0.0457233	0.0450684	0.0444133	0.0457233	0.0810798	0.07946	0.0826367	0.0810783	0.0794633	0.0826567	1.79901	1.799	8.76244	
8.91482	2	88	8.83319	2	48	8.03509	2	48	0	0	0	0.050078	0.04917	0.05091	0.0500779	0.0491633	0.05091	0.090079	0.0880267	0.09225	0.0900786	0.0880333	0.0922467	1.79877	1.79877	8.79648	
8.9953	2	75	8.90221	2	48	8.09409	2	48	0	0	0	0.055088	0.0541533	0.0558567	0.0550873	0.05415	0.05585	0.0990448	0.0965533	0.101737	0.0990434	0.09655	0.10173	1.79794	1.79793	8.8493	
9.05774	2	89	8.95143	2	67	8.14311	2	67	0	0	0	0.0600776	0.0585933	0.0612533	0.0600771	0.05859	0.06125	0.108018	0.105313	0.110653	0.108017	0.105297	0.11065	1.79797	1.79798	8.87666	
9.13898	2	134	9.01597	2	56	8.20693	2	56	0	0	0	0.0651088	0.0641933	0.06608	0.0651086	0.0641933	0.0660767	0.117103	0.115033	0.120723	0.117102	0.115033	0.120737	1.79857	1.79857	8.92505	
9.2011	2	93	9.06013	2	49	8.25207	2	48	0	0	0	0.0700993	0.0692433	0.0712167	0.0700995	0.0692467	0.0712133	0.126046	0.123663	0.128517	0.126047	0.123673	0.12853	1.79811	1.79811	8.95283	
9.27924	2	117	9.11356	2	52	8.30521	2	52	0	0	0	0.0750704	0.0737167	0.0760867	0.0750702	0.07372	0.07609	0.134952	0.131797	0.13759	0.134951	0.1318	0.13759	1.79767	1.79767	8.98811	
9.35195	2	162	9.16355	2	60	8.35802	2	60	0	0	0	0.0800622	0.0788433	0.08149	0.0800622	0.0788367	0.08149	0.143966	0.141463	0.14713	0.143966	0.14146	0.14713	1.79817	1.79818	9.01933	
9.41807	2	126	9.20464	2	56	8.39055	2	56	0	0	0	0.0850492	0.0838967	0.0865433	0.0850498	0.0838933	0.08654	0.152894	0.149913	0.155517	0.152894	0.149893	0.155517	1.79771	1.7977	9.04608	
9.50917	2	194	9.25682	2	62	8.45453	2	62	0	0	0	0.0900403	0.0881367	0.0912167	0.0900403	0.0881367	0.09122	0.161919	0.158543	0.16451	0.16192	0.158537	0.164517	1.7983	1.79831	9.07955	
9.58285	2	170	9.29704	2	61	8.49478	2	57	0	0	0	0.0950421	0.09396	0.0965867	0.0950421	0.0939533	0.0965867	0.170904	0.16843	0.17513	0.170904	0.168447	0.175127	1.79819	1.79819	9.10297	
9.65933	2	183	9.33	2	64	8.51874	2	64	0	0	0	0.100014	0.0985767	0.101243	0.100014	0.0985833	0.101247	0.179775	0.176603	0.18299	0.179778	0.17661	0.183007	1.7975	1.79752	9.12173	
9.75482	2	186	9.37559	2	56	8.56454	2	56	0	0	0	0.105002	0.103807	0.106227	0.105002	0.103813	0.106237	0.188774	0.18556	0.191903	0.188774	0.185563	0.191893	1.79782	1.79781	9.15255	
9.8719	2	187	9.42243	2	69	8.62249	2	65	0	0	0	0.110025	0.108787	0.111333	0.110025	0.10879	0.11133	0.197877	0.1946	0.20158	0.197878	0.194613	0.201577	1.79847	1.79847	9.18138	
9.95834	2	205	9.46033	2	75	8.65233	2	75	0	0	0	0.115005	0.113727	0.116963	0.115005	0.113727	0.11697	0.206856	0.20342	0.21087	0.206857	0.20342	0.210877	1.79868	1.79868	9.20413	
10.0778	2	304	9.48942	2	67	8.68061	2	67	0	0	0	0.119998	0.118613	0.121213	0.119998	0.118613	0.121213	0.215819	0.211733	0.21892	0.215821	0.211747	0.21892	1.79853	1.79854	9.21889	
10.2427	2	498	9.53195	2	74	8.72697	2	74	0	0	0	0.124993	0.12335	0.12636	0.124993	0.123347	0.12636	0.224817	0.22087	0.228107	0.224817	0.220867	0.22812	1.79863	1.79863	9.24511	
10.3575	2	278	9.57465	2	76	8.7641	2	72	0	0	0	0.129989	0.128747	0.13121	0.12999	0.128743	0.131213	0.233857	0.230573	0.237133	0.233861	0.230573	0.23713	1.79906	1.79907	9.27361	
10.5687	2	440	9.60789	2	77	8.80163	2	73	0	0	0	0.134996	0.133797	0.136793	0.134996	0.133797	0.136793	0.242939	0.23918	0.246713	0.242939	0.23917	0.246713	1.7996	1.7996	9.28612	
10.7947	2	462	9.64531	2	76	8.84536	2	76	0	0	0	0.139994	0.1387	0.142043	0.139993	0.138693	0.142037	0.251935	0.248517	0.255967	0.251935	0.248527	0.255963	1.79962	1.79962	9.30885	
10.9597	2	583	9.68411	2	70	8.87268	2	66	0	0	0	0.14498	0.1435	0.146687	0.14498	0.143527	0.1467	0.260957	0.257767	0.264273	0.260956	0.257767	0.264287	1.79996	1.79995	9.33066	
11.2947	2	645	9.71844	2	82	8.91506	2	82	0	0	0	0.149981	0.14896	0.151417	0.149982	0.148957	0.151417	0.270074	0.265633	0.274083	0.270076	0.26564	0.27407	1.80072	1.80073	9.34931	
11.647	2	586	9.75787	2	74	8.94791	2	74	0	0	0	0.154962	0.153983	0.15644	0.154958	0.15398	0.15644	0.279055	0.27535	0.282653	0.279048	0.27535	0.282667	1.80079	1.8008	9.37143	
12.2654	2	1131	9.78609	2	80	8.97743	2	80	0	0	0	0.159973	0.15789	0.16147	0.159974	0.157883	0.16147	0.288068	0.28388	0.291447	0.288068	0.28387	0.291443	1.80072	1.80072	9.38366	
12.6658	2	1006	9.81451	2	77	9.00784	2	77	0	0	0	0.164998	0.16387	0.166513	0.164993	0.163867	0.166503	0.297156	0.29383	0.300683	0.297149	0.29387	0.300687	1.80097	1.80097	9.39862	
13.4495	2	1221	9.85965	2	82	9.05227	2	82	0	0	0	0.170008	0.168587	0.171523	0.170005	0.168577	0.171527	0.306168	0.30249	0.30979	0.306165	0.302487	0.309793	1.80091	1.80092	9.42187	
13.4092	2	995	9.87533	2	77	9.07108	2	77	0	0	0	0.174994	0.173283	0.176453	0.174993	0.17329	0.176455	0.315	0.309082	0.318007	0.314998	0.309105	0.318005	1.80007	1.80006	9.43361	
14.8558	2	1501	9.91674	2	81	9.11478	2	81	0	0	0	0.180016	0.178262	0.181188	0.180015	0.178265	0.181193	0.324045	0.321115	0.32676	0.324043	0.321113	0.32677	1.80009	1.80009	9.44943	
15.5446	2	1414	9.94118	2	105	9.13577	2	105	0	0	0	0.185041	0.1837	0.186537	0.185043	0.183707	0.186537	0.333238	0.329753	0.336673	0.333245	0.329787	0.33669	1.80089	1.8009	9.46256	
16.4224	2	1557	9.97097	2	78	9.17002	2	75	0	0	0	0.190024	0.189005	0.191342	0.190032	0.189007	0.19134	0.342049	0.338473	0.345722	0.342061	0.33848	0.34571	1.80003	1.80002	9.48115	
17.7611	2	1558	10.0033	2	81	9.20021	2	81	0	0	0	0.195044	0.193883	0.196118	0.195047	0.193887	0.196115	0.351054	0.348013	0.354205	0.351061	0.348025	0.35421	1.79987	1.79988	9.49362	
19.9419	2	2056	10.0254	2	92	9.21888	2	92	0	0	0	0.200035	0.198488	0.201712	0.200031	0.198485	0.201712	0.360015	0.355347	0.364322	0.36001	0.355355	0.364312	1.79976	1.79977	9.50288	
23.6769	2	2562	10.0673	2	79	9.26661	2	79	0	0	0	0.20508	0.20363	0.206777	0.205093	0.203633	0.20675	0.369223	0.36587	0.372783	0.369247	0.365863	0.372793	1.80038	1.80039	9.52267	
29.7648	2	5503	10.0989	2	81	9.3011	2	81	0	0	0	0.210005	0.208768	0.21136	0.210013	0.208772	0.21136	0.378131	0.374278	0.3817	0.378147	0.374283	0.381693	1.80058	1.80059	9.53446	
29.5851	2	3329	10.1214	2	85	9.31971	2	85	0	0	0	0.215008	0.213822	0.216462	0.215008	0.213822	0.216458	0.387159	0.383503	0.391215	0.387157	0.383558	0.391212	1.80067	1.80066	9.55242	
34.5075	2	3288	10.1505	2	85	9.35146	2	85	0	0	0	0.220014	0.218435	0.221163	0.220013	0.218417	0.22116	0.39613	0.39251	0.399047	0.396127	0.392508	0.399037	1.80048	1.80047	9.55944	
43.2718	2	4356	10.1777	2	117	9.37567	2	117	0	0	0	0.224987	0.223094	0.22651	0.224979	0.22309	0.22651	0.405075	0.401404	0.408558	0.40506	0.401402	0.408748	1.80044	1.80043	9.57344	
74.9536	2	7970	10.2149	2	98	9.41774	2	98	0	0	0	0.22999	0.228707	0.231248	0.229983	0.228713	0.231248	0.414093	0.4115	0.416888	0.414079	0.4115	0.416888	1.80048	1.80048	9.58699	
334.928	2	32890	10.2368	2	84	9.44124	2	84	0	0	0	0.234953	0.233864	0.23607	0.234846	0.228811	0.236046	0.423004	0.42004	0.425981	0.422809	0.41309	0.425637	1.80038	1.80037	9.60032	
