8.81468	3	37	8.81076	3	37	8.00517	3	35	0	0	0	0.00499391	0.00471	0.00536	0.00499401	0.00471	0.00536	0.00895208	0.00824333	0.00963	0.00895229	0.00824333	0.00963	1.7926	1.79261	8.99813	
8.90693	3	39	8.89953	3	39	8.07949	3	36	0	0	0	0.0100062	0.00962333	0.01048	0.0100061	0.00962333	0.01048	0.0180378	0.0172933	0.0192367	0.0180376	0.0172933	0.0192367	1.80265	1.80266	9.0577	
8.96004	3	40	8.94746	3	40	8.15289	3	36	0	0	0	0.0150311	0.0145233	0.0156967	0.015031	0.0145233	0.0156967	0.02704	0.0259333	0.0284833	0.0270398	0.0259333	0.02848	1.79893	1.79893	9.08915	
8.99966	3	43	8.98212	3	41	8.18872	3	39	0	0	0	0.020063	0.0194867	0.0205667	0.0200628	0.0194867	0.0205667	0.0360579	0.0347767	0.0372567	0.0360582	0.0347767	0.0372567	1.79723	1.79727	9.10635	
9.04763	3	47	9.02491	3	44	8.22575	3	40	0	0	0	0.0250671	0.02449	0.0257333	0.0250669	0.0244867	0.0257367	0.0451318	0.0439833	0.0464533	0.045132	0.0439833	0.0464567	1.80044	1.80046	9.13063	
9.11011	3	44	9.0802	3	44	8.28806	3	40	0	0	0	0.0300682	0.02949	0.0307167	0.0300678	0.02949	0.0307067	0.0541228	0.0526633	0.0563	0.054122	0.0526633	0.0563	1.8	1.8	9.16688	
9.13885	3	64	9.10248	3	50	8.305	3	48	0	0	0	0.0350706	0.0342367	0.0362133	0.0350698	0.0342333	0.0362133	0.0631154	0.0612733	0.06533	0.0631146	0.0612733	0.06533	1.79966	1.79968	9.17202	
9.18324	3	72	9.14042	3	58	8.33471	3	58	0	0	0	0.0400941	0.0389867	0.0411167	0.0400939	0.0389867	0.04112	0.072177	0.0700667	0.0745967	0.0721766	0.0700667	0.0746	1.80019	1.80019	9.19378	
9.2325	3	70	9.18029	3	48	8.37564	3	48	0	0	0	0.0450691	0.04441	0.0457233	0.0450684	0.0444133	0.0457233	0.0810798	0.07946	0.0826367	0.0810783	0.0794633	0.08265	1.79901	1.79901	9.21887	
9.27459	3	88	9.21359	3	48	8.41525	3	48	0	0	0	0.050078	0.04917	0.05091	0.0500776	0.04916	0.05091	0.090079	0.0880267	0.09225	0.090078	0.0880333	0.0922467	1.79877	1.79877	9.23715	
9.32292	3	75	9.2516	3	48	8.44356	3	48	0	0	0	0.055088	0.0541533	0.0558567	0.0550869	0.05415	0.05585	0.0990448	0.0965533	0.101737	0.0990428	0.09655	0.10173	1.79794	1.79794	9.26212	
9.37737	3	89	9.29507	3	67	8.49138	3	67	0	0	0	0.0600776	0.0585933	0.0612533	0.060077	0.05859	0.06125	0.108018	0.105313	0.110653	0.108017	0.105297	0.11065	1.79797	1.79798	9.28655	
9.43935	3	134	9.34153	3	56	8.53345	3	56	0	0	0	0.0651088	0.0641933	0.06608	0.0651087	0.0641933	0.0660767	0.117103	0.115033	0.120723	0.117103	0.115037	0.120737	1.79857	1.79857	9.31849	
9.47787	3	101	9.36345	3	60	8.56352	3	60	0	0	0	0.0700993	0.0692433	0.0712167	0.0700991	0.0692467	0.0712133	0.126046	0.123663	0.128517	0.126046	0.123673	0.128537	1.79811	1.79812	9.3284	
9.53083	3	107	9.39759	3	60	8.58893	3	56	0	0	0	0.0750704	0.0737167	0.0760867	0.0750702	0.07372	0.07609	0.134952	0.131797	0.13759	0.134951	0.1318	0.13759	1.79767	1.79767	9.34518	
9.59023	3	162	9.44017	3	60	8.63377	3	60	0	0	0	0.0800622	0.0788433	0.08149	0.0800623	0.0788367	0.08149	0.143966	0.141463	0.14713	0.143967	0.141477	0.14713	1.79817	1.79819	9.37109	
9.64934	3	126	9.47307	3	56	8.66263	3	56	0	0	0	0.0850492	0.0838967	0.0865433	0.0850493	0.0838967	0.08654	0.152894	0.149913	0.155517	0.152894	0.149893	0.155517	1.79771	1.79771	9.39277	
9.7218	3	194	9.51404	3	62	8.70969	3	62	0	0	0	0.0900403	0.0881367	0.0912167	0.0900404	0.0881367	0.0912133	0.161919	0.158543	0.16451	0.16192	0.158537	0.164517	1.7983	1.7983	9.41424	
9.77892	3	170	9.5396	3	57	8.73154	3	57	0	0	0	0.0950421	0.09396	0.0965867	0.0950427	0.0939533	0.0965867	0.170904	0.16843	0.17513	0.170905	0.168447	0.175127	1.79819	1.79819	9.42625	
9.8467	3	183	9.5742	3	64	8.76565	3	64	0	0	0	0.100014	0.0985767	0.101243	0.100014	0.0985867	0.10124	0.179775	0.176603	0.18299	0.179777	0.176613	0.182993	1.7975	1.79752	9.44766	
9.92343	3	193	9.60568	3	62	8.79144	3	62	0	0	0	0.105002	0.103807	0.106227	0.105002	0.103803	0.106237	0.188774	0.18556	0.191903	0.188775	0.185577	0.191893	1.79782	1.79782	9.4662	
10.0167	3	167	9.64531	3	58	8.83589	3	58	0	0	0	0.110025	0.108787	0.111333	0.110026	0.108787	0.111333	0.197877	0.1946	0.20158	0.197879	0.194613	0.201577	1.79847	1.79848	9.48985	
10.1014	3	205	9.68527	3	65	8.87206	3	65	0	0	0	0.115005	0.113727	0.116963	0.115005	0.113727	0.116977	0.206856	0.20342	0.21087	0.206857	0.20342	0.210897	1.79868	1.79868	9.51345	
10.2272	3	304	9.71604	3	66	8.90326	3	66	0	0	0	0.119998	0.118613	0.121213	0.119998	0.118613	0.12121	0.215819	0.211733	0.21892	0.215821	0.211747	0.21893	1.79853	1.79854	9.52666	
10.3488	3	498	9.75417	3	71	8.94279	3	71	0	0	0	0.124993	0.12335	0.12636	0.124994	0.123347	0.126363	0.224817	0.22087	0.228107	0.224819	0.220867	0.228127	1.79863	1.79864	9.5506	
10.4897	3	525	9.79427	3	71	8.97532	3	71	0	0	0	0.129989	0.128747	0.13121	0.12999	0.128743	0.131213	0.233857	0.230573	0.237133	0.23386	0.230573	0.237137	1.79906	1.79907	9.57388	
10.6439	3	464	9.8235	3	72	9.00464	3	72	0	0	0	0.134996	0.133797	0.136793	0.134995	0.133797	0.136793	0.242939	0.23918	0.246713	0.242938	0.239177	0.246713	1.7996	1.7996	9.58598	
10.8349	3	422	9.86096	3	76	9.04962	3	76	0	0	0	0.139994	0.1387	0.142043	0.139993	0.138693	0.142037	0.251935	0.248517	0.255967	0.251934	0.248527	0.255963	1.79962	1.79961	9.60715	
11.0955	3	580	9.90266	3	76	9.08179	3	76	0	0	0	0.14498	0.1435	0.146687	0.144979	0.1435	0.146693	0.260957	0.257767	0.264273	0.260955	0.257767	0.26428	1.79996	1.79995	9.62847	
11.3372	3	686	9.9434	3	82	9.13011	3	82	0	0	0	0.149981	0.14896	0.151417	0.149982	0.148957	0.151413	0.270074	0.265633	0.274083	0.270078	0.265663	0.274087	1.80072	1.80073	9.65302	
11.5283	3	535	9.97675	3	91	9.16155	3	87	0	0	0	0.154962	0.153983	0.15644	0.154958	0.153983	0.15644	0.279055	0.27535	0.282653	0.279047	0.275393	0.282667	1.80079	1.80079	9.66819	
11.8909	3	770	10.0084	3	69	9.18963	3	69	0	0	0	0.159973	0.15789	0.16147	0.159975	0.157887	0.16147	0.288068	0.28388	0.291447	0.28807	0.283873	0.291447	1.80072	1.80072	9.686	
12.4182	3	920	10.0543	3	75	9.23545	3	75	0	0	0	0.164998	0.16387	0.166513	0.164998	0.163867	0.166503	0.297156	0.29383	0.300683	0.297158	0.293847	0.300707	1.80097	1.80098	9.70617	
12.8147	3	839	10.087	3	83	9.27311	3	83	0	0	0	0.170008	0.168587	0.171523	0.170011	0.168577	0.171527	0.306168	0.30249	0.30979	0.306176	0.302487	0.309877	1.80091	1.80092	9.72649	
13.6506	3	1140	10.127	3	86	9.30821	3	86	0	0	0	0.174994	0.173283	0.176453	0.174993	0.173292	0.176455	0.315	0.309082	0.318007	0.314999	0.309105	0.318005	1.80007	1.80007	9.74728	
14.3938	3	1354	10.1595	3	78	9.34542	3	78	0	0	0	0.180034	0.178163	0.18141	0.180034	0.178163	0.181407	0.324183	0.32065	0.327567	0.324182	0.320657	0.327573	1.80068	1.80067	9.7626	
14.9787	3	995	10.1968	3	84	9.37629	3	84	0	0	0	0.185027	0.183955	0.1866	0.185028	0.183963	0.186587	0.333008	0.330257	0.33647	0.333011	0.330245	0.336458	1.79978	1.79979	9.78295	
17.2146	3	1834	10.2356	3	84	9.41471	3	80	0	0	0	0.190052	0.188987	0.191353	0.190051	0.18899	0.191353	0.342298	0.3384	0.345987	0.342298	0.338403	0.345967	1.80108	1.80108	9.80094	
19.6949	3	2141	10.2739	3	79	9.45564	3	79	0	0	0	0.195022	0.193952	0.19614	0.19502	0.193946	0.196144	0.351132	0.34843	0.35453	0.351128	0.348432	0.35453	1.80047	1.80047	9.81965	
41.7944	3	4606	10.2922	3	93	9.46918	3	93	0	0	0	0.199968	0.198981	0.200863	0.199974	0.198956	0.200867	0.360033	0.356964	0.363583	0.360045	0.356933	0.363589	1.80045	1.80045	9.83685	
611.775	3	46118	10.3379	3	104	9.51247	3	104	0	0	0	0.204968	0.204229	0.206014	0.204803	0.195421	0.206011	0.369042	0.366509	0.371941	0.368744	0.352256	0.371937	1.80048	1.80048	9.86002	
