10.3864	1	72	10.3861	1	72	9.58567	1	72	0	0	0	0.00499866	0.00456	0.00529667	0.00499868	0	0.0609267	0.00901014	0.00818667	0.00976667	0.00900988	0	0.109727	1.80251	1.80245	10.5784	
10.6103	1	79	10.61	1	79	9.81611	1	75	0	0	0	0.0100135	0.00957667	0.0104767	0.0100138	0	0.121467	0.0180194	0.0167133	0.0191667	0.0180202	0	0.219067	1.79951	1.79953	10.7997	
10.9663	1	102	10.9654	1	102	10.1631	1	102	0	0	0	0.0150321	0.0144467	0.0157333	0.0150323	0	0.181813	0.0270613	0.02574	0.02888	0.0270613	0	0.328493	1.80023	1.80021	11.1484	
11.4253	1	126	11.4238	1	126	10.6186	1	126	0	0	0	0.0200388	0.01896	0.02063	0.0200391	0	0.24307	0.0360503	0.03408	0.03753	0.0360508	0	0.436323	1.79903	1.79903	11.602	
11.9953	1	157	11.9929	1	157	11.1922	1	153	0	0	0	0.0250457	0.02427	0.0259	0.0250455	0	0.302647	0.0450287	0.0431233	0.04726	0.0450276	0	0.54514	1.79786	1.79783	12.1648	
12.7006	1	144	12.6971	1	144	11.8966	1	142	0	0	0	0.0300466	0.0291633	0.0308833	0.0300468	0	0.36232	0.0540337	0.0523433	0.05599	0.0540345	0	0.651853	1.79833	1.79834	12.8593	
13.5575	1	155	13.5522	1	155	12.7476	1	153	0	0	0	0.0350705	0.0341	0.0359567	0.0350702	0	0.423087	0.0630685	0.0610333	0.0652	0.0630685	0	0.761687	1.79833	1.79835	13.7047	
14.5637	1	184	14.5558	1	184	13.7701	1	184	0	0	0	0.0400701	0.0391767	0.0412133	0.0400704	0	0.483603	0.0720535	0.07	0.07444	0.0720544	0	0.869743	1.79818	1.79819	14.6964	
15.7884	1	209	15.7774	1	209	14.9815	1	205	0	0	0	0.045052	0.04408	0.0459767	0.0450477	0	0.54261	0.0809881	0.07868	0.0831867	0.08098	0	0.977217	1.79766	1.79765	15.9051	
17.261	1	223	17.2453	1	223	16.4293	1	223	0	0	0	0.0500313	0.04901	0.0508733	0.0463508	0	0.558273	0.08998	0.0875233	0.0921367	0.0833333	0	1	1.79847	1.79788	17.3551	
18.9935	1	239	18.9707	1	239	18.1764	1	235	0	0	0	0.0550172	0.0536967	0.0561433	0.0463504	0	0.558257	0.0989539	0.09659	0.10164	0.0833333	0	1	1.7986	1.7979	19.0597	
21.1832	1	232	21.1495	1	232	20.3257	1	231	0	0	0	0.0600335	0.05899	0.0610867	0.0463504	0	0.558263	0.108034	0.105183	0.111413	0.0833333	0	1	1.79956	1.7979	21.2105	
23.8785	1	295	23.8291	1	295	22.9767	1	295	0	0	0	0.0650391	0.06378	0.0665867	0.0463507	0	0.55827	0.117071	0.114347	0.12029	0.0833333	0	1	1.8	1.79789	23.8532	
27.3819	1	266	27.307	1	266	26.4028	1	307	0	0	0	0.0700516	0.0683867	0.0712833	0.0463506	0	0.558253	0.126149	0.12274	0.128863	0.0833333	0	1	1.8008	1.79789	27.2814	
32.0366	1	357	31.9153	1	357	30.9911	1	357	0	0	0	0.0750506	0.0737533	0.07642	0.0463506	0	0.558267	0.135162	0.1309	0.138273	0.0833333	0	1	1.80094	1.79789	31.817	
38.7466	1	340	38.5265	1	340	37.5652	1	418	0	0	0	0.080056	0.07884	0.0811733	0.0463506	0	0.55828	0.144157	0.141343	0.147373	0.0833333	0	1	1.8007	1.79789	38.3081	
50.4039	1	349	49.8518	1	349	48.686	1	401	0	0	0	0.0850664	0.0832533	0.0864733	0.0463504	0	0.558247	0.153203	0.149443	0.15688	0.0833333	0	1	1.80098	1.7979	49.3537	
107.717	1	10109	81.0007	1	438	78.3627	1	481	0	0	0	0.0900691	0.0885467	0.0914667	0.0463511	0	0.558267	0.16217	0.15884	0.165153	0.0833333	0	1	1.8005	1.79787	78.7454	
28258.3	1	524687	105.528	1	1275	103.462	1	1808	0	0	0	0.0950712	0.0934533	0.0964533	0.046348	0	0.558463	0.171144	0.168033	0.17495	0.0833333	0	1	1.80017	1.79799	99.5737	
