11.6346	4	57	11.6345	4	57	10.8165	4	57	0	0	0	0.00499866	0.00456	0.00529667	0.00499854	0	0.0153267	0.00901014	0.00818667	0.00976667	0.0090097	0	0.0282733	1.80251	1.80247	11.8216	
11.7251	4	56	11.7246	4	56	10.9333	4	56	0	0	0	0.0100135	0.00957667	0.0104767	0.0100136	0	0.03067	0.0180194	0.0167133	0.0191667	0.0180198	0	0.0558	1.79951	1.79953	11.9038	
11.8388	4	64	11.8377	4	64	11.0354	4	64	0	0	0	0.0150321	0.0144467	0.0157333	0.0150323	0	0.04582	0.0270613	0.02574	0.02888	0.0270614	0	0.0827567	1.80023	1.80022	12.0053	
11.9434	4	70	11.9418	4	70	11.141	4	70	0	0	0	0.0200388	0.01896	0.02063	0.020039	0	0.0613167	0.0360503	0.03408	0.03753	0.0360508	0	0.10969	1.79903	1.79903	12.0991	
12.0408	4	77	12.038	4	77	11.231	4	77	0	0	0	0.0250457	0.02427	0.0259	0.0250456	0	0.0763767	0.0450287	0.0431233	0.04726	0.0450279	0	0.13707	1.79786	1.79784	12.1844	
12.1569	4	72	12.1524	4	72	11.3451	4	72	0	0	0	0.0300466	0.0291633	0.0308833	0.0300464	0	0.0908667	0.0540337	0.0523433	0.05599	0.0540344	0	0.164837	1.79833	1.79837	12.2878	
12.2549	4	73	12.2485	4	73	11.4367	4	73	0	0	0	0.0350705	0.0341	0.0359567	0.0350704	0	0.106093	0.0630685	0.0610333	0.0652	0.0630687	0	0.191003	1.79833	1.79834	12.3727	
12.377	4	78	12.368	4	78	11.5554	4	78	0	0	0	0.0400701	0.0391767	0.0412133	0.0400698	0	0.121223	0.0720535	0.07	0.07444	0.0720534	0	0.21809	1.79818	1.7982	12.4798	
12.4857	4	113	12.4741	4	113	11.6527	4	113	0	0	0	0.045052	0.04408	0.0459767	0.0450515	0	0.136347	0.0809881	0.07868	0.0831867	0.0809877	0	0.2458	1.79766	1.79767	12.5757	
12.5996	4	100	12.584	4	100	11.7641	4	100	0	0	0	0.0500313	0.04901	0.0508733	0.0500313	0	0.151163	0.08998	0.0875233	0.0921367	0.0899805	0	0.27078	1.79847	1.79848	12.6709	
12.7168	4	96	12.697	4	96	11.8696	4	92	0	0	0	0.0550172	0.0536967	0.0561433	0.0550175	0	0.166307	0.0989539	0.09659	0.10164	0.0989543	0	0.300697	1.7986	1.7986	12.7723	
12.8502	4	109	12.8245	4	109	11.9984	4	105	0	0	0	0.0600335	0.05899	0.0610867	0.0600334	0	0.180883	0.108034	0.105183	0.111413	0.108033	0	0.328577	1.79956	1.79955	12.8846	
12.983	4	100	12.9506	4	100	12.1188	4	100	0	0	0	0.0650391	0.06378	0.0665867	0.065039	0	0.196437	0.117071	0.114347	0.12029	0.11707	0	0.352757	1.8	1.80001	12.996	
13.1196	4	115	13.0793	4	106	12.2401	4	102	0	0	0	0.0700516	0.0683867	0.0712833	0.0700518	0	0.211333	0.126149	0.12274	0.128863	0.126148	0	0.38255	1.8008	1.80078	13.1096	
13.2391	4	115	13.1898	4	115	12.3395	4	111	0	0	0	0.0750506	0.0737533	0.07642	0.0750509	0	0.226463	0.135162	0.1309	0.138273	0.135163	0	0.409213	1.80094	1.80095	13.2073	
13.3913	4	131	13.3299	4	112	12.4876	4	112	0	0	0	0.080056	0.07884	0.0811733	0.0800562	0	0.24099	0.144157	0.141343	0.147373	0.144157	0	0.435687	1.8007	1.8007	13.3312	
13.5256	4	128	13.4504	4	119	12.6015	4	119	0	0	0	0.0850664	0.0832533	0.0864733	0.0850669	0	0.257	0.153203	0.149443	0.15688	0.153204	0	0.464543	1.80098	1.80099	13.4373	
13.686	4	160	13.593	4	115	12.7364	4	115	0	0	0	0.0900691	0.0885467	0.0914667	0.090069	0	0.271917	0.16217	0.15884	0.165153	0.162169	0	0.48956	1.8005	1.8005	13.5613	
13.8359	4	202	13.7216	4	116	12.8599	4	115	0	0	0	0.0950712	0.0934533	0.0964533	0.0950719	0	0.28671	0.171144	0.168033	0.17495	0.171145	0	0.517597	1.80017	1.80016	13.6741	
14.0038	4	216	13.8624	4	139	12.9936	4	135	0	0	0	0.100082	0.0987667	0.101523	0.100083	0	0.30294	0.180153	0.177253	0.18364	0.180154	0	0.54596	1.80005	1.80005	13.7968	
14.1744	4	228	14.0083	4	125	13.1363	4	125	0	0	0	0.105073	0.10369	0.106477	0.105073	0	0.31814	0.189125	0.186487	0.192507	0.189126	0	0.57204	1.79994	1.79994	13.9254	
14.3607	4	224	14.153	4	136	13.2821	4	136	0	0	0	0.110082	0.10778	0.11139	0.110083	0	0.332203	0.198163	0.193513	0.20129	0.198164	0	0.597507	1.80013	1.80014	14.0497	
14.5624	4	307	14.3055	4	149	13.4265	4	149	0	0	0	0.115083	0.11364	0.116393	0.115083	0	0.346477	0.207199	0.202893	0.21033	0.2072	0	0.627687	1.80043	1.80043	14.1818	
14.7717	4	327	14.456	4	153	13.5713	4	153	0	0	0	0.12007	0.118687	0.12167	0.12007	0	0.362233	0.216193	0.211623	0.22023	0.216193	0	0.65367	1.80056	1.80056	14.3102	
15.0049	4	366	14.6077	4	152	13.7123	4	152	0	0	0	0.125066	0.123817	0.126983	0.125066	0	0.376763	0.225136	0.22089	0.229997	0.225138	0	0.680737	1.80014	1.80015	14.439	
15.2815	4	600	14.7751	4	171	13.8824	4	171	0	0	0	0.130063	0.128357	0.132153	0.130065	0	0.39118	0.234111	0.22977	0.237603	0.234114	0	0.705623	1.79998	1.79997	14.5824	
15.5962	4	957	14.9326	4	157	14.0343	4	153	0	0	0	0.135064	0.133177	0.137137	0.135066	0	0.407163	0.243084	0.239097	0.248457	0.243088	0	0.734097	1.79977	1.79978	14.7153	
15.918	4	838	15.0923	4	151	14.189	4	151	0	0	0	0.140073	0.138377	0.142133	0.140075	0	0.42146	0.252125	0.247693	0.256437	0.252128	0	0.760863	1.79996	1.79995	14.8466	
16.4222	4	1258	15.2668	4	166	14.3608	4	166	0	0	0	0.145085	0.143377	0.146543	0.145087	0	0.43734	0.261161	0.256087	0.26578	0.261165	0	0.78593	1.80005	1.80006	14.9898	
16.796	4	787	15.4387	4	161	14.5305	4	157	0	0	0	0.150081	0.14851	0.151733	0.150083	0	0.451603	0.270138	0.266143	0.275763	0.27014	0	0.815363	1.79994	1.79994	15.1332	
17.6562	4	1427	15.6201	4	166	14.7039	4	166	0	0	0	0.155078	0.153263	0.156717	0.155081	0	0.467717	0.279134	0.27502	0.283213	0.279138	0	0.842957	1.79995	1.79996	15.2775	
18.533	4	2171	15.7924	4	226	14.8699	4	222	0	0	0	0.16006	0.158397	0.161573	0.160062	0	0.48284	0.288117	0.284393	0.29214	0.28812	0	0.87066	1.80005	1.80006	15.4173	
19.7513	4	1820	15.9836	4	177	15.0623	4	173	0	0	0	0.165063	0.1631	0.166423	0.165064	0	0.497557	0.297106	0.292593	0.300833	0.297109	0	0.89615	1.79996	1.79996	15.5676	
22.1681	4	4411	16.1775	4	192	15.247	4	188	0	0	0	0.170044	0.16847	0.172013	0.170047	0	0.51154	0.306058	0.302277	0.30997	0.306064	0	0.92361	1.79987	1.79988	15.7126	
24.364	4	4342	16.3696	4	226	15.4311	4	226	0	0	0	0.175	0.17323	0.17653	0.175005	0	0.526798	0.314924	0.3108	0.32049	0.314934	0	0.951207	1.79957	1.79957	15.8646	
30.1975	4	5411	16.5764	4	309	15.6388	4	309	0	0	0	0.180024	0.178988	0.181514	0.180017	0	0.541596	0.323991	0.320716	0.327334	0.323979	0	0.975712	1.79971	1.79971	16.018	
45.8765	4	8583	16.808	4	306	15.87	4	306	0	0	0	0.18503	0.183758	0.18634	0.184986	0	0.555638	0.333005	0.329542	0.336904	0.332924	0	1	1.79974	1.79973	16.1843	
564.304	4	108712	17.0073	4	283	16.0685	4	443	0	0	0	0.18998	0.188994	0.19107	0.188367	0	0.556917	0.341899	0.338244	0.345053	0.339	0	1	1.79966	1.79968	16.3345	
