10.9905	1	55	10.9905	1	55	10.1831	1	51	0	0	0	0.00499866	0.00456	0.00529667	0.00499861	0.00467	0.00529333	0.00901014	0.00818667	0.00976667	0.00900981	0.00817	0.00979667	1.80251	1.80246	11.182	
11.0357	1	52	11.0354	1	52	10.2398	1	50	0	0	0	0.0100135	0.00957667	0.0104767	0.0100137	0.00949667	0.01041	0.0180194	0.0167133	0.0191667	0.01802	0.01667	0.0190967	1.79951	1.79954	11.2244	
11.0779	1	58	11.0774	1	58	10.2749	1	58	0	0	0	0.0150321	0.0144467	0.0157333	0.0150322	0.01454	0.01568	0.0270613	0.02574	0.02888	0.027061	0.02577	0.0284033	1.80023	1.80021	11.2594	
11.1287	1	62	11.1277	1	62	10.32	1	62	0	0	0	0.0200388	0.01896	0.02063	0.0200389	0.0194033	0.0207667	0.0360503	0.03408	0.03753	0.0360505	0.0344467	0.0375833	1.79903	1.79902	11.3058	
11.1818	1	92	11.18	1	92	10.3766	1	88	0	0	0	0.0250457	0.02427	0.0259	0.0250456	0.0243833	0.0256467	0.0450287	0.0431233	0.04726	0.0450283	0.04292	0.0467467	1.79786	1.79785	11.3528	
11.2329	1	72	11.2303	1	72	10.4469	1	72	0	0	0	0.0300466	0.0291633	0.0308833	0.0300463	0.0293933	0.0308267	0.0540337	0.0523433	0.05599	0.054034	0.0515367	0.0563333	1.79833	1.79836	11.3959	
11.2727	1	92	11.2691	1	92	10.4796	1	92	0	0	0	0.0350705	0.0341	0.0359567	0.0350706	0.0341433	0.03581	0.0630685	0.0610333	0.0652	0.0630691	0.0607067	0.06522	1.79833	1.79835	11.4284	
11.3306	1	92	11.3258	1	92	10.5239	1	88	0	0	0	0.0400701	0.0391767	0.0412133	0.0400701	0.0390767	0.0411233	0.0720535	0.07	0.07444	0.0720536	0.0693667	0.0747	1.79818	1.79819	11.4793	
11.3866	1	88	11.3804	1	88	10.5846	1	88	0	0	0	0.045052	0.04408	0.0459767	0.045052	0.0441033	0.0460533	0.0809881	0.07868	0.0831867	0.0809884	0.0786	0.0843467	1.79766	1.79767	11.5279	
11.4418	1	92	11.4335	1	92	10.6322	1	92	0	0	0	0.0500313	0.04901	0.0508733	0.050031	0.04913	0.0512067	0.08998	0.0875233	0.0921367	0.08998	0.0876133	0.0927933	1.79847	1.79848	11.5735	
11.4875	1	92	11.4772	1	92	10.679	1	92	0	0	0	0.0550172	0.0536967	0.0561433	0.0550174	0.0540667	0.0564233	0.0989539	0.09659	0.10164	0.098954	0.0962567	0.102703	1.7986	1.7986	11.6099	
11.5574	1	93	11.5445	1	93	10.7448	1	93	0	0	0	0.0600335	0.05899	0.0610867	0.0600332	0.0589233	0.06113	0.108034	0.105183	0.111413	0.108033	0.1052	0.111303	1.79956	1.79956	11.6688	
11.6214	1	100	11.6058	1	100	10.8038	1	100	0	0	0	0.0650391	0.06378	0.0665867	0.0650389	0.06389	0.06638	0.117071	0.114347	0.12029	0.11707	0.114527	0.12022	1.8	1.8	11.7228	
11.6816	1	99	11.663	1	99	10.8665	1	95	0	0	0	0.0700516	0.0683867	0.0712833	0.0700516	0.0688967	0.0714433	0.126149	0.12274	0.128863	0.126149	0.12307	0.129393	1.8008	1.8008	11.7716	
11.7404	1	96	11.7181	1	96	10.9216	1	96	0	0	0	0.0750506	0.0737533	0.07642	0.0750504	0.0735133	0.0760167	0.135162	0.1309	0.138273	0.135162	0.131807	0.137913	1.80094	1.80095	11.8194	
11.8065	1	102	11.7806	1	102	10.981	1	102	0	0	0	0.080056	0.07884	0.0811733	0.0800562	0.0786433	0.0811867	0.144157	0.141343	0.147373	0.144157	0.140643	0.14684	1.8007	1.8007	11.8745	
11.8772	1	99	11.8462	1	99	11.0431	1	99	0	0	0	0.0850664	0.0832533	0.0864733	0.085067	0.0835033	0.0860633	0.153203	0.149443	0.15688	0.153204	0.149653	0.1561	1.80098	1.80098	11.9329	
11.9488	1	99	11.9133	1	99	11.1045	1	98	0	0	0	0.0900691	0.0885467	0.0914667	0.0900692	0.08885	0.0912867	0.16217	0.15884	0.165153	0.162168	0.158337	0.165483	1.8005	1.80049	11.992	
12.0127	1	135	11.9706	1	135	11.1714	1	135	0	0	0	0.0950712	0.0934533	0.0964533	0.0950716	0.0937833	0.0964067	0.171144	0.168033	0.17495	0.171145	0.167643	0.174573	1.80017	1.80017	12.0411	
12.0837	1	107	12.0364	1	106	11.2275	1	102	0	0	0	0.100082	0.0987667	0.101523	0.100082	0.0987033	0.1014	0.180153	0.177253	0.18364	0.180154	0.176953	0.183873	1.80005	1.80006	12.0994	
12.1545	1	110	12.0997	1	110	11.294	1	110	0	0	0	0.105073	0.10369	0.106477	0.105073	0.103533	0.106533	0.189125	0.186487	0.192507	0.189126	0.18612	0.19276	1.79994	1.79994	12.1541	
12.2276	1	115	12.1652	1	115	11.3591	1	115	0	0	0	0.110082	0.10778	0.11139	0.110083	0.108523	0.11196	0.198163	0.193513	0.20129	0.198164	0.194897	0.202133	1.80013	1.80013	12.2104	
12.2987	1	134	12.2271	1	134	11.421	1	130	0	0	0	0.115083	0.11364	0.116393	0.115083	0.113607	0.11675	0.207199	0.202893	0.21033	0.2072	0.20377	0.211923	1.80043	1.80044	12.2632	
12.3884	1	125	12.3072	1	125	11.4997	1	121	0	0	0	0.12007	0.118687	0.12167	0.120071	0.11826	0.121957	0.216193	0.211623	0.22023	0.216194	0.212253	0.22119	1.80056	1.80056	12.334	
12.4714	1	135	12.3797	1	135	11.5732	1	135	0	0	0	0.125066	0.123817	0.126983	0.125066	0.12341	0.12701	0.225136	0.22089	0.229997	0.225137	0.220583	0.23029	1.80014	1.80015	12.3972	
12.5598	1	120	12.4555	1	120	11.6462	1	120	0	0	0	0.130063	0.128357	0.132153	0.130064	0.128193	0.1319	0.234111	0.22977	0.237603	0.234112	0.22934	0.23914	1.79998	1.79997	12.4637	
12.6408	1	117	12.5238	1	117	11.7163	1	113	0	0	0	0.135064	0.133177	0.137137	0.135064	0.1335	0.13688	0.243084	0.239097	0.248457	0.243086	0.238807	0.248117	1.79977	1.79978	12.5227	
12.7226	1	146	12.5911	1	146	11.785	1	146	0	0	0	0.140073	0.138377	0.142133	0.140073	0.13833	0.141927	0.252125	0.247693	0.256437	0.252126	0.247357	0.257053	1.79996	1.79996	12.5796	
12.8155	1	121	12.6678	1	121	11.8585	1	121	0	0	0	0.145085	0.143377	0.146543	0.145086	0.143223	0.146957	0.261161	0.256087	0.26578	0.261162	0.25647	0.266093	1.80005	1.80005	12.6458	
12.9169	1	133	12.7508	1	133	11.9439	1	133	0	0	0	0.150081	0.14851	0.151733	0.150082	0.148353	0.151743	0.270138	0.266143	0.275763	0.270139	0.26609	0.274517	1.79994	1.79994	12.7183	
13.012	1	146	12.8253	1	146	12.0219	1	146	0	0	0	0.155078	0.153263	0.156717	0.155079	0.153463	0.15678	0.279134	0.27502	0.283213	0.279135	0.27465	0.283193	1.79995	1.79995	12.782	
13.124	1	144	12.9146	1	144	12.1059	1	144	0	0	0	0.16006	0.158397	0.161573	0.160061	0.158397	0.161637	0.288117	0.284393	0.29214	0.288119	0.283517	0.292437	1.80005	1.80006	12.8592	
13.2182	1	151	12.9839	1	151	12.1745	1	151	0	0	0	0.165063	0.1631	0.166423	0.165064	0.163467	0.16662	0.297106	0.292593	0.300833	0.297108	0.29302	0.301887	1.79996	1.79996	12.9172	
13.3319	1	124	13.0699	1	124	12.2575	1	124	0	0	0	0.170044	0.16847	0.172013	0.170046	0.168133	0.17158	0.306058	0.302277	0.30997	0.306062	0.301243	0.310997	1.79987	1.79988	12.9911	
13.4412	1	144	13.148	1	144	12.3336	1	144	0	0	0	0.175031	0.173537	0.176873	0.175033	0.173183	0.17646	0.315013	0.310973	0.321927	0.315017	0.309983	0.319327	1.79976	1.79976	13.0573	
13.568	1	162	13.2405	1	162	12.4273	1	158	0	0	0	0.180031	0.17867	0.181997	0.180033	0.178003	0.18152	0.324079	0.319333	0.329167	0.324082	0.318767	0.327853	1.80013	1.80013	13.1358	
13.6896	1	153	13.3258	1	153	12.5129	1	149	0	0	0	0.185042	0.18355	0.186917	0.185043	0.18348	0.186587	0.333089	0.32838	0.338653	0.333092	0.32823	0.33701	1.80007	1.80008	13.208	
13.8179	1	150	13.413	1	149	12.601	1	149	0	0	0	0.19004	0.18797	0.1918	0.190041	0.188257	0.191497	0.342118	0.33609	0.34706	0.34212	0.33713	0.34673	1.80025	1.80024	13.2814	
13.9517	1	161	13.4955	1	161	12.6812	1	161	0	0	0	0.195043	0.192763	0.19753	0.195044	0.19334	0.19685	0.351114	0.34471	0.35489	0.351116	0.346073	0.356717	1.80019	1.80019	13.3498	
14.0955	1	147	13.5899	1	145	12.7739	1	145	0	0	0	0.200022	0.198173	0.20171	0.200023	0.198233	0.20164	0.360077	0.355453	0.364483	0.360077	0.354963	0.364583	1.80019	1.80018	13.4295	
14.2525	1	157	13.6851	1	157	12.8661	1	157	0	0	0	0.205035	0.2031	0.207307	0.205037	0.20289	0.206573	0.369082	0.361057	0.374923	0.369086	0.363453	0.373857	1.80009	1.8001	13.5094	
14.4066	1	143	13.7754	1	143	12.9599	1	143	0	0	0	0.210045	0.208553	0.212007	0.210046	0.20792	0.21185	0.378053	0.3734	0.38345	0.378054	0.372177	0.383853	1.79986	1.79986	13.5842	
14.5737	1	156	13.8672	1	156	13.046	1	156	0	0	0	0.215055	0.2126	0.21707	0.215056	0.213013	0.216933	0.387053	0.381813	0.39137	0.387055	0.380817	0.39284	1.79979	1.79979	13.6605	
14.7508	1	156	13.9607	1	154	13.1459	1	154	0	0	0	0.220048	0.2183	0.22189	0.22005	0.217863	0.221953	0.395989	0.392243	0.40105	0.395993	0.390227	0.401907	1.79956	1.79956	13.7374	
14.9494	1	193	14.0668	1	193	13.247	1	193	0	0	0	0.225056	0.223717	0.22685	0.225058	0.222827	0.22703	0.404997	0.400437	0.410037	0.404996	0.399093	0.411353	1.79954	1.79952	13.8257	
15.157	1	155	14.1604	1	155	13.3413	1	155	0	0	0	0.230056	0.228463	0.232257	0.230058	0.22739	0.231823	0.413967	0.408297	0.419083	0.413971	0.408737	0.42028	1.79941	1.79942	13.9011	
15.376	1	150	14.2637	1	150	13.4411	1	146	0	0	0	0.235067	0.23302	0.237253	0.235069	0.23229	0.237023	0.42296	0.418293	0.427927	0.422965	0.417683	0.429117	1.79931	1.79932	13.9861	
15.6223	1	163	14.3623	1	163	13.5434	1	163	0	0	0	0.240078	0.238243	0.242387	0.240079	0.237293	0.24187	0.431993	0.427727	0.43892	0.431998	0.42632	0.438057	1.79939	1.7994	14.0638	
15.8927	1	168	14.474	1	168	13.655	1	168	0	0	0	0.245078	0.242953	0.24717	0.245079	0.2426	0.247023	0.440998	0.43546	0.44834	0.441001	0.435623	0.4461	1.79942	1.79943	14.1549	
16.1817	1	163	14.579	1	163	13.7574	1	163	0	0	0	0.250072	0.248243	0.251847	0.250073	0.247333	0.252153	0.450012	0.444743	0.455107	0.450014	0.44452	0.45489	1.79953	1.79953	14.2382	
16.4877	1	195	14.6815	1	195	13.8526	1	195	0	0	0	0.255091	0.253227	0.256807	0.255092	0.252207	0.25707	0.459006	0.454173	0.46346	0.459008	0.45342	0.4638	1.79939	1.79939	14.319	
16.8483	1	221	14.789	1	169	13.9632	1	169	0	0	0	0.260087	0.257833	0.262313	0.260088	0.25747	0.262253	0.46798	0.463043	0.47356	0.46798	0.46239	0.473587	1.79932	1.79931	14.4024	
17.2208	1	187	14.8963	1	173	14.067	1	173	0	0	0	0.265102	0.263183	0.267233	0.265106	0.26231	0.267273	0.476982	0.472167	0.481753	0.476987	0.470597	0.48329	1.79924	1.79923	14.4887	
17.6837	1	186	15.015	1	172	14.1809	1	168	0	0	0	0.270103	0.268083	0.27201	0.270102	0.266967	0.272407	0.485922	0.47987	0.49029	0.48592	0.47874	0.49244	1.79903	1.79902	14.5806	
18.2025	1	200	15.1258	1	199	14.2955	1	195	0	0	0	0.275091	0.273057	0.277613	0.275093	0.27237	0.277353	0.494898	0.489153	0.501037	0.494899	0.488237	0.50175	1.79903	1.79903	14.6641	
18.8094	1	191	15.2429	1	181	14.4126	1	181	0	0	0	0.280078	0.278533	0.28224	0.280082	0.27739	0.282497	0.503871	0.499747	0.509203	0.503878	0.49737	0.510427	1.79904	1.79904	14.7538	
19.491	1	224	15.3605	1	182	14.5239	1	180	0	0	0	0.285085	0.28316	0.287443	0.285089	0.282117	0.287333	0.512876	0.507953	0.51927	0.51288	0.50556	0.51925	1.79903	1.79902	14.8414	
20.3098	1	205	15.4796	1	194	14.6485	1	194	0	0	0	0.2901	0.287207	0.292537	0.290103	0.287327	0.292683	0.521875	0.516647	0.528763	0.52188	0.515427	0.52839	1.79895	1.79895	14.9301	
21.2747	1	252	15.5974	1	207	14.7635	1	207	0	0	0	0.295112	0.293	0.297037	0.295113	0.29202	0.297763	0.530935	0.525237	0.536703	0.530938	0.52406	0.536503	1.7991	1.7991	15.0176	
22.6075	1	238	15.734	1	183	14.9001	1	183	0	0	0	0.300118	0.297697	0.301793	0.300124	0.296937	0.30266	0.539951	0.53355	0.545153	0.539963	0.532457	0.54563	1.79913	1.79913	15.1173	
24.2205	1	258	15.8612	1	180	15.0244	1	176	0	0	0	0.305113	0.30254	0.306777	0.305114	0.302383	0.30798	0.548939	0.543317	0.555263	0.548939	0.542403	0.55522	1.79913	1.79913	15.2088	
26.3174	1	368	15.9856	1	207	15.1469	1	207	0	0	0	0.310116	0.307547	0.312577	0.310117	0.307207	0.312847	0.557938	0.550667	0.563713	0.557941	0.551313	0.56439	1.79912	1.79913	15.2963	
29.2348	1	399	16.1227	1	196	15.2886	1	196	0	0	0	0.315121	0.313237	0.317637	0.315122	0.312227	0.317983	0.566996	0.56275	0.573807	0.567001	0.560493	0.573423	1.7993	1.79931	15.3945	
33.8149	1	466	16.2559	1	229	15.4208	1	225	0	0	0	0.320086	0.318353	0.321883	0.320084	0.317167	0.323093	0.575888	0.569887	0.58095	0.575882	0.569487	0.582547	1.79917	1.79916	15.4861	
41.7886	1	752	16.3869	1	217	15.5535	1	213	0	0	0	0.325071	0.323103	0.32709	0.325061	0.322043	0.327963	0.584822	0.57898	0.591613	0.584808	0.578477	0.590933	1.79906	1.79907	15.5728	
61.281	1	1468	16.5218	1	233	15.6948	1	229	0	0	0	0.330066	0.327963	0.332013	0.330077	0.32726	0.333103	0.593769	0.58803	0.601157	0.593792	0.587233	0.59987	1.79894	1.79895	15.6654	
400.381	1	12701	16.6424	1	256	15.8155	1	256	0	0	0	0.335023	0.333506	0.336726	0.334928	0.333393	0.336791	0.602948	0.598066	0.606697	0.602778	0.598676	0.607127	1.79972	1.79972	15.7447	
