5.33408	2	20	5.31798	2	20	4.51989	2	16	0	0	0	0.00503313	0.00481	0.00530333	0.00503313	0.00481	0.0053	0.00901479	0.00842333	0.00938667	0.00901479	0.00842333	0.00938667	1.79109	1.79109	5.50462	
5.3988	2	23	5.3657	2	22	4.5717	2	18	0	0	0	0.0100071	0.00965667	0.0101967	0.0100071	0.00965667	0.0102	0.0181071	0.0176567	0.0190767	0.0181075	0.0176567	0.01908	1.80943	1.80947	5.50785	
5.4447	2	22	5.39596	2	22	4.63278	2	21	0	0	0	0.0149985	0.0147133	0.0155233	0.0149985	0.0147133	0.01552	0.0269394	0.0256067	0.0280867	0.0269394	0.0256067	0.0280867	1.79613	1.79613	5.52916	
5.48171	2	27	5.41037	2	24	4.63287	2	20	0	0	0	0.019986	0.01961	0.02052	0.019986	0.01961	0.0205167	0.0358335	0.03493	0.03684	0.0358333	0.03493	0.0368367	1.79293	1.79292	5.52387	
5.54957	2	36	5.45456	2	24	4.67541	2	21	0	0	0	0.0249837	0.0244333	0.0254267	0.0249842	0.0244333	0.0254233	0.0448033	0.0432067	0.0459867	0.0448046	0.0432067	0.0459833	1.7933	1.79332	5.54229	
5.60866	2	46	5.48915	2	24	4.70312	2	24	0	0	0	0.0300242	0.0295467	0.03048	0.0300244	0.0295433	0.0304767	0.0540175	0.05332	0.0554333	0.0540177	0.0533167	0.0554333	1.79913	1.79913	5.54452	
5.68076	2	39	5.52834	2	27	4.74311	2	23	0	0	0	0.0350258	0.03456	0.0356267	0.035026	0.03456	0.0356267	0.0631567	0.0616533	0.06481	0.0631569	0.0616533	0.0648067	1.80315	1.80314	5.55102	
5.74627	2	35	5.56061	2	26	4.77475	2	24	0	0	0	0.0400277	0.03946	0.04073	0.0400273	0.0394567	0.0407267	0.0721635	0.0709767	0.07374	0.0721629	0.07098	0.0737367	1.80284	1.80284	5.5569	
5.81076	2	45	5.59299	2	28	4.79977	2	24	0	0	0	0.0450169	0.0439567	0.0456967	0.0450169	0.0439567	0.0456967	0.0811485	0.0793167	0.08211	0.0811494	0.0793167	0.08211	1.80262	1.80264	5.56643	
5.88037	2	55	5.62182	2	27	4.84482	2	26	0	0	0	0.0499998	0.0493	0.0506933	0.0500006	0.0493	0.05069	0.0900577	0.0887133	0.0915567	0.0900594	0.0887133	0.0915667	1.80116	1.80116	5.567	
5.97087	2	55	5.66647	2	28	4.89794	2	27	0	0	0	0.0550015	0.05412	0.0556867	0.0550021	0.0541167	0.0556867	0.0989573	0.0961867	0.101667	0.0989581	0.0961733	0.101667	1.79918	1.79917	5.58655	
6.05554	2	57	5.6977	2	28	4.92057	2	24	0	0	0	0.0599671	0.0591933	0.0606667	0.0599673	0.0591933	0.0606633	0.107884	0.10628	0.110047	0.107884	0.106283	0.11005	1.79905	1.79904	5.58554	
6.15714	2	75	5.73812	2	32	4.97152	2	29	0	0	0	0.0650215	0.0644433	0.06613	0.0650217	0.06444	0.0661367	0.116787	0.114973	0.119243	0.116788	0.11497	0.119247	1.79613	1.79613	5.5978	
6.25242	2	69	5.7718	2	34	5.00145	2	30	0	0	0	0.0699785	0.0688767	0.0706767	0.0699783	0.0688767	0.0706767	0.125762	0.123223	0.12785	0.12576	0.123223	0.127837	1.79715	1.79712	5.60112	
6.35681	2	70	5.80754	2	29	5.03234	2	26	0	0	0	0.0749754	0.0739667	0.0760933	0.0749758	0.0739633	0.0760933	0.134679	0.132943	0.137253	0.134678	0.132947	0.137253	1.79631	1.79628	5.60383	
6.48713	2	91	5.84522	2	31	5.07232	2	27	0	0	0	0.0799906	0.0789433	0.0806033	0.0799908	0.07894	0.0806067	0.143754	0.1418	0.145303	0.143754	0.141783	0.145303	1.79713	1.79713	5.60861	
6.6525	2	101	5.89801	2	31	5.13326	2	27	0	0	0	0.0850135	0.0841767	0.08594	0.0850125	0.0841767	0.0859433	0.152908	0.15066	0.154753	0.152905	0.150657	0.154747	1.79864	1.79862	5.61655	
6.81748	2	82	5.9441	2	39	5.16646	2	39	0	0	0	0.0900248	0.0892033	0.09142	0.0900252	0.0891967	0.09142	0.16201	0.159603	0.16706	0.16201	0.159593	0.16706	1.79961	1.7996	5.62613	
6.96026	2	94	5.96646	2	33	5.19799	2	32	0	0	0	0.0950098	0.0942767	0.09608	0.0950102	0.0942767	0.0960667	0.170997	0.16884	0.173027	0.170998	0.16884	0.17303	1.79979	1.79978	5.61722	
7.16603	2	91	6.01839	2	31	5.25513	2	28	0	0	0	0.100001	0.0992933	0.10096	0.100001	0.0992867	0.10096	0.180058	0.177937	0.182947	0.180058	0.177937	0.182947	1.80056	1.80056	5.62074	
7.38754	2	127	6.05764	2	44	5.29327	2	44	0	0	0	0.105056	0.104367	0.105867	0.105056	0.10436	0.10587	0.189182	0.1872	0.191547	0.189181	0.187197	0.19155	1.80077	1.80076	5.61985	
7.62714	2	151	6.09672	2	40	5.32897	2	36	0	0	0	0.110075	0.108663	0.11093	0.110075	0.108663	0.11093	0.198212	0.19493	0.200707	0.198212	0.19493	0.200707	1.80071	1.8007	5.61648	
7.95067	2	208	6.14503	2	31	5.37967	2	29	0	0	0	0.115057	0.113993	0.11592	0.115057	0.11399	0.115923	0.207168	0.20457	0.210507	0.207164	0.204573	0.21051	1.80056	1.80054	5.62093	
8.25202	2	149	6.18071	2	33	5.41987	2	33	0	0	0	0.120091	0.11929	0.121323	0.120091	0.119297	0.12132	0.216163	0.21313	0.21876	0.216165	0.213143	0.21876	1.8	1.80001	5.61994	
8.79353	2	284	6.2408	2	36	5.4828	2	36	0	0	0	0.125085	0.12432	0.126297	0.125084	0.124333	0.126297	0.22529	0.223193	0.229163	0.225287	0.223183	0.22915	1.80109	1.80109	5.61631	
9.10548	2	201	6.27053	2	42	5.51299	2	42	0	0	0	0.130036	0.12924	0.131267	0.130033	0.12924	0.131267	0.23412	0.231557	0.23707	0.234117	0.231557	0.23708	1.80043	1.80044	5.60488	
9.62727	2	181	6.30576	2	39	5.53931	2	39	0	0	0	0.135046	0.134093	0.136103	0.135047	0.134077	0.136107	0.243109	0.241307	0.245997	0.24311	0.24132	0.246	1.80019	1.80019	5.60665	
10.5098	2	238	6.36452	2	37	5.60201	2	37	0	0	0	0.140089	0.13944	0.141097	0.14009	0.13944	0.1411	0.252135	0.24934	0.25455	0.252136	0.249333	0.254553	1.79982	1.79981	5.6051	
11.558	2	429	6.41313	2	44	5.66394	2	44	0	0	0	0.145101	0.143857	0.14625	0.145097	0.143857	0.146237	0.261322	0.259377	0.263003	0.261313	0.259377	0.263	1.80097	1.80096	5.58956	
12.6399	2	340	6.44631	2	50	5.69262	2	46	0	0	0	0.150073	0.148857	0.15121	0.150071	0.14886	0.151207	0.270177	0.26602	0.273463	0.270175	0.266027	0.273453	1.80031	1.80032	5.58242	
14.5693	2	424	6.49616	2	46	5.75327	2	42	0	0	0	0.155095	0.153963	0.155983	0.1551	0.153967	0.15598	0.279321	0.275037	0.28224	0.279332	0.275043	0.282243	1.80096	1.80098	5.55888	
16.8382	2	436	6.54373	2	42	5.79443	2	39	0	0	0	0.160132	0.159087	0.161083	0.160122	0.159067	0.161107	0.288289	0.285193	0.291183	0.288274	0.28518	0.291257	1.80032	1.80034	5.55842	
21.0793	2	610	6.59148	2	47	5.8439	2	43	0	0	0	0.165183	0.164203	0.166453	0.165179	0.1642	0.166453	0.297368	0.293813	0.300543	0.297362	0.293817	0.300573	1.80023	1.80024	5.53704	
26.766	2	650	6.64846	2	41	5.904	2	37	0	0	0	0.170181	0.169017	0.171337	0.170168	0.169003	0.171337	0.306336	0.302677	0.31067	0.306316	0.3027	0.310727	1.80006	1.80009	5.5219	
35.9652	2	1562	6.66327	2	49	5.91754	2	49	0	0	0	0.17506	0.17432	0.17598	0.175075	0.174317	0.175982	0.314883	0.313873	0.316635	0.314913	0.313895	0.316713	1.79871	1.79873	5.49722	
63.9491	2	1887	6.73538	2	58	5.99284	2	54	0	0	0	0.180062	0.179326	0.18081	0.180069	0.179324	0.180821	0.323767	0.321927	0.325564	0.323782	0.32186	0.325559	1.79809	1.7981	5.47541	
264.873	2	8554	6.75854	2	59	6.00899	2	55	0	0	0	0.185072	0.184053	0.185863	0.185143	0.184057	0.18628	0.332772	0.330981	0.334531	0.332905	0.330977	0.334529	1.79807	1.7981	5.44296	
