11.0873	1	104	11.0873	1	104	10.2909	1	104	0	0	0	0.00498801	0.00456667	0.00533667	0.00498806	0	0.07059	0.00897075	0.00800667	0.0100833	0.00897088	0	0.127097	1.79846	1.79847	11.2847	
11.4228	1	122	11.4227	1	122	10.6161	1	122	0	0	0	0.00999117	0.00926	0.01046	0.00999128	0	0.141733	0.0179902	0.01678	0.0190167	0.0179904	0	0.254033	1.80061	1.80061	11.6141	
11.9382	1	158	11.9379	1	158	11.1379	1	158	0	0	0	0.0149924	0.0144367	0.0155767	0.0149923	0	0.21136	0.0269573	0.0255333	0.0282733	0.0269569	0	0.3818	1.79806	1.79805	12.1272	
12.6382	1	176	12.6376	1	176	11.8393	1	172	0	0	0	0.0199947	0.01923	0.0207433	0.0199945	0	0.281643	0.0359569	0.0342967	0.0380367	0.0359569	0	0.506633	1.79832	1.79834	12.8213	
13.5517	1	230	13.5505	1	230	12.7363	1	230	0	0	0	0.0250009	0.02405	0.0257167	0.0250007	0	0.351833	0.0449455	0.04299	0.04653	0.0449456	0	0.634273	1.79776	1.79777	13.7288	
14.6527	1	181	14.6508	1	181	13.8501	1	181	0	0	0	0.0300008	0.0289933	0.0308933	0.030001	0	0.422233	0.053947	0.05228	0.0560267	0.0539475	0	0.76182	1.79818	1.79819	14.8209	
16.063	1	217	16.0599	1	217	15.2567	1	217	0	0	0	0.0349991	0.0342433	0.0360667	0.0349986	0	0.492507	0.0629309	0.06123	0.0651233	0.0629293	0	0.887147	1.79807	1.79805	16.2208	
17.774	1	233	17.7691	1	233	16.9631	1	229	0	0	0	0.0400111	0.03899	0.0408333	0.0397188	0	0.55752	0.0719604	0.0695	0.0742433	0.0714286	0	1	1.79851	1.79836	17.9185	
19.9328	1	310	19.9253	1	310	19.1222	1	306	0	0	0	0.0449922	0.0439033	0.0462967	0.0397187	0	0.55743	0.080969	0.0785167	0.0829133	0.0714286	0	1	1.79962	1.79836	20.059	
22.6266	1	282	22.6147	1	282	21.8055	1	282	0	0	0	0.0499921	0.0489467	0.0512467	0.0397191	0	0.55745	0.0900255	0.0872333	0.0931133	0.0714286	0	1	1.80079	1.79834	22.7291	
26.1083	1	286	26.0888	1	286	25.2226	1	404	0	0	0	0.0549907	0.05383	0.0560467	0.0397192	0	0.557467	0.0990364	0.0950567	0.101633	0.0714286	0	1	1.80096	1.79834	26.1784	
30.6938	1	332	30.6624	1	332	29.8326	1	387	0	0	0	0.0600051	0.0587033	0.06148	0.039719	0	0.557457	0.108055	0.10485	0.110827	0.0714286	0	1	1.80076	1.79835	30.7174	
37.2667	1	395	37.2124	1	395	36.3195	1	426	0	0	0	0.0650128	0.0635367	0.06645	0.0397191	0	0.55746	0.117063	0.114407	0.119997	0.0714286	0	1	1.80062	1.79834	37.215	
47.6298	1	418	47.5188	1	418	46.5924	1	499	0	0	0	0.0700194	0.0682167	0.0713833	0.0397188	0	0.55745	0.126047	0.12223	0.13002	0.0714286	0	1	1.80017	1.79836	47.4236	
69.3897	1	633	69.0082	1	471	67.932	1	492	0	0	0	0.0750226	0.0737967	0.0764867	0.0397193	0	0.557463	0.135018	0.131783	0.138207	0.0714286	0	1	1.7997	1.79833	68.6325	
11489.6	1	600450	167.814	1	1132	163.43	1	1467	0	0	0	0.0800241	0.07857	0.08115	0.0397183	0	0.557443	0.144059	0.140703	0.146757	0.0714286	0	1	1.80019	1.79838	161.881	
