4.39103	1	20	4.37311	1	20	3.5999	1	16	0	0	0	0.00503313	0.00481	0.00530333	0.00503292	0	0.02034	0.00901479	0.00842333	0.00938667	0.00901458	0	0.03638	1.79109	1.79113	4.5725	
4.41163	1	20	4.38098	1	20	3.57056	1	18	0	0	0	0.0100071	0.00965667	0.0101967	0.0100071	0	0.0406567	0.0181071	0.0176567	0.0190767	0.0181073	0	0.0732967	1.80943	1.80945	4.5533	
4.45607	1	21	4.4089	1	20	3.60934	1	16	0	0	0	0.0149985	0.0147133	0.0155233	0.0149983	0	0.0602167	0.0269394	0.0256067	0.0280867	0.0269392	0	0.10803	1.79613	1.79614	4.58631	
4.50018	1	29	4.43088	1	20	3.64566	1	20	0	0	0	0.019986	0.01961	0.02052	0.019986	0	0.0805133	0.0358335	0.03493	0.03684	0.0358335	0	0.14498	1.79293	1.79293	4.60249	
4.53227	1	35	4.43999	1	25	3.65329	1	21	0	0	0	0.0249837	0.0244333	0.0254267	0.024984	0	0.1007	0.0448033	0.0432067	0.0459867	0.0448042	0	0.18158	1.7933	1.79332	4.59689	
4.58324	1	28	4.46986	1	27	3.66606	1	27	0	0	0	0.0300242	0.0295467	0.03048	0.0300242	0	0.12085	0.0540175	0.05332	0.0554333	0.0540175	0	0.21757	1.79913	1.79913	4.61117	
4.6382	1	32	4.49637	1	25	3.68833	1	21	0	0	0	0.0350258	0.03456	0.0356267	0.0350256	0	0.14059	0.0631567	0.0616533	0.06481	0.0631565	0	0.253737	1.80315	1.80315	4.62452	
4.69929	1	32	4.52643	1	25	3.72781	1	25	0	0	0	0.0400277	0.03946	0.04073	0.0400275	0	0.160507	0.0721635	0.0709767	0.07374	0.0721642	0	0.2902	1.80284	1.80286	4.6428	
4.76504	1	36	4.56204	1	28	3.75698	1	24	0	0	0	0.0450169	0.0439567	0.0456967	0.0450169	0	0.18061	0.0811485	0.0793167	0.08211	0.0811488	0	0.325537	1.80262	1.80263	4.66612	
4.83412	1	54	4.58706	1	28	3.79479	1	25	0	0	0	0.0499998	0.0493	0.0506933	0.05	0	0.201593	0.0900577	0.0887133	0.0915567	0.0900592	0	0.361353	1.80116	1.80118	4.68134	
4.90935	1	43	4.62109	1	31	3.81945	1	31	0	0	0	0.0550015	0.05412	0.0556867	0.0550015	0	0.221877	0.0989573	0.0961867	0.101667	0.0989573	0	0.397143	1.79918	1.79918	4.70245	
4.99828	1	58	4.65964	1	30	3.85543	1	27	0	0	0	0.0599671	0.0591933	0.0606667	0.0599671	0	0.241723	0.107884	0.10628	0.110047	0.107884	0	0.433653	1.79905	1.79905	4.7297	
5.08107	1	55	4.69145	1	30	3.90191	1	29	0	0	0	0.0650215	0.0644433	0.06613	0.0650213	0	0.262283	0.116787	0.114973	0.119243	0.116787	0	0.47075	1.79613	1.79614	4.75143	
5.1974	1	85	4.73751	1	32	3.94869	1	32	0	0	0	0.0699785	0.0688767	0.0706767	0.0699781	0	0.281817	0.125762	0.123223	0.12785	0.12576	0	0.506807	1.79715	1.79714	4.78125	
5.29667	1	78	4.78029	1	35	3.9831	1	31	0	0	0	0.0749754	0.0739667	0.0760933	0.074974	0	0.30211	0.134679	0.132943	0.137253	0.134675	0	0.54302	1.79631	1.79629	4.8071	
5.42919	1	81	4.8308	1	32	4.0338	1	28	0	0	0	0.0799906	0.0789433	0.0806033	0.0799904	0	0.3218	0.143754	0.1418	0.145303	0.143754	0	0.578627	1.79713	1.79714	4.84461	
5.5934	1	87	4.89176	1	38	4.09171	1	38	0	0	0	0.0850135	0.0841767	0.08594	0.0850121	0	0.34175	0.152908	0.15066	0.154753	0.152902	0	0.614833	1.79864	1.79859	4.88106	
5.78261	1	90	4.94252	1	40	4.14016	1	37	0	0	0	0.0900248	0.0892033	0.09142	0.0900252	0	0.361837	0.16201	0.159603	0.16706	0.162011	0	0.65083	1.79961	1.79962	4.91337	
5.97465	1	166	4.99891	1	39	4.20266	1	35	0	0	0	0.0950098	0.0942767	0.09608	0.0950108	0	0.381347	0.170997	0.16884	0.173027	0.170999	0	0.688113	1.79979	1.79978	4.95276	
6.17283	1	134	5.05916	1	38	4.25624	1	37	0	0	0	0.100001	0.0992933	0.10096	0.0999994	0	0.401573	0.180058	0.177937	0.182947	0.180053	0	0.72573	1.80056	1.80054	4.9889	
6.47464	1	135	5.13257	1	47	4.34066	1	43	0	0	0	0.105056	0.104367	0.105867	0.105056	0	0.421727	0.189182	0.1872	0.191547	0.18918	0	0.76059	1.80077	1.80075	5.04236	
6.86601	1	172	5.21536	1	35	4.4197	1	35	0	0	0	0.110075	0.108663	0.11093	0.110074	0	0.44189	0.198212	0.19493	0.200707	0.198211	0	0.795743	1.80071	1.8007	5.09307	
7.28718	1	200	5.29204	1	60	4.49728	1	56	0	0	0	0.115057	0.113993	0.11592	0.115055	0	0.462147	0.207168	0.20457	0.210507	0.207161	0	0.833173	1.80056	1.80053	5.14233	
7.92986	1	190	5.37727	1	45	4.57769	1	41	0	0	0	0.120091	0.11929	0.121323	0.120089	0	0.482547	0.216163	0.21313	0.21876	0.216161	0	0.869427	1.8	1.80001	5.19976	
8.58834	1	257	5.47257	1	41	4.67524	1	41	0	0	0	0.125085	0.12432	0.126297	0.12508	0	0.502033	0.22529	0.223193	0.229163	0.225278	0	0.905193	1.80109	1.80108	5.25352	
9.8532	1	495	5.56047	1	52	4.76489	1	52	0	0	0	0.130036	0.12924	0.131267	0.130034	0	0.521217	0.23412	0.231557	0.23707	0.234113	0	0.940057	1.80043	1.8004	5.31248	
10.8839	1	330	5.66874	1	47	4.86858	1	47	0	0	0	0.135046	0.134093	0.136103	0.135048	0	0.54173	0.243109	0.241307	0.245997	0.243113	0	0.976337	1.80019	1.8002	5.37782	
13.6443	1	540	5.79871	1	55	4.99638	1	55	0	0	0	0.140089	0.13944	0.141097	0.13888	0	0.558097	0.252135	0.24934	0.25455	0.25	0	1	1.79982	1.80011	5.45844	
19.4802	1	666	5.93184	1	55	5.13631	1	53	0	0	0	0.144966	0.144153	0.145782	0.138923	0	0.557145	0.260824	0.259173	0.262273	0.25	0	1	1.79921	1.79955	5.52851	
36.5177	1	1688	6.0761	1	83	5.28284	1	83	0	0	0	0.149964	0.148647	0.151273	0.138925	0	0.557155	0.269767	0.266187	0.27324	0.25	0	1	1.79888	1.79953	5.60995	
2825.08	1	37712	6.2372	1	67	5.43985	1	67	0	0	0	0.154948	0.15403	0.155807	0.138989	0	0.557079	0.278796	0.27603	0.280859	0.25	0	1	1.79929	1.79871	5.69034	
