4.26984	1	20	4.2676	1	20	3.4824	1	16	0	0	0	0.00503313	0.00481	0.00530333	0.00503313	0.00481	0.0053	0.00901479	0.00842333	0.00938667	0.00901479	0.00842333	0.00938667	1.79109	1.79109	4.46873	
4.30029	1	20	4.29552	1	20	3.49644	1	19	0	0	0	0.0100071	0.00965667	0.0101967	0.0100073	0.00965667	0.0102	0.0181071	0.0176567	0.0190767	0.0181077	0.0176567	0.01908	1.80943	1.80945	4.47137	
4.29468	1	20	4.28701	1	20	3.5059	1	20	0	0	0	0.0149985	0.0147133	0.0155233	0.0149987	0.0147133	0.01552	0.0269394	0.0256067	0.0280867	0.0269396	0.0256067	0.0280867	1.79613	1.79612	4.46734	
4.27459	1	27	4.26262	1	23	3.4798	1	21	0	0	0	0.019986	0.01961	0.02052	0.019986	0.01961	0.0205167	0.0358335	0.03493	0.03684	0.0358333	0.03493	0.0368367	1.79293	1.79292	4.4404	
4.28514	1	22	4.26909	1	22	3.48086	1	20	0	0	0	0.0249837	0.0244333	0.0254267	0.0249844	0.0244333	0.0254233	0.0448033	0.0432067	0.0459867	0.0448048	0.0432067	0.0459833	1.7933	1.79331	4.44023	
4.29002	1	46	4.27073	1	24	3.45924	1	20	0	0	0	0.0300242	0.0295467	0.03048	0.0300246	0.0295467	0.0304767	0.0540175	0.05332	0.0554333	0.0540179	0.05332	0.0554333	1.79913	1.79912	4.4285	
4.28644	1	33	4.26216	1	24	3.45974	1	21	0	0	0	0.0350258	0.03456	0.0356267	0.0350263	0.03456	0.0356267	0.0631567	0.0616533	0.06481	0.0631571	0.0616533	0.0648067	1.80315	1.80314	4.40883	
4.28833	1	24	4.25861	1	24	3.45573	1	22	0	0	0	0.0400277	0.03946	0.04073	0.0400275	0.0394567	0.0407267	0.0721635	0.0709767	0.07374	0.072164	0.07098	0.0737367	1.80284	1.80286	4.39885	
4.3015	1	34	4.26644	1	26	3.45274	1	22	0	0	0	0.0450169	0.0439567	0.0456967	0.0450175	0.0439567	0.0456967	0.0811485	0.0793167	0.08211	0.08115	0.0793167	0.08211	1.80262	1.80263	4.39838	
4.29603	1	31	4.25535	1	27	3.46118	1	23	0	0	0	0.0499998	0.0493	0.0506933	0.0500002	0.0493	0.05069	0.0900577	0.0887133	0.0915567	0.090059	0.0887133	0.0915667	1.80116	1.80117	4.38227	
4.30067	1	35	4.25383	1	25	3.46053	1	24	0	0	0	0.0550015	0.05412	0.0556867	0.0550019	0.0541167	0.0556867	0.0989573	0.0961867	0.101667	0.0989567	0.0961767	0.101667	1.79918	1.79915	4.37687	
4.30842	1	41	4.2548	1	25	3.45993	1	23	0	0	0	0.0599671	0.0591933	0.0606667	0.0599669	0.0591933	0.0606633	0.107884	0.10628	0.110047	0.107883	0.106283	0.110047	1.79905	1.79905	4.36991	
4.31269	1	36	4.25071	1	27	3.45506	1	24	0	0	0	0.0650215	0.0644433	0.06613	0.0650215	0.06444	0.0661367	0.116787	0.114973	0.119243	0.116787	0.114973	0.119243	1.79613	1.79613	4.36342	
4.31511	1	41	4.2457	1	28	3.45334	1	24	0	0	0	0.0699785	0.0688767	0.0706767	0.0699788	0.0688767	0.0706767	0.125762	0.123223	0.12785	0.125762	0.123223	0.12785	1.79715	1.79714	4.35159	
4.33513	1	39	4.25414	1	27	3.44824	1	24	0	0	0	0.0749754	0.0739667	0.0760933	0.0749756	0.0739633	0.0760933	0.134679	0.132943	0.137253	0.134679	0.132947	0.137253	1.79631	1.7963	4.35343	
4.33499	1	40	4.24496	1	28	3.45641	1	26	0	0	0	0.0799906	0.0789433	0.0806033	0.0799908	0.07894	0.0806067	0.143754	0.1418	0.145303	0.143754	0.141793	0.145303	1.79713	1.79713	4.3367	
4.35543	1	49	4.25179	1	28	3.46377	1	26	0	0	0	0.0850135	0.0841767	0.08594	0.0850119	0.0841767	0.08594	0.152908	0.15066	0.154753	0.152905	0.150657	0.154753	1.79864	1.79863	4.3346	
4.37462	1	53	4.25675	1	28	3.46623	1	24	0	0	0	0.0900248	0.0892033	0.09142	0.0900256	0.0892067	0.09142	0.16201	0.159603	0.16706	0.16201	0.159607	0.16706	1.79961	1.7996	4.32869	
4.38149	1	55	4.25701	1	29	3.46185	1	27	0	0	0	0.0950098	0.0942767	0.09608	0.0950104	0.0942767	0.09608	0.170997	0.16884	0.173027	0.170997	0.16884	0.173027	1.79979	1.79978	4.32454	
4.4089	1	49	4.26539	1	31	3.47618	1	27	0	0	0	0.100001	0.0992933	0.10096	0.100001	0.0992867	0.10096	0.180058	0.177937	0.182947	0.180058	0.177937	0.182947	1.80056	1.80056	4.32438	
4.41582	1	50	4.26115	1	32	3.46124	1	32	0	0	0	0.105056	0.104367	0.105867	0.105057	0.104363	0.10587	0.189182	0.1872	0.191547	0.189182	0.187193	0.19155	1.80077	1.80076	4.31606	
4.43825	1	53	4.26837	1	33	3.46921	1	31	0	0	0	0.110075	0.108663	0.11093	0.110075	0.108663	0.11093	0.198212	0.19493	0.200707	0.198214	0.19493	0.200707	1.80071	1.80071	4.31204	
4.47733	1	63	4.27659	1	31	3.48351	1	27	0	0	0	0.115057	0.113993	0.11592	0.115056	0.11399	0.115923	0.207168	0.20457	0.210507	0.207166	0.204573	0.21051	1.80056	1.80056	4.31286	
4.49244	1	62	4.27717	1	31	3.49477	1	27	0	0	0	0.120091	0.11929	0.121323	0.120092	0.119293	0.121323	0.216163	0.21313	0.21876	0.216165	0.213133	0.21876	1.8	1.79999	4.30979	
4.52951	1	63	4.28626	1	38	3.49469	1	38	0	0	0	0.125085	0.12432	0.126297	0.125084	0.12433	0.126297	0.22529	0.223193	0.229163	0.225287	0.223183	0.229163	1.80109	1.80109	4.30817	
4.55778	1	66	4.2924	1	32	3.49665	1	32	0	0	0	0.130036	0.12924	0.131267	0.130036	0.12924	0.13127	0.23412	0.231557	0.23707	0.234121	0.231557	0.23708	1.80043	1.80044	4.31033	
4.5819	1	64	4.29248	1	31	3.50192	1	30	0	0	0	0.135046	0.134093	0.136103	0.135047	0.134077	0.136107	0.243109	0.241307	0.245997	0.243108	0.24131	0.246	1.80019	1.80017	4.30431	
4.62183	1	77	4.30155	1	32	3.51451	1	32	0	0	0	0.140089	0.13944	0.141097	0.140088	0.139437	0.1411	0.252135	0.24934	0.25455	0.252129	0.249347	0.254553	1.79982	1.7998	4.30457	
4.68287	1	96	4.31475	1	31	3.52788	1	28	0	0	0	0.145101	0.143857	0.14625	0.1451	0.143853	0.14625	0.261322	0.259377	0.263003	0.261321	0.259373	0.263	1.80097	1.80098	4.30817	
4.70566	1	104	4.31676	1	30	3.52444	1	30	0	0	0	0.150073	0.148857	0.15121	0.150072	0.14886	0.151207	0.270177	0.26602	0.273463	0.270176	0.266027	0.273463	1.80031	1.80031	4.30337	
4.77601	1	82	4.31991	1	35	3.53476	1	35	0	0	0	0.155095	0.153963	0.155983	0.155095	0.153967	0.155983	0.279321	0.275037	0.28224	0.27932	0.275043	0.282243	1.80096	1.80096	4.2971	
4.82123	1	101	4.33969	1	35	3.55334	1	35	0	0	0	0.160132	0.159087	0.161083	0.16013	0.159093	0.161083	0.288289	0.285193	0.291183	0.288287	0.285207	0.29118	1.80032	1.80033	4.3077	
4.88971	1	101	4.34945	1	37	3.55836	1	37	0	0	0	0.165183	0.164203	0.166453	0.165184	0.1642	0.16645	0.297368	0.293813	0.300543	0.29737	0.293813	0.300553	1.80023	1.80023	4.30905	
4.96643	1	90	4.35596	1	35	3.57522	1	35	0	0	0	0.170181	0.169017	0.171337	0.170181	0.169017	0.171327	0.306336	0.302677	0.31067	0.306339	0.302683	0.310703	1.80006	1.80008	4.30783	
5.01597	1	93	4.35829	1	40	3.57107	1	40	0	0	0	0.175217	0.174117	0.176273	0.175216	0.174127	0.176273	0.315385	0.312637	0.31849	0.315384	0.31266	0.3185	1.79997	1.79997	4.30351	
5.08756	1	93	4.36936	1	37	3.58409	1	37	0	0	0	0.18028	0.178787	0.181217	0.18028	0.178787	0.18121	0.324327	0.32116	0.326523	0.324326	0.32116	0.326513	1.79901	1.79901	4.30864	
5.1763	1	125	4.37828	1	40	3.59053	1	40	0	0	0	0.18528	0.18345	0.18669	0.18528	0.183453	0.18669	0.333208	0.331463	0.33741	0.333207	0.331467	0.337397	1.7984	1.79839	4.30816	
5.27196	1	101	4.38583	1	36	3.60391	1	36	0	0	0	0.190258	0.18945	0.191683	0.190259	0.18945	0.191687	0.34208	0.339013	0.34423	0.342081	0.339013	0.344227	1.79798	1.79798	4.30852	
5.3669	1	103	4.39719	1	41	3.61023	1	41	0	0	0	0.195212	0.19321	0.1966	0.195211	0.193213	0.196593	0.350996	0.34645	0.353823	0.350995	0.346453	0.353833	1.79803	1.79802	4.31333	
5.51149	1	123	4.41374	1	42	3.62505	1	39	0	0	0	0.200214	0.19899	0.201843	0.200212	0.19898	0.201847	0.360125	0.35611	0.364773	0.360125	0.3561	0.36478	1.7987	1.79871	4.31529	
5.62134	1	184	4.41663	1	41	3.63192	1	41	0	0	0	0.205178	0.203447	0.206533	0.205178	0.203447	0.206537	0.369072	0.365927	0.371617	0.369076	0.365927	0.371613	1.79879	1.79881	4.3141	
5.84719	1	133	4.44088	1	44	3.65769	1	40	0	0	0	0.210146	0.209193	0.210833	0.210145	0.209197	0.21083	0.377912	0.37409	0.37995	0.37791	0.374093	0.379957	1.79833	1.79833	4.32462	
6.02959	1	142	4.45159	1	44	3.6678	1	44	0	0	0	0.215113	0.214033	0.21652	0.215111	0.21403	0.216517	0.386873	0.383873	0.390327	0.386865	0.38387	0.39032	1.79846	1.79845	4.32502	
6.16807	1	191	4.45449	1	39	3.66854	1	39	0	0	0	0.220135	0.218983	0.22155	0.220136	0.21898	0.221543	0.395772	0.393563	0.397797	0.395773	0.393567	0.397807	1.79786	1.79786	4.3248	
6.46417	1	165	4.47714	1	45	3.68975	1	45	0	0	0	0.225164	0.224647	0.225963	0.225164	0.224647	0.225967	0.404797	0.402063	0.407097	0.4048	0.402073	0.4071	1.79779	1.7978	4.33416	
6.70504	1	184	4.4879	1	52	3.70612	1	52	0	0	0	0.230132	0.228587	0.232	0.230127	0.228587	0.232003	0.413767	0.408927	0.41791	0.413758	0.40892	0.417907	1.79796	1.79795	4.33218	
7.01559	1	191	4.50235	1	44	3.71703	1	44	0	0	0	0.23507	0.23383	0.23663	0.235069	0.233833	0.23663	0.422628	0.418507	0.42607	0.422627	0.41852	0.42607	1.79788	1.79788	4.33938	
7.4329	1	215	4.51954	1	41	3.73911	1	41	0	0	0	0.24003	0.238893	0.242187	0.240031	0.238893	0.242183	0.43155	0.427747	0.436627	0.43155	0.427747	0.43661	1.7979	1.79789	4.34074	
7.93279	1	215	4.53524	1	45	3.74509	1	43	0	0	0	0.24505	0.244253	0.246043	0.245046	0.244253	0.246053	0.440688	0.436627	0.444483	0.440685	0.436627	0.444493	1.79836	1.79837	4.34801	
8.75791	1	301	4.55981	1	50	3.78142	1	47	0	0	0	0.249961	0.248477	0.25131	0.249969	0.2485	0.251313	0.449549	0.445797	0.452603	0.449557	0.44586	0.45263	1.79847	1.79845	4.3526	
9.34337	1	257	4.56558	1	50	3.78539	1	46	0	0	0	0.254964	0.25383	0.256647	0.254966	0.253843	0.256647	0.458597	0.45551	0.46243	0.458597	0.45551	0.462447	1.79868	1.79866	4.35376	
10.674	1	326	4.57641	1	47	3.78922	1	47	0	0	0	0.259973	0.2587	0.261123	0.259975	0.258703	0.261153	0.467604	0.46453	0.470857	0.467605	0.464527	0.47093	1.79867	1.79866	4.35464	
12.2797	1	403	4.60381	1	55	3.82022	1	51	0	0	0	0.26493	0.263298	0.266355	0.264933	0.263367	0.26635	0.476439	0.473675	0.479092	0.476445	0.47367	0.479092	1.79836	1.79836	4.36379	
14.9468	1	509	4.61964	1	52	3.83716	1	49	0	0	0	0.26994	0.268867	0.271253	0.269936	0.268863	0.271245	0.485502	0.48121	0.490152	0.485495	0.481208	0.490145	1.79855	1.79856	4.36804	
32.7059	1	1336	4.64924	1	51	3.86658	1	51	0	0	0	0.274927	0.273804	0.275636	0.274913	0.273804	0.275527	0.494418	0.491713	0.496536	0.494395	0.491713	0.496537	1.79836	1.79837	4.37677	
786.945	1	16118	4.6628	1	58	3.87765	1	58	0	0	0	0.27993	0.278276	0.281131	0.279656	0.276473	0.28113	0.503402	0.499259	0.506737	0.502908	0.497187	0.506736	1.79832	1.79831	4.37987	
