8.57253	1	44	8.56255	1	44	7.74759	1	44	0	0	0	0.00499391	0.00471	0.00536	0.00499396	0	0.0405033	0.00895208	0.00824333	0.00963	0.00895208	0	0.07301	1.7926	1.79258	8.76077	
8.65231	1	47	8.63265	1	47	7.83258	1	44	0	0	0	0.0100062	0.00962333	0.01048	0.0100061	0	0.0807033	0.0180378	0.0172933	0.0192367	0.0180377	0	0.14581	1.80265	1.80266	8.81232	
8.77366	1	60	8.74153	1	60	7.95262	1	60	0	0	0	0.0150311	0.0145233	0.0156967	0.0150309	0	0.12143	0.02704	0.0259333	0.0284833	0.0270398	0	0.219003	1.79893	1.79895	8.91671	
8.91543	1	64	8.86908	1	64	8.06456	1	60	0	0	0	0.020063	0.0194867	0.0205667	0.020063	0	0.162193	0.0360579	0.0347767	0.0372567	0.036058	0	0.291167	1.79723	1.79724	9.03571	
9.11326	1	74	9.05374	1	74	8.25159	1	72	0	0	0	0.0250671	0.02449	0.0257333	0.0250667	0	0.201877	0.0451318	0.0439833	0.0464533	0.0451309	0	0.364073	1.80044	1.80043	9.2075	
9.30437	1	72	9.22893	1	72	8.42527	1	70	0	0	0	0.0300682	0.02949	0.0307167	0.0300681	0	0.24256	0.0541228	0.0526633	0.0563	0.0541223	0	0.437233	1.8	1.79999	9.37205	
9.54422	1	91	9.4491	1	91	8.64609	1	91	0	0	0	0.0350706	0.0342367	0.0362133	0.0350699	0	0.282	0.0631154	0.0612733	0.06533	0.063114	0	0.5094	1.79966	1.79966	9.58166	
9.81305	1	97	9.69574	1	97	8.90128	1	97	0	0	0	0.0400941	0.0389867	0.0411167	0.0400932	0	0.32267	0.072177	0.0700667	0.0745967	0.0721767	0	0.5828	1.80019	1.80022	9.81503	
10.1266	1	97	9.98441	1	97	9.18903	1	93	0	0	0	0.0450691	0.04441	0.0457233	0.0450687	0	0.36245	0.0810798	0.07946	0.0826367	0.0810785	0	0.65377	1.79901	1.799	10.0892	
10.4739	1	93	10.3016	1	93	9.50312	1	93	0	0	0	0.050078	0.04917	0.05091	0.0500771	0	0.4025	0.090079	0.0880267	0.09225	0.0900773	0	0.726193	1.79877	1.79877	10.3902	
10.857	1	121	10.6507	1	121	9.85517	1	121	0	0	0	0.055088	0.0541533	0.0558567	0.0550861	0	0.443127	0.0990448	0.0965533	0.101737	0.0990411	0	0.797193	1.79794	1.79793	10.7239	
11.3026	1	106	11.0531	1	104	10.2476	1	103	0	0	0	0.0600776	0.0585933	0.0612533	0.0600759	0	0.48331	0.108018	0.105313	0.110653	0.108015	0	0.869483	1.79797	1.79797	11.1044	
11.805	1	124	11.5078	1	124	10.6992	1	124	0	0	0	0.0651088	0.0641933	0.06608	0.0651108	0	0.52346	0.117103	0.115033	0.120723	0.117106	0	0.940053	1.79857	1.79857	11.5378	
12.3636	1	137	11.9996	1	136	11.1933	1	132	0	0	0	0.0700993	0.0692433	0.0712167	0.0695098	0	0.557463	0.126046	0.123663	0.128517	0.125	0	1	1.79811	1.79831	12.0044	
13.0086	1	129	12.5656	1	129	11.7646	1	129	0	0	0	0.0750704	0.0737167	0.0760867	0.0695112	0	0.557397	0.134952	0.131797	0.13759	0.125	0	1	1.79767	1.79827	12.5412	
13.7582	1	143	13.2124	1	143	12.4032	1	143	0	0	0	0.0800622	0.0788433	0.08149	0.0695127	0	0.557407	0.143966	0.141463	0.14713	0.125	0	1	1.79817	1.79823	13.1498	
14.6357	1	134	13.9478	1	128	13.1328	1	135	0	0	0	0.0850492	0.0838967	0.0865433	0.0695123	0	0.557387	0.152894	0.149913	0.155517	0.125	0	1	1.79771	1.79824	13.8433	
15.6616	1	153	14.7807	1	153	13.9513	1	149	0	0	0	0.0900403	0.0881367	0.0912167	0.069512	0	0.557383	0.161919	0.158543	0.16451	0.125	0	1	1.7983	1.79825	14.6229	
16.9277	1	158	15.7582	1	158	14.9417	1	158	0	0	0	0.0950421	0.09396	0.0965867	0.0695122	0	0.557383	0.170904	0.16843	0.17513	0.125	0	1	1.79819	1.79824	15.5329	
18.4536	1	221	16.866	1	167	16.0565	1	167	0	0	0	0.100014	0.0985767	0.101243	0.069512	0	0.557373	0.179775	0.176603	0.18299	0.125	0	1	1.7975	1.79825	16.5578	
20.5093	1	348	18.1579	1	210	17.3857	1	210	0	0	0	0.105002	0.103807	0.106227	0.069512	0	0.557387	0.188774	0.18556	0.191903	0.125	0	1	1.79782	1.79825	17.7353	
23.6942	1	407	19.831	1	189	19.0031	1	189	0	0	0	0.110025	0.108787	0.111333	0.0695126	0	0.557407	0.197877	0.1946	0.20158	0.125	0	1	1.79847	1.79824	19.241	
29.8217	1	644	21.8584	1	220	21.0282	1	220	0	0	0	0.115005	0.113727	0.116963	0.0695124	0	0.557387	0.206856	0.20342	0.21087	0.125	0	1	1.79868	1.79824	21.0164	
1341.52	1	65895	24.3182	1	253	23.4332	1	251	0	0	0	0.119998	0.118613	0.121213	0.0695158	0	0.55743	0.215819	0.211733	0.21892	0.125	0	1	1.79853	1.79815	23.1002	
