7.29248	1	23	7.28605	1	23	6.48237	1	20	0	0	0	0.00499391	0.00471	0.00536	0.00499396	0.00471	0.00536	0.00895208	0.00824333	0.00963	0.00895224	0.00824333	0.00963	1.7926	1.79261	7.48581	
7.32597	1	24	7.31104	1	24	6.50886	1	22	0	0	0	0.0100062	0.00962333	0.01048	0.0100061	0.00962333	0.01048	0.0180378	0.0172933	0.0192367	0.0180378	0.0172933	0.0192367	1.80265	1.80267	7.49235	
7.36922	1	28	7.34619	1	28	6.5504	1	24	0	0	0	0.0150311	0.0145233	0.0156967	0.015031	0.0145233	0.0156967	0.02704	0.0259333	0.0284833	0.0270397	0.0259333	0.0284833	1.79893	1.79893	7.5228	
7.40624	1	30	7.37453	1	27	6.57453	1	24	0	0	0	0.020063	0.0194867	0.0205667	0.0200631	0.0194867	0.0205667	0.0360579	0.0347767	0.0372567	0.0360587	0.0347767	0.0372567	1.79723	1.79726	7.54435	
7.45638	1	37	7.4155	1	28	6.62072	1	24	0	0	0	0.0250671	0.02449	0.0257333	0.0250668	0.0244867	0.0257333	0.0451318	0.0439833	0.0464533	0.0451314	0.0439833	0.0464533	1.80044	1.80045	7.5712	
7.49315	1	34	7.44283	1	28	6.64364	1	24	0	0	0	0.0300682	0.02949	0.0307167	0.030068	0.0294933	0.0307133	0.0541228	0.0526633	0.0563	0.0541219	0.0526667	0.0563	1.8	1.79998	7.59071	
7.52687	1	46	7.46462	1	28	6.66225	1	24	0	0	0	0.0350706	0.0342367	0.0362133	0.0350701	0.0342333	0.0362133	0.0631154	0.0612733	0.06533	0.0631148	0.0612733	0.06533	1.79966	1.79968	7.60426	
7.58095	1	39	7.50528	1	34	6.70941	1	34	0	0	0	0.0400941	0.0389867	0.0411167	0.0400936	0.0389867	0.04112	0.072177	0.0700667	0.0745967	0.0721764	0.0700667	0.0746	1.80019	1.8002	7.63489	
7.63095	1	41	7.54394	1	32	6.73799	1	32	0	0	0	0.0450691	0.04441	0.0457233	0.0450683	0.04441	0.0457233	0.0810798	0.07946	0.0826367	0.0810778	0.0794633	0.08265	1.79901	1.799	7.66541	
7.6733	1	63	7.56947	1	36	6.77091	1	32	0	0	0	0.050078	0.04917	0.05091	0.0500778	0.0491633	0.05091	0.090079	0.0880267	0.09225	0.0900783	0.0880167	0.0922467	1.79877	1.79877	7.68015	
7.72728	1	53	7.60797	1	41	6.80088	1	37	0	0	0	0.055088	0.0541533	0.0558567	0.0550878	0.0541533	0.0558533	0.0990448	0.0965533	0.101737	0.0990443	0.0965533	0.101733	1.79794	1.79793	7.71082	
7.7782	1	51	7.64133	1	36	6.83252	1	36	0	0	0	0.0600776	0.0585933	0.0612533	0.0600771	0.05859	0.0612533	0.108018	0.105313	0.110653	0.108017	0.105297	0.110653	1.79797	1.79797	7.73357	
7.84398	1	58	7.68561	1	43	6.88195	1	43	0	0	0	0.0651088	0.0641933	0.06608	0.0651081	0.0641933	0.0660767	0.117103	0.115033	0.120723	0.117102	0.115033	0.120737	1.79857	1.79858	7.76458	
7.89035	1	66	7.71203	1	41	6.90341	1	38	0	0	0	0.0700993	0.0692433	0.0712167	0.0700987	0.0692467	0.0712133	0.126046	0.123663	0.128517	0.126046	0.123673	0.128527	1.79811	1.79812	7.7813	
7.95033	1	71	7.7476	1	40	6.94044	1	40	0	0	0	0.0750704	0.0737167	0.0760867	0.0750705	0.07372	0.07609	0.134952	0.131797	0.13759	0.134951	0.1318	0.13759	1.79767	1.79766	7.80607	
8.01424	1	73	7.78361	1	38	6.97551	1	38	0	0	0	0.0800622	0.0788433	0.08149	0.0800619	0.07884	0.08149	0.143966	0.141463	0.14713	0.143966	0.141477	0.14713	1.79817	1.79818	7.83036	
8.08534	1	84	7.82329	1	40	7.01183	1	38	0	0	0	0.0850492	0.0838967	0.0865433	0.085049	0.0838933	0.0865467	0.152894	0.149913	0.155517	0.152893	0.149903	0.155517	1.79771	1.79771	7.85776	
8.15747	1	130	7.85943	1	40	7.04798	1	40	0	0	0	0.0900403	0.0881367	0.0912167	0.0900398	0.0881367	0.0912167	0.161919	0.158543	0.16451	0.16192	0.158537	0.16451	1.7983	1.79831	7.88042	
8.22767	1	104	7.89398	1	40	7.07952	1	40	0	0	0	0.0950421	0.09396	0.0965867	0.0950422	0.0939533	0.09659	0.170904	0.16843	0.17513	0.170903	0.168433	0.175127	1.79819	1.79818	7.90413	
8.30921	1	125	7.93057	1	42	7.12081	1	40	0	0	0	0.100014	0.0985767	0.101243	0.100013	0.09858	0.101243	0.179775	0.176603	0.18299	0.179775	0.176593	0.18299	1.7975	1.79751	7.92749	
8.40578	1	155	7.97306	1	45	7.15677	1	45	0	0	0	0.105002	0.103807	0.106227	0.105002	0.10381	0.106233	0.188774	0.18556	0.191903	0.188773	0.185557	0.19189	1.79782	1.79781	7.95568	
8.50764	1	139	8.0137	1	53	7.19659	1	49	0	0	0	0.110025	0.108787	0.111333	0.110025	0.108787	0.11133	0.197877	0.1946	0.20158	0.197877	0.194613	0.201577	1.79847	1.79848	7.98026	
8.60216	1	163	8.0497	1	44	7.23099	1	44	0	0	0	0.115005	0.113727	0.116963	0.115005	0.113727	0.116973	0.206856	0.20342	0.21087	0.206857	0.20342	0.210893	1.79868	1.79868	8.00228	
8.731	1	183	8.08943	1	47	7.26926	1	47	0	0	0	0.119998	0.118613	0.121213	0.119999	0.11861	0.121213	0.215819	0.211733	0.21892	0.215822	0.211743	0.21893	1.79853	1.79854	8.0269	
8.89613	1	313	8.13868	1	49	7.31627	1	49	0	0	0	0.124993	0.12335	0.12636	0.124994	0.123347	0.12636	0.224817	0.22087	0.228107	0.22482	0.220867	0.228133	1.79863	1.79865	8.05812	
9.08103	1	369	8.17771	1	54	7.35603	1	54	0	0	0	0.129989	0.128747	0.13121	0.129989	0.12874	0.131213	0.233857	0.230573	0.237133	0.233858	0.23057	0.237153	1.79906	1.79907	8.08165	
9.28741	1	365	8.21732	1	53	7.3911	1	53	0	0	0	0.134996	0.133797	0.136793	0.134996	0.1338	0.136793	0.242939	0.23918	0.246713	0.242939	0.239173	0.246713	1.7996	1.7996	8.10072	
9.52889	1	329	8.26513	1	53	7.44203	1	53	0	0	0	0.139994	0.1387	0.142043	0.139993	0.13869	0.142037	0.251935	0.248517	0.255967	0.251934	0.24853	0.25596	1.79962	1.79962	8.13135	
9.9311	1	801	8.30914	1	54	7.48245	1	54	0	0	0	0.14498	0.1435	0.146687	0.144978	0.143503	0.146697	0.260957	0.257767	0.264273	0.260955	0.25777	0.264283	1.79996	1.79996	8.15539	
10.4441	1	853	8.35526	1	59	7.52923	1	59	0	0	0	0.149981	0.14896	0.151417	0.149982	0.148957	0.15141	0.270074	0.265633	0.274083	0.270076	0.26564	0.27409	1.80072	1.80072	8.18101	
11.3034	1	1027	8.41119	1	56	7.58085	1	53	0	0	0	0.154962	0.153983	0.15644	0.154962	0.153983	0.156443	0.279055	0.27535	0.282653	0.279055	0.27534	0.28267	1.80079	1.8008	8.21015	
12.9971	1	2182	8.45563	1	79	7.62352	1	79	0	0	0	0.159958	0.159026	0.160974	0.159959	0.159026	0.160971	0.287983	0.285641	0.290751	0.287984	0.285637	0.290753	1.80037	1.80037	8.23342	
17.1336	1	4944	8.50811	1	66	7.67227	1	62	0	0	0	0.164977	0.164018	0.166292	0.164984	0.164023	0.166292	0.29693	0.294287	0.29848	0.296943	0.294287	0.298485	1.79983	1.79983	8.25711	
32.2613	1	11997	8.56739	1	85	7.73204	1	81	0	0	0	0.169973	0.168594	0.171007	0.169967	0.168596	0.171007	0.30598	0.303371	0.308409	0.30597	0.303373	0.308389	1.80017	1.80017	8.28687	
1422.86	1	381585	8.60621	1	88	7.79042	1	88	0	0	0	0.17498	0.174016	0.175894	0.175217	0.143961	0.220246	0.314981	0.312254	0.316899	0.315409	0.258356	0.396811	1.8001	1.8001	8.30857	
