15.6509	1	70	15.6346	1	70	14.8625	1	66	0	0	0	0.00498801	0.00456667	0.00533667	0.00498799	0.00466333	0.00533	0.00897075	0.00800667	0.0100833	0.00897073	0.00807667	0.00999333	1.79846	1.79847	15.8263	
15.7004	1	74	15.668	1	74	14.8659	1	74	0	0	0	0.00999117	0.00926	0.01046	0.00999122	0.00947333	0.0104967	0.0179902	0.01678	0.0190167	0.0179905	0.0166733	0.0192933	1.80061	1.80063	15.847	
15.7616	1	83	15.7117	1	83	14.9158	1	83	0	0	0	0.0149924	0.0144367	0.0155767	0.0149923	0.0144133	0.0156533	0.0269573	0.0255333	0.0282733	0.0269568	0.0256567	0.0283667	1.79806	1.79804	15.8826	
15.8181	1	104	15.7482	1	104	14.9455	1	104	0	0	0	0.0199947	0.01923	0.0207433	0.0199946	0.0192333	0.0205967	0.0359569	0.0342967	0.0380367	0.0359569	0.0343133	0.0374167	1.79832	1.79834	15.9076	
15.8775	1	97	15.7853	1	97	14.9911	1	93	0	0	0	0.0250009	0.02405	0.0257167	0.025001	0.0242033	0.0257533	0.0449455	0.04299	0.04653	0.0449463	0.04287	0.04707	1.79776	1.79778	15.9335	
15.9302	1	91	15.8131	1	91	15.0133	1	91	0	0	0	0.0300008	0.0289933	0.0308933	0.0300008	0.0289267	0.03084	0.053947	0.05228	0.0560267	0.0539472	0.0522467	0.0560067	1.79818	1.79819	15.9491	
16.0149	1	108	15.8721	1	108	15.0787	1	104	0	0	0	0.0349991	0.0342433	0.0360667	0.0349994	0.03391	0.0360367	0.0629309	0.06123	0.0651233	0.0629313	0.06031	0.06595	1.79807	1.79807	15.9962	
16.0769	1	101	15.9054	1	99	15.1068	1	99	0	0	0	0.0400111	0.03899	0.0408333	0.0400113	0.0391767	0.0411367	0.0719604	0.0695	0.0742433	0.071961	0.0692	0.07491	1.79851	1.79852	16.0157	
16.1577	1	99	15.9539	1	97	15.1569	1	95	0	0	0	0.0449922	0.0439033	0.0462967	0.0449924	0.0440467	0.0461367	0.080969	0.0785167	0.0829133	0.0809687	0.0787133	0.0833233	1.79962	1.79961	16.0506	
16.2393	1	114	16.0009	1	114	15.1958	1	110	0	0	0	0.0499921	0.0489467	0.0512467	0.049992	0.0489233	0.0512067	0.0900255	0.0872333	0.0931133	0.0900248	0.0872133	0.0925167	1.80079	1.80078	16.082	
16.3159	1	108	16.0398	1	108	15.2359	1	104	0	0	0	0.0549907	0.05383	0.0560467	0.0549908	0.0537667	0.05658	0.0990364	0.0950567	0.101633	0.0990362	0.0965	0.102007	1.80096	1.80096	16.1061	
16.4244	1	117	16.1041	1	117	15.303	1	114	0	0	0	0.0600051	0.0587033	0.06148	0.0600054	0.05882	0.0611667	0.108055	0.10485	0.110827	0.108056	0.10495	0.1104	1.80076	1.80077	16.1564	
16.512	1	128	16.1459	1	127	15.3433	1	127	0	0	0	0.0650128	0.0635367	0.06645	0.065013	0.0638167	0.0664533	0.117063	0.114407	0.119997	0.117063	0.113463	0.119987	1.80062	1.80062	16.1831	
16.6193	1	126	16.2003	1	124	15.3929	1	124	0	0	0	0.0700194	0.0682167	0.0713833	0.0700196	0.0688667	0.0719367	0.126047	0.12223	0.13002	0.126046	0.122803	0.128963	1.80017	1.80015	16.2223	
16.7221	1	142	16.2454	1	142	15.4401	1	142	0	0	0	0.0750226	0.0737967	0.0764867	0.0750223	0.07387	0.07655	0.135018	0.131783	0.138207	0.135017	0.131693	0.138417	1.7997	1.7997	16.2514	
16.854	1	134	16.3064	1	133	15.5015	1	129	0	0	0	0.0800241	0.07857	0.08115	0.0800243	0.0786767	0.08152	0.144059	0.140703	0.146757	0.144059	0.141043	0.147893	1.80019	1.80019	16.2929	
17.0014	1	145	16.3766	1	145	15.5733	1	141	0	0	0	0.0850255	0.0839267	0.08641	0.0850254	0.0836433	0.08665	0.153077	0.150003	0.15736	0.153078	0.14983	0.15705	1.80037	1.80037	16.3457	
17.1327	1	130	16.427	1	130	15.6235	1	130	0	0	0	0.0900335	0.0884733	0.0916567	0.0900334	0.0885733	0.09206	0.162102	0.158703	0.16515	0.162102	0.158723	0.16562	1.80046	1.80046	16.3765	
17.2941	1	166	16.4881	1	166	15.688	1	162	0	0	0	0.0950372	0.0937633	0.09688	0.0950367	0.0937	0.0969267	0.171066	0.167677	0.17528	0.171065	0.167493	0.175167	1.79999	1.79999	16.4179	
17.4609	1	137	16.549	1	130	15.7463	1	130	0	0	0	0.100051	0.0988967	0.101803	0.100052	0.0986667	0.10218	0.180075	0.177077	0.184337	0.180075	0.17622	0.18431	1.79983	1.79982	16.4573	
17.6539	1	159	16.6163	1	156	15.8161	1	156	0	0	0	0.105031	0.10328	0.10631	0.105031	0.103827	0.107213	0.189065	0.18586	0.192653	0.189066	0.184527	0.193503	1.80009	1.80009	16.5022	
17.8578	1	143	16.6765	1	142	15.8732	1	142	0	0	0	0.11004	0.108647	0.11167	0.11004	0.108573	0.11231	0.198069	0.194303	0.20198	0.198071	0.19277	0.20274	1.79997	1.79998	16.5403	
18.1106	1	145	16.7506	1	144	15.9485	1	144	0	0	0	0.115045	0.11344	0.11672	0.115045	0.113517	0.117027	0.207074	0.20287	0.211997	0.207074	0.200783	0.2118	1.79995	1.79995	16.5879	
18.3676	1	155	16.8165	1	136	16.0078	1	136	0	0	0	0.120039	0.11845	0.122047	0.120039	0.118467	0.121767	0.216064	0.212473	0.22064	0.216064	0.210137	0.22041	1.79996	1.79995	16.6294	
18.6701	1	197	16.8888	1	151	16.0819	1	147	0	0	0	0.125042	0.12324	0.126777	0.125042	0.12364	0.126637	0.225058	0.221187	0.22883	0.225058	0.21941	0.230037	1.79986	1.79986	16.6731	
19.0367	1	166	16.9684	1	163	16.1583	1	163	0	0	0	0.13005	0.127913	0.13148	0.130049	0.128253	0.131743	0.234103	0.229513	0.238367	0.234102	0.228633	0.239007	1.8001	1.8001	16.7217	
19.4622	1	223	17.054	1	156	16.25	1	156	0	0	0	0.135065	0.13317	0.136787	0.135065	0.133307	0.136853	0.243138	0.237917	0.247733	0.243139	0.23755	0.24831	1.80016	1.80016	16.7755	
19.9833	1	210	17.139	1	184	16.3357	1	184	0	0	0	0.140064	0.138407	0.14175	0.140062	0.138243	0.141833	0.252143	0.247657	0.256503	0.25214	0.247617	0.256783	1.8002	1.8002	16.8248	
20.5669	1	209	17.2196	1	152	16.4103	1	152	0	0	0	0.145068	0.143013	0.146633	0.145069	0.14315	0.14689	0.261153	0.256997	0.26561	0.261154	0.256207	0.265623	1.80021	1.80021	16.8704	
21.3277	1	288	17.3111	1	159	16.5007	1	155	0	0	0	0.150077	0.148613	0.151847	0.150076	0.148037	0.152107	0.27016	0.265953	0.27481	0.270159	0.265863	0.27448	1.80015	1.80015	16.9215	
22.297	1	329	17.4084	1	174	16.6035	1	174	0	0	0	0.155076	0.153247	0.156533	0.155075	0.152877	0.157073	0.279099	0.275293	0.283333	0.279096	0.27458	0.283787	1.79975	1.79975	16.9776	
23.4504	1	354	17.4948	1	167	16.6857	1	167	0	0	0	0.160062	0.158317	0.16164	0.160063	0.15805	0.16195	0.288035	0.281177	0.292623	0.288036	0.282947	0.292257	1.79952	1.79952	17.0206	
25.2317	1	423	17.5989	1	170	16.7885	1	170	0	0	0	0.165061	0.1633	0.167147	0.165057	0.16309	0.167093	0.297042	0.29182	0.301163	0.297035	0.29096	0.30186	1.79959	1.79958	17.0729	
27.6978	1	437	17.7035	1	159	16.8948	1	159	0	0	0	0.170039	0.168037	0.171743	0.170038	0.16822	0.171977	0.305968	0.301077	0.3103	0.305967	0.300033	0.311323	1.7994	1.7994	17.1274	
33.2901	1	738	17.8245	1	182	17.0134	1	182	0	0	0	0.175039	0.17354	0.176997	0.17504	0.173097	0.177107	0.314936	0.30989	0.319447	0.314936	0.30899	0.3204	1.79923	1.79923	17.1879	
65.1442	1	4405	17.9347	1	206	17.1238	1	206	0	0	0	0.180008	0.178437	0.18164	0.180006	0.17838	0.181575	0.32387	0.320185	0.327958	0.323866	0.31875	0.32789	1.7992	1.79919	17.2359	
1884.53	1	72923	18.036	1	212	17.2192	1	212	0	0	0	0.184999	0.183937	0.186009	0.184523	0.183116	0.185586	0.332904	0.330201	0.336343	0.332047	0.328607	0.335541	1.79949	1.79948	17.2856	
