16.3305	1	93	16.3156	1	93	15.5081	1	93	0	0	0	0.00498801	0.00456667	0.00533667	0.00498801	0	0.07059	0.00897075	0.00800667	0.0100833	0.00897063	0	0.127097	1.79846	1.79844	16.5073	
16.6368	1	127	16.6043	1	127	15.8117	1	127	0	0	0	0.00999117	0.00926	0.01046	0.00999116	0	0.14173	0.0179902	0.01678	0.0190167	0.0179903	0	0.254033	1.80061	1.80062	16.7843	
17.104	1	130	17.0521	1	130	16.2582	1	128	0	0	0	0.0149924	0.0144367	0.0155767	0.0149923	0	0.211367	0.0269573	0.0255333	0.0282733	0.0269571	0	0.381807	1.79806	1.79806	17.2236	
17.7659	1	163	17.6898	1	163	16.8983	1	163	0	0	0	0.0199947	0.01923	0.0207433	0.0199945	0	0.281643	0.0359569	0.0342967	0.0380367	0.035957	0	0.50664	1.79832	1.79835	17.849	
18.5524	1	167	18.4501	1	167	17.6509	1	167	0	0	0	0.0250009	0.02405	0.0257167	0.0250006	0	0.351827	0.0449455	0.04299	0.04653	0.0449455	0	0.634267	1.79776	1.79778	18.5964	
19.534	1	216	19.3975	1	216	18.5989	1	216	0	0	0	0.0300008	0.0289933	0.0308933	0.0300008	0	0.422233	0.053947	0.05228	0.0560267	0.0539474	0	0.76183	1.79818	1.7982	19.5277	
20.7845	1	192	20.6065	1	192	19.8165	1	192	0	0	0	0.0349991	0.0342433	0.0360667	0.0349983	0	0.492497	0.0629309	0.06123	0.0651233	0.062929	0	0.88712	1.79807	1.79806	20.7164	
22.3305	1	240	22.0976	1	234	21.3023	1	231	0	0	0	0.0400111	0.03899	0.0408333	0.0397187	0	0.557503	0.0719604	0.0695	0.0742433	0.0714286	0	1	1.79851	1.79836	22.1839	
24.2106	1	255	23.905	1	255	23.1119	1	251	0	0	0	0.0449922	0.0439033	0.0462967	0.0397186	0	0.557433	0.080969	0.0785167	0.0829133	0.0714286	0	1	1.79962	1.79836	23.9592	
26.5747	1	264	26.1648	1	264	25.3597	1	278	0	0	0	0.0499921	0.0489467	0.0512467	0.0397189	0	0.557433	0.0900255	0.0872333	0.0931133	0.0714286	0	1	1.80079	1.79835	26.178	
29.6339	1	277	29.0757	1	268	28.2476	1	275	0	0	0	0.0549907	0.05383	0.0560467	0.0397189	0	0.55744	0.0990364	0.0950567	0.101633	0.0714286	0	1	1.80096	1.79835	29.0353	
33.78	1	308	32.9604	1	307	32.0962	1	330	0	0	0	0.0600051	0.0587033	0.06148	0.0397192	0	0.557447	0.108055	0.10485	0.110827	0.0714286	0	1	1.80076	1.79834	32.8417	
39.6337	1	382	38.3216	1	382	37.4973	1	378	0	0	0	0.0650128	0.0635367	0.06645	0.0397187	0	0.557453	0.117063	0.114407	0.119997	0.0714286	0	1	1.80062	1.79836	38.0711	
49.7581	1	391	46.8826	1	391	45.9214	1	431	0	0	0	0.0700194	0.0682167	0.0713833	0.0397184	0	0.557457	0.126047	0.12223	0.13002	0.0714286	0	1	1.80017	1.79838	46.3532	
185.19	1	22613	64.4157	1	505	63.2166	1	505	0	0	0	0.0750226	0.0737967	0.0764867	0.0397188	0	0.557423	0.135018	0.131783	0.138207	0.0714286	0	1	1.7997	1.79836	62.8535	
35418.8	1	963820	73.8509	1	949	72.5448	1	1040	0	0	0	0.0800241	0.07857	0.08115	0.0397176	0	0.557497	0.144059	0.140703	0.146757	0.0714286	0	1	1.80019	1.79841	71.0714	
