15.7712	1	50	15.7508	1	49	14.947	1	45	0	0	0	0.00498339	0.00460333	0.00538667	0.00498345	0.00460333	0.00539	0.0089563	0.00821667	0.00986667	0.00895652	0.00821667	0.00986667	1.79723	1.79725	15.9375	
15.8805	1	50	15.8366	1	49	15.0366	1	49	0	0	0	0.00998194	0.00952	0.0106333	0.00998211	0.00951667	0.0106333	0.0179709	0.01678	0.0192467	0.0179711	0.01678	0.0192467	1.80034	1.80033	16.0027	
16.002	1	54	15.9303	1	53	15.1507	1	49	0	0	0	0.0149825	0.0143067	0.01555	0.0149824	0.0143033	0.01555	0.0269382	0.0256433	0.02851	0.0269377	0.0256433	0.02851	1.79798	1.79795	16.081	
16.131	1	66	16.0269	1	66	15.2247	1	66	0	0	0	0.0199847	0.0194667	0.0208033	0.0199845	0.0194667	0.0208	0.0359356	0.0345	0.03783	0.0359355	0.0344833	0.03783	1.79816	1.79816	16.1581	
16.2612	1	60	16.1182	1	51	15.3111	1	49	0	0	0	0.0249844	0.02421	0.0256467	0.0249844	0.02421	0.0256467	0.0449068	0.0431433	0.04654	0.0449073	0.04314	0.04654	1.7974	1.79741	16.2304	
16.4033	1	93	16.216	1	53	15.4143	1	49	0	0	0	0.0299786	0.02924	0.0307733	0.0299786	0.0292433	0.0307733	0.0539195	0.05213	0.05596	0.0539195	0.0521567	0.05596	1.7986	1.7986	16.3054	
16.5467	1	95	16.3019	1	72	15.4915	1	68	0	0	0	0.0349774	0.0342367	0.0358733	0.0349774	0.0342367	0.0358767	0.0629459	0.0611567	0.0654667	0.062946	0.06116	0.06545	1.79962	1.79962	16.3662	
16.7102	1	111	16.4011	1	70	15.588	1	69	0	0	0	0.0399889	0.0391467	0.0409867	0.0399889	0.0391467	0.04098	0.072009	0.0696667	0.07408	0.0720087	0.0696667	0.07408	1.80073	1.80072	16.4396	
16.88	1	149	16.4833	1	72	15.6739	1	72	0	0	0	0.0449701	0.04413	0.0460133	0.0449699	0.0441367	0.0460133	0.080976	0.0788633	0.0842433	0.0809751	0.0788633	0.0842333	1.80066	1.80065	16.4939	
17.0953	1	173	16.5882	1	72	15.7731	1	68	0	0	0	0.0499764	0.04892	0.05151	0.049976	0.0489167	0.0515067	0.0899879	0.0868533	0.0925167	0.0899874	0.0868533	0.0925167	1.80061	1.80061	16.5701	
17.3424	1	295	16.6852	1	71	15.8674	1	71	0	0	0	0.054982	0.0535933	0.0560633	0.054982	0.0536033	0.05607	0.0989778	0.0963233	0.1012	0.0989776	0.09634	0.1012	1.80018	1.80018	16.6342	
17.6582	1	401	16.785	1	76	15.9678	1	76	0	0	0	0.0599857	0.0589133	0.0613133	0.0599855	0.0589167	0.0613233	0.107968	0.104723	0.111213	0.107968	0.104723	0.111217	1.7999	1.7999	16.6982	
18.0485	1	578	16.8779	1	80	16.0539	1	80	0	0	0	0.0649985	0.0638667	0.0660133	0.064998	0.0638667	0.0660233	0.117022	0.11463	0.119897	0.117021	0.11463	0.119897	1.80038	1.80038	16.7519	
18.8281	1	1186	16.9921	1	76	16.1663	1	76	0	0	0	0.0699986	0.0686933	0.0711733	0.0699984	0.0686933	0.07118	0.126019	0.123233	0.12942	0.126019	0.123237	0.12942	1.80031	1.80031	16.8166	
21.2323	1	8367	17.1121	1	80	16.2923	1	80	0	0	0	0.07499	0.0734167	0.0760667	0.0749919	0.0734233	0.0761133	0.134971	0.131247	0.138787	0.134974	0.13123	0.13874	1.79985	1.79985	16.88	
340.433	1	72295	17.2409	1	101	16.4112	1	107	0	0	0	0.0800013	0.07909	0.0807371	0.0799638	0.0747186	0.0807429	0.143961	0.141553	0.145747	0.143895	0.134513	0.145743	1.79948	1.7995	16.9413	
