17.8358	4	62	17.8059	4	62	17.0139	4	58	0	0	0	0.00498339	0.00460333	0.00538667	0.00498339	0.00460333	0.00538667	0.0089563	0.00821667	0.00986667	0.00895626	0.00821667	0.00986667	1.79723	1.79722	17.985	
18.0219	4	66	17.9562	4	66	17.1612	4	62	0	0	0	0.00998194	0.00952	0.0106333	0.00998198	0.00951667	0.0106333	0.0179709	0.01678	0.0192467	0.0179708	0.01678	0.0192467	1.80034	1.80032	18.1095	
18.2026	4	75	18.0961	4	75	17.3035	4	75	0	0	0	0.0149825	0.0143067	0.01555	0.0149824	0.0143033	0.01555	0.0269382	0.0256433	0.02851	0.0269378	0.0256433	0.02851	1.79798	1.79796	18.2277	
18.4135	4	72	18.2571	4	72	17.4543	4	72	0	0	0	0.0199847	0.0194667	0.0208033	0.0199846	0.0194667	0.0208	0.0359356	0.0345	0.03783	0.0359357	0.0344833	0.03783	1.79816	1.79817	18.3614	
18.6025	4	72	18.3894	4	72	17.5798	4	72	0	0	0	0.0249844	0.02421	0.0256467	0.0249845	0.02421	0.0256467	0.0449068	0.0431433	0.04654	0.0449074	0.04314	0.04654	1.7974	1.79741	18.4664	
18.8214	4	84	18.5405	4	81	17.7283	4	81	0	0	0	0.0299786	0.02924	0.0307733	0.0299785	0.0292433	0.0307733	0.0539195	0.05213	0.05596	0.0539192	0.0521567	0.05596	1.7986	1.7986	18.5873	
19.0474	4	94	18.6816	4	84	17.8671	4	84	0	0	0	0.0349774	0.0342367	0.0358733	0.0349775	0.0342367	0.0358767	0.0629459	0.0611567	0.0654667	0.0629467	0.0611567	0.0654567	1.79962	1.79963	18.6935	
19.2804	4	115	18.811	4	85	17.9989	4	85	0	0	0	0.0399889	0.0391467	0.0409867	0.0399888	0.03915	0.0409833	0.072009	0.0696667	0.07408	0.0720085	0.0696667	0.07408	1.80073	1.80072	18.7846	
19.5496	4	129	18.9488	4	84	18.1371	4	84	0	0	0	0.0449701	0.04413	0.0460133	0.04497	0.04413	0.0460133	0.080976	0.0788633	0.0842433	0.0809755	0.0788633	0.0842333	1.80066	1.80066	18.8822	
19.858	4	137	19.0957	4	89	18.2781	4	85	0	0	0	0.0499764	0.04892	0.05151	0.049976	0.04892	0.0515067	0.0899879	0.0868533	0.0925167	0.0899869	0.0868533	0.0925233	1.80061	1.8006	18.9828	
20.2094	4	222	19.2345	4	96	18.4217	4	95	0	0	0	0.054982	0.0535933	0.0560633	0.0549814	0.0536033	0.05607	0.0989778	0.0963233	0.1012	0.098977	0.09634	0.1012	1.80018	1.80019	19.071	
20.6297	4	210	19.3682	4	98	18.5443	4	98	0	0	0	0.0599857	0.0589133	0.0613133	0.0599856	0.0589167	0.06132	0.107968	0.104723	0.111213	0.107969	0.104723	0.111213	1.7999	1.79991	19.145	
21.1816	4	263	19.5117	4	96	18.6902	4	93	0	0	0	0.0649985	0.0638667	0.0660133	0.0649981	0.0638667	0.06602	0.117022	0.11463	0.119897	0.117021	0.11462	0.119893	1.80038	1.80038	19.2178	
21.9497	4	404	19.6759	4	100	18.8558	4	100	0	0	0	0.0699986	0.0686933	0.0711733	0.0699985	0.06871	0.07118	0.126019	0.123233	0.12942	0.12602	0.12324	0.129423	1.80031	1.80032	19.2994	
23.1668	4	375	19.8477	4	99	19.0275	4	99	0	0	0	0.07499	0.0734167	0.0760667	0.0749902	0.07342	0.0760567	0.134971	0.131247	0.138787	0.134972	0.131247	0.138733	1.79985	1.79986	19.3735	
25.3114	4	579	20.0341	4	108	19.2088	4	108	0	0	0	0.0799878	0.0786433	0.0812033	0.0799878	0.07865	0.08121	0.143984	0.14032	0.146947	0.143984	0.14033	0.14694	1.80007	1.80007	19.4408	
30.7158	4	956	20.2369	4	104	19.4125	4	104	0	0	0	0.0849842	0.08364	0.08641	0.0849849	0.0836433	0.08641	0.152967	0.14972	0.156877	0.15297	0.149703	0.15687	1.79995	1.79996	19.5043	
96.2213	4	7654	20.4534	4	151	19.6234	4	151	0	0	0	0.090004	0.088865	0.0912483	0.0899995	0.0887033	0.091245	0.161969	0.159607	0.164518	0.161961	0.159097	0.164518	1.79958	1.79958	19.5595	
5627	4	402597	20.589	4	120	19.7527	4	116	0	0	0	0.0950106	0.09426	0.0960914	0.094377	0.0685843	0.0960929	0.170958	0.168611	0.173746	0.169816	0.124024	0.173739	1.79936	1.79934	19.62	
