13.836	1	90	13.8242	1	90	13.0111	1	90	0	0	0	0.00498801	0.00456667	0.00533667	0.00498804	0	0.07059	0.00897075	0.00800667	0.0100833	0.00897083	0	0.127097	1.79846	1.79847	14.0175	
14.1328	1	119	14.1091	1	119	13.3114	1	119	0	0	0	0.00999117	0.00926	0.01046	0.00999124	0	0.14173	0.0179902	0.01678	0.0190167	0.0179905	0	0.254033	1.80061	1.80062	14.2914	
14.5565	1	151	14.5176	1	151	13.7301	1	151	0	0	0	0.0149924	0.0144367	0.0155767	0.0149923	0	0.21137	0.0269573	0.0255333	0.0282733	0.026957	0	0.38181	1.79806	1.79806	14.6933	
15.1329	1	167	15.0756	1	167	14.2729	1	167	0	0	0	0.0199947	0.01923	0.0207433	0.0199944	0	0.281647	0.0359569	0.0342967	0.0380367	0.0359568	0	0.506633	1.79832	1.79834	15.2397	
15.8812	1	165	15.8022	1	165	15	1	163	0	0	0	0.0250009	0.02405	0.0257167	0.0250005	0	0.351827	0.0449455	0.04299	0.04653	0.0449454	0	0.634253	1.79776	1.79778	15.9545	
16.8015	1	220	16.6953	1	220	15.9059	1	216	0	0	0	0.0300008	0.0289933	0.0308933	0.0300008	0	0.422247	0.053947	0.05228	0.0560267	0.053947	0	0.761833	1.79818	1.79819	16.8334	
17.9176	1	205	17.7791	1	205	16.9979	1	201	0	0	0	0.0349991	0.0342433	0.0360667	0.0349982	0	0.492503	0.0629309	0.06123	0.0651233	0.0629292	0	0.88715	1.79807	1.79807	17.8993	
19.3363	1	230	19.1525	1	230	18.3473	1	230	0	0	0	0.0400111	0.03899	0.0408333	0.0397188	0	0.55752	0.0719604	0.0695	0.0742433	0.0714286	0	1	1.79851	1.79836	19.2498	
21.0639	1	245	20.8215	1	245	20.0385	1	300	0	0	0	0.0449922	0.0439033	0.0462967	0.0397187	0	0.55744	0.080969	0.0785167	0.0829133	0.0714286	0	1	1.79962	1.79836	20.8907	
23.245	1	277	22.9176	1	277	22.0999	1	277	0	0	0	0.0499921	0.0489467	0.0512467	0.039719	0	0.55746	0.0900255	0.0872333	0.0931133	0.0714286	0	1	1.80079	1.79835	22.9498	
26.0529	1	278	25.6024	1	278	24.7526	1	303	0	0	0	0.0549907	0.05383	0.0560467	0.0397191	0	0.557447	0.0990364	0.0950567	0.101633	0.0714286	0	1	1.80096	1.79834	25.5863	
29.8165	1	350	29.1545	1	350	28.2825	1	346	0	0	0	0.0600051	0.0587033	0.06148	0.0397191	0	0.557447	0.108055	0.10485	0.110827	0.0714286	0	1	1.80076	1.79834	29.0651	
35.146	1	330	34.08	1	330	33.226	1	360	0	0	0	0.0650128	0.0635367	0.06645	0.039719	0	0.557457	0.117063	0.114407	0.119997	0.0714286	0	1	1.80062	1.79835	33.878	
44.1707	1	583	41.9362	1	425	40.994	1	425	0	0	0	0.0700194	0.0682167	0.0713833	0.0397193	0	0.55745	0.126047	0.12223	0.13002	0.0714286	0	1	1.80017	1.79834	41.4919	
82.5105	1	6104	58.4455	1	458	57.2964	1	458	0	0	0	0.0750226	0.0737967	0.0764867	0.0397194	0	0.557463	0.135018	0.131783	0.138207	0.0714286	0	1	1.7997	1.79833	57.1034	
34584.5	1	1.36524e+06	70.3822	1	1295	69.5469	1	2542	0	0	0	0.0800241	0.07857	0.08115	0.0397134	0	0.557737	0.144059	0.140703	0.146757	0.0714286	0	1	1.80019	1.7986	67.2232	
