14.2456	1	67	14.2372	1	67	13.4505	1	67	0	0	0	0.00498801	0.00456667	0.00533667	0.00498799	0.00466333	0.00533	0.00897075	0.00800667	0.0100833	0.00897073	0.00807667	0.00999333	1.79846	1.79847	14.43	
14.3068	1	85	14.2903	1	85	13.4894	1	81	0	0	0	0.00999117	0.00926	0.01046	0.00999129	0.00947333	0.0104967	0.0179902	0.01678	0.0190167	0.0179906	0.0166733	0.0192933	1.80061	1.80063	14.4717	
14.3637	1	93	14.3376	1	93	13.5346	1	93	0	0	0	0.0149924	0.0144367	0.0155767	0.0149925	0.0144167	0.01565	0.0269573	0.0255333	0.0282733	0.026957	0.0256567	0.0283667	1.79806	1.79804	14.5126	
14.4231	1	85	14.3875	1	85	13.5924	1	85	0	0	0	0.0199947	0.01923	0.0207433	0.0199946	0.0192333	0.0205967	0.0359569	0.0342967	0.0380367	0.035957	0.0343133	0.0374167	1.79832	1.79833	14.5526	
14.4733	1	88	14.4258	1	88	13.6274	1	84	0	0	0	0.0250009	0.02405	0.0257167	0.0250009	0.0242033	0.0257533	0.0449455	0.04299	0.04653	0.0449463	0.04287	0.04707	1.79776	1.79779	14.5827	
14.5383	1	88	14.4784	1	88	13.6854	1	88	0	0	0	0.0300008	0.0289933	0.0308933	0.030001	0.0289267	0.0308367	0.053947	0.05228	0.0560267	0.0539474	0.0522467	0.0560067	1.79818	1.79819	14.6241	
14.5947	1	89	14.5212	1	89	13.731	1	89	0	0	0	0.0349991	0.0342433	0.0360667	0.0349991	0.03391	0.0360333	0.0629309	0.06123	0.0651233	0.0629309	0.06031	0.06595	1.79807	1.79807	14.6569	
14.6711	1	136	14.5818	1	136	13.785	1	136	0	0	0	0.0400111	0.03899	0.0408333	0.0400114	0.0391767	0.0411333	0.0719604	0.0695	0.0742433	0.0719616	0.0692	0.07491	1.79851	1.79853	14.706	
14.7321	1	104	14.6278	1	104	13.8354	1	104	0	0	0	0.0449922	0.0439033	0.0462967	0.0449923	0.04405	0.0461367	0.080969	0.0785167	0.0829133	0.0809695	0.0786967	0.0833233	1.79962	1.79963	14.7402	
14.7954	1	104	14.673	1	104	13.8779	1	104	0	0	0	0.0499921	0.0489467	0.0512467	0.0499921	0.0489233	0.0512133	0.0900255	0.0872333	0.0931133	0.090025	0.0871967	0.0925167	1.80079	1.80078	14.7722	
14.8729	1	114	14.73	1	114	13.928	1	114	0	0	0	0.0549907	0.05383	0.0560467	0.0549911	0.0537667	0.05658	0.0990364	0.0950567	0.101633	0.0990372	0.0965	0.102007	1.80096	1.80097	14.8178	
14.9509	1	114	14.7875	1	114	13.9826	1	114	0	0	0	0.0600051	0.0587033	0.06148	0.0600053	0.0588233	0.0611667	0.108055	0.10485	0.110827	0.108056	0.10495	0.1104	1.80076	1.80078	14.8633	
15.0236	1	127	14.8375	1	127	14.0327	1	123	0	0	0	0.0650128	0.0635367	0.06645	0.0650129	0.0638167	0.0664567	0.117063	0.114407	0.119997	0.117063	0.11347	0.119987	1.80062	1.80061	14.9011	
15.1127	1	113	14.9003	1	113	14.1068	1	109	0	0	0	0.0700194	0.0682167	0.0713833	0.0700197	0.0688667	0.0719467	0.126047	0.12223	0.13002	0.126046	0.122817	0.128963	1.80017	1.80015	14.9512	
15.1974	1	119	14.9569	1	119	14.157	1	119	0	0	0	0.0750226	0.0737967	0.0764867	0.0750227	0.0738733	0.07655	0.135018	0.131783	0.138207	0.135018	0.131697	0.138403	1.7997	1.79969	14.9959	
15.2907	1	122	15.0162	1	122	14.2221	1	122	0	0	0	0.0800241	0.07857	0.08115	0.0800244	0.0786767	0.0815233	0.144059	0.140703	0.146757	0.144059	0.141043	0.147897	1.80019	1.80018	15.0397	
15.3919	1	137	15.0819	1	137	14.278	1	133	0	0	0	0.0850255	0.0839267	0.08641	0.0850257	0.0836433	0.08665	0.153077	0.150003	0.15736	0.153078	0.14983	0.15705	1.80037	1.80038	15.0907	
15.48	1	129	15.1315	1	129	14.3277	1	128	0	0	0	0.0900335	0.0884733	0.0916567	0.0900336	0.08857	0.0920567	0.162102	0.158703	0.16515	0.162102	0.158713	0.165617	1.80046	1.80046	15.1258	
15.5979	1	139	15.2067	1	139	14.4038	1	139	0	0	0	0.0950372	0.0937633	0.09688	0.0950371	0.0937033	0.09693	0.171066	0.167677	0.17528	0.171066	0.1675	0.175163	1.79999	1.79999	15.1851	
15.7148	1	146	15.2732	1	146	14.4754	1	146	0	0	0	0.100051	0.0988967	0.101803	0.100052	0.0986667	0.102173	0.180075	0.177077	0.184337	0.180075	0.17622	0.184297	1.79983	1.79982	15.2366	
15.8346	1	133	15.3394	1	133	14.5346	1	129	0	0	0	0.105031	0.10328	0.10631	0.105031	0.103833	0.107217	0.189065	0.18586	0.192653	0.189064	0.184527	0.193503	1.80009	1.80009	15.2861	
15.9559	1	157	15.4026	1	157	14.5968	1	157	0	0	0	0.11004	0.108647	0.11167	0.11004	0.108563	0.112297	0.198069	0.194303	0.20198	0.198069	0.192753	0.202737	1.79997	1.79998	15.3315	
16.1095	1	141	15.482	1	140	14.6761	1	136	0	0	0	0.115045	0.11344	0.11672	0.115045	0.113517	0.117027	0.207074	0.20287	0.211997	0.207075	0.200777	0.2118	1.79995	1.79995	15.3913	
16.2393	1	143	15.5391	1	143	14.7307	1	139	0	0	0	0.120039	0.11845	0.122047	0.120038	0.118467	0.121767	0.216064	0.212473	0.22064	0.216063	0.210103	0.22041	1.79996	1.79995	15.4311	
16.4015	1	153	15.6162	1	153	14.8122	1	153	0	0	0	0.125042	0.12324	0.126777	0.125041	0.12364	0.126633	0.225058	0.221187	0.22883	0.225058	0.219393	0.23003	1.79986	1.79987	15.4883	
16.5702	1	164	15.6896	1	164	14.878	1	164	0	0	0	0.13005	0.127913	0.13148	0.13005	0.12825	0.13175	0.234103	0.229513	0.238367	0.234104	0.228627	0.239007	1.8001	1.8001	15.5412	
16.7834	1	154	15.7762	1	152	14.9708	1	152	0	0	0	0.135065	0.13317	0.136787	0.135064	0.1333	0.136843	0.243138	0.237917	0.247733	0.243138	0.237557	0.248303	1.80016	1.80016	15.6041	
16.9794	1	153	15.8473	1	146	15.0401	1	146	0	0	0	0.140064	0.138407	0.14175	0.140063	0.13825	0.141833	0.252143	0.247657	0.256503	0.25214	0.247623	0.256783	1.8002	1.80019	15.6532	
17.2214	1	157	15.9344	1	157	15.124	1	157	0	0	0	0.145068	0.143013	0.146633	0.145069	0.14315	0.1469	0.261153	0.256997	0.26561	0.261154	0.256207	0.26562	1.80021	1.80021	15.7157	
17.4892	1	207	16.021	1	207	15.2154	1	203	0	0	0	0.150077	0.148613	0.151847	0.150076	0.148047	0.152117	0.27016	0.265953	0.27481	0.270159	0.265863	0.27448	1.80015	1.80015	15.7762	
17.7454	1	163	16.0928	1	154	15.2816	1	151	0	0	0	0.155076	0.153247	0.156533	0.155075	0.15288	0.157073	0.279099	0.275293	0.283333	0.279096	0.274613	0.28378	1.79975	1.79974	15.8243	
18.0746	1	181	16.1822	1	160	15.3721	1	160	0	0	0	0.160062	0.158317	0.16164	0.160062	0.158043	0.16195	0.288035	0.281177	0.292623	0.288035	0.282953	0.292257	1.79952	1.79952	15.8837	
18.4529	1	186	16.2727	1	186	15.4624	1	186	0	0	0	0.165061	0.1633	0.167147	0.16506	0.163097	0.16711	0.297042	0.29182	0.301163	0.29704	0.29096	0.301863	1.79959	1.79958	15.9443	
18.8817	1	192	16.3624	1	175	15.5556	1	171	0	0	0	0.170039	0.168037	0.171743	0.170038	0.168217	0.171983	0.305968	0.301077	0.3103	0.305968	0.300043	0.311327	1.7994	1.7994	16.0022	
19.376	1	227	16.4499	1	190	15.6448	1	190	0	0	0	0.175039	0.17354	0.176997	0.175038	0.173077	0.177097	0.314936	0.30989	0.319447	0.314934	0.30897	0.320367	1.79923	1.79923	16.0566	
19.9039	1	227	16.5438	1	227	15.7321	1	227	0	0	0	0.180047	0.177493	0.182227	0.180046	0.177943	0.182147	0.323979	0.318947	0.328407	0.323977	0.317903	0.32961	1.79942	1.79941	16.1167	
20.7214	1	235	16.6606	1	183	15.8515	1	183	0	0	0	0.185046	0.183347	0.186653	0.185044	0.18268	0.186863	0.332982	0.328657	0.33772	0.332979	0.326283	0.338503	1.79946	1.79945	16.1916	
21.5843	1	279	16.7584	1	179	15.9469	1	179	0	0	0	0.190042	0.187487	0.19211	0.19004	0.187817	0.191903	0.341956	0.336553	0.347563	0.341953	0.33571	0.347637	1.79937	1.79937	16.2492	
22.7029	1	310	16.8648	1	187	16.0497	1	187	0	0	0	0.19505	0.1932	0.196973	0.195048	0.192713	0.19715	0.350938	0.34723	0.35672	0.350933	0.34422	0.356093	1.79921	1.79922	16.3111	
24.2146	1	390	16.9727	1	167	16.1633	1	167	0	0	0	0.200044	0.197947	0.201813	0.200043	0.197813	0.202103	0.359894	0.354977	0.365547	0.359894	0.353437	0.365163	1.79908	1.79908	16.3738	
26.1498	1	394	17.0897	1	195	16.2726	1	191	0	0	0	0.205055	0.202937	0.207273	0.205053	0.202623	0.20711	0.368909	0.363453	0.373347	0.368903	0.362437	0.37444	1.79907	1.79906	16.4417	
29.0504	1	496	17.2124	1	188	16.3974	1	188	0	0	0	0.210062	0.208187	0.212103	0.210058	0.207373	0.212087	0.377899	0.372007	0.382157	0.377894	0.37092	0.382913	1.79899	1.799	16.5073	
35.2989	1	1493	17.3303	1	219	16.5135	1	215	0	0	0	0.215018	0.21262	0.216647	0.215021	0.212805	0.216597	0.386834	0.38179	0.391153	0.386836	0.381993	0.391647	1.79908	1.79906	16.5677	
457.627	1	41340	17.4679	1	207	16.652	1	207	0	0	0	0.219993	0.218724	0.22129	0.219849	0.218143	0.221476	0.395901	0.392147	0.399341	0.395641	0.391221	0.39914	1.7996	1.79961	16.6378	
