4.07997	1	20	4.0796	1	20	3.31617	1	16	0	0	0	0.00503313	0.00481	0.00530333	0.00503292	0.00485333	0.00523333	0.00901479	0.00842333	0.00938667	0.00901458	0.00845333	0.00953333	1.79109	1.79113	4.28341	
4.09268	1	20	4.09158	1	20	3.28551	1	16	0	0	0	0.0100071	0.00965667	0.0101967	0.0100069	0.00964667	0.01039	0.0181071	0.0176567	0.0190767	0.0181071	0.01748	0.01876	1.80943	1.80946	4.27056	
4.0999	1	20	4.09858	1	20	3.30758	1	20	0	0	0	0.0149985	0.0147133	0.0155233	0.0149983	0.0148167	0.01522	0.0269394	0.0256067	0.0280867	0.0269392	0.02633	0.0278433	1.79613	1.79614	4.2855	
4.12038	1	25	4.11763	1	25	3.32099	1	25	0	0	0	0.019986	0.01961	0.02052	0.0199858	0.01966	0.0203033	0.0358335	0.03493	0.03684	0.0358333	0.0350033	0.03669	1.79293	1.79294	4.30276	
4.13181	1	20	4.12821	1	20	3.33066	1	20	0	0	0	0.0249837	0.0244333	0.0254267	0.024984	0.0247	0.0254733	0.0448033	0.0432067	0.0459867	0.0448044	0.0433767	0.04618	1.7933	1.79333	4.30897	
4.14783	1	22	4.14373	1	22	3.34425	1	20	0	0	0	0.0300242	0.0295467	0.03048	0.030024	0.0292733	0.0305967	0.0540175	0.05332	0.0554333	0.0540173	0.05254	0.0554367	1.79913	1.79914	4.31144	
4.18451	1	24	4.17869	1	24	3.37344	1	24	0	0	0	0.0350258	0.03456	0.0356267	0.0350254	0.0344667	0.0356367	0.0631567	0.0616533	0.06481	0.0631562	0.06177	0.0643333	1.80315	1.80315	4.33785	
4.20463	1	27	4.1974	1	24	3.39076	1	24	0	0	0	0.0400277	0.03946	0.04073	0.0400275	0.03949	0.0405033	0.0721635	0.0709767	0.07374	0.0721642	0.07009	0.0736167	1.80284	1.80286	4.34745	
4.21924	1	31	4.21035	1	31	3.40488	1	27	0	0	0	0.0450169	0.0439567	0.0456967	0.0450173	0.0445133	0.0458567	0.0811485	0.0793167	0.08211	0.0811494	0.0791133	0.0825967	1.80262	1.80263	4.35736	
4.25174	1	24	4.23933	1	24	3.43867	1	24	0	0	0	0.0499998	0.0493	0.0506933	0.0499996	0.0491	0.0508833	0.0900577	0.0887133	0.0915567	0.0900577	0.0884933	0.0920333	1.80116	1.80117	4.37958	
4.27044	1	29	4.25582	1	28	3.45196	1	28	0	0	0	0.0550015	0.05412	0.0556867	0.0550015	0.05423	0.05599	0.0989573	0.0961867	0.101667	0.0989569	0.0973667	0.10109	1.79918	1.79917	4.39198	
4.29347	1	29	4.27781	1	28	3.48791	1	28	0	0	0	0.0599671	0.0591933	0.0606667	0.0599673	0.0593167	0.0608333	0.107884	0.10628	0.110047	0.107884	0.10633	0.110247	1.79905	1.79904	4.4077	
4.31574	1	28	4.29684	1	28	3.50851	1	26	0	0	0	0.0650215	0.0644433	0.06613	0.0650213	0.0643067	0.06615	0.116787	0.114973	0.119243	0.116787	0.114763	0.11975	1.79613	1.79614	4.42376	
4.33692	1	30	4.3166	1	27	3.51592	1	27	0	0	0	0.0699785	0.0688767	0.0706767	0.0699785	0.0693367	0.07104	0.125762	0.123223	0.12785	0.125762	0.123577	0.129007	1.79715	1.79716	4.43515	
4.37089	1	41	4.34529	1	36	3.54738	1	33	0	0	0	0.0749754	0.0739667	0.0760933	0.0749756	0.0743267	0.0759933	0.134679	0.132943	0.137253	0.134679	0.132207	0.137443	1.79631	1.7963	4.4593	
4.39422	1	34	4.36366	1	27	3.56108	1	27	0	0	0	0.0799906	0.0789433	0.0806033	0.0799908	0.0791967	0.0808833	0.143754	0.1418	0.145303	0.143754	0.14093	0.14601	1.79713	1.79713	4.46928	
4.41941	1	32	4.38464	1	32	3.58248	1	28	0	0	0	0.0850135	0.0841767	0.08594	0.0850131	0.0843767	0.0859067	0.152908	0.15066	0.154753	0.152905	0.150483	0.154637	1.79864	1.79861	4.48206	
4.44729	1	34	4.4085	1	34	3.61013	1	31	0	0	0	0.0900248	0.0892033	0.09142	0.0900258	0.0891133	0.09116	0.16201	0.159603	0.16706	0.162011	0.15898	0.163893	1.79961	1.79961	4.49687	
4.47964	1	40	4.4329	1	32	3.63178	1	32	0	0	0	0.0950098	0.0942767	0.09608	0.0950104	0.0940267	0.0964067	0.170997	0.16884	0.173027	0.170998	0.16776	0.173433	1.79979	1.79979	4.5139	
4.51156	1	35	4.46027	1	31	3.65003	1	31	0	0	0	0.100001	0.0992933	0.10096	0.100001	0.09872	0.10145	0.180058	0.177937	0.182947	0.18006	0.17672	0.18333	1.80056	1.80057	4.5333	
4.54402	1	38	4.48728	1	31	3.68439	1	29	0	0	0	0.105056	0.104367	0.105867	0.105056	0.103987	0.106647	0.189182	0.1872	0.191547	0.189182	0.18624	0.192593	1.80077	1.80076	4.55045	
4.58056	1	37	4.51435	1	37	3.71097	1	37	0	0	0	0.110075	0.108663	0.11093	0.110076	0.10925	0.11175	0.198212	0.19493	0.200707	0.198213	0.19617	0.202417	1.80071	1.80069	4.57035	
4.61503	1	41	4.53935	1	32	3.73871	1	32	0	0	0	0.115057	0.113993	0.11592	0.115057	0.113953	0.11677	0.207168	0.20457	0.210507	0.207166	0.2041	0.21237	1.80056	1.80056	4.58662	
4.64979	1	36	4.56501	1	36	3.76413	1	36	0	0	0	0.120091	0.11929	0.121323	0.120092	0.119157	0.122063	0.216163	0.21313	0.21876	0.216168	0.213487	0.221263	1.8	1.80001	4.60727	
4.68542	1	37	4.59074	1	33	3.78898	1	32	0	0	0	0.125085	0.12432	0.126297	0.125085	0.123813	0.126907	0.22529	0.223193	0.229163	0.225289	0.222693	0.230323	1.80109	1.80108	4.62071	
4.72013	1	38	4.61634	1	35	3.81952	1	35	0	0	0	0.130036	0.12924	0.131267	0.130036	0.128733	0.131547	0.23412	0.231557	0.23707	0.234123	0.231667	0.23868	1.80043	1.80044	4.64012	
4.76659	1	43	4.64604	1	34	3.84143	1	34	0	0	0	0.135046	0.134093	0.136103	0.135047	0.13397	0.136863	0.243109	0.241307	0.245997	0.243108	0.241153	0.248143	1.80019	1.80017	4.66067	
4.8009	1	41	4.67077	1	36	3.869	1	34	0	0	0	0.140089	0.13944	0.141097	0.140089	0.13869	0.142097	0.252135	0.24934	0.25455	0.252133	0.250047	0.257657	1.79982	1.79981	4.67775	
4.8583	1	48	4.71153	1	39	3.90575	1	37	0	0	0	0.145101	0.143857	0.14625	0.145101	0.143963	0.14687	0.261322	0.259377	0.263003	0.261323	0.259287	0.266137	1.80097	1.80097	4.70542	
4.8955	1	39	4.73179	1	39	3.92642	1	35	0	0	0	0.150073	0.148857	0.15121	0.150073	0.14875	0.15162	0.270177	0.26602	0.273463	0.270176	0.267657	0.274967	1.80031	1.8003	4.71765	
4.9395	1	41	4.75928	1	36	3.96002	1	34	0	0	0	0.155095	0.153963	0.155983	0.155095	0.153553	0.156497	0.279321	0.275037	0.28224	0.279322	0.276473	0.284243	1.80096	1.80098	4.73417	
4.99764	1	41	4.79178	1	36	3.98221	1	33	0	0	0	0.160132	0.159087	0.161083	0.160131	0.158517	0.161477	0.288289	0.285193	0.291183	0.288289	0.285423	0.2929	1.80032	1.80033	4.7556	
5.0533	1	48	4.82687	1	48	4.01833	1	44	0	0	0	0.165183	0.164203	0.166453	0.165183	0.163547	0.16656	0.297368	0.293813	0.300543	0.297368	0.294467	0.301827	1.80023	1.80024	4.78157	
5.10885	1	44	4.85691	1	40	4.05128	1	36	0	0	0	0.170181	0.169017	0.171337	0.17018	0.16873	0.17179	0.306336	0.302677	0.31067	0.306335	0.303213	0.311043	1.80006	1.80006	4.8	
5.1583	1	56	4.882	1	49	4.07573	1	45	0	0	0	0.175217	0.174117	0.176273	0.175218	0.173847	0.17675	0.315385	0.312637	0.31849	0.315387	0.312307	0.319443	1.79997	1.79997	4.81642	
5.23335	1	55	4.92355	1	46	4.1199	1	42	0	0	0	0.18028	0.178787	0.181217	0.18028	0.179097	0.181567	0.324327	0.32116	0.326523	0.324326	0.3207	0.328403	1.79901	1.79901	4.84362	
5.29836	1	56	4.95085	1	52	4.15094	1	52	0	0	0	0.18528	0.18345	0.18669	0.185281	0.183917	0.187003	0.333208	0.331463	0.33741	0.33321	0.328717	0.337003	1.7984	1.7984	4.85933	
5.35077	1	55	4.98247	1	44	4.17649	1	43	0	0	0	0.190258	0.18945	0.191683	0.190257	0.188933	0.1916	0.34208	0.339013	0.34423	0.342078	0.337773	0.346057	1.79798	1.79798	4.88451	
5.43901	1	58	5.02062	1	47	4.21965	1	43	0	0	0	0.195212	0.19321	0.1966	0.195213	0.193917	0.19685	0.350996	0.34645	0.353823	0.350998	0.346897	0.354707	1.79803	1.79802	4.90889	
5.52536	1	61	5.05787	1	48	4.2577	1	48	0	0	0	0.200214	0.19899	0.201843	0.200214	0.198623	0.20177	0.360125	0.35611	0.364773	0.360124	0.354983	0.363777	1.7987	1.7987	4.93013	
5.6135	1	57	5.09515	1	42	4.28807	1	39	0	0	0	0.205178	0.203447	0.206533	0.205178	0.203347	0.206597	0.369072	0.365927	0.371617	0.369074	0.363997	0.372773	1.79879	1.7988	4.95491	
5.70648	1	77	5.13015	1	39	4.32909	1	37	0	0	0	0.210146	0.209193	0.210833	0.210143	0.208207	0.211467	0.377912	0.37409	0.37995	0.377906	0.372413	0.3812	1.79833	1.79833	4.97294	
5.80012	1	61	5.16379	1	46	4.35734	1	42	0	0	0	0.215113	0.214033	0.21652	0.215113	0.213493	0.21649	0.386873	0.383873	0.390327	0.38687	0.38159	0.38988	1.79846	1.79845	4.99588	
5.88983	1	75	5.1955	1	55	4.38951	1	51	0	0	0	0.220135	0.218983	0.22155	0.220136	0.218307	0.22157	0.395772	0.393563	0.397797	0.395772	0.390123	0.3988	1.79786	1.79785	5.01448	
6.03348	1	68	5.24333	1	43	4.43371	1	43	0	0	0	0.225164	0.224647	0.225963	0.225164	0.22333	0.226657	0.404797	0.402063	0.407097	0.404799	0.399803	0.407763	1.79779	1.7978	5.04526	
6.15263	1	93	5.28393	1	45	4.47099	1	41	0	0	0	0.230132	0.228587	0.232	0.230131	0.22815	0.231787	0.413767	0.408927	0.41791	0.413766	0.408683	0.41688	1.79796	1.79796	5.0671	
6.30432	1	72	5.32565	1	47	4.51969	1	47	0	0	0	0.23507	0.23383	0.23663	0.235071	0.233257	0.236847	0.422628	0.418507	0.42607	0.422627	0.41787	0.425553	1.79788	1.79787	5.09401	
6.47553	1	85	5.37018	1	48	4.56365	1	46	0	0	0	0.24003	0.238893	0.242187	0.240029	0.238263	0.241723	0.43155	0.427747	0.436627	0.43155	0.427077	0.434523	1.7979	1.79791	5.11624	
6.60615	1	81	5.41351	1	50	4.60122	1	50	0	0	0	0.24505	0.244253	0.246043	0.245049	0.24346	0.24673	0.440688	0.436627	0.444483	0.440688	0.4359	0.443343	1.79836	1.79837	5.14437	
6.80852	1	88	5.45277	1	49	4.64217	1	48	0	0	0	0.249961	0.248477	0.25131	0.24996	0.24841	0.251767	0.449549	0.445797	0.452603	0.449545	0.445393	0.452247	1.79847	1.79847	5.16447	
7.00926	1	95	5.49398	1	50	4.68313	1	46	0	0	0	0.254964	0.25383	0.256647	0.254962	0.253507	0.256927	0.458597	0.45551	0.46243	0.458593	0.454403	0.461633	1.79868	1.79867	5.18801	
7.30834	1	111	5.5511	1	52	4.74171	1	49	0	0	0	0.259973	0.2587	0.261123	0.259976	0.258457	0.261463	0.467604	0.46453	0.470857	0.467609	0.463033	0.470623	1.79867	1.79866	5.21999	
7.52157	1	95	5.59729	1	61	4.78471	1	61	0	0	0	0.265002	0.26314	0.266663	0.265005	0.263273	0.266327	0.476581	0.4737	0.478723	0.476585	0.472487	0.480087	1.79841	1.7984	5.24494	
7.80545	1	81	5.63591	1	48	4.8265	1	48	0	0	0	0.270024	0.26872	0.271523	0.270021	0.26842	0.271377	0.485605	0.481313	0.491187	0.485598	0.48162	0.48851	1.79838	1.79837	5.26583	
8.17554	1	101	5.68773	1	53	4.87961	1	52	0	0	0	0.275017	0.274063	0.276677	0.275023	0.273447	0.27668	0.494525	0.490707	0.49701	0.494532	0.490647	0.497613	1.79816	1.79815	5.29114	
8.60399	1	116	5.74452	1	62	4.93267	1	58	0	0	0	0.280041	0.278987	0.28115	0.280044	0.27853	0.28201	0.503516	0.49919	0.50723	0.50352	0.50048	0.50725	1.79801	1.798	5.32162	
9.06057	1	122	5.79932	1	49	4.98785	1	49	0	0	0	0.285015	0.28285	0.286227	0.285011	0.28359	0.286997	0.512439	0.509477	0.517123	0.512433	0.509597	0.51614	1.79794	1.79794	5.34953	
9.47	1	123	5.84201	1	50	5.02959	1	50	0	0	0	0.290035	0.288213	0.29115	0.290033	0.288323	0.292363	0.521427	0.518177	0.52464	0.521422	0.51783	0.526013	1.79781	1.7978	5.36879	
10.1582	1	126	5.89956	1	53	5.08889	1	52	0	0	0	0.295025	0.293633	0.29691	0.295019	0.29326	0.29737	0.530447	0.52501	0.53639	0.530438	0.527003	0.53489	1.79797	1.79798	5.39717	
10.7965	1	127	5.9576	1	66	5.14433	1	66	0	0	0	0.300039	0.298963	0.301397	0.30003	0.297643	0.302233	0.539366	0.534617	0.545557	0.539349	0.535347	0.543047	1.79766	1.79765	5.42692	
11.8094	1	193	6.01436	1	62	5.20262	1	62	0	0	0	0.305054	0.30396	0.306623	0.305053	0.302207	0.306967	0.548402	0.545333	0.551867	0.548392	0.543413	0.55186	1.79772	1.7977	5.45203	
12.8974	1	197	6.07556	1	56	5.26148	1	55	0	0	0	0.310057	0.30876	0.311037	0.310053	0.30722	0.311837	0.557393	0.555433	0.56053	0.557387	0.552393	0.561393	1.79771	1.79771	5.48075	
14.1646	1	172	6.13848	1	59	5.32331	1	55	0	0	0	0.315018	0.3131	0.315813	0.315014	0.312313	0.3168	0.56651	0.56362	0.569487	0.566498	0.561693	0.570613	1.79834	1.79832	5.50573	
16.3138	1	296	6.20193	1	56	5.39094	1	55	0	0	0	0.319978	0.318667	0.321327	0.319975	0.317397	0.321697	0.575376	0.57096	0.578647	0.575371	0.570837	0.579307	1.79817	1.79817	5.5347	
18.1539	1	225	6.264	1	71	5.45165	1	71	0	0	0	0.324917	0.32338	0.326245	0.324912	0.323113	0.326163	0.584129	0.57977	0.58923	0.584123	0.580412	0.588183	1.79778	1.79779	5.5611	
21.491	1	295	6.33408	1	61	5.52058	1	58	0	0	0	0.329942	0.32845	0.331093	0.329938	0.328087	0.33115	0.593168	0.590045	0.596695	0.593165	0.589368	0.59744	1.7978	1.79781	5.59163	
27.3584	1	358	6.41054	1	71	5.60029	1	67	0	0	0	0.334963	0.333826	0.336726	0.334967	0.333234	0.336072	0.602276	0.599138	0.607158	0.602274	0.599006	0.606312	1.79804	1.79801	5.61747	
36.7592	1	588	6.48397	1	66	5.67757	1	62	0	0	0	0.33991	0.33848	0.341305	0.339913	0.33805	0.34146	0.611038	0.607017	0.615775	0.611047	0.60741	0.615677	1.79765	1.79766	5.64644	
56.2416	1	609	6.55739	1	71	5.75097	1	69	0	0	0	0.344896	0.343243	0.346328	0.344902	0.34296	0.346275	0.620011	0.617395	0.622912	0.620017	0.61621	0.624365	1.79768	1.79766	5.67317	
1256.52	1	22200	6.63672	1	78	5.82442	1	78	0	0	0	0.349837	0.348939	0.351193	0.349224	0.348214	0.350027	0.629446	0.626009	0.633433	0.628344	0.62533	0.630559	1.79926	1.79926	5.69997	
