4.30486	1	20	4.30486	1	20	3.52039	1	16	0	0	0	0.00503313	0.00481	0.00530333	0.00503313	0.00481	0.0053	0.00901479	0.00842333	0.00938667	0.00901479	0.00842333	0.00938667	1.79109	1.79109	4.5059	
4.37605	1	20	4.37596	1	20	3.57873	1	19	0	0	0	0.0100071	0.00965667	0.0101967	0.0100073	0.00965667	0.0102	0.0181071	0.0176567	0.0190767	0.0181077	0.0176567	0.01908	1.80943	1.80945	4.55182	
4.40065	1	20	4.40025	1	20	3.61967	1	20	0	0	0	0.0149985	0.0147133	0.0155233	0.0149987	0.0147133	0.01552	0.0269394	0.0256067	0.0280867	0.0269396	0.0256067	0.0280867	1.79613	1.79612	4.58051	
4.41063	1	27	4.41004	1	23	3.62615	1	21	0	0	0	0.019986	0.01961	0.02052	0.019986	0.01961	0.0205167	0.0358335	0.03493	0.03684	0.0358333	0.03493	0.0368367	1.79293	1.79292	4.58775	
4.45556	1	22	4.45435	1	22	3.66449	1	20	0	0	0	0.0249837	0.0244333	0.0254267	0.0249844	0.0244333	0.0254233	0.0448033	0.0432067	0.0459867	0.0448048	0.0432067	0.0459833	1.7933	1.79331	4.62501	
4.48884	1	46	4.48741	1	24	3.67234	1	20	0	0	0	0.0300242	0.0295467	0.03048	0.0300246	0.0295467	0.0304767	0.0540175	0.05332	0.0554333	0.0540179	0.05332	0.0554333	1.79913	1.79912	4.64426	
4.50914	1	33	4.50701	1	24	3.70222	1	21	0	0	0	0.0350258	0.03456	0.0356267	0.0350263	0.03456	0.0356267	0.0631567	0.0616533	0.06481	0.0631571	0.0616533	0.0648067	1.80315	1.80314	4.65283	
4.53639	1	26	4.53387	1	24	3.72118	1	22	0	0	0	0.0400277	0.03946	0.04073	0.0400275	0.0394567	0.0407267	0.0721635	0.0709767	0.07374	0.072164	0.07098	0.0737367	1.80284	1.80286	4.67291	
4.57202	1	34	4.56728	1	26	3.74564	1	22	0	0	0	0.0450169	0.0439567	0.0456967	0.0450175	0.0439567	0.0456967	0.0811485	0.0793167	0.08211	0.08115	0.0793167	0.08211	1.80262	1.80263	4.69783	
4.59165	1	32	4.58514	1	27	3.78745	1	23	0	0	0	0.0499998	0.0493	0.0506933	0.0500002	0.0493	0.05069	0.0900577	0.0887133	0.0915567	0.090059	0.0887133	0.0915667	1.80116	1.80117	4.71058	
4.61792	1	35	4.61088	1	25	3.81176	1	24	0	0	0	0.0550015	0.05412	0.0556867	0.0550017	0.0541167	0.0556833	0.0989573	0.0961867	0.101667	0.0989565	0.0961767	0.101667	1.79918	1.79915	4.73283	
4.64308	1	39	4.63439	1	25	3.8301	1	23	0	0	0	0.0599671	0.0591933	0.0606667	0.0599669	0.0591933	0.0606633	0.107884	0.10628	0.110047	0.107883	0.106283	0.110047	1.79905	1.79905	4.74843	
4.66687	1	36	4.65632	1	27	3.85846	1	24	0	0	0	0.0650215	0.0644433	0.06613	0.0650215	0.06444	0.0661367	0.116787	0.114973	0.119243	0.116787	0.114973	0.119243	1.79613	1.79613	4.76628	
4.68067	1	43	4.66682	1	28	3.86242	1	24	0	0	0	0.0699785	0.0688767	0.0706767	0.069979	0.0688767	0.0706767	0.125762	0.123223	0.12785	0.125762	0.123223	0.12785	1.79715	1.79714	4.77249	
4.71926	1	40	4.70244	1	27	3.88649	1	24	0	0	0	0.0749754	0.0739667	0.0760933	0.0749758	0.0739633	0.0760933	0.134679	0.132943	0.137253	0.134679	0.132947	0.137253	1.79631	1.7963	4.80013	
4.72981	1	44	4.71113	1	28	3.90941	1	24	0	0	0	0.0799906	0.0789433	0.0806033	0.0799906	0.07894	0.0806067	0.143754	0.1418	0.145303	0.143753	0.141793	0.145303	1.79713	1.79713	4.80171	
4.76372	1	44	4.74016	1	28	3.94346	1	26	0	0	0	0.0850135	0.0841767	0.08594	0.0850121	0.0841767	0.08594	0.152908	0.15066	0.154753	0.152904	0.15066	0.154753	1.79864	1.79862	4.82141	
4.79275	1	53	4.76126	1	28	3.95575	1	27	0	0	0	0.0900248	0.0892033	0.09142	0.090025	0.0892067	0.09142	0.16201	0.159603	0.16706	0.162009	0.159607	0.16706	1.79961	1.7996	4.83219	
4.81614	1	49	4.78184	1	29	3.97292	1	27	0	0	0	0.0950098	0.0942767	0.09608	0.09501	0.0942767	0.09608	0.170997	0.16884	0.173027	0.170998	0.16884	0.173027	1.79979	1.79979	4.84649	
4.84004	1	49	4.80339	1	31	3.99611	1	27	0	0	0	0.100001	0.0992933	0.10096	0.100001	0.0992867	0.10096	0.180058	0.177937	0.182947	0.180057	0.177937	0.182947	1.80056	1.80056	4.86112	
4.8602	1	51	4.81763	1	28	4.00405	1	25	0	0	0	0.105056	0.104367	0.105867	0.105056	0.104363	0.10587	0.189182	0.1872	0.191547	0.18918	0.187193	0.19155	1.80077	1.80076	4.87114	
4.8876	1	61	4.84166	1	31	4.02854	1	28	0	0	0	0.110075	0.108663	0.11093	0.110075	0.108663	0.11093	0.198212	0.19493	0.200707	0.198212	0.19493	0.200707	1.80071	1.80071	4.88453	
4.92153	1	63	4.86477	1	30	4.04676	1	30	0	0	0	0.115057	0.113993	0.11592	0.115056	0.113997	0.115923	0.207168	0.20457	0.210507	0.207166	0.204573	0.21051	1.80056	1.80056	4.9006	
4.9457	1	54	4.88023	1	31	4.0776	1	27	0	0	0	0.120091	0.11929	0.121323	0.120092	0.119297	0.121323	0.216163	0.21313	0.21876	0.216165	0.213137	0.21876	1.8	1.79999	4.9114	
4.97113	1	68	4.89726	1	29	4.08695	1	28	0	0	0	0.125085	0.12432	0.126297	0.125085	0.12433	0.126297	0.22529	0.223193	0.229163	0.225288	0.223183	0.229163	1.80109	1.80109	4.91954	
5.0032	1	66	4.91617	1	28	4.10368	1	26	0	0	0	0.130036	0.12924	0.131267	0.130035	0.12924	0.13127	0.23412	0.231557	0.23707	0.23412	0.231557	0.23708	1.80043	1.80043	4.93154	
5.02302	1	65	4.9306	1	30	4.11674	1	30	0	0	0	0.135046	0.134093	0.136103	0.135047	0.134087	0.136107	0.243109	0.241307	0.245997	0.243109	0.24131	0.246	1.80019	1.80018	4.94352	
5.05644	1	69	4.95159	1	30	4.14122	1	29	0	0	0	0.140089	0.13944	0.141097	0.140087	0.139437	0.1411	0.252135	0.24934	0.25455	0.252128	0.24934	0.254553	1.79982	1.7998	4.95386	
5.10829	1	104	4.9785	1	37	4.1685	1	37	0	0	0	0.145101	0.143857	0.14625	0.1451	0.143853	0.14625	0.261322	0.259377	0.263003	0.261323	0.259373	0.263	1.80097	1.80098	4.96977	
5.11452	1	78	4.98515	1	31	4.16926	1	29	0	0	0	0.150073	0.148857	0.15121	0.150072	0.14886	0.151207	0.270177	0.26602	0.273463	0.270175	0.266027	0.27346	1.80031	1.80031	4.975	
5.16636	1	91	5.00273	1	34	4.19567	1	30	0	0	0	0.155095	0.153963	0.155983	0.155095	0.153967	0.155983	0.279321	0.275037	0.28224	0.279321	0.275043	0.282243	1.80096	1.80097	4.97958	
5.20448	1	96	5.02958	1	30	4.2235	1	30	0	0	0	0.160132	0.159087	0.161083	0.16013	0.159093	0.161083	0.288289	0.285193	0.291183	0.288287	0.285207	0.291183	1.80032	1.80033	4.99948	
5.24345	1	82	5.04731	1	36	4.23236	1	36	0	0	0	0.165183	0.164203	0.166453	0.165184	0.1642	0.166447	0.297368	0.293813	0.300543	0.29737	0.293813	0.300553	1.80023	1.80024	5.01034	
5.29811	1	90	5.06912	1	34	4.26305	1	32	0	0	0	0.170181	0.169017	0.171337	0.170179	0.169013	0.17132	0.306336	0.302677	0.31067	0.306335	0.302683	0.310687	1.80006	1.80007	5.02407	
5.31823	1	104	5.06801	1	33	4.25401	1	33	0	0	0	0.175217	0.174117	0.176273	0.175216	0.174123	0.176273	0.315385	0.312637	0.31849	0.315383	0.312643	0.3185	1.79997	1.79997	5.01704	
5.36716	1	96	5.09421	1	34	4.28113	1	33	0	0	0	0.18028	0.178787	0.181217	0.18028	0.178787	0.18121	0.324327	0.32116	0.326523	0.324325	0.32116	0.326517	1.79901	1.79901	5.03764	
5.3943	1	125	5.10393	1	33	4.29067	1	33	0	0	0	0.18528	0.18345	0.18669	0.18528	0.183453	0.18669	0.333208	0.331463	0.33741	0.333205	0.331467	0.337397	1.7984	1.79839	5.04224	
5.46273	1	86	5.12538	1	31	4.31154	1	31	0	0	0	0.190258	0.18945	0.191683	0.190258	0.189447	0.191683	0.34208	0.339013	0.34423	0.342078	0.339013	0.344227	1.79798	1.79797	5.05334	
5.4986	1	131	5.12814	1	42	4.31656	1	38	0	0	0	0.195212	0.19321	0.1966	0.195212	0.19321	0.196593	0.350996	0.34645	0.353823	0.350995	0.34644	0.353837	1.79803	1.79802	5.05257	
5.55124	1	117	5.14612	1	48	4.32746	1	48	0	0	0	0.200214	0.19899	0.201843	0.200212	0.19898	0.20184	0.360125	0.35611	0.364773	0.360122	0.3561	0.36478	1.7987	1.79871	5.06026	
5.62662	1	124	5.16835	1	40	4.35651	1	37	0	0	0	0.205178	0.203447	0.206533	0.205177	0.20344	0.206537	0.369072	0.365927	0.371617	0.369074	0.365927	0.371613	1.79879	1.7988	5.0705	
5.71094	1	137	5.19031	1	34	4.38218	1	34	0	0	0	0.210146	0.209193	0.210833	0.210145	0.209193	0.210837	0.377912	0.37409	0.37995	0.377912	0.374093	0.379953	1.79833	1.79834	5.08596	
5.78081	1	136	5.20687	1	45	4.39823	1	45	0	0	0	0.215113	0.214033	0.21652	0.215112	0.21403	0.21652	0.386873	0.383873	0.390327	0.386868	0.38387	0.39032	1.79846	1.79845	5.09591	
5.84398	1	157	5.21609	1	38	4.40539	1	38	0	0	0	0.220135	0.218983	0.22155	0.220136	0.21898	0.221543	0.395772	0.393563	0.397797	0.395771	0.393553	0.397797	1.79786	1.79785	5.0978	
5.95157	1	170	5.23805	1	34	4.4239	1	32	0	0	0	0.225164	0.224647	0.225963	0.225167	0.224647	0.225967	0.404797	0.402063	0.407097	0.404806	0.402073	0.407097	1.79779	1.7978	5.11017	
6.00749	1	144	5.25126	1	39	4.44013	1	38	0	0	0	0.230132	0.228587	0.232	0.230129	0.22859	0.232003	0.413767	0.408927	0.41791	0.413762	0.408933	0.417907	1.79796	1.79795	5.11378	
6.15672	1	149	5.2724	1	42	4.45751	1	42	0	0	0	0.23507	0.23383	0.23663	0.23507	0.233833	0.23663	0.422628	0.418507	0.42607	0.422627	0.41852	0.426073	1.79788	1.79788	5.1278	
6.21967	1	160	5.28455	1	38	4.47237	1	38	0	0	0	0.24003	0.238893	0.242187	0.240029	0.238893	0.242183	0.43155	0.427747	0.436627	0.431548	0.427743	0.43661	1.7979	1.7979	5.13137	
6.37722	1	163	5.30294	1	36	4.48715	1	36	0	0	0	0.24505	0.244253	0.246043	0.245049	0.244253	0.24605	0.440688	0.436627	0.444483	0.440688	0.43663	0.44449	1.79836	1.79836	5.14144	
6.56285	1	194	5.32509	1	39	4.51175	1	38	0	0	0	0.249961	0.248477	0.25131	0.249961	0.248473	0.25131	0.449549	0.445797	0.452603	0.449544	0.445793	0.45259	1.79847	1.79846	5.15027	
6.6793	1	194	5.33824	1	43	4.52351	1	43	0	0	0	0.254964	0.25383	0.256647	0.254963	0.253843	0.256647	0.458597	0.45551	0.46243	0.458593	0.45551	0.462453	1.79868	1.79867	5.15551	
6.95527	1	379	5.36038	1	41	4.54055	1	41	0	0	0	0.259973	0.2587	0.261123	0.259977	0.258707	0.26117	0.467604	0.46453	0.470857	0.467611	0.464527	0.470853	1.79867	1.79866	5.1654	
7.02837	1	183	5.37353	1	43	4.55932	1	43	0	0	0	0.265002	0.26314	0.266663	0.265004	0.263137	0.266667	0.476581	0.4737	0.478723	0.476585	0.473697	0.47874	1.79841	1.79841	5.16958	
7.34518	1	301	5.39202	1	40	4.57524	1	40	0	0	0	0.270024	0.26872	0.271523	0.270018	0.268723	0.271523	0.485605	0.481313	0.491187	0.485589	0.481303	0.49118	1.79838	1.79836	5.17882	
7.63037	1	356	5.41181	1	46	4.59869	1	46	0	0	0	0.275017	0.274063	0.276677	0.275019	0.27406	0.276677	0.494525	0.490707	0.49701	0.494526	0.4907	0.49701	1.79816	1.79816	5.19175	
7.66756	1	204	5.41323	1	45	4.59028	1	44	0	0	0	0.280041	0.278987	0.28115	0.280049	0.278993	0.281143	0.503516	0.49919	0.50723	0.503534	0.499207	0.507237	1.79801	1.79802	5.18782	
8.10829	1	240	5.44008	1	44	4.61753	1	44	0	0	0	0.285015	0.28285	0.286227	0.285013	0.28285	0.286243	0.512439	0.509477	0.517123	0.512435	0.509477	0.51711	1.79794	1.79794	5.19801	
8.49689	1	240	5.4608	1	46	4.64201	1	43	0	0	0	0.290035	0.288213	0.29115	0.290044	0.288213	0.291143	0.521427	0.518177	0.52464	0.521447	0.518187	0.52465	1.79781	1.79782	5.20872	
8.78837	1	294	5.46798	1	46	4.65088	1	46	0	0	0	0.295025	0.293633	0.29691	0.295021	0.29362	0.296923	0.530447	0.52501	0.53639	0.530443	0.52501	0.536393	1.79797	1.79799	5.21174	
9.22189	1	278	5.48423	1	47	4.66499	1	47	0	0	0	0.300039	0.298963	0.301397	0.300038	0.298967	0.301417	0.539366	0.534617	0.545557	0.539366	0.534613	0.545543	1.79766	1.79766	5.21884	
10.5521	1	351	5.515	1	51	4.69873	1	51	0	0	0	0.304968	0.303985	0.30657	0.30497	0.30398	0.306565	0.548432	0.545702	0.553007	0.548434	0.545693	0.553007	1.79833	1.79832	5.23067	
10.9878	1	431	5.52518	1	43	4.70882	1	43	0	0	0	0.310057	0.30876	0.311037	0.310051	0.30876	0.311037	0.557393	0.555433	0.56053	0.557379	0.55544	0.56053	1.79771	1.7977	5.23104	
11.5106	1	479	5.53759	1	48	4.71495	1	44	0	0	0	0.315018	0.3131	0.315813	0.315028	0.313097	0.31585	0.56651	0.56362	0.569487	0.566526	0.56363	0.56948	1.79834	1.79834	5.23912	
12.6348	1	527	5.56252	1	48	4.74057	1	46	0	0	0	0.319978	0.318667	0.321327	0.319982	0.31866	0.32132	0.575376	0.57096	0.578647	0.575383	0.57098	0.57863	1.79817	1.79817	5.24951	
14.4343	1	645	5.5778	1	46	4.75348	1	46	0	0	0	0.324995	0.32366	0.32593	0.324994	0.323648	0.32593	0.584353	0.580694	0.58909	0.584354	0.580694	0.589134	1.79804	1.79805	5.25424	
18.8292	1	788	5.59804	1	56	4.77972	1	56	0	0	0	0.329942	0.32845	0.331093	0.329941	0.328448	0.331093	0.593168	0.590045	0.596695	0.59317	0.590047	0.596692	1.7978	1.79781	5.26057	
23.2166	1	937	5.61832	1	47	4.79711	1	47	0	0	0	0.334941	0.334175	0.336213	0.334937	0.334175	0.336212	0.602391	0.600057	0.606527	0.602382	0.600062	0.606525	1.7985	1.79849	5.26395	
28.0387	1	1025	5.63155	1	50	4.80943	1	50	0	0	0	0.33995	0.338528	0.341338	0.339943	0.338526	0.341336	0.611255	0.606398	0.615492	0.611247	0.606398	0.615464	1.79807	1.79809	5.27084	
84.6177	1	3116	5.65113	1	53	4.8276	1	53	0	0	0	0.344819	0.343713	0.345821	0.34479	0.343739	0.345801	0.620387	0.617861	0.622596	0.620342	0.61791	0.62259	1.79917	1.79919	5.27707	
273.829	1	6656	5.66583	1	63	4.84297	1	63	0	0	0	0.349837	0.348939	0.351193	0.349804	0.34894	0.351291	0.629446	0.626009	0.633433	0.629384	0.626006	0.633617	1.79926	1.79925	5.28167	
