5.33863	2	20	5.33863	2	20	4.56338	2	16	0	0	0	0.00503313	0.00481	0.00530333	0.00503313	0.00481	0.0053	0.00901479	0.00842333	0.00938667	0.00901479	0.00842333	0.00938667	1.79109	1.79109	5.5256	
5.41142	2	23	5.41056	2	22	4.61251	2	18	0	0	0	0.0100071	0.00965667	0.0101967	0.0100071	0.00965667	0.0102	0.0181071	0.0176567	0.0190767	0.0181077	0.0176567	0.01908	1.80943	1.80949	5.55556	
5.44629	2	23	5.44486	2	22	4.6722	2	21	0	0	0	0.0149985	0.0147133	0.0155233	0.0149985	0.0147133	0.01552	0.0269394	0.0256067	0.0280867	0.0269394	0.0256067	0.0280867	1.79613	1.79613	5.58681	
5.4695	2	27	5.46712	2	24	4.69242	2	20	0	0	0	0.019986	0.01961	0.02052	0.0199863	0.01961	0.0205167	0.0358335	0.03493	0.03684	0.0358337	0.03493	0.0368367	1.79293	1.79292	5.5936	
5.50898	2	29	5.50393	2	24	4.72084	2	21	0	0	0	0.0249837	0.0244333	0.0254267	0.0249842	0.0244333	0.0254233	0.0448033	0.0432067	0.0459867	0.0448048	0.0432067	0.0459833	1.7933	1.79333	5.61093	
5.55448	2	46	5.5469	2	24	4.74938	2	24	0	0	0	0.0300242	0.0295467	0.03048	0.0300244	0.0295433	0.0304767	0.0540175	0.05332	0.0554333	0.0540177	0.0533167	0.0554333	1.79913	1.79913	5.62909	
5.59903	2	36	5.58845	2	26	4.7999	2	22	0	0	0	0.0350258	0.03456	0.0356267	0.0350258	0.03456	0.0356267	0.0631567	0.0616533	0.06481	0.0631567	0.0616533	0.0648067	1.80315	1.80315	5.64531	
5.63855	2	34	5.62365	2	26	4.83541	2	24	0	0	0	0.0400277	0.03946	0.04073	0.0400275	0.03946	0.0407267	0.0721635	0.0709767	0.07374	0.0721642	0.07098	0.0737367	1.80284	1.80286	5.66133	
5.67261	2	39	5.65296	2	26	4.85356	2	22	0	0	0	0.0450169	0.0439567	0.0456967	0.0450171	0.0439567	0.0456967	0.0811485	0.0793167	0.08211	0.0811504	0.0793167	0.08211	1.80262	1.80266	5.67442	
5.69994	2	45	5.67524	2	27	4.89269	2	23	0	0	0	0.0499998	0.0493	0.0506933	0.0500002	0.0493	0.05069	0.0900577	0.0887133	0.0915567	0.0900592	0.0887133	0.0915667	1.80116	1.80118	5.68159	
5.73331	2	44	5.70205	2	28	4.92298	2	25	0	0	0	0.0550015	0.05412	0.0556867	0.0550019	0.05412	0.0556833	0.0989573	0.0961867	0.101667	0.0989573	0.0961767	0.101667	1.79918	1.79916	5.69515	
5.77295	2	58	5.73436	2	28	4.95633	2	25	0	0	0	0.0599671	0.0591933	0.0606667	0.0599675	0.0591933	0.0606633	0.107884	0.10628	0.110047	0.107883	0.106283	0.110047	1.79905	1.79903	5.70925	
5.81112	2	52	5.76032	2	32	4.99303	2	29	0	0	0	0.0650215	0.0644433	0.06613	0.0650213	0.06444	0.0661367	0.116787	0.114973	0.119243	0.116787	0.114973	0.119243	1.79613	1.79614	5.72022	
5.83516	2	54	5.78072	2	34	5.00597	2	30	0	0	0	0.0699785	0.0688767	0.0706767	0.0699785	0.0688767	0.0706767	0.125762	0.123223	0.12785	0.125762	0.123223	0.127847	1.79715	1.79715	5.72765	
5.88424	2	58	5.81495	2	28	5.028	2	26	0	0	0	0.0749754	0.0739667	0.0760933	0.074976	0.0739633	0.0760933	0.134679	0.132943	0.137253	0.134679	0.132947	0.137253	1.79631	1.7963	5.74457	
5.91258	2	61	5.83126	2	28	5.06499	2	26	0	0	0	0.0799906	0.0789433	0.0806033	0.0799906	0.07894	0.08061	0.143754	0.1418	0.145303	0.143754	0.141783	0.1453	1.79713	1.79713	5.74411	
5.96082	2	50	5.86321	2	31	5.10606	2	27	0	0	0	0.0850135	0.0841767	0.08594	0.0850133	0.0841767	0.0859433	0.152908	0.15066	0.154753	0.152906	0.150663	0.154753	1.79864	1.79861	5.76023	
6.00151	2	59	5.88737	2	28	5.11379	2	25	0	0	0	0.0900248	0.0892033	0.09142	0.090026	0.0892067	0.09142	0.16201	0.159603	0.16706	0.16201	0.15961	0.16706	1.79961	1.79959	5.76577	
6.03365	2	81	5.90476	2	29	5.13337	2	28	0	0	0	0.0950098	0.0942767	0.09608	0.0950104	0.0942767	0.0960767	0.170997	0.16884	0.173027	0.170997	0.16884	0.17303	1.79979	1.79978	5.77504	
6.07016	2	65	5.92464	2	30	5.16093	2	28	0	0	0	0.100001	0.0992933	0.10096	0.100001	0.0992867	0.10096	0.180058	0.177937	0.182947	0.180059	0.177937	0.182947	1.80056	1.80057	5.78005	
6.11456	2	75	5.94803	2	30	5.17418	2	29	0	0	0	0.105056	0.104367	0.105867	0.105056	0.10436	0.10587	0.189182	0.1872	0.191547	0.189182	0.187197	0.19155	1.80077	1.80077	5.78419	
6.16869	2	85	5.97882	2	31	5.21436	2	28	0	0	0	0.110075	0.108663	0.11093	0.110075	0.108663	0.11093	0.198212	0.19493	0.200707	0.198213	0.19493	0.20071	1.80071	1.80071	5.79787	
6.24497	2	105	6.00359	2	32	5.23587	2	30	0	0	0	0.115057	0.113993	0.11592	0.115056	0.113987	0.115927	0.207168	0.20457	0.210507	0.207165	0.204577	0.210513	1.80056	1.80055	5.80586	
6.29916	2	108	6.02645	2	34	5.26725	2	31	0	0	0	0.120091	0.11929	0.121323	0.120091	0.119293	0.12132	0.216163	0.21313	0.21876	0.216163	0.213137	0.21876	1.8	1.8	5.81703	
6.33419	2	98	6.04354	2	39	5.28025	2	35	0	0	0	0.125085	0.12432	0.126297	0.125085	0.12433	0.1263	0.22529	0.223193	0.229163	0.225287	0.223183	0.229167	1.80109	1.80107	5.82231	
6.40542	2	148	6.06704	2	36	5.30315	2	32	0	0	0	0.130036	0.12924	0.131267	0.130035	0.12924	0.131267	0.23412	0.231557	0.23707	0.234121	0.231557	0.23708	1.80043	1.80044	5.82671	
6.45243	2	101	6.08487	2	34	5.32071	2	31	0	0	0	0.135046	0.134093	0.136103	0.135047	0.134083	0.136107	0.243109	0.241307	0.245997	0.243109	0.24131	0.246	1.80019	1.80017	5.83801	
6.51954	2	139	6.09999	2	32	5.33844	2	31	0	0	0	0.140089	0.13944	0.141097	0.140087	0.13944	0.1411	0.252135	0.24934	0.25455	0.252129	0.249343	0.254553	1.79982	1.7998	5.84145	
6.63068	2	108	6.13268	2	33	5.37245	2	31	0	0	0	0.145101	0.143857	0.14625	0.1451	0.143857	0.146253	0.261322	0.259377	0.263003	0.261324	0.259387	0.263	1.80097	1.80098	5.85212	
6.67277	2	127	6.14676	2	38	5.37944	2	38	0	0	0	0.150073	0.148857	0.15121	0.150072	0.14886	0.151207	0.270177	0.26602	0.273463	0.270176	0.26603	0.273453	1.80031	1.80031	5.85787	
6.82465	2	142	6.17128	2	37	5.42078	2	37	0	0	0	0.155095	0.153963	0.155983	0.155097	0.153967	0.15599	0.279321	0.275037	0.28224	0.279324	0.275043	0.282247	1.80096	1.80097	5.8598	
6.94664	2	192	6.19608	2	35	5.44164	2	34	0	0	0	0.160132	0.159087	0.161083	0.160131	0.1591	0.161083	0.288289	0.285193	0.291183	0.288288	0.285223	0.291183	1.80032	1.80033	5.87214	
7.06618	2	248	6.22123	2	40	5.45935	2	40	0	0	0	0.165183	0.164203	0.166453	0.165184	0.164197	0.16645	0.297368	0.293813	0.300543	0.297369	0.293817	0.300557	1.80023	1.80023	5.88116	
7.24906	2	261	6.24428	2	46	5.4971	2	46	0	0	0	0.170181	0.169017	0.171337	0.170178	0.169013	0.171327	0.306336	0.302677	0.31067	0.306334	0.302687	0.31069	1.80006	1.80008	5.88933	
7.31167	2	183	6.25889	2	37	5.49951	2	37	0	0	0	0.175217	0.174117	0.176273	0.175215	0.17412	0.176273	0.315385	0.312637	0.31849	0.315383	0.312647	0.31851	1.79997	1.79998	5.89024	
7.43166	2	214	6.27695	2	42	5.52041	2	42	0	0	0	0.18028	0.178787	0.181217	0.18028	0.178787	0.181207	0.324327	0.32116	0.326523	0.324324	0.321163	0.32654	1.79901	1.799	5.89987	
7.58275	2	186	6.29102	2	41	5.53469	2	41	0	0	0	0.18528	0.18345	0.18669	0.185278	0.183453	0.186687	0.333208	0.331463	0.33741	0.333203	0.33148	0.337393	1.7984	1.79839	5.90242	
7.87259	2	275	6.31921	2	38	5.56703	2	38	0	0	0	0.190258	0.18945	0.191683	0.190256	0.18945	0.191683	0.34208	0.339013	0.34423	0.342075	0.339013	0.344227	1.79798	1.79797	5.91342	
8.10485	2	262	6.3327	2	44	5.58195	2	44	0	0	0	0.195212	0.19321	0.1966	0.195213	0.193223	0.1966	0.350996	0.34645	0.353823	0.350998	0.346457	0.353837	1.79803	1.79803	5.91212	
8.32545	2	406	6.34709	2	42	5.59294	2	42	0	0	0	0.200214	0.19899	0.201843	0.200213	0.19898	0.201847	0.360125	0.35611	0.364773	0.360124	0.3561	0.36479	1.7987	1.7987	5.92084	
8.72922	2	311	6.38321	2	41	5.63311	2	41	0	0	0	0.205178	0.203447	0.206533	0.205174	0.203443	0.206537	0.369072	0.365927	0.371617	0.369073	0.36594	0.37161	1.79879	1.79882	5.92831	
8.88706	2	251	6.40126	2	43	5.65083	2	39	0	0	0	0.210146	0.209193	0.210833	0.210151	0.209193	0.210833	0.377912	0.37409	0.37995	0.377923	0.37413	0.379947	1.79833	1.79834	5.93706	
9.38254	2	279	6.41329	2	41	5.66214	2	41	0	0	0	0.215113	0.214033	0.21652	0.21511	0.214027	0.21652	0.386873	0.383873	0.390327	0.386861	0.38386	0.39032	1.79846	1.79843	5.93889	
9.80886	2	445	6.4457	2	46	5.69314	2	46	0	0	0	0.220135	0.218983	0.22155	0.220137	0.21898	0.221547	0.395772	0.393563	0.397797	0.395774	0.393563	0.397803	1.79786	1.79785	5.94986	
10.6179	2	490	6.46605	2	44	5.71423	2	44	0	0	0	0.225058	0.224375	0.22559	0.225055	0.224373	0.225587	0.404721	0.402722	0.407058	0.40472	0.402725	0.407042	1.7983	1.79831	5.95383	
11.1863	2	643	6.47762	2	48	5.73119	2	48	0	0	0	0.230132	0.228587	0.232	0.230125	0.22859	0.232003	0.413767	0.408927	0.41791	0.413756	0.408937	0.417907	1.79796	1.79796	5.95566	
11.9946	2	713	6.50934	2	49	5.75745	2	49	0	0	0	0.23507	0.23383	0.23663	0.235076	0.233833	0.236637	0.422628	0.418507	0.42607	0.422643	0.418533	0.426067	1.79788	1.7979	5.96787	
12.9832	2	673	6.52753	2	41	5.78134	2	41	0	0	0	0.239925	0.238755	0.241808	0.239928	0.238753	0.241805	0.431397	0.428735	0.435847	0.431401	0.428725	0.435845	1.79805	1.79804	5.97489	
15.0483	2	660	6.55399	2	44	5.79768	2	40	0	0	0	0.24505	0.244253	0.246043	0.245056	0.244253	0.24605	0.440688	0.436627	0.444483	0.440701	0.43663	0.44449	1.79836	1.79837	5.9758	
16.6195	2	618	6.57672	2	44	5.82851	2	44	0	0	0	0.249961	0.248477	0.25131	0.249965	0.24855	0.251307	0.449549	0.445797	0.452603	0.449557	0.445937	0.452607	1.79847	1.79848	5.98273	
19.1197	2	994	6.59344	2	47	5.84053	2	47	0	0	0	0.254964	0.25383	0.256647	0.254959	0.253837	0.25664	0.458597	0.45551	0.46243	0.458584	0.455457	0.462457	1.79868	1.79866	5.98651	
22.7697	2	1172	6.61444	2	50	5.85946	2	49	0	0	0	0.259942	0.259196	0.260854	0.259941	0.2592	0.26087	0.467531	0.464468	0.469476	0.467532	0.46445	0.469474	1.7986	1.7986	5.99311	
24.0307	2	1259	6.62677	2	50	5.87145	2	48	0	0	0	0.264978	0.263648	0.265908	0.264956	0.26365	0.26591	0.476602	0.474856	0.47966	0.476561	0.47485	0.479648	1.79865	1.79864	5.99937	
31.6739	2	1397	6.66039	2	46	5.90422	2	46	0	0	0	0.269934	0.268834	0.270587	0.269929	0.268829	0.270587	0.485433	0.483246	0.487483	0.485426	0.48324	0.487484	1.79834	1.79835	6.00748	
47.38	2	1967	6.68604	2	54	5.93031	2	54	0	0	0	0.274927	0.273804	0.275636	0.274931	0.2738	0.275639	0.494418	0.491713	0.496536	0.494426	0.491709	0.496534	1.79836	1.79836	6.0123	
83.5792	2	2884	6.70248	2	54	5.9445	2	54	0	0	0	0.27993	0.278276	0.281131	0.279924	0.278249	0.281131	0.503402	0.499259	0.506737	0.503398	0.499209	0.506737	1.79832	1.79834	6.01746	
218.526	2	7681	6.72458	2	56	5.96882	2	56	0	0	0	0.284903	0.284021	0.28639	0.284703	0.28317	0.286394	0.512357	0.509746	0.515143	0.511993	0.509767	0.515154	1.79835	1.79834	6.01974	
