4.81564	2	14	4.81564	2	14	4.02281	2	10	0	0	0	0.00503313	0.00481	0.00530333	0.00503292	0.00481	0.0053	0.00901479	0.00842333	0.00938667	0.00901458	0.00842333	0.00938667	1.79109	1.79113	5.0178	
4.83441	2	14	4.83422	2	14	4.02949	2	10	0	0	0	0.0100071	0.00965667	0.0101967	0.0100069	0.00965667	0.0101967	0.0181071	0.0176567	0.0190767	0.0181075	0.0176567	0.0190767	1.80943	1.80951	5.01112	
4.84325	2	16	4.84279	2	14	4.05487	2	11	0	0	0	0.0149985	0.0147133	0.0155233	0.0149981	0.0147133	0.01552	0.0269394	0.0256067	0.0280867	0.026939	0.0256067	0.0280867	1.79613	1.79616	5.02592	
4.84888	2	15	4.84825	2	14	4.05895	2	13	0	0	0	0.019986	0.01961	0.02052	0.0199858	0.01961	0.0205167	0.0358335	0.03493	0.03684	0.0358333	0.03493	0.0368367	1.79293	1.79294	5.0261	
4.85989	2	17	4.85827	2	17	4.06134	2	14	0	0	0	0.0249837	0.0244333	0.0254267	0.024984	0.0244333	0.0254233	0.0448033	0.0432067	0.0459867	0.0448046	0.0432067	0.0459833	1.7933	1.79333	5.02797	
4.87782	2	25	4.87528	2	15	4.07661	2	14	0	0	0	0.0300242	0.0295467	0.03048	0.0300242	0.0295433	0.0304767	0.0540175	0.05332	0.0554333	0.0540175	0.0533167	0.0554333	1.79913	1.79913	5.03089	
4.89894	2	25	4.89532	2	18	4.08832	2	14	0	0	0	0.0350258	0.03456	0.0356267	0.0350256	0.03456	0.0356267	0.0631567	0.0616533	0.06481	0.0631565	0.0616533	0.0648067	1.80315	1.80315	5.03903	
4.91281	2	20	4.90756	2	18	4.1022	2	14	0	0	0	0.0400277	0.03946	0.04073	0.0400275	0.03946	0.0407267	0.0721635	0.0709767	0.07374	0.0721635	0.07098	0.0737367	1.80284	1.80285	5.04403	
4.92454	2	22	4.91739	2	18	4.11069	2	14	0	0	0	0.0450169	0.0439567	0.0456967	0.0450171	0.0439567	0.0456967	0.0811485	0.0793167	0.08211	0.0811496	0.0793167	0.08211	1.80262	1.80264	5.04374	
4.93637	2	28	4.92793	2	18	4.12752	2	14	0	0	0	0.0499998	0.0493	0.0506933	0.0500002	0.0493	0.05069	0.0900577	0.0887133	0.0915567	0.0900592	0.0887133	0.0915667	1.80116	1.80118	5.04873	
4.95485	2	26	4.9426	2	18	4.13802	2	14	0	0	0	0.0550015	0.05412	0.0556867	0.0550015	0.0541167	0.0556833	0.0989573	0.0961867	0.101667	0.0989577	0.0961767	0.101667	1.79918	1.79918	5.05749	
4.96741	2	23	4.95425	2	18	4.15141	2	14	0	0	0	0.0599671	0.0591933	0.0606667	0.0599675	0.0591933	0.0606633	0.107884	0.10628	0.110047	0.107884	0.106283	0.11005	1.79905	1.79904	5.06274	
4.98867	2	29	4.97056	2	18	4.1751	2	14	0	0	0	0.0650215	0.0644433	0.06613	0.0650215	0.06444	0.0661367	0.116787	0.114973	0.119243	0.116787	0.114973	0.119243	1.79613	1.79613	5.07193	
5.00949	2	43	4.98722	2	18	4.18714	2	14	0	0	0	0.0699785	0.0688767	0.0706767	0.0699785	0.0688767	0.0706767	0.125762	0.123223	0.12785	0.125762	0.123223	0.127847	1.79715	1.79715	5.07989	
5.02611	2	28	4.99823	2	18	4.19305	2	18	0	0	0	0.0749754	0.0739667	0.0760933	0.0749758	0.0739633	0.0760933	0.134679	0.132943	0.137253	0.134679	0.132947	0.137253	1.79631	1.79629	5.08297	
5.04229	2	31	5.01014	2	20	4.20935	2	16	0	0	0	0.0799906	0.0789433	0.0806033	0.079991	0.07894	0.08061	0.143754	0.1418	0.145303	0.143755	0.141783	0.145303	1.79713	1.79714	5.08419	
5.07297	2	31	5.03186	2	18	4.23058	2	14	0	0	0	0.0850135	0.0841767	0.08594	0.0850135	0.0841767	0.0859433	0.152908	0.15066	0.154753	0.152906	0.150663	0.154753	1.79864	1.79861	5.09473	
5.10198	2	58	5.05234	2	22	4.24259	2	18	0	0	0	0.0900248	0.0892033	0.09142	0.0900263	0.0892067	0.0914233	0.16201	0.159603	0.16706	0.162011	0.15961	0.167063	1.79961	1.7996	5.10133	
5.128	2	34	5.06829	2	21	4.26646	2	18	0	0	0	0.0950098	0.0942767	0.09608	0.0950106	0.0942767	0.0960767	0.170997	0.16884	0.173027	0.170999	0.16884	0.17303	1.79979	1.79979	5.10936	
5.14936	2	41	5.08217	2	21	4.27478	2	18	0	0	0	0.100001	0.0992933	0.10096	0.100001	0.0992867	0.10096	0.180058	0.177937	0.182947	0.18006	0.177937	0.182947	1.80056	1.80057	5.11369	
5.18139	2	42	5.10479	2	19	4.297	2	18	0	0	0	0.105056	0.104367	0.105867	0.105056	0.10436	0.10587	0.189182	0.1872	0.191547	0.189183	0.187197	0.19155	1.80077	1.80078	5.12214	
5.21203	2	38	5.12218	2	21	4.31725	2	21	0	0	0	0.110075	0.108663	0.11093	0.110075	0.108663	0.11093	0.198212	0.19493	0.200707	0.198213	0.19493	0.200707	1.80071	1.80071	5.13032	
5.24644	2	44	5.13872	2	18	4.32994	2	17	0	0	0	0.115057	0.113993	0.11592	0.115058	0.113997	0.115923	0.207168	0.20457	0.210507	0.207167	0.204577	0.21051	1.80056	1.80055	5.13613	
5.27122	2	50	5.15371	2	19	4.34637	2	18	0	0	0	0.120091	0.11929	0.121323	0.120091	0.119293	0.12132	0.216163	0.21313	0.21876	0.216166	0.213147	0.21876	1.8	1.80002	5.14055	
5.32336	2	61	5.17376	2	21	4.36751	2	21	0	0	0	0.125085	0.12432	0.126297	0.125085	0.124333	0.1263	0.22529	0.223193	0.229163	0.22529	0.223183	0.229167	1.80109	1.80109	5.14655	
5.35548	2	50	5.19199	2	20	4.38117	2	20	0	0	0	0.130036	0.12924	0.131267	0.130036	0.129237	0.131267	0.23412	0.231557	0.23707	0.234122	0.231557	0.23708	1.80043	1.80044	5.15343	
5.40393	2	47	5.21337	2	21	4.4036	2	18	0	0	0	0.135046	0.134093	0.136103	0.135046	0.134083	0.136107	0.243109	0.241307	0.245997	0.243109	0.24131	0.246	1.80019	1.80019	5.1628	
5.44762	2	62	5.23237	2	23	4.42371	2	20	0	0	0	0.140089	0.13944	0.141097	0.140087	0.139437	0.1411	0.252135	0.24934	0.25455	0.25213	0.249333	0.254553	1.79982	1.79981	5.1686	
5.51243	2	59	5.25792	2	25	4.44696	2	25	0	0	0	0.145101	0.143857	0.14625	0.145101	0.143857	0.146247	0.261322	0.259377	0.263003	0.261322	0.25938	0.263	1.80097	1.80097	5.17784	
5.5545	2	58	5.27066	2	23	4.45475	2	23	0	0	0	0.150073	0.148857	0.15121	0.150072	0.14886	0.151207	0.270177	0.26602	0.273463	0.270176	0.26603	0.273453	1.80031	1.8003	5.18289	
5.62218	2	64	5.29688	2	22	4.48645	2	20	0	0	0	0.155095	0.153963	0.155983	0.155095	0.153963	0.155983	0.279321	0.275037	0.28224	0.279321	0.275043	0.28224	1.80096	1.80097	5.19012	
5.69785	2	73	5.31993	2	22	4.51017	2	22	0	0	0	0.160132	0.159087	0.161083	0.16013	0.1591	0.161083	0.288289	0.285193	0.291183	0.288286	0.28522	0.291183	1.80032	1.80032	5.19843	
5.75892	2	69	5.34312	2	27	4.5282	2	27	0	0	0	0.165183	0.164203	0.166453	0.165183	0.164197	0.166453	0.297368	0.293813	0.300543	0.297367	0.293813	0.300557	1.80023	1.80023	5.20759	
5.84726	2	84	5.36531	2	23	4.5509	2	23	0	0	0	0.170181	0.169017	0.171337	0.170179	0.169013	0.171333	0.306336	0.302677	0.31067	0.306335	0.30269	0.31069	1.80006	1.80007	5.21309	
5.94095	2	92	5.3896	2	23	4.57358	2	22	0	0	0	0.175217	0.174117	0.176273	0.175217	0.174123	0.176273	0.315385	0.312637	0.31849	0.315385	0.312643	0.31851	1.79997	1.79997	5.22082	
6.05969	2	78	5.41804	2	24	4.60265	2	22	0	0	0	0.18028	0.178787	0.181217	0.18028	0.178787	0.181207	0.324327	0.32116	0.326523	0.324325	0.32117	0.326517	1.79901	1.799	5.22987	
6.17736	2	88	5.43699	2	26	4.62205	2	26	0	0	0	0.18528	0.18345	0.18669	0.18528	0.18345	0.186687	0.333208	0.331463	0.33741	0.333209	0.331473	0.337393	1.7984	1.7984	5.23319	
6.31706	2	98	5.46827	2	25	4.65304	2	25	0	0	0	0.190258	0.18945	0.191683	0.190256	0.189447	0.191667	0.34208	0.339013	0.34423	0.342076	0.339013	0.344227	1.79798	1.79798	5.24309	
6.44965	2	87	5.49296	2	25	4.67861	2	25	0	0	0	0.195212	0.19321	0.1966	0.195213	0.19321	0.1966	0.350996	0.34645	0.353823	0.350995	0.346457	0.353837	1.79803	1.79802	5.24892	
6.63336	2	114	5.52526	2	24	4.70797	2	23	0	0	0	0.200214	0.19899	0.201843	0.200212	0.198983	0.201847	0.360125	0.35611	0.364773	0.360123	0.356103	0.36479	1.7987	1.7987	5.25695	
6.80584	2	98	5.55153	2	27	4.73465	2	27	0	0	0	0.205178	0.203447	0.206533	0.205177	0.203443	0.206537	0.369072	0.365927	0.371617	0.369075	0.365933	0.37161	1.79879	1.79881	5.26301	
7.0601	2	122	5.58669	2	32	4.76841	2	32	0	0	0	0.210146	0.209193	0.210833	0.21015	0.209187	0.210827	0.377912	0.37409	0.37995	0.377918	0.374127	0.37996	1.79833	1.79832	5.27232	
7.37843	2	137	5.62922	2	30	4.81191	2	30	0	0	0	0.215113	0.214033	0.21652	0.215111	0.214027	0.21652	0.386873	0.383873	0.390327	0.386867	0.383867	0.39032	1.79846	1.79845	5.28312	
7.62387	2	186	5.65035	2	36	4.83272	2	36	0	0	0	0.220135	0.218983	0.22155	0.220137	0.21898	0.221543	0.395772	0.393563	0.397797	0.395775	0.393567	0.397803	1.79786	1.79786	5.28636	
8.00302	2	124	5.69312	2	28	4.87236	2	28	0	0	0	0.225164	0.224647	0.225963	0.225167	0.224643	0.225963	0.404797	0.402063	0.407097	0.404806	0.40213	0.407097	1.79779	1.7978	5.29805	
8.49601	2	155	5.73608	2	31	4.91676	2	31	0	0	0	0.230132	0.228587	0.232	0.230124	0.228593	0.231953	0.413767	0.408927	0.41791	0.413754	0.408947	0.417903	1.79796	1.79796	5.30656	
8.97436	2	171	5.76609	2	34	4.94817	2	32	0	0	0	0.23507	0.23383	0.23663	0.235071	0.233833	0.23663	0.422628	0.418507	0.42607	0.422631	0.418527	0.42607	1.79788	1.79788	5.31172	
9.60065	2	179	5.80996	2	32	4.98976	2	32	0	0	0	0.24003	0.238893	0.242187	0.240032	0.238917	0.242183	0.43155	0.427747	0.436627	0.431553	0.427743	0.43661	1.7979	1.7979	5.32189	
10.4163	2	175	5.84713	2	39	5.02686	2	39	0	0	0	0.244932	0.244267	0.245825	0.24493	0.244265	0.245828	0.44035	0.437565	0.443725	0.440346	0.437597	0.443727	1.79785	1.79784	5.32894	
11.5142	2	280	5.89464	2	42	5.07737	2	42	0	0	0	0.249961	0.248477	0.25131	0.249958	0.248473	0.251303	0.449549	0.445797	0.452603	0.449541	0.445793	0.452607	1.79847	1.79847	5.33673	
12.799	2	299	5.94139	2	35	5.12122	2	35	0	0	0	0.25487	0.253775	0.256125	0.25487	0.253775	0.256125	0.458261	0.456115	0.460587	0.458262	0.456115	0.460585	1.79802	1.79802	5.34238	
15.0268	2	339	5.98389	2	39	5.16137	2	39	0	0	0	0.259973	0.2587	0.261123	0.259976	0.258707	0.261143	0.467604	0.46453	0.470857	0.467609	0.46454	0.470853	1.79867	1.79866	5.35299	
18.0246	2	441	6.04837	2	36	5.23006	2	36	0	0	0	0.265002	0.26314	0.266663	0.265004	0.263127	0.266797	0.476581	0.4737	0.478723	0.476588	0.473673	0.478737	1.79841	1.79842	5.36069	
23.5689	2	661	6.10642	2	38	5.28602	2	38	0	0	0	0.26994	0.268867	0.271253	0.269937	0.268865	0.271242	0.485502	0.48121	0.490152	0.4855	0.481205	0.490142	1.79855	1.79856	5.36943	
32.3241	2	745	6.16338	2	38	5.34308	2	38	0	0	0	0.274994	0.27412	0.275677	0.275003	0.274123	0.275678	0.494473	0.491587	0.49662	0.494492	0.49159	0.496618	1.79813	1.79813	5.37488	
81.0301	2	1806	6.21726	2	42	5.39861	2	42	0	0	0	0.27993	0.278276	0.281131	0.279954	0.278281	0.281131	0.503402	0.499259	0.506737	0.50345	0.499271	0.506737	1.79832	1.79833	5.38383	
1551.75	2	17175	6.27418	2	46	5.45658	2	46	0	0	0	0.284903	0.284021	0.28639	0.284323	0.28029	0.286396	0.512357	0.509746	0.515143	0.511327	0.504906	0.515116	1.79835	1.79841	5.38873	
