16.4368	1	91	16.4282	1	91	15.6276	1	91	0	0	0	0.00498339	0.00460333	0.00538667	0.00498341	0.00455667	0.00546667	0.0089563	0.00821667	0.00986667	0.00895635	0.00789	0.00981	1.79723	1.79723	16.6222	
16.4745	1	82	16.4569	1	82	15.656	1	82	0	0	0	0.00998194	0.00952	0.0106333	0.0099821	0.00956	0.01048	0.0179709	0.01678	0.0192467	0.0179711	0.01652	0.0190933	1.80034	1.80034	16.6387	
16.5158	1	98	16.4887	1	98	15.6915	1	98	0	0	0	0.0149825	0.0143067	0.01555	0.0149825	0.0142933	0.0156767	0.0269382	0.0256433	0.02851	0.0269377	0.02567	0.0291567	1.79798	1.79795	16.6631	
16.5825	1	97	16.5446	1	97	15.746	1	93	0	0	0	0.0199847	0.0194667	0.0208033	0.0199847	0.0192767	0.0205867	0.0359356	0.0345	0.03783	0.0359359	0.0341033	0.0377733	1.79816	1.79817	16.7096	
16.6482	1	99	16.5982	1	99	15.809	1	97	0	0	0	0.0249844	0.02421	0.0256467	0.0249845	0.02404	0.0259033	0.0449068	0.0431433	0.04654	0.0449079	0.0428467	0.0471267	1.7974	1.79743	16.7533	
16.7063	1	106	16.6432	1	106	15.8383	1	102	0	0	0	0.0299786	0.02924	0.0307733	0.0299785	0.02906	0.0307467	0.0539195	0.05213	0.05596	0.053919	0.05163	0.0558467	1.7986	1.79859	16.7871	
16.7815	1	102	16.7036	1	102	15.9042	1	101	0	0	0	0.0349774	0.0342367	0.0358733	0.0349774	0.0340233	0.03581	0.0629459	0.0611567	0.0654667	0.0629457	0.0607533	0.0649533	1.79962	1.79961	16.836	
16.8521	1	120	16.7579	1	120	15.9625	1	120	0	0	0	0.0399889	0.0391467	0.0409867	0.0399887	0.0390367	0.0408633	0.072009	0.0696667	0.07408	0.0720084	0.06979	0.0743633	1.80073	1.80072	16.8775	
16.9127	1	130	16.8028	1	130	15.994	1	126	0	0	0	0.0449701	0.04413	0.0460133	0.04497	0.04379	0.04609	0.080976	0.0788633	0.0842433	0.0809755	0.0786533	0.08306	1.80066	1.80066	16.9117	
16.9917	1	120	16.8627	1	120	16.0582	1	120	0	0	0	0.0499764	0.04892	0.05151	0.0499761	0.04874	0.0512667	0.0899879	0.0868533	0.0925167	0.0899872	0.0871567	0.09239	1.80061	1.80061	16.9602	
17.0635	1	137	16.9142	1	137	16.1127	1	137	0	0	0	0.054982	0.0535933	0.0560633	0.0549816	0.0539667	0.0561533	0.0989778	0.0963233	0.1012	0.0989776	0.0960533	0.10155	1.80018	1.8002	16.9999	
17.1529	1	137	16.9803	1	137	16.1725	1	137	0	0	0	0.0599857	0.0589133	0.0613133	0.0599856	0.0588633	0.0614467	0.107968	0.104723	0.111213	0.107968	0.105147	0.111233	1.7999	1.7999	17.054	
17.2392	1	130	17.0414	1	130	16.2455	1	130	0	0	0	0.0649985	0.0638667	0.0660133	0.0649981	0.0637733	0.06674	0.117022	0.11463	0.119897	0.117021	0.11432	0.12074	1.80038	1.80038	17.1015	
17.3324	1	145	17.1054	1	145	16.3088	1	145	0	0	0	0.0699986	0.0686933	0.0711733	0.0699984	0.06892	0.07168	0.126019	0.123233	0.12942	0.126019	0.123433	0.129883	1.80031	1.80032	17.1523	
17.4262	1	145	17.1688	1	145	16.3696	1	145	0	0	0	0.07499	0.0734167	0.0760667	0.0749894	0.07367	0.0763633	0.134971	0.131247	0.138787	0.13497	0.132253	0.138543	1.79985	1.79986	17.2018	
17.5253	1	170	17.2338	1	170	16.4327	1	170	0	0	0	0.0799878	0.0786433	0.0812033	0.0799874	0.0785	0.08151	0.143984	0.14032	0.146947	0.143983	0.140993	0.1476	1.80007	1.80007	17.253	
17.6361	1	157	17.3069	1	157	16.5124	1	157	0	0	0	0.0849842	0.08364	0.08641	0.0849839	0.0837633	0.0867033	0.152967	0.14972	0.156877	0.152967	0.14975	0.157023	1.79995	1.79995	17.3109	
17.7315	1	153	17.3622	1	152	16.5589	1	152	0	0	0	0.08999	0.0882767	0.0914933	0.0899898	0.08869	0.0918433	0.161986	0.15777	0.165417	0.161985	0.158347	0.165977	1.80005	1.80004	17.3511	
17.8542	1	140	17.4378	1	139	16.6375	1	139	0	0	0	0.0949999	0.0936067	0.0963867	0.0949995	0.0935067	0.09672	0.170999	0.166893	0.17535	0.170998	0.16671	0.17512	1.79999	1.79999	17.4108	
17.9755	1	165	17.5046	1	165	16.7058	1	161	0	0	0	0.100003	0.09821	0.10142	0.100002	0.09868	0.101577	0.180009	0.17718	0.183673	0.180008	0.175627	0.183937	1.80004	1.80004	17.4612	
18.1092	1	155	17.5816	1	149	16.7757	1	147	0	0	0	0.105002	0.10362	0.106463	0.105002	0.103493	0.106613	0.189006	0.18513	0.192463	0.189005	0.184067	0.19289	1.80002	1.80002	17.52	
18.2426	1	161	17.6514	1	159	16.8541	1	159	0	0	0	0.110003	0.10808	0.11205	0.110003	0.108607	0.111603	0.19802	0.193597	0.202457	0.19802	0.19368	0.20185	1.80014	1.80013	17.5723	
18.3953	1	161	17.7282	1	157	16.9246	1	156	0	0	0	0.115	0.11298	0.11649	0.115	0.11349	0.11672	0.207012	0.20274	0.211183	0.207012	0.20225	0.211427	1.8001	1.8001	17.6303	
18.556	1	156	17.8082	1	156	17.0018	1	156	0	0	0	0.120001	0.11788	0.12139	0.120001	0.118467	0.121837	0.215985	0.21001	0.219877	0.215984	0.211223	0.220263	1.79986	1.79985	17.6912	
18.7316	1	177	17.8861	1	177	17.0843	1	177	0	0	0	0.124991	0.122477	0.126757	0.12499	0.123477	0.12665	0.224941	0.21717	0.229613	0.224939	0.219823	0.22849	1.79965	1.79965	17.7487	
18.9251	1	157	17.9708	1	155	17.169	1	155	0	0	0	0.129994	0.12861	0.13163	0.129994	0.12862	0.131767	0.233907	0.229627	0.239577	0.233906	0.229127	0.23774	1.79937	1.79937	17.8111	
19.124	1	165	18.0438	1	165	17.2422	1	165	0	0	0	0.135011	0.13331	0.137077	0.13501	0.1335	0.13667	0.242939	0.23854	0.24718	0.242936	0.238423	0.246613	1.7994	1.79939	17.8629	
19.3606	1	165	18.1378	1	165	17.3362	1	165	0	0	0	0.140012	0.138473	0.141673	0.140012	0.138417	0.141747	0.251956	0.247503	0.255883	0.251956	0.2477	0.25588	1.79953	1.79953	17.9319	
19.6103	1	212	18.2288	1	212	17.4241	1	208	0	0	0	0.145017	0.14337	0.146897	0.145017	0.1433	0.146993	0.260933	0.25642	0.265297	0.260932	0.25636	0.26511	1.79933	1.79932	17.9978	
19.8895	1	201	18.3125	1	201	17.5068	1	197	0	0	0	0.15003	0.148493	0.151627	0.150029	0.148113	0.151927	0.269926	0.26537	0.274093	0.269924	0.265587	0.274513	1.79915	1.79915	18.0564	
20.214	1	204	18.4091	1	203	17.6004	1	199	0	0	0	0.15501	0.153073	0.15654	0.15501	0.15259	0.157047	0.278871	0.274573	0.28329	0.278871	0.274507	0.28457	1.79905	1.79905	18.123	
20.5594	1	203	18.4934	1	195	17.6878	1	195	0	0	0	0.159992	0.158507	0.162103	0.159991	0.157417	0.162043	0.287835	0.28356	0.292603	0.287833	0.283633	0.29422	1.79905	1.79905	18.1808	
20.9931	1	215	18.5943	1	199	17.7892	1	195	0	0	0	0.164984	0.16321	0.16732	0.164984	0.16244	0.16693	0.296815	0.29239	0.302133	0.296815	0.29237	0.303707	1.79905	1.79906	18.2501	
21.4801	1	233	18.6989	1	174	17.8915	1	170	0	0	0	0.169982	0.16839	0.171893	0.169981	0.16711	0.17174	0.305826	0.299963	0.31143	0.305826	0.301563	0.31203	1.79917	1.79917	18.3198	
22.0522	1	256	18.798	1	169	17.989	1	169	0	0	0	0.174982	0.17345	0.177263	0.174981	0.172037	0.17679	0.314825	0.31027	0.319503	0.314823	0.31034	0.320627	1.79918	1.79918	18.3839	
22.7427	1	249	18.9058	1	209	18.0982	1	209	0	0	0	0.179982	0.17798	0.182083	0.179981	0.177263	0.18199	0.323818	0.31814	0.328417	0.323817	0.319487	0.329677	1.79917	1.79917	18.4537	
23.5949	1	294	19.0123	1	200	18.2009	1	196	0	0	0	0.184973	0.182803	0.187077	0.184973	0.182323	0.186647	0.332765	0.328003	0.33785	0.332767	0.328933	0.338743	1.799	1.799	18.5218	
24.6384	1	348	19.126	1	214	18.3142	1	214	0	0	0	0.18996	0.187713	0.191863	0.189958	0.18726	0.191757	0.341715	0.336363	0.346783	0.341713	0.337517	0.347323	1.79888	1.79888	18.592	
25.9837	1	364	19.2379	1	194	18.4211	1	190	0	0	0	0.194964	0.192853	0.19691	0.194963	0.19199	0.196633	0.350751	0.345817	0.355963	0.35075	0.346563	0.356577	1.79906	1.79906	18.6576	
27.9629	1	415	19.367	1	222	18.5529	1	222	0	0	0	0.199974	0.19831	0.20187	0.199975	0.19727	0.2015	0.35981	0.354907	0.36456	0.35981	0.355883	0.365017	1.79928	1.79928	18.734	
30.7177	1	539	19.4917	1	219	18.6775	1	219	0	0	0	0.204976	0.203397	0.20654	0.204976	0.202453	0.20659	0.368815	0.36456	0.374103	0.368814	0.36439	0.374293	1.79931	1.7993	18.8057	
35.9534	1	1100	19.6235	1	221	18.8047	1	221	0	0	0	0.209974	0.207767	0.21207	0.209973	0.20761	0.211847	0.377791	0.370473	0.382073	0.377786	0.37261	0.38309	1.79922	1.79921	18.8754	
191.222	1	34561	19.7617	1	256	18.9452	1	256	0	0	0	0.214984	0.213566	0.216184	0.214939	0.213457	0.216159	0.38688	0.382531	0.391213	0.386798	0.38416	0.391061	1.79957	1.79957	18.9522	
929.406	1	112114	19.8918	1	240	19.0765	1	240	0	0	0	0.219995	0.218696	0.22152	0.219743	0.218341	0.221056	0.395895	0.391159	0.400276	0.395441	0.392596	0.39984	1.79956	1.79956	19.0172	
