5.32899	2	18	5.32568	2	18	4.55783	2	14	0	0	0	0.00503313	0.00481	0.00530333	0.00503292	0.00481	0.0053	0.00901479	0.00842333	0.00938667	0.00901458	0.00842333	0.00938667	1.79109	1.79113	5.52337	
5.39237	2	22	5.38487	2	18	4.5713	2	14	0	0	0	0.0100071	0.00965667	0.0101967	0.0100069	0.00965667	0.0101967	0.0181071	0.0176567	0.0190767	0.0181075	0.0176567	0.0190767	1.80943	1.80951	5.55531	
5.41858	2	20	5.41046	2	18	4.62432	2	15	0	0	0	0.0149985	0.0147133	0.0155233	0.0149981	0.0147133	0.01552	0.0269394	0.0256067	0.0280867	0.026939	0.0256067	0.0280867	1.79613	1.79616	5.58108	
5.44356	2	22	5.4303	2	19	4.64992	2	15	0	0	0	0.019986	0.01961	0.02052	0.0199858	0.01961	0.0205167	0.0358335	0.03493	0.03684	0.0358333	0.03493	0.0368367	1.79293	1.79294	5.59529	
5.47795	2	24	5.46191	2	20	4.67442	2	16	0	0	0	0.0249837	0.0244333	0.0254267	0.024984	0.0244333	0.0254233	0.0448033	0.0432067	0.0459867	0.0448046	0.0432067	0.0459833	1.7933	1.79333	5.61647	
5.53191	2	28	5.50878	2	20	4.69831	2	19	0	0	0	0.0300242	0.0295467	0.03048	0.0300242	0.0295433	0.0304767	0.0540175	0.05332	0.0554333	0.0540175	0.0533167	0.0554333	1.79913	1.79913	5.64549	
5.57913	2	30	5.55065	2	20	4.75504	2	19	0	0	0	0.0350258	0.03456	0.0356267	0.0350254	0.03456	0.0356267	0.0631567	0.0616533	0.06481	0.0631562	0.0616533	0.0648067	1.80315	1.80315	5.66753	
5.62873	2	32	5.59313	2	23	4.78805	2	20	0	0	0	0.0400277	0.03946	0.04073	0.0400275	0.03946	0.0407267	0.0721635	0.0709767	0.07374	0.072164	0.07098	0.0737367	1.80284	1.80286	5.69761	
5.66037	2	36	5.61913	2	21	4.81266	2	21	0	0	0	0.0450169	0.0439567	0.0456967	0.0450171	0.0439567	0.0456967	0.0811485	0.0793167	0.08211	0.0811496	0.0793167	0.08211	1.80262	1.80264	5.71453	
5.70909	2	34	5.6567	2	22	4.85503	2	19	0	0	0	0.0499998	0.0493	0.0506933	0.05	0.0493	0.05069	0.0900577	0.0887133	0.0915567	0.090059	0.0887133	0.0915667	1.80116	1.80118	5.73668	
5.74659	2	37	5.68563	2	23	4.89149	2	20	0	0	0	0.0550015	0.05412	0.0556867	0.0550019	0.05412	0.0556867	0.0989573	0.0961867	0.101667	0.0989585	0.0961867	0.101667	1.79918	1.79918	5.75806	
5.80195	2	34	5.73157	2	23	4.93174	2	22	0	0	0	0.0599671	0.0591933	0.0606667	0.0599677	0.0591933	0.0606667	0.107884	0.10628	0.110047	0.107884	0.106283	0.110047	1.79905	1.79903	5.7895	
5.84272	2	48	5.75975	2	26	4.97246	2	26	0	0	0	0.0650215	0.0644433	0.06613	0.0650215	0.06444	0.0661367	0.116787	0.114973	0.119243	0.116787	0.114973	0.119243	1.79613	1.79613	5.80464	
5.89307	2	36	5.79379	2	24	4.99063	2	21	0	0	0	0.0699785	0.0688767	0.0706767	0.0699781	0.0688733	0.0706767	0.125762	0.123223	0.12785	0.12576	0.12322	0.127837	1.79715	1.79713	5.82602	
5.9589	2	44	5.84442	2	24	5.04098	2	23	0	0	0	0.0749754	0.0739667	0.0760933	0.074976	0.0739633	0.0760933	0.134679	0.132943	0.137253	0.134679	0.132947	0.137253	1.79631	1.79629	5.8613	
6.00025	2	43	5.86645	2	27	5.07174	2	23	0	0	0	0.0799906	0.0789433	0.0806033	0.0799915	0.07894	0.08061	0.143754	0.1418	0.145303	0.143756	0.141793	0.145307	1.79713	1.79714	5.86738	
6.06461	2	42	5.90922	2	26	5.11675	2	23	0	0	0	0.0850135	0.0841767	0.08594	0.0850133	0.0841767	0.0859433	0.152908	0.15066	0.154753	0.152906	0.150663	0.154753	1.79864	1.79861	5.89685	
6.12225	2	45	5.94582	2	27	5.14798	2	23	0	0	0	0.0900248	0.0892033	0.09142	0.090026	0.0892067	0.09142	0.16201	0.159603	0.16706	0.162011	0.15961	0.16706	1.79961	1.7996	5.91188	
6.19871	2	50	5.9878	2	26	5.18843	2	24	0	0	0	0.0950098	0.0942767	0.09608	0.0950104	0.09428	0.0960767	0.170997	0.16884	0.173027	0.170998	0.16884	0.17303	1.79979	1.79979	5.93569	
6.25834	2	52	6.02206	2	31	5.22794	2	27	0	0	0	0.100001	0.0992933	0.10096	0.100001	0.09929	0.10096	0.180058	0.177937	0.182947	0.180059	0.177937	0.182947	1.80056	1.80057	5.95501	
6.32637	2	57	6.05443	2	30	5.24893	2	26	0	0	0	0.105056	0.104367	0.105867	0.105057	0.104363	0.10587	0.189182	0.1872	0.191547	0.189183	0.187197	0.19155	1.80077	1.80077	5.96663	
6.41519	2	68	6.09815	2	27	5.30149	2	24	0	0	0	0.110075	0.108663	0.11093	0.110075	0.108663	0.11093	0.198212	0.19493	0.200707	0.198214	0.19493	0.20071	1.80071	1.80071	5.99305	
6.49557	2	68	6.1336	2	28	5.33515	2	24	0	0	0	0.115057	0.113993	0.11592	0.115057	0.113987	0.115923	0.207168	0.20457	0.210507	0.207164	0.204577	0.210497	1.80056	1.80054	6.0091	
6.56251	2	96	6.16834	2	29	5.36926	2	26	0	0	0	0.120091	0.11929	0.121323	0.120091	0.119293	0.12132	0.216163	0.21313	0.21876	0.216164	0.213147	0.218753	1.8	1.80001	6.03129	
6.66979	2	79	6.20461	2	35	5.40951	2	35	0	0	0	0.125085	0.12432	0.126297	0.125085	0.12433	0.1263	0.22529	0.223193	0.229163	0.225288	0.223183	0.229167	1.80109	1.80108	6.04228	
6.76715	2	88	6.24137	2	32	5.44232	2	28	0	0	0	0.130036	0.12924	0.131267	0.130035	0.12924	0.131267	0.23412	0.231557	0.23707	0.234121	0.23156	0.23708	1.80043	1.80044	6.06127	
6.88665	2	129	6.28007	2	30	5.47769	2	27	0	0	0	0.135046	0.134093	0.136103	0.135046	0.134083	0.136107	0.243109	0.241307	0.245997	0.243108	0.24131	0.246	1.80019	1.80018	6.07761	
6.98025	2	103	6.30388	2	31	5.5084	2	27	0	0	0	0.140089	0.13944	0.141097	0.140088	0.13944	0.1411	0.252135	0.24934	0.25455	0.252131	0.249343	0.254553	1.79982	1.79981	6.08736	
7.13499	2	107	6.34712	2	29	5.54638	2	28	0	0	0	0.145101	0.143857	0.14625	0.1451	0.143853	0.14625	0.261322	0.259377	0.263003	0.261321	0.259373	0.26299	1.80097	1.80097	6.10417	
7.24912	2	93	6.37727	2	31	5.57903	2	29	0	0	0	0.150073	0.148857	0.15121	0.150071	0.148857	0.151207	0.270177	0.26602	0.273463	0.270176	0.26603	0.273447	1.80031	1.80031	6.11956	
7.41546	2	145	6.41591	2	32	5.61762	2	29	0	0	0	0.155095	0.153963	0.155983	0.155095	0.153967	0.155983	0.279321	0.275037	0.28224	0.279323	0.275047	0.282253	1.80096	1.80098	6.12994	
7.59425	2	147	6.4491	2	31	5.65172	2	30	0	0	0	0.160132	0.159087	0.161083	0.160131	0.159097	0.161083	0.288289	0.285193	0.291183	0.288288	0.285217	0.291183	1.80032	1.80033	6.13996	
7.87049	2	218	6.4938	2	33	5.689	2	33	0	0	0	0.165183	0.164203	0.166453	0.165183	0.164197	0.166453	0.297368	0.293813	0.300543	0.297368	0.29382	0.300557	1.80023	1.80024	6.15614	
8.05131	2	192	6.52446	2	36	5.7301	2	32	0	0	0	0.170181	0.169017	0.171337	0.17018	0.169013	0.17133	0.306336	0.302677	0.31067	0.306337	0.302687	0.310697	1.80006	1.80008	6.17026	
8.34959	2	196	6.55138	2	35	5.75033	2	35	0	0	0	0.175217	0.174117	0.176273	0.175217	0.174123	0.176277	0.315385	0.312637	0.31849	0.315387	0.312657	0.318503	1.79997	1.79998	6.17167	
8.66425	2	196	6.58453	2	35	5.78679	2	34	0	0	0	0.18028	0.178787	0.181217	0.18028	0.178787	0.18121	0.324327	0.32116	0.326523	0.324324	0.321163	0.326513	1.79901	1.799	6.1893	
8.91877	2	190	6.60899	2	33	5.81401	2	31	0	0	0	0.18528	0.18345	0.18669	0.18528	0.183443	0.186687	0.333208	0.331463	0.33741	0.333209	0.331457	0.337393	1.7984	1.7984	6.19244	
9.47499	2	459	6.64399	2	37	5.85316	2	37	0	0	0	0.190258	0.18945	0.191683	0.190258	0.189453	0.191687	0.34208	0.339013	0.34423	0.34208	0.339013	0.344227	1.79798	1.79798	6.20137	
9.92221	2	230	6.6649	2	38	5.87472	2	38	0	0	0	0.195212	0.19321	0.1966	0.195212	0.193213	0.1966	0.350996	0.34645	0.353823	0.350994	0.34645	0.353837	1.79803	1.79801	6.19967	
10.8797	2	352	6.69692	2	35	5.90101	2	35	0	0	0	0.200214	0.19899	0.201843	0.200216	0.198983	0.201843	0.360125	0.35611	0.364773	0.360132	0.356103	0.36479	1.7987	1.79871	6.21331	
11.3951	2	401	6.72713	2	32	5.93181	2	29	0	0	0	0.205178	0.203447	0.206533	0.205175	0.20339	0.206533	0.369072	0.365927	0.371617	0.369071	0.36594	0.37159	1.79879	1.79881	6.2141	
12.4811	2	472	6.75575	2	34	5.9643	2	31	0	0	0	0.210146	0.209193	0.210833	0.21015	0.20919	0.21083	0.377912	0.37409	0.37995	0.377916	0.37409	0.37993	1.79833	1.79832	6.22102	
14.1722	2	519	6.78082	2	37	5.99139	2	37	0	0	0	0.215113	0.214033	0.21652	0.215112	0.214027	0.21652	0.386873	0.383873	0.390327	0.386863	0.383853	0.390253	1.79846	1.79843	6.21819	
15.9492	2	538	6.8039	2	41	6.01633	2	41	0	0	0	0.220135	0.218983	0.22155	0.220139	0.21898	0.22154	0.395772	0.393563	0.397797	0.395784	0.393563	0.39778	1.79786	1.79788	6.22778	
19.0313	2	813	6.81292	2	43	6.02197	2	43	0	0	0	0.225058	0.224375	0.22559	0.225062	0.224373	0.225587	0.404721	0.402722	0.407058	0.404733	0.402867	0.407048	1.7983	1.79832	6.22035	
24.8308	2	980	6.84077	2	49	6.05078	2	49	0	0	0	0.230029	0.229182	0.23161	0.230023	0.229184	0.231564	0.413652	0.411738	0.416562	0.413641	0.41175	0.41646	1.79826	1.79826	6.21804	
35.0446	2	2571	6.83059	2	41	6.04367	2	41	0	0	0	0.234907	0.233756	0.236177	0.234912	0.233756	0.236177	0.422354	0.419836	0.424771	0.422364	0.419831	0.424896	1.79797	1.79797	6.2184	
58.3895	2	3174	6.85162	2	39	6.06695	2	39	0	0	0	0.239878	0.238961	0.241047	0.239886	0.23896	0.241044	0.431294	0.428599	0.43427	0.431306	0.428589	0.434261	1.79797	1.79796	6.21035	
372.067	2	25557	6.78814	2	36	6.00759	2	36	0	0	0	0.244897	0.24404	0.245851	0.245158	0.244044	0.247877	0.440337	0.438449	0.442497	0.440816	0.438591	0.446791	1.79805	1.79809	6.19341	
