10.3866	1	72	10.3866	1	72	9.58632	1	72	0	0	0	0.00499866	0.00456	0.00529667	0.00499868	0	0.0609267	0.00901014	0.00818667	0.00976667	0.00900988	0	0.109727	1.80251	1.80245	10.579	
10.6129	1	79	10.6127	1	79	9.81859	1	75	0	0	0	0.0100135	0.00957667	0.0104767	0.0100138	0	0.121467	0.0180194	0.0167133	0.0191667	0.0180202	0	0.219067	1.79951	1.79953	10.8029	
10.9702	1	105	10.9697	1	105	10.1671	1	105	0	0	0	0.0150321	0.0144467	0.0157333	0.0150323	0	0.181813	0.0270613	0.02574	0.02888	0.0270613	0	0.328493	1.80023	1.80021	11.1531	
11.4302	1	126	11.4294	1	126	10.6265	1	126	0	0	0	0.0200388	0.01896	0.02063	0.0200391	0	0.24307	0.0360503	0.03408	0.03753	0.0360508	0	0.436323	1.79903	1.79903	11.6084	
12.0046	1	157	12.0029	1	157	11.2016	1	153	0	0	0	0.0250457	0.02427	0.0259	0.0250456	0	0.302647	0.0450287	0.0431233	0.04726	0.0450277	0	0.54514	1.79786	1.79783	12.176	
12.7166	1	142	12.7141	1	142	11.9143	1	142	0	0	0	0.0300466	0.0291633	0.0308833	0.0300468	0	0.36232	0.0540337	0.0523433	0.05599	0.0540346	0	0.651853	1.79833	1.79835	12.8774	
13.5741	1	155	13.57	1	155	12.7648	1	152	0	0	0	0.0350705	0.0341	0.0359567	0.0350702	0	0.423087	0.0630685	0.0610333	0.0652	0.0630684	0	0.761687	1.79833	1.79835	13.7243	
14.5916	1	178	14.5854	1	178	13.8047	1	177	0	0	0	0.0400701	0.0391767	0.0412133	0.0400705	0	0.483603	0.0720535	0.07	0.07444	0.0720544	0	0.869747	1.79818	1.79819	14.728	
15.8239	1	200	15.8149	1	200	15.0148	1	196	0	0	0	0.045052	0.04408	0.0459767	0.0450478	0	0.54261	0.0809881	0.07868	0.0831867	0.0809799	0	0.977217	1.79766	1.79764	15.9446	
17.2948	1	220	17.2814	1	220	16.4633	1	240	0	0	0	0.0500313	0.04901	0.0508733	0.0463507	0	0.558273	0.08998	0.0875233	0.0921367	0.0833333	0	1	1.79847	1.79789	17.3937	
19.0352	1	235	19.0159	1	235	18.2268	1	235	0	0	0	0.0550172	0.0536967	0.0561433	0.0463503	0	0.558253	0.0989539	0.09659	0.10164	0.0833333	0	1	1.7986	1.7979	19.1089	
21.2464	1	244	21.2173	1	244	20.4055	1	279	0	0	0	0.0600335	0.05899	0.0610867	0.0463505	0	0.558253	0.108034	0.105183	0.111413	0.0833333	0	1	1.79956	1.7979	21.2818	
23.962	1	245	23.9185	1	245	23.0782	1	267	0	0	0	0.0650391	0.06378	0.0665867	0.0463503	0	0.558267	0.117071	0.114347	0.12029	0.0833333	0	1	1.8	1.7979	23.9482	
27.4672	1	292	27.4003	1	292	26.4981	1	303	0	0	0	0.0700516	0.0683867	0.0712833	0.0463507	0	0.558267	0.126149	0.12274	0.128863	0.0833333	0	1	1.8008	1.79789	27.3817	
32.1589	1	353	32.0496	1	353	31.1316	1	353	0	0	0	0.0750506	0.0737533	0.07642	0.0463507	0	0.558283	0.135162	0.1309	0.138273	0.0833333	0	1	1.80094	1.79789	31.9627	
38.9633	1	333	38.7647	1	333	37.8362	1	335	0	0	0	0.080056	0.07884	0.0811733	0.0463503	0	0.558257	0.144157	0.141343	0.147373	0.0833333	0	1	1.8007	1.7979	38.5607	
50.7463	1	461	50.2453	1	371	48.9695	1	371	0	0	0	0.0850664	0.0832533	0.0864733	0.0463506	0	0.558253	0.153203	0.149443	0.15688	0.0833333	0	1	1.80098	1.79789	49.7752	
104.13	1	9734	81.8169	1	487	79.1058	1	532	0	0	0	0.0900691	0.0885467	0.0914667	0.0463511	0	0.558273	0.16217	0.15884	0.165153	0.0833333	0	1	1.8005	1.79787	79.6787	
26783.7	1	487386	108.604	1	1427	106.704	1	3582	0	0	0	0.0950712	0.0934533	0.0964533	0.0463489	0	0.55841	0.171144	0.168033	0.17495	0.0833333	0	1	1.80017	1.79796	102.656	
