5.46619	1	26	5.4654	1	26	4.67401	1	26	0	0	0	0.00500944	0.00481333	0.00537	0.00500944	0	0.0304233	0.00902426	0.00836	0.0097	0.00902426	0	0.0554967	1.80145	1.80145	5.65959	
5.50516	1	31	5.50418	1	31	4.71845	1	29	0	0	0	0.0100156	0.00958	0.0103633	0.0100157	0	0.0609267	0.0179669	0.0170767	0.01929	0.0179672	0	0.108953	1.79389	1.7939	5.70139	
5.55202	1	40	5.55022	1	40	4.74555	1	40	0	0	0	0.0150248	0.0147433	0.0153633	0.0150246	0	0.09114	0.0270787	0.02621	0.0282267	0.0270781	0	0.1642	1.80227	1.80225	5.73319	
5.63658	1	42	5.63398	1	42	4.83335	1	40	0	0	0	0.0200294	0.0195733	0.0204833	0.0200293	0	0.12132	0.0361017	0.03482	0.03747	0.0361016	0	0.219287	1.80243	1.80244	5.8114	
5.70964	1	44	5.70539	1	44	4.90349	1	44	0	0	0	0.0250398	0.02455	0.02571	0.0250398	0	0.151953	0.045065	0.0431633	0.04679	0.0450641	0	0.27358	1.79973	1.7997	5.88056	
5.79539	1	51	5.78985	1	51	5.00102	1	49	0	0	0	0.0300205	0.0293167	0.03071	0.0300201	0	0.182337	0.053939	0.05216	0.05671	0.0539376	0	0.32771	1.79674	1.79672	5.96174	
5.89608	1	54	5.88916	1	54	5.08881	1	54	0	0	0	0.0350522	0.0343233	0.0359	0.0350523	0	0.211763	0.0629789	0.0616333	0.0645833	0.0629788	0	0.38248	1.79672	1.79671	6.05555	
6.01099	1	60	6.00217	1	60	5.20055	1	60	0	0	0	0.040068	0.0390933	0.0406967	0.0400676	0	0.24242	0.0720991	0.0704867	0.0734233	0.072098	0	0.437227	1.79942	1.79941	6.15866	
6.14748	1	51	6.13667	1	51	5.3293	1	50	0	0	0	0.0450581	0.0442933	0.0457767	0.0450572	0	0.273347	0.0811127	0.0797533	0.0828533	0.0811111	0	0.49208	1.80018	1.80018	6.28584	
6.31231	1	65	6.29812	1	65	5.50543	1	61	0	0	0	0.0500217	0.0487567	0.0509467	0.0500215	0	0.30218	0.0900502	0.0881833	0.09202	0.0900511	0	0.543037	1.80022	1.80025	6.43825	
6.47947	1	62	6.4624	1	62	5.6546	1	59	0	0	0	0.0550323	0.0539667	0.0556767	0.0550318	0	0.333093	0.0991091	0.0962733	0.10075	0.0991089	0	0.598573	1.80093	1.80094	6.59475	
6.65725	1	66	6.63571	1	66	5.83603	1	66	0	0	0	0.0600379	0.0593933	0.0606533	0.0600389	0	0.362937	0.108072	0.106227	0.109853	0.108074	0	0.652823	1.80006	1.80007	6.75885	
6.86625	1	71	6.84093	1	71	6.04953	1	67	0	0	0	0.0650536	0.06429	0.06615	0.0650528	0	0.3929	0.117117	0.115213	0.119887	0.117115	0	0.70672	1.80032	1.8003	6.95357	
7.09192	1	88	7.05948	1	88	6.25765	1	88	0	0	0	0.0700849	0.0689333	0.07118	0.0700868	0	0.424117	0.126167	0.122813	0.1305	0.12617	0	0.761667	1.8002	1.8002	7.16169	
7.32203	1	74	7.28329	1	74	6.48168	1	70	0	0	0	0.0750781	0.0741533	0.0764	0.0750781	0	0.45431	0.135155	0.133503	0.1391	0.135156	0	0.81716	1.80019	1.8002	7.37428	
7.59082	1	92	7.54362	1	92	6.7376	1	88	0	0	0	0.0800624	0.0790333	0.08136	0.0800631	0	0.48383	0.14403	0.141993	0.147117	0.144033	0	0.870883	1.79897	1.79899	7.62203	
7.88924	1	83	7.83347	1	83	7.02861	1	83	0	0	0	0.085074	0.08423	0.0861	0.085081	0	0.51326	0.152955	0.150533	0.155413	0.152968	0	0.923993	1.7979	1.79791	7.89798	
8.19582	1	83	8.12664	1	83	7.32616	1	79	0	0	0	0.0900288	0.0886833	0.09116	0.0900365	0	0.542803	0.161933	0.159097	0.16421	0.161946	0	0.97789	1.79868	1.79867	8.17446	
8.53947	1	91	8.45707	1	90	7.64828	1	90	0	0	0	0.0949906	0.0940733	0.0958	0.0926853	0	0.557663	0.170812	0.16884	0.173533	0.166667	0	1	1.7982	1.7982	8.48701	
8.92286	1	93	8.82283	1	93	8.02407	1	89	0	0	0	0.0999519	0.0989267	0.101233	0.0926859	0	0.557717	0.179701	0.17786	0.182513	0.166667	0	1	1.79788	1.79819	8.83353	
9.3399	1	89	9.2193	1	89	8.41077	1	103	0	0	0	0.104957	0.10329	0.106063	0.092687	0	0.557707	0.188719	0.183857	0.192097	0.166667	0	1	1.79805	1.79817	9.20559	
9.81662	1	109	9.66364	1	109	8.84701	1	109	0	0	0	0.109978	0.10837	0.111287	0.0926872	0	0.557713	0.197757	0.194433	0.20158	0.166667	0	1	1.79815	1.79816	9.62045	
10.3534	1	107	10.1625	1	107	9.34012	1	107	0	0	0	0.114971	0.114233	0.115927	0.092688	0	0.55772	0.206789	0.20462	0.20985	0.166667	0	1	1.79862	1.79815	10.0874	
10.9405	1	104	10.7004	1	104	9.89593	1	106	0	0	0	0.119963	0.118933	0.121267	0.0926867	0	0.557713	0.215744	0.213673	0.218337	0.166667	0	1	1.79841	1.79817	10.5898	
11.6185	1	108	11.307	1	108	10.4771	1	117	0	0	0	0.12496	0.124007	0.126467	0.092688	0	0.55771	0.22467	0.221757	0.227573	0.166667	0	1	1.79794	1.79815	11.1502	
12.3994	1	117	11.9905	1	117	11.1615	1	117	0	0	0	0.129951	0.1285	0.131707	0.0926882	0	0.55772	0.233679	0.230983	0.237067	0.166667	0	1	1.79821	1.79814	11.7754	
13.2724	1	145	12.7332	1	124	11.9211	1	125	0	0	0	0.134938	0.132837	0.13634	0.0926883	0	0.557697	0.242565	0.23857	0.246477	0.166667	0	1	1.79761	1.79814	12.4581	
14.3808	1	171	13.6354	1	114	12.7928	1	135	0	0	0	0.139974	0.138413	0.141527	0.0926881	0	0.557723	0.251717	0.248757	0.255927	0.166667	0	1	1.79832	1.79814	13.2687	
15.6835	1	274	14.6394	1	149	13.8112	1	149	0	0	0	0.144993	0.143973	0.146357	0.0926885	0	0.55771	0.260677	0.257997	0.26469	0.166667	0	1	1.79786	1.79814	14.1615	
17.4049	1	253	15.8276	1	131	15.0071	1	142	0	0	0	0.150014	0.148767	0.15161	0.0926877	0	0.55771	0.26966	0.266963	0.273637	0.166667	0	1	1.79757	1.79815	15.1972	
20.2088	1	328	17.309	1	144	16.414	1	157	0	0	0	0.154989	0.154093	0.156302	0.0926885	0	0.557428	0.278797	0.276225	0.281042	0.166667	0	1	1.79882	1.79814	16.4521	
24.8251	1	603	19.0414	1	151	18.1622	1	158	0	0	0	0.160027	0.158423	0.161443	0.0926873	0	0.557707	0.287781	0.28443	0.291333	0.166667	0	1	1.79832	1.79816	17.8665	
50.164	1	2770	21.3522	1	184	20.4358	1	186	0	0	0	0.165054	0.163497	0.166517	0.0926845	0	0.557737	0.296749	0.29227	0.30058	0.166667	0	1	1.79789	1.79821	19.6523	
5314.8	1	141897	23.4285	1	198	22.384	1	242	0	0	0	0.170043	0.168767	0.171523	0.092671	0	0.557903	0.30578	0.30196	0.308907	0.166667	0	1	1.79825	1.79848	21.1115	
