5.67286	1	27	5.67264	1	27	4.87153	1	24	0	0	0	0.00500944	0.00481333	0.00537	0.00500963	0.00476667	0.00527667	0.00902426	0.00836	0.0097	0.00902444	0.00841	0.00979	1.80145	1.80142	5.86559	
5.69201	1	29	5.69166	1	29	4.90163	1	29	0	0	0	0.0100156	0.00958	0.0103633	0.0100158	0.00966	0.01036	0.0179669	0.0170767	0.01929	0.0179673	0.0169767	0.0188133	1.79389	1.79389	5.8867	
5.71864	1	34	5.71779	1	29	4.91223	1	27	0	0	0	0.0150248	0.0147433	0.0153633	0.0150248	0.01453	0.0155933	0.0270787	0.02621	0.0282267	0.0270785	0.0256767	0.0281133	1.80227	1.80225	5.89904	
5.73665	1	30	5.7355	1	30	4.93848	1	28	0	0	0	0.0200294	0.0195733	0.0204833	0.0200293	0.0194367	0.02046	0.0361017	0.03482	0.03747	0.0361015	0.0348833	0.03697	1.80243	1.80244	5.9123	
5.76026	1	32	5.75836	1	32	4.95335	1	28	0	0	0	0.0250398	0.02455	0.02571	0.0250397	0.0243567	0.02568	0.045065	0.0431633	0.04679	0.0450644	0.0436767	0.0462867	1.79973	1.79971	5.93087	
5.78801	1	32	5.78547	1	32	4.98212	1	28	0	0	0	0.0300205	0.0293167	0.03071	0.0300204	0.02932	0.0309767	0.053939	0.05216	0.05671	0.0539383	0.05198	0.0562167	1.79674	1.79672	5.95556	
5.80301	1	44	5.7993	1	44	5.00045	1	44	0	0	0	0.0350522	0.0343233	0.0359	0.0350523	0.0344567	0.03582	0.0629789	0.0616333	0.0645833	0.0629792	0.0608567	0.0645933	1.79672	1.79672	5.96356	
5.85114	1	46	5.84642	1	46	5.04829	1	44	0	0	0	0.040068	0.0390933	0.0406967	0.0400677	0.0391033	0.0408333	0.0720991	0.0704867	0.0734233	0.0720981	0.06957	0.0736733	1.79942	1.79941	6.00154	
5.86644	1	44	5.86036	1	44	5.0527	1	44	0	0	0	0.0450581	0.0442933	0.0457767	0.0450576	0.0440967	0.04587	0.0811127	0.0797533	0.0828533	0.0811117	0.0784967	0.08297	1.80018	1.80018	6.00889	
5.90189	1	42	5.89395	1	42	5.09279	1	42	0	0	0	0.0500217	0.0487567	0.0509467	0.0500217	0.0493733	0.0507833	0.0900502	0.0881833	0.09202	0.0900514	0.0883467	0.0917	1.80022	1.80025	6.03593	
5.93969	1	44	5.93003	1	44	5.1258	1	43	0	0	0	0.0550323	0.0539667	0.0556767	0.0550321	0.0542733	0.05593	0.0991091	0.0962733	0.10075	0.0991093	0.0976	0.10056	1.80093	1.80093	6.06454	
5.96841	1	44	5.95659	1	44	5.15801	1	44	0	0	0	0.0600379	0.0593933	0.0606533	0.0600382	0.0591267	0.06096	0.108072	0.106227	0.109853	0.108073	0.106	0.110067	1.80006	1.80006	6.08635	
6.00577	1	48	5.99154	1	48	5.18409	1	48	0	0	0	0.0650536	0.06429	0.06615	0.0650531	0.06385	0.06621	0.117117	0.115213	0.119887	0.117115	0.11533	0.12005	1.80032	1.8003	6.113	
6.03532	1	47	6.01883	1	47	5.21515	1	46	0	0	0	0.0700849	0.0689333	0.07118	0.0700854	0.06876	0.0712	0.126167	0.122813	0.1305	0.126168	0.124187	0.129033	1.8002	1.8002	6.13375	
6.06829	1	46	6.04904	1	46	5.24479	1	44	0	0	0	0.0750781	0.0741533	0.0764	0.075078	0.0737567	0.0762933	0.135155	0.133503	0.1391	0.135155	0.132967	0.138167	1.80019	1.8002	6.15826	
6.10578	1	49	6.08317	1	49	5.28253	1	45	0	0	0	0.0800624	0.0790333	0.08136	0.0800629	0.0786933	0.08127	0.14403	0.141993	0.147117	0.144031	0.14128	0.147383	1.79897	1.79897	6.1863	
6.13492	1	49	6.10865	1	49	5.30445	1	45	0	0	0	0.085074	0.08423	0.0861	0.0850746	0.0840733	0.0861933	0.152955	0.150533	0.155413	0.152957	0.14969	0.15735	1.7979	1.79791	6.20709	
6.17661	1	49	6.14564	1	49	5.34763	1	45	0	0	0	0.0900288	0.0886833	0.09116	0.0900286	0.0887433	0.0913267	0.161933	0.159097	0.16421	0.161932	0.15885	0.165367	1.79868	1.79868	6.23331	
6.20716	1	48	6.1712	1	48	5.36567	1	46	0	0	0	0.0949906	0.0940733	0.0958	0.0949919	0.0939733	0.09609	0.170812	0.16884	0.173533	0.170815	0.167713	0.17434	1.7982	1.79821	6.25367	
6.25011	1	51	6.20859	1	51	5.41036	1	47	0	0	0	0.0999519	0.0989267	0.101233	0.0999525	0.09896	0.100933	0.179701	0.17786	0.182513	0.179702	0.177043	0.18279	1.79788	1.79787	6.28249	
6.29628	1	47	6.24999	1	47	5.45267	1	47	0	0	0	0.104957	0.10329	0.106063	0.104958	0.103597	0.106207	0.188719	0.183857	0.192097	0.188719	0.1856	0.191727	1.79805	1.79805	6.31717	
6.33009	1	58	6.2777	1	58	5.48045	1	54	0	0	0	0.109978	0.10837	0.111287	0.109978	0.10896	0.11111	0.197757	0.194433	0.20158	0.197756	0.194687	0.200527	1.79815	1.79815	6.33719	
6.38043	1	49	6.31884	1	49	5.52222	1	46	0	0	0	0.114971	0.114233	0.115927	0.114972	0.113957	0.116063	0.206789	0.20462	0.20985	0.206791	0.204027	0.209907	1.79862	1.79863	6.36862	
6.42605	1	66	6.35556	1	55	5.54974	1	51	0	0	0	0.119963	0.118933	0.121267	0.119962	0.118863	0.12093	0.215744	0.213673	0.218337	0.215742	0.21322	0.218877	1.79841	1.79842	6.39776	
6.47214	1	61	6.39165	1	61	5.58516	1	61	0	0	0	0.12496	0.124007	0.126467	0.12496	0.123623	0.126063	0.22467	0.221757	0.227573	0.224671	0.221603	0.228197	1.79794	1.79794	6.42527	
6.51471	1	53	6.42601	1	53	5.6284	1	53	0	0	0	0.129951	0.1285	0.131707	0.12995	0.128843	0.13084	0.233679	0.230983	0.237067	0.233677	0.230867	0.236437	1.79821	1.7982	6.45277	
6.56536	1	56	6.46694	1	55	5.66548	1	52	0	0	0	0.134938	0.132837	0.13634	0.134938	0.133733	0.136113	0.242565	0.23857	0.246477	0.242565	0.23957	0.245393	1.79761	1.7976	6.48522	
6.62728	1	56	6.51606	1	56	5.71304	1	52	0	0	0	0.139974	0.138413	0.141527	0.139973	0.13873	0.141313	0.251717	0.248757	0.255927	0.251717	0.249313	0.25495	1.79832	1.79832	6.52196	
6.67145	1	60	6.54773	1	60	5.74528	1	60	0	0	0	0.144993	0.143973	0.146357	0.144993	0.143863	0.146273	0.260677	0.257997	0.26469	0.260676	0.25753	0.26414	1.79786	1.79785	6.54604	
6.73068	1	53	6.58969	1	53	5.78301	1	51	0	0	0	0.150014	0.148767	0.15161	0.150013	0.148993	0.151407	0.26966	0.266963	0.273637	0.269657	0.266773	0.27388	1.79757	1.79756	6.57677	
6.79525	1	64	6.63897	1	64	5.83281	1	61	0	0	0	0.155007	0.154067	0.156567	0.155008	0.15401	0.156447	0.278695	0.27478	0.28164	0.278694	0.275513	0.28279	1.79795	1.79794	6.61687	
6.85175	1	64	6.67791	1	64	5.86913	1	64	0	0	0	0.160027	0.158423	0.161443	0.160027	0.158953	0.161433	0.287781	0.28443	0.291333	0.28778	0.285093	0.291693	1.79832	1.79833	6.64469	
6.91722	1	65	6.7217	1	61	5.9126	1	57	0	0	0	0.165054	0.163497	0.166517	0.165053	0.164087	0.16664	0.296749	0.29227	0.30058	0.296748	0.293573	0.30151	1.79789	1.7979	6.67799	
6.97995	1	57	6.76397	1	57	5.95386	1	53	0	0	0	0.170043	0.168767	0.171523	0.170042	0.169	0.171303	0.30578	0.30196	0.308907	0.305781	0.30248	0.310487	1.79825	1.79826	6.71005	
7.05645	1	65	6.81401	1	65	6.00381	1	65	0	0	0	0.175029	0.173657	0.176527	0.175028	0.173753	0.176417	0.314646	0.31122	0.31796	0.314644	0.31158	0.319643	1.79768	1.79768	6.74944	
7.12578	1	65	6.85649	1	65	6.04765	1	65	0	0	0	0.180067	0.178727	0.181527	0.180066	0.178883	0.181747	0.323696	0.319473	0.327477	0.323693	0.32042	0.328933	1.79764	1.79764	6.78043	
7.19781	1	66	6.90033	1	65	6.08922	1	65	0	0	0	0.185055	0.183543	0.187057	0.185055	0.183637	0.186813	0.332704	0.329007	0.33915	0.332703	0.33003	0.33784	1.79786	1.79786	6.81274	
7.27951	1	68	6.94714	1	68	6.13487	1	68	0	0	0	0.190055	0.18884	0.19198	0.190054	0.18853	0.191827	0.341738	0.338803	0.345173	0.341736	0.338897	0.347147	1.7981	1.7981	6.84553	
7.37631	1	74	7.00145	1	74	6.18988	1	70	0	0	0	0.195036	0.19355	0.196373	0.195035	0.19395	0.196863	0.350767	0.34755	0.35478	0.350766	0.348173	0.35621	1.79848	1.79848	6.88599	
7.46278	1	72	7.04588	1	72	6.23378	1	72	0	0	0	0.20004	0.198487	0.201357	0.200037	0.199103	0.201377	0.359774	0.356763	0.363087	0.359769	0.357137	0.364483	1.79851	1.79851	6.91839	
7.56729	1	74	7.10067	1	62	6.28561	1	59	0	0	0	0.205014	0.20302	0.20652	0.205013	0.203927	0.206423	0.368754	0.364733	0.372213	0.368753	0.365187	0.37307	1.79868	1.79868	6.95886	
7.68441	1	75	7.1627	1	65	6.35103	1	65	0	0	0	0.210012	0.207983	0.211307	0.21001	0.208833	0.211263	0.377687	0.373273	0.380663	0.377683	0.374693	0.382783	1.79841	1.7984	7.00465	
7.77483	1	79	7.20245	1	79	6.38965	1	79	0	0	0	0.215014	0.213137	0.216643	0.215013	0.213703	0.216547	0.386696	0.382117	0.391037	0.386695	0.3837	0.392933	1.79847	1.79848	7.03106	
7.89981	1	76	7.26283	1	71	6.44691	1	71	0	0	0	0.22001	0.217873	0.221443	0.220009	0.218803	0.221683	0.395713	0.393053	0.400143	0.395714	0.39208	0.40217	1.79861	1.79862	7.07649	
8.02695	1	81	7.31836	1	81	6.5046	1	81	0	0	0	0.225003	0.223097	0.227323	0.225003	0.223493	0.226997	0.404714	0.39975	0.409843	0.404712	0.401107	0.411477	1.7987	1.7987	7.11654	
8.17443	1	93	7.3745	1	93	6.55843	1	89	0	0	0	0.229991	0.22858	0.23186	0.229991	0.228443	0.23197	0.413713	0.410183	0.417063	0.413713	0.410177	0.421077	1.79882	1.79883	7.15515	
8.31414	1	80	7.42567	1	71	6.60869	1	71	0	0	0	0.234977	0.232753	0.23683	0.234975	0.233703	0.23713	0.422807	0.41897	0.428337	0.422805	0.41896	0.430253	1.79935	1.79936	7.18859	
8.47961	1	84	7.48441	1	84	6.66639	1	84	0	0	0	0.239974	0.238357	0.241893	0.239973	0.238503	0.242137	0.43185	0.427963	0.43553	0.431849	0.428577	0.43928	1.79957	1.79957	7.22997	
8.66492	1	89	7.55082	1	68	6.7299	1	68	0	0	0	0.245002	0.243273	0.246437	0.245	0.24341	0.24742	0.440908	0.436773	0.44694	0.440907	0.436927	0.448757	1.79961	1.79962	7.27815	
8.85798	1	88	7.60868	1	80	6.78459	1	76	0	0	0	0.249998	0.248337	0.251723	0.249997	0.248393	0.252007	0.449973	0.445773	0.454517	0.449969	0.44602	0.457787	1.7999	1.7999	7.31439	
9.0792	1	87	7.66375	1	72	6.84299	1	72	0	0	0	0.254989	0.253587	0.256213	0.25499	0.25319	0.25679	0.458966	0.455963	0.463193	0.45897	0.454297	0.466693	1.79994	1.79995	7.35078	
9.30842	1	99	7.72756	1	75	6.90749	1	72	0	0	0	0.260028	0.257863	0.26172	0.260027	0.257943	0.261853	0.468043	0.463033	0.472427	0.468043	0.46217	0.475537	1.79997	1.79998	7.39318	
9.57155	1	104	7.79735	1	73	6.97151	1	73	0	0	0	0.265043	0.263033	0.266827	0.265039	0.263007	0.266753	0.477219	0.47344	0.482867	0.477211	0.471423	0.4832	1.80053	1.80053	7.44291	
9.87041	1	121	7.85511	1	82	7.02717	1	79	0	0	0	0.270057	0.267837	0.272223	0.270056	0.267867	0.271813	0.486352	0.480563	0.492557	0.486349	0.479937	0.492363	1.80092	1.80092	7.47695	
10.2583	1	116	7.93408	1	87	7.11275	1	87	0	0	0	0.275054	0.273117	0.276673	0.275051	0.272937	0.27696	0.495317	0.489917	0.49931	0.49531	0.490193	0.500753	1.8008	1.80079	7.52999	
10.6557	1	170	8.0031	1	96	7.17477	1	96	0	0	0	0.280032	0.278193	0.281973	0.280026	0.278083	0.282277	0.50427	0.499767	0.509557	0.504261	0.49866	0.510177	1.80076	1.80077	7.57321	
11.0753	1	119	8.06976	1	79	7.24365	1	79	0	0	0	0.284989	0.283087	0.286957	0.284985	0.282893	0.286823	0.51318	0.509597	0.51684	0.513167	0.50724	0.51897	1.8007	1.80068	7.61373	
11.5678	1	130	8.14218	1	85	7.3191	1	85	0	0	0	0.289954	0.28736	0.29219	0.289951	0.288027	0.291717	0.522195	0.515267	0.525813	0.52219	0.516173	0.52661	1.80096	1.80096	7.65833	
12.1549	1	152	8.21603	1	82	7.38332	1	82	0	0	0	0.294998	0.293597	0.296197	0.29499	0.29236	0.29683	0.531287	0.528073	0.535893	0.531272	0.523547	0.535403	1.80098	1.80098	7.70418	
12.8146	1	141	8.28406	1	83	7.45181	1	83	0	0	0	0.299987	0.298603	0.301757	0.299984	0.297573	0.30166	0.540268	0.53642	0.546413	0.540259	0.532813	0.544567	1.80097	1.80096	7.74258	
13.7511	1	185	8.37054	1	95	7.53921	1	95	0	0	0	0.304968	0.30381	0.306113	0.304969	0.30248	0.306767	0.54917	0.545257	0.55547	0.549172	0.54176	0.553507	1.80074	1.80075	7.79853	
14.8694	1	172	8.44874	1	88	7.62159	1	88	0	0	0	0.309956	0.30863	0.31171	0.309951	0.307463	0.31161	0.558222	0.551857	0.563367	0.558207	0.55038	0.562477	1.80097	1.80095	7.84091	
16.1448	1	199	8.52518	1	90	7.69674	1	86	0	0	0	0.314953	0.313787	0.316497	0.314953	0.31211	0.316873	0.567104	0.56321	0.572703	0.567102	0.558243	0.571837	1.8006	1.80059	7.88406	
17.7445	1	191	8.61047	1	110	7.77909	1	110	0	0	0	0.319973	0.317903	0.32173	0.31997	0.317467	0.32199	0.576162	0.571353	0.58171	0.576157	0.568407	0.58067	1.80066	1.80066	7.93344	
19.9903	1	243	8.69027	1	85	7.85924	1	85	0	0	0	0.324962	0.32338	0.32659	0.32497	0.32246	0.327027	0.585205	0.580163	0.592547	0.585216	0.577567	0.589677	1.80084	1.80083	7.97377	
23.1912	1	275	8.79735	1	92	7.96946	1	89	0	0	0	0.329943	0.32771	0.331607	0.329945	0.327273	0.332013	0.594233	0.58903	0.59867	0.594236	0.58654	0.598687	1.80102	1.80101	8.03451	
27.8956	1	474	8.89091	1	99	8.0614	1	95	0	0	0	0.33491	0.333053	0.336577	0.334913	0.332463	0.337117	0.603167	0.59966	0.607147	0.603177	0.596337	0.607363	1.80098	1.801	8.08165	
34.4996	1	475	8.9872	1	97	8.15605	1	93	0	0	0	0.339897	0.338687	0.341427	0.339905	0.33728	0.34197	0.612167	0.60741	0.61504	0.612176	0.604747	0.616477	1.80103	1.80102	8.13236	
48.359	1	549	9.08088	1	111	8.25852	1	111	0	0	0	0.344896	0.34305	0.3465	0.344888	0.342263	0.34688	0.62126	0.6164	0.62698	0.621251	0.613143	0.624893	1.8013	1.80131	8.17214	
83.1872	1	1583	9.17238	1	143	8.35458	1	143	0	0	0	0.349995	0.347932	0.351618	0.349999	0.34776	0.3526	0.629912	0.62386	0.633883	0.629923	0.623772	0.63514	1.79977	1.79979	8.21603	
637.685	1	23219	9.2654	1	131	8.44299	1	131	0	0	0	0.354965	0.35429	0.356004	0.354668	0.353197	0.356963	0.639124	0.63715	0.641663	0.638589	0.633207	0.643699	1.80052	1.80052	8.25793	
