10.1217	3	31	10.1216	3	31	9.31737	3	27	0	0	0	0.00499033	0.00471667	0.00534333	0.00499043	0	0.01027	0.0089878	0.00840667	0.00970333	0.00898803	0	0.01902	1.80104	1.80105	10.3122	
10.1791	3	43	10.1787	3	43	9.37549	3	43	0	0	0	0.00998667	0.00936667	0.0104867	0.00998667	0	0.02062	0.0179423	0.01658	0.0193267	0.0179422	0	0.0373267	1.79662	1.79662	10.3656	
10.2546	3	43	10.2536	3	43	9.44634	3	43	0	0	0	0.0149928	0.0145567	0.0154833	0.0149927	0	0.03067	0.026992	0.0261067	0.0279833	0.0269916	0	0.0556833	1.80033	1.80032	10.4273	
10.3086	3	44	10.3065	3	44	9.50528	3	44	0	0	0	0.0200148	0.0193933	0.0204933	0.0200149	0	0.04071	0.0360539	0.0345267	0.0374667	0.0360543	0	0.0735067	1.80136	1.80137	10.4704	
10.3702	3	48	10.3664	3	48	9.56397	3	44	0	0	0	0.0250124	0.0244033	0.0257733	0.0250126	0	0.05109	0.0450406	0.0430667	0.0476533	0.0450406	0	0.09233	1.80073	1.80072	10.5214	
10.4337	3	49	10.4286	3	49	9.62319	3	46	0	0	0	0.0299992	0.0292567	0.0307333	0.0299993	0	0.06105	0.0539514	0.05259	0.0555367	0.0539508	0	0.109753	1.79843	1.7984	10.5762	
10.4946	3	53	10.487	3	53	9.68027	3	53	0	0	0	0.0350134	0.0342567	0.0357733	0.0350136	0	0.07114	0.0629563	0.06123	0.0649167	0.0629567	0	0.12894	1.79806	1.79806	10.626	
10.5675	3	61	10.5573	3	61	9.74763	3	57	0	0	0	0.0400115	0.03908	0.0410533	0.0400115	0	0.0812467	0.0719575	0.0699133	0.0735333	0.0719581	0	0.145893	1.79842	1.79844	10.6858	
10.626	3	51	10.6122	3	51	9.79935	3	51	0	0	0	0.0450037	0.04406	0.0459233	0.0450038	0	0.09112	0.080922	0.0782933	0.08343	0.080922	0	0.165213	1.79812	1.79812	10.7299	
10.6951	3	60	10.6777	3	60	9.86385	3	60	0	0	0	0.049987	0.0487667	0.0509033	0.0499871	0	0.101083	0.0898885	0.0877267	0.0924967	0.0898889	0	0.18272	1.79824	1.79824	10.7849	
10.7688	3	61	10.7474	3	61	9.9336	3	57	0	0	0	0.0549903	0.0539767	0.0560667	0.0549906	0	0.111263	0.0988774	0.0963133	0.101183	0.0988781	0	0.200137	1.79809	1.79809	10.844	
10.8466	3	71	10.819	3	71	9.9985	3	71	0	0	0	0.059997	0.0590567	0.0614033	0.0599969	0	0.121897	0.107866	0.105413	0.11097	0.107866	0	0.221277	1.79786	1.79786	10.904	
10.9179	3	65	10.8845	3	62	10.0605	3	62	0	0	0	0.0650001	0.0638933	0.0659967	0.0650006	0	0.131413	0.116849	0.114133	0.120103	0.116851	0	0.236347	1.79768	1.79768	10.958	
10.9938	3	79	10.9528	3	79	10.1254	3	79	0	0	0	0.0699817	0.0684767	0.0712933	0.0699818	0	0.141687	0.125844	0.123457	0.128953	0.125844	0	0.256047	1.79825	1.79824	11.0144	
11.0712	3	89	11.0217	3	89	10.1861	3	89	0	0	0	0.0749678	0.0740433	0.0760367	0.0749678	0	0.151363	0.134827	0.131843	0.1385	0.134826	0	0.2728	1.79847	1.79846	11.0699	
11.156	3	78	11.0969	3	78	10.2604	3	78	0	0	0	0.0799746	0.0787233	0.08123	0.079975	0	0.160977	0.143847	0.14111	0.146473	0.143848	0	0.290987	1.79866	1.79866	11.1326	
11.2448	3	93	11.1732	3	93	10.3334	3	89	0	0	0	0.0849741	0.08368	0.08632	0.0849745	0	0.171977	0.152912	0.1504	0.15617	0.152912	0	0.310137	1.79951	1.79951	11.1936	
11.3302	3	87	11.2454	3	87	10.4051	3	83	0	0	0	0.0899731	0.0884767	0.0915033	0.0899734	0	0.181973	0.161939	0.15789	0.165037	0.161941	0	0.328627	1.79986	1.79987	11.2541	
11.422	3	87	11.3213	3	83	10.4755	3	83	0	0	0	0.0949854	0.09358	0.0966667	0.0949859	0	0.192963	0.171009	0.168347	0.174117	0.17101	0	0.347763	1.80037	1.80038	11.3138	
11.516	3	90	11.3974	3	83	10.5475	3	83	0	0	0	0.0999934	0.09874	0.101247	0.0999943	0	0.201923	0.180068	0.176433	0.18295	0.18007	0	0.363967	1.80079	1.8008	11.375	
11.6148	3	79	11.4753	3	79	10.6216	3	79	0	0	0	0.104986	0.103097	0.106463	0.104987	0	0.21175	0.189075	0.185497	0.191993	0.189076	0	0.382243	1.80095	1.80095	11.438	
11.7203	3	95	11.5543	3	93	10.6961	3	89	0	0	0	0.110001	0.10871	0.111103	0.110001	0	0.22153	0.198084	0.194827	0.201177	0.198083	0	0.400423	1.80074	1.80074	11.4996	
11.829	3	119	11.64	3	85	10.7782	3	83	0	0	0	0.114973	0.11351	0.11627	0.114973	0	0.231393	0.207023	0.2037	0.210023	0.207022	0	0.417227	1.80063	1.80062	11.5704	
11.9449	3	100	11.7213	3	86	10.8519	3	84	0	0	0	0.119954	0.118333	0.121467	0.119955	0	0.241383	0.216029	0.212933	0.21992	0.216028	0	0.43716	1.80093	1.80091	11.6331	
12.0615	3	123	11.7988	3	87	10.927	3	87	0	0	0	0.124939	0.123657	0.126233	0.12494	0	0.251603	0.225039	0.220383	0.22836	0.225041	0	0.453913	1.8012	1.8012	11.6937	
12.195	3	129	11.889	3	85	11.0118	3	83	0	0	0	0.129921	0.128427	0.131523	0.129921	0	0.26182	0.233919	0.230697	0.237847	0.233918	0	0.473353	1.80047	1.80047	11.7654	
12.3314	3	135	11.9702	3	89	11.0944	3	89	0	0	0	0.134931	0.133773	0.136297	0.134931	0	0.271893	0.24294	0.2374	0.24626	0.242943	0	0.490333	1.80048	1.80049	11.8269	
12.4985	3	240	12.0647	3	102	11.1807	3	102	0	0	0	0.139943	0.138633	0.14135	0.139943	0	0.281383	0.251936	0.248167	0.25539	0.251937	0	0.50669	1.80027	1.80028	11.9007	
12.6619	3	173	12.1507	3	96	11.2648	3	96	0	0	0	0.144948	0.143397	0.14653	0.144949	0	0.29271	0.260894	0.256777	0.2656	0.260896	0	0.527943	1.79992	1.79992	11.9659	
12.8496	3	193	12.2427	3	111	11.3509	3	111	0	0	0	0.149943	0.148577	0.151407	0.149945	0	0.301443	0.269881	0.26515	0.27413	0.269883	0	0.544417	1.79988	1.79988	12.0383	
13.0535	3	261	12.3309	3	100	11.4403	3	98	0	0	0	0.154934	0.153793	0.156287	0.154935	0	0.312003	0.278884	0.275433	0.282247	0.278884	0	0.56268	1.80002	1.80001	12.1016	
13.2938	3	317	12.4234	3	131	11.5287	3	131	0	0	0	0.159923	0.158577	0.161377	0.159923	0	0.321657	0.287869	0.284177	0.291377	0.28787	0	0.58029	1.80004	1.80006	12.17	
13.6241	3	525	12.5244	3	98	11.6191	3	98	0	0	0	0.164939	0.16324	0.16707	0.164941	0	0.332373	0.296973	0.292	0.302587	0.296976	0	0.60062	1.80051	1.8005	12.2474	
14.0057	3	432	12.6253	3	101	11.7201	3	97	0	0	0	0.169938	0.168383	0.17219	0.16994	0	0.342093	0.305994	0.301427	0.310907	0.305998	0	0.617223	1.80062	1.80062	12.3173	
14.5591	3	641	12.721	3	119	11.8113	3	118	0	0	0	0.174945	0.173597	0.176583	0.174949	0	0.351837	0.314997	0.312173	0.320063	0.315003	0	0.63437	1.80055	1.80054	12.3843	
15.4219	3	708	12.8281	3	118	11.9137	3	118	0	0	0	0.179945	0.177993	0.181293	0.179944	0	0.361527	0.323931	0.318233	0.32859	0.323928	0	0.652533	1.80017	1.80016	12.4591	
17.075	3	1269	12.9367	3	125	12.0211	3	125	0	0	0	0.184959	0.183323	0.18736	0.184966	0	0.372907	0.332949	0.329027	0.337433	0.332959	0	0.671227	1.80012	1.80011	12.535	
25.4811	3	3647	13.0471	3	127	12.1263	3	123	0	0	0	0.189955	0.188417	0.191663	0.189966	0	0.381088	0.341952	0.338263	0.346162	0.341973	0	0.687738	1.80017	1.80018	12.61	
328.48	3	44708	13.1499	3	122	12.2222	3	122	0	0	0	0.194998	0.193947	0.196219	0.19492	0	0.391646	0.350887	0.34811	0.353756	0.350746	0	0.705461	1.79943	1.79944	12.6773	
