6.02608	1	25	6.01368	1	25	5.22346	1	24	0	0	0	0.00500944	0.00481333	0.00537	0.00500944	0	0.0304233	0.00902426	0.00836	0.0097	0.00902426	0	0.0554967	1.80145	1.80145	6.20219	
6.0636	1	29	6.03795	1	29	5.26129	1	29	0	0	0	0.0100156	0.00958	0.0103633	0.0100157	0	0.0609267	0.0179669	0.0170767	0.01929	0.0179672	0	0.108953	1.79389	1.7939	6.22685	
6.11395	1	40	6.07637	1	40	5.27188	1	40	0	0	0	0.0150248	0.0147433	0.0153633	0.0150247	0	0.0911433	0.0270787	0.02621	0.0282267	0.0270783	0	0.164203	1.80227	1.80225	6.24792	
6.1865	1	40	6.13131	1	40	5.31263	1	40	0	0	0	0.0200294	0.0195733	0.0204833	0.0200293	0	0.12132	0.0361017	0.03482	0.03747	0.0361016	0	0.219287	1.80243	1.80244	6.29376	
6.24995	1	44	6.17719	1	44	5.38326	1	40	0	0	0	0.0250398	0.02455	0.02571	0.02504	0	0.151957	0.045065	0.0431633	0.04679	0.045065	0	0.273597	1.79973	1.79972	6.33311	
6.33935	1	43	6.24631	1	43	5.45498	1	42	0	0	0	0.0300205	0.0293167	0.03071	0.0300203	0	0.182337	0.053939	0.05216	0.05671	0.0539379	0	0.32771	1.79674	1.79671	6.39534	
6.43698	1	54	6.31806	1	54	5.52917	1	54	0	0	0	0.0350522	0.0343233	0.0359	0.0350522	0	0.211763	0.0629789	0.0616333	0.0645833	0.0629787	0	0.38248	1.79672	1.79671	6.45569	
6.53907	1	50	6.39946	1	50	5.60271	1	50	0	0	0	0.040068	0.0390933	0.0406967	0.0400674	0	0.24242	0.0720991	0.0704867	0.0734233	0.0720976	0	0.437223	1.79942	1.79941	6.52335	
6.66242	1	56	6.49254	1	56	5.69066	1	56	0	0	0	0.0450581	0.0442933	0.0457767	0.0450578	0	0.273347	0.0811127	0.0797533	0.0828533	0.0811118	0	0.49208	1.80018	1.80017	6.60326	
6.80549	1	58	6.60148	1	52	5.80556	1	52	0	0	0	0.0500217	0.0487567	0.0509467	0.0500215	0	0.302177	0.0900502	0.0881833	0.09202	0.0900512	0	0.543033	1.80022	1.80025	6.69658	
6.96803	1	54	6.72932	1	54	5.92457	1	54	0	0	0	0.0550323	0.0539667	0.0556767	0.0550318	0	0.333093	0.0991091	0.0962733	0.10075	0.0991085	0	0.598573	1.80093	1.80093	6.81032	
7.12817	1	73	6.841	1	70	6.0487	1	66	0	0	0	0.0600379	0.0593933	0.0606533	0.060039	0	0.362937	0.108072	0.106227	0.109853	0.108074	0	0.652827	1.80006	1.80006	6.90777	
7.32289	1	95	6.98219	1	58	6.19382	1	58	0	0	0	0.0650536	0.06429	0.06615	0.0650531	0	0.392903	0.117117	0.115213	0.119887	0.117115	0	0.70672	1.80032	1.8003	7.03129	
7.54621	1	97	7.14207	1	63	6.34658	1	62	0	0	0	0.0700849	0.0689333	0.07118	0.0700869	0	0.42412	0.126167	0.122813	0.1305	0.12617	0	0.761667	1.8002	1.8002	7.1762	
7.7891	1	80	7.31284	1	69	6.50963	1	68	0	0	0	0.0750781	0.0741533	0.0764	0.0750787	0	0.454323	0.135155	0.133503	0.1391	0.135156	0	0.81717	1.80019	1.80019	7.3239	
8.05421	1	118	7.48179	1	65	6.67735	1	63	0	0	0	0.0800624	0.0790333	0.08136	0.0800636	0	0.48383	0.14403	0.141993	0.147117	0.144033	0	0.870883	1.79897	1.79898	7.47402	
8.37812	1	129	7.69229	1	75	6.8979	1	75	0	0	0	0.085074	0.08423	0.0861	0.0850805	0	0.51326	0.152955	0.150533	0.155413	0.152966	0	0.924	1.7979	1.7979	7.65841	
8.74313	1	152	7.90584	1	70	7.10871	1	70	0	0	0	0.0900288	0.0886833	0.09116	0.0900375	0	0.542803	0.161933	0.159097	0.16421	0.161945	0	0.97789	1.79868	1.79864	7.84601	
9.14612	1	140	8.15105	1	99	7.3568	1	99	0	0	0	0.0949906	0.0940733	0.0958	0.0926852	0	0.557677	0.170812	0.16884	0.173533	0.166667	0	1	1.7982	1.7982	8.06148	
9.57782	1	141	8.38834	1	92	7.60156	1	88	0	0	0	0.0999519	0.0989267	0.101233	0.0926866	0	0.557727	0.179701	0.17786	0.182513	0.166667	0	1	1.79788	1.79817	8.26677	
10.2307	1	218	8.70438	1	101	7.90045	1	101	0	0	0	0.104957	0.10329	0.106063	0.0926871	0	0.557707	0.188719	0.183857	0.192097	0.166667	0	1	1.79805	1.79816	8.54422	
11.0608	1	304	9.01872	1	91	8.21334	1	91	0	0	0	0.109978	0.10837	0.111287	0.0926886	0	0.557723	0.197757	0.194433	0.20158	0.166667	0	1	1.79815	1.79814	8.80698	
12.0978	1	274	9.38302	1	99	8.57115	1	99	0	0	0	0.114971	0.114233	0.115927	0.0926876	0	0.557717	0.206789	0.20462	0.20985	0.166667	0	1	1.79862	1.79816	9.11524	
13.6278	1	585	9.79125	1	120	8.97951	1	120	0	0	0	0.12001	0.11882	0.121058	0.0927012	0	0.557738	0.215847	0.212916	0.218998	0.166667	0	1	1.79858	1.79789	9.45646	
15.878	1	563	10.2407	1	107	9.44313	1	106	0	0	0	0.12496	0.124007	0.126467	0.0926872	0	0.557703	0.22467	0.221757	0.227573	0.166667	0	1	1.79794	1.79816	9.82258	
21.8206	1	825	10.7886	1	113	9.9801	1	115	0	0	0	0.129951	0.1285	0.131707	0.0926858	0	0.557713	0.233679	0.230983	0.237067	0.166667	0	1	1.79821	1.79819	10.2608	
382.963	1	13143	11.427	1	142	10.6226	1	142	0	0	0	0.134966	0.133815	0.13588	0.0926919	0	0.557448	0.24269	0.2407	0.244565	0.166667	0	1	1.79816	1.79807	10.7423	
