8.03502	2	35	8.03492	2	35	7.23548	2	33	0	0	0	0.00499391	0.00471	0.00536	0.00499401	0.00471	0.00536	0.00895208	0.00824333	0.00963	0.00895229	0.00824333	0.00963	1.7926	1.79261	8.22906	
8.08356	2	37	8.08324	2	36	7.24926	2	32	0	0	0	0.0100062	0.00962333	0.01048	0.0100061	0.00962333	0.01048	0.0180378	0.0172933	0.0192367	0.0180376	0.0172933	0.0192367	1.80265	1.80265	8.25417	
8.06763	2	39	8.06662	2	39	7.27712	2	35	0	0	0	0.0150311	0.0145233	0.0156967	0.015031	0.0145233	0.0157	0.02704	0.0259333	0.0284833	0.0270397	0.0259333	0.0284833	1.79893	1.79893	8.22874	
8.09385	2	39	8.09233	2	39	7.29627	2	36	0	0	0	0.020063	0.0194867	0.0205667	0.0200631	0.0194867	0.0205667	0.0360579	0.0347767	0.0372567	0.0360585	0.0347767	0.0372567	1.79723	1.79725	8.24126	
8.10831	2	41	8.10579	2	38	7.31234	2	36	0	0	0	0.0250671	0.02449	0.0257333	0.0250669	0.0244867	0.0257367	0.0451318	0.0439833	0.0464533	0.0451318	0.0439833	0.0464567	1.80044	1.80046	8.23844	
8.11296	2	47	8.10879	2	40	7.31872	2	38	0	0	0	0.0300682	0.02949	0.0307167	0.0300681	0.0294933	0.0307133	0.0541228	0.0526633	0.0563	0.0541222	0.0526667	0.0563	1.8	1.79999	8.22754	
8.13037	2	46	8.12393	2	40	7.33585	2	36	0	0	0	0.0350706	0.0342367	0.0362133	0.0350698	0.0342333	0.0362133	0.0631154	0.0612733	0.06533	0.0631143	0.0612733	0.06533	1.79966	1.79968	8.23221	
8.13272	2	65	8.12455	2	40	7.33133	2	39	0	0	0	0.0400941	0.0389867	0.0411167	0.0400937	0.0389867	0.04112	0.072177	0.0700667	0.0745967	0.072177	0.0700667	0.0746	1.80019	1.80021	8.21919	
8.15083	2	45	8.14043	2	41	7.34793	2	39	0	0	0	0.0450691	0.04441	0.0457233	0.0450686	0.0444167	0.0457233	0.0810798	0.07946	0.0826367	0.0810787	0.0794633	0.0826567	1.79901	1.799	8.22167	
8.1484	2	51	8.13465	2	41	7.34686	2	39	0	0	0	0.050078	0.04917	0.05091	0.0500778	0.0491633	0.05091	0.090079	0.0880267	0.09225	0.0900783	0.0880333	0.0922467	1.79877	1.79877	8.20541	
8.16989	2	58	8.15274	2	41	7.35397	2	40	0	0	0	0.055088	0.0541533	0.0558567	0.0550874	0.0541533	0.0558533	0.0990448	0.0965533	0.101737	0.0990436	0.0965533	0.101733	1.79794	1.79793	8.21251	
8.18076	2	73	8.1585	2	42	7.36482	2	40	0	0	0	0.0600776	0.0585933	0.0612533	0.0600772	0.05859	0.0612533	0.108018	0.105313	0.110653	0.108018	0.105297	0.110653	1.79797	1.79798	8.20405	
8.20555	2	57	8.17901	2	56	7.38345	2	56	0	0	0	0.0651088	0.0641933	0.06608	0.0651086	0.0641933	0.0660767	0.117103	0.115033	0.120723	0.117102	0.115037	0.120737	1.79857	1.79857	8.21088	
8.20295	2	77	8.16971	2	70	7.37941	2	70	0	0	0	0.0700993	0.0692433	0.0712167	0.0700992	0.0692467	0.0712133	0.126046	0.123663	0.128517	0.126046	0.123673	0.12853	1.79811	1.79811	8.19069	
8.22661	2	83	8.18665	2	61	7.39548	2	61	0	0	0	0.0750704	0.0737167	0.0760867	0.0750701	0.07372	0.07609	0.134952	0.131797	0.13759	0.134951	0.1318	0.13759	1.79767	1.79767	8.19646	
8.23804	2	87	8.19108	2	62	7.40236	2	58	0	0	0	0.0800622	0.0788433	0.08149	0.0800623	0.07884	0.08149	0.143966	0.141463	0.14713	0.143966	0.14146	0.14713	1.79817	1.79818	8.18605	
8.25612	2	88	8.19945	2	56	7.40478	2	56	0	0	0	0.0850492	0.0838967	0.0865433	0.0850494	0.0838933	0.08654	0.152894	0.149913	0.155517	0.152894	0.149893	0.155517	1.79771	1.79771	8.18322	
8.27277	2	109	8.20576	2	65	7.42392	2	65	0	0	0	0.0900403	0.0881367	0.0912167	0.0900399	0.0881367	0.09122	0.161919	0.158543	0.16451	0.161919	0.158537	0.16451	1.7983	1.79831	8.17587	
8.28786	2	106	8.20929	2	68	7.42493	2	68	0	0	0	0.0950421	0.09396	0.0965867	0.0950419	0.0939533	0.0965867	0.170904	0.16843	0.17513	0.170903	0.168447	0.175127	1.79819	1.79819	8.1691	
8.30558	2	122	8.21115	2	72	7.42355	2	72	0	0	0	0.100014	0.0985767	0.101243	0.100014	0.09858	0.10124	0.179775	0.176603	0.18299	0.179776	0.1766	0.182987	1.7975	1.79752	8.16035	
8.3351	2	125	8.22512	2	60	7.44057	2	58	0	0	0	0.105002	0.103807	0.106227	0.105002	0.103813	0.106237	0.188774	0.18556	0.191903	0.188773	0.185563	0.191893	1.79782	1.79781	8.15871	
8.3655	2	157	8.23089	2	66	7.45372	2	66	0	0	0	0.110025	0.108787	0.111333	0.110025	0.10879	0.11133	0.197877	0.1946	0.20158	0.197878	0.194613	0.201577	1.79847	1.79848	8.15333	
8.38838	2	164	8.23622	2	64	7.455	2	64	0	0	0	0.115005	0.113727	0.116963	0.115005	0.113727	0.11697	0.206856	0.20342	0.21087	0.206857	0.20342	0.210877	1.79868	1.79868	8.14742	
8.41109	2	179	8.23908	2	67	7.45656	2	67	0	0	0	0.119998	0.118613	0.121213	0.119998	0.118613	0.121213	0.215819	0.211733	0.21892	0.215821	0.211737	0.21892	1.79853	1.79854	8.13656	
8.44719	2	188	8.24912	2	72	7.46922	2	68	0	0	0	0.124993	0.12335	0.12636	0.124993	0.123347	0.12636	0.224817	0.22087	0.228107	0.224817	0.220867	0.22812	1.79863	1.79863	8.13768	
8.48477	2	178	8.25989	2	61	7.47482	2	61	0	0	0	0.129989	0.128747	0.13121	0.129989	0.128747	0.131213	0.233857	0.230573	0.237133	0.233859	0.23057	0.23713	1.79906	1.79906	8.13452	
8.51807	2	147	8.25993	2	71	7.48107	2	71	0	0	0	0.134996	0.133797	0.136793	0.134996	0.133797	0.136793	0.242939	0.23918	0.246713	0.24294	0.23917	0.246713	1.7996	1.7996	8.12171	
8.57852	2	192	8.26997	2	65	7.50062	2	65	0	0	0	0.139994	0.1387	0.142043	0.139993	0.138693	0.142037	0.251935	0.248517	0.255967	0.251933	0.248533	0.255963	1.79962	1.79961	8.1187	
8.64434	2	313	8.27701	2	69	7.49484	2	66	0	0	0	0.14498	0.1435	0.146687	0.144979	0.1435	0.146693	0.260957	0.257767	0.264273	0.260956	0.257763	0.26428	1.79996	1.79995	8.11389	
8.72436	2	277	8.29154	2	74	7.5158	2	70	0	0	0	0.149981	0.14896	0.151417	0.149982	0.148957	0.151417	0.270074	0.265633	0.274083	0.270077	0.26565	0.274073	1.80072	1.80072	8.11405	
8.79459	2	402	8.30179	2	70	7.52015	2	70	0	0	0	0.154962	0.153983	0.15644	0.154962	0.15398	0.156443	0.279055	0.27535	0.282653	0.279056	0.27535	0.28267	1.80079	1.8008	8.11121	
8.84885	2	267	8.30503	2	75	7.52517	2	75	0	0	0	0.159973	0.15789	0.16147	0.159974	0.157887	0.16147	0.288068	0.28388	0.291447	0.288068	0.283873	0.291443	1.80072	1.80072	8.10411	
8.94062	2	282	8.31285	2	68	7.53248	2	68	0	0	0	0.164998	0.16387	0.166513	0.164998	0.163863	0.166507	0.297156	0.29383	0.300683	0.297157	0.293863	0.300687	1.80097	1.80097	8.09877	
9.09798	2	361	8.32391	2	77	7.54393	2	77	0	0	0	0.170008	0.168587	0.171523	0.170009	0.168577	0.171527	0.306168	0.30249	0.30979	0.306171	0.302487	0.30979	1.80091	1.80091	8.09719	
9.22185	2	414	8.33067	2	72	7.55867	2	72	0	0	0	0.175015	0.17378	0.176443	0.175017	0.17378	0.176437	0.315161	0.309647	0.319467	0.315163	0.309683	0.319473	1.80077	1.80076	8.09057	
9.37046	2	439	8.33462	2	87	7.56329	2	87	0	0	0	0.180034	0.178163	0.18141	0.180034	0.178163	0.181407	0.324183	0.32065	0.327567	0.324183	0.320653	0.327573	1.80068	1.80067	8.08352	
9.54294	2	628	8.35167	2	73	7.57758	2	73	0	0	0	0.185041	0.1837	0.186537	0.185042	0.183703	0.186537	0.333238	0.329753	0.336673	0.33324	0.329757	0.336683	1.80089	1.80089	8.08607	
9.8035	2	557	8.3612	2	80	7.58979	2	80	0	0	0	0.190052	0.188987	0.191353	0.190051	0.188983	0.191353	0.342298	0.3384	0.345987	0.342298	0.338397	0.345963	1.80108	1.80108	8.08166	
9.98547	2	878	8.37057	2	72	7.59955	2	72	0	0	0	0.195077	0.19343	0.196657	0.195077	0.193433	0.196653	0.351373	0.34831	0.3549	0.351371	0.348303	0.3549	1.8012	1.80119	8.07701	
10.2776	2	915	8.37138	2	80	7.59591	2	78	0	0	0	0.200077	0.198647	0.202083	0.200078	0.198633	0.202093	0.360248	0.356233	0.365297	0.360251	0.35623	0.365307	1.80055	1.80056	8.06881	
10.556	2	877	8.37842	2	80	7.60735	2	80	0	0	0	0.20508	0.20363	0.206777	0.205077	0.203633	0.206773	0.369223	0.36587	0.372783	0.369218	0.365857	0.372793	1.80038	1.80039	8.06816	
10.8871	2	795	8.39083	2	78	7.6197	2	78	0	0	0	0.210069	0.208173	0.2115	0.21007	0.208177	0.211497	0.378256	0.37335	0.38255	0.378259	0.373347	0.38255	1.80062	1.80063	8.06296	
11.8366	2	1022	8.40405	2	78	7.63619	2	78	0	0	0	0.215034	0.213277	0.21678	0.215037	0.213277	0.216777	0.387101	0.38325	0.39125	0.387106	0.383247	0.391247	1.80019	1.80019	8.06151	
12.4299	2	1399	8.41275	2	103	7.64523	2	103	0	0	0	0.220028	0.217783	0.221743	0.220018	0.21778	0.22172	0.396088	0.390813	0.39951	0.39607	0.390807	0.399493	1.80017	1.80018	8.0577	
12.9479	2	1751	8.42366	2	96	7.64991	2	96	0	0	0	0.225021	0.222313	0.226663	0.225019	0.22232	0.226667	0.405055	0.399957	0.409987	0.405053	0.39996	0.409997	1.80008	1.80008	8.05463	
14.3618	2	1914	8.43645	2	83	7.67081	2	83	0	0	0	0.229999	0.227912	0.231788	0.229993	0.227925	0.23179	0.414178	0.411035	0.418478	0.414167	0.41103	0.418475	1.80078	1.80078	8.05339	
14.5908	2	1678	8.44611	2	79	7.67604	2	79	0	0	0	0.234996	0.233533	0.236435	0.234991	0.233492	0.23643	0.423197	0.419677	0.426872	0.423189	0.419677	0.426865	1.80087	1.80087	8.0533	
16.264	2	2036	8.45818	2	78	7.6887	2	78	0	0	0	0.240019	0.238327	0.24225	0.240023	0.238327	0.242237	0.432012	0.427083	0.436387	0.432023	0.427087	0.436643	1.79991	1.79993	8.04906	
17.2455	2	2055	8.46334	2	82	7.69751	2	82	0	0	0	0.245024	0.24343	0.246467	0.245026	0.243493	0.246473	0.441096	0.435677	0.446587	0.4411	0.43567	0.446553	1.80021	1.80022	8.04353	
20.3444	2	3063	8.47784	2	80	7.71073	2	80	0	0	0	0.250018	0.248727	0.251962	0.250033	0.248722	0.25196	0.450134	0.446965	0.453275	0.45016	0.446967	0.454245	1.80041	1.8004	8.04356	
22.9909	2	2515	8.49161	2	84	7.7246	2	84	0	0	0	0.254998	0.25344	0.256318	0.254991	0.253484	0.256322	0.459126	0.455444	0.463438	0.459115	0.455438	0.463434	1.80051	1.80051	8.04019	
30.205	2	6082	8.50401	2	84	7.73409	2	84	0	0	0	0.259995	0.259033	0.261119	0.260005	0.25904	0.261124	0.46802	0.465393	0.472269	0.468038	0.465399	0.472247	1.80011	1.80011	8.03774	
30.4312	2	4069	8.51338	2	104	7.74782	2	104	0	0	0	0.265004	0.263983	0.266284	0.265027	0.263981	0.266834	0.47702	0.474193	0.47982	0.47706	0.474194	0.480347	1.80005	1.80004	8.03769	
41.6521	2	4806	8.52832	2	89	7.76182	2	85	0	0	0	0.270014	0.268797	0.271263	0.270007	0.268796	0.271261	0.486026	0.483129	0.489347	0.486012	0.483114	0.489341	1.8	1.8	8.03484	
81.4063	2	10104	8.54304	2	102	7.78145	2	102	0	0	0	0.275011	0.273879	0.27688	0.27501	0.273877	0.27688	0.494987	0.492316	0.499429	0.494987	0.492316	0.49942	1.79988	1.79989	8.03302	
89.2462	2	8955	8.54974	2	86	7.7865	2	83	0	0	0	0.280003	0.278731	0.281537	0.279999	0.278749	0.281536	0.503954	0.501574	0.506829	0.50395	0.501437	0.506894	1.79981	1.79983	8.02925	
147.112	2	25862	8.55834	2	96	7.79703	2	96	0	0	0	0.284998	0.283959	0.286131	0.284889	0.27741	0.286429	0.512884	0.509863	0.516537	0.512687	0.498111	0.516537	1.79961	1.7996	8.02508	
564.854	2	37631	8.57427	2	117	7.82136	2	113	0	0	0	0.290036	0.288995	0.291397	0.28981	0.281842	0.291358	0.52207	0.518725	0.52484	0.521659	0.505707	0.52484	1.80002	1.8	8.02669	
