13.8445	2	71	13.8442	2	71	13.0512	2	67	0	0	0	0.00498339	0.00460333	0.00538667	0.00498337	0.00460333	0.00539	0.0089563	0.00821667	0.00986667	0.00895632	0.00821667	0.00986333	1.79723	1.79724	14.0012	
14.2206	2	72	14.2196	2	72	13.4315	2	70	0	0	0	0.00998194	0.00952	0.0106333	0.00998204	0.00951667	0.0106333	0.0179709	0.01678	0.0192467	0.0179709	0.01678	0.0192467	1.80034	1.80032	14.3297	
14.5531	2	76	14.5508	2	75	13.7488	2	71	0	0	0	0.0149825	0.0143067	0.01555	0.0149825	0.0143033	0.01555	0.0269382	0.0256433	0.02851	0.0269379	0.0256433	0.02851	1.79798	1.79796	14.6231	
14.8559	2	86	14.8516	2	78	14.0376	2	74	0	0	0	0.0199847	0.0194667	0.0208033	0.0199846	0.0194667	0.0208	0.0359356	0.0345	0.03783	0.035936	0.0344833	0.03783	1.79816	1.79818	14.8866	
15.1161	2	90	15.1093	2	76	14.2878	2	76	0	0	0	0.0249844	0.02421	0.0256467	0.0249845	0.02421	0.0256467	0.0449068	0.0431433	0.04654	0.0449072	0.04314	0.04654	1.7974	1.79741	15.1092	
15.37	2	112	15.3591	2	112	14.5477	2	112	0	0	0	0.0299786	0.02924	0.0307733	0.0299783	0.0292433	0.0307733	0.0539195	0.05213	0.05596	0.0539191	0.0521567	0.05596	1.7986	1.7986	15.3235	
15.5908	2	132	15.5744	2	120	14.756	2	120	0	0	0	0.0349774	0.0342367	0.0358733	0.0349775	0.0342333	0.0358767	0.0629459	0.0611567	0.0654667	0.0629464	0.0611567	0.0654667	1.79962	1.79962	15.5042	
15.8155	2	130	15.7926	2	130	14.9594	2	130	0	0	0	0.0399889	0.0391467	0.0409867	0.0399886	0.0391467	0.0409833	0.072009	0.0696667	0.07408	0.072008	0.0696667	0.07408	1.80073	1.80072	15.6888	
15.9929	2	145	15.9605	2	132	15.133	2	132	0	0	0	0.0449701	0.04413	0.0460133	0.0449703	0.0441333	0.0460133	0.080976	0.0788633	0.0842433	0.0809764	0.0788633	0.0842333	1.80066	1.80066	15.8285	
16.1766	2	169	16.1328	2	116	15.3049	2	116	0	0	0	0.0499764	0.04892	0.05151	0.0499762	0.04892	0.05151	0.0899879	0.0868533	0.0925167	0.0899873	0.0868533	0.0925233	1.80061	1.8006	15.9724	
16.3442	2	178	16.2863	2	126	15.4603	2	126	0	0	0	0.054982	0.0535933	0.0560633	0.054982	0.0536033	0.05607	0.0989778	0.0963233	0.1012	0.0989779	0.0963567	0.1012	1.80018	1.80019	16.1006	
16.4996	2	207	16.4196	2	128	15.5858	2	128	0	0	0	0.0599857	0.0589133	0.0613133	0.0599855	0.05891	0.06132	0.107968	0.104723	0.111213	0.107968	0.104723	0.111213	1.7999	1.7999	16.2066	
16.6581	2	353	16.5546	2	129	15.7224	2	129	0	0	0	0.0649985	0.0638667	0.0660133	0.0649981	0.0638667	0.06601	0.117022	0.11463	0.119897	0.117021	0.114637	0.119893	1.80038	1.80038	16.319	
16.8248	2	281	16.6868	2	129	15.8543	2	129	0	0	0	0.0699986	0.0686933	0.0711733	0.069998	0.0686867	0.0711767	0.126019	0.123233	0.12942	0.126018	0.123237	0.12942	1.80031	1.80032	16.4211	
16.979	2	430	16.7963	2	136	15.9577	2	136	0	0	0	0.07499	0.0734167	0.0760667	0.0749898	0.0734167	0.0760567	0.134971	0.131247	0.138787	0.134971	0.131247	0.138747	1.79985	1.79985	16.5107	
17.1504	2	379	16.9175	2	158	16.0847	2	158	0	0	0	0.0799878	0.0786433	0.0812033	0.0799874	0.0786467	0.0812167	0.143984	0.14032	0.146947	0.143983	0.140327	0.146943	1.80007	1.80007	16.6061	
17.3256	2	665	17.0146	2	134	16.1755	2	134	0	0	0	0.0849842	0.08364	0.08641	0.0849839	0.08363	0.0864133	0.152967	0.14972	0.156877	0.152967	0.14972	0.156877	1.79995	1.79996	16.6795	
17.5223	2	559	17.1074	2	138	16.2692	2	138	0	0	0	0.08999	0.0882767	0.0914933	0.0899901	0.08828	0.09149	0.161986	0.15777	0.165417	0.161986	0.157773	0.165397	1.80005	1.80004	16.7485	
17.7216	2	647	17.1913	2	166	16.36	2	162	0	0	0	0.0949999	0.0936067	0.0963867	0.0949996	0.0936067	0.0963867	0.170999	0.166893	0.17535	0.170998	0.1669	0.17534	1.79999	1.79999	16.8115	
17.9995	2	1181	17.2843	2	156	16.4531	2	156	0	0	0	0.100003	0.09821	0.10142	0.100002	0.09821	0.101417	0.180009	0.17718	0.183673	0.180008	0.177177	0.18366	1.80004	1.80003	16.8818	
18.2907	2	1595	17.3613	2	138	16.5325	2	138	0	0	0	0.105002	0.10362	0.106463	0.105002	0.103613	0.106467	0.189006	0.18513	0.192463	0.189006	0.18513	0.192477	1.80002	1.80002	16.9355	
18.6258	2	1428	17.431	2	196	16.5983	2	196	0	0	0	0.110003	0.10808	0.11205	0.110003	0.108077	0.11205	0.19802	0.193597	0.202457	0.19802	0.193597	0.20243	1.80014	1.80013	16.9851	
19.0248	2	1199	17.5122	2	163	16.6816	2	163	0	0	0	0.115	0.11298	0.11649	0.115	0.11298	0.11649	0.207012	0.20274	0.211183	0.207012	0.202743	0.21121	1.8001	1.8001	17.0463	
19.7081	2	1668	17.5822	2	168	16.7558	2	168	0	0	0	0.120001	0.11788	0.12139	0.12	0.11787	0.12139	0.215985	0.21001	0.219877	0.215982	0.209993	0.219853	1.79986	1.79985	17.0918	
20.1632	2	1526	17.645	2	156	16.8203	2	156	0	0	0	0.124991	0.122477	0.126757	0.12499	0.122477	0.126757	0.224941	0.21717	0.229613	0.224939	0.21717	0.22961	1.79965	1.79965	17.1354	
21.2504	2	2739	17.7084	2	170	16.881	2	170	0	0	0	0.129994	0.12861	0.13163	0.129998	0.12861	0.13163	0.233907	0.229627	0.239577	0.233915	0.229583	0.23954	1.79937	1.79937	17.1783	
22.4019	2	2330	17.7712	2	168	16.9511	2	168	0	0	0	0.135011	0.13331	0.137077	0.135014	0.13325	0.13708	0.242939	0.23854	0.24718	0.242944	0.23855	0.247187	1.7994	1.79939	17.2207	
23.1	2	2492	17.8283	2	176	17.0102	2	176	0	0	0	0.140012	0.138473	0.141673	0.140014	0.138487	0.141667	0.251956	0.247503	0.255883	0.251961	0.247497	0.255887	1.79953	1.79954	17.2579	
24.4865	2	4676	17.8775	2	182	17.0607	2	182	0	0	0	0.145041	0.14353	0.146473	0.145039	0.143533	0.146475	0.260979	0.256925	0.264895	0.260976	0.256947	0.264885	1.79935	1.79935	17.2922	
25.7299	2	3448	17.9272	2	175	17.114	2	175	0	0	0	0.15003	0.148493	0.151627	0.150025	0.148503	0.151627	0.269926	0.26537	0.274093	0.269917	0.265373	0.27409	1.79915	1.79914	17.3245	
29.8311	2	4842	17.9878	2	176	17.1781	2	176	0	0	0	0.15501	0.153073	0.15654	0.155009	0.153073	0.15655	0.278871	0.274573	0.28329	0.27887	0.274493	0.2833	1.79905	1.79906	17.3545	
33.0636	2	8288	18.0373	2	212	17.2235	2	208	0	0	0	0.160016	0.158508	0.161324	0.160011	0.158504	0.161324	0.287915	0.284846	0.291084	0.287905	0.284852	0.291088	1.79929	1.79928	17.3879	
37.05	2	7100	18.0819	2	171	17.2703	2	171	0	0	0	0.165016	0.163318	0.167035	0.165014	0.16332	0.167038	0.296878	0.29203	0.301715	0.296874	0.291998	0.301718	1.79908	1.79909	17.4151	
46.7561	2	11768	18.1358	2	168	17.3245	2	168	0	0	0	0.169999	0.168877	0.171497	0.169997	0.168983	0.171504	0.305929	0.302433	0.308846	0.305925	0.302417	0.308861	1.79959	1.79959	17.4462	
52.7991	2	12989	18.1689	2	172	17.3646	2	172	0	0	0	0.174995	0.173672	0.176295	0.17502	0.173677	0.178317	0.314915	0.311655	0.31751	0.314958	0.311673	0.320722	1.79957	1.79956	17.4672	
58.7771	2	11563	18.2158	2	224	17.4111	2	220	0	0	0	0.179994	0.178633	0.181465	0.179988	0.176735	0.181488	0.323914	0.320053	0.327103	0.323904	0.316732	0.327087	1.79958	1.79958	17.4973	
65.9381	2	14996	18.2466	2	203	17.4456	2	203	0	0	0	0.185001	0.18346	0.186626	0.184998	0.183284	0.187022	0.332902	0.32833	0.336872	0.332895	0.32834	0.337342	1.79946	1.79946	17.5149	
113.858	2	27730	18.2967	2	224	17.5004	2	220	0	0	0	0.189977	0.188523	0.191356	0.190017	0.188524	0.196201	0.341899	0.337996	0.34521	0.34197	0.338373	0.35363	1.79969	1.79968	17.5379	
176.818	2	45047	18.3361	2	212	17.5412	2	212	0	0	0	0.194974	0.193234	0.196197	0.194998	0.19324	0.200017	0.35088	0.348029	0.35454	0.350924	0.348046	0.359977	1.79963	1.79962	17.5576	
324.484	2	81457	18.3785	2	210	17.5883	2	210	0	0	0	0.199977	0.19858	0.201427	0.199975	0.197737	0.201467	0.359884	0.356829	0.363017	0.359883	0.355967	0.36349	1.79963	1.79963	17.5782	
