13.7823	1	99	13.7823	1	99	12.9892	1	99	0	0	0	0.00498339	0.00460333	0.00538667	0.00498348	0	0.08065	0.0089563	0.00821667	0.00986667	0.00895645	0	0.145487	1.79723	1.79723	13.9799	
14.3081	1	132	14.3079	1	132	13.5114	1	132	0	0	0	0.00998194	0.00952	0.0106333	0.00998214	0	0.161103	0.0179709	0.01678	0.0192467	0.0179712	0	0.292207	1.80034	1.80033	14.497	
15.0909	1	160	15.0904	1	160	14.2893	1	160	0	0	0	0.0149825	0.0143067	0.01555	0.0149826	0	0.241403	0.0269382	0.0256433	0.02851	0.026938	0	0.433967	1.79798	1.79795	15.2754	
16.1459	1	193	16.1449	1	193	15.3431	1	193	0	0	0	0.0199847	0.0194667	0.0208033	0.0199846	0	0.32145	0.0359356	0.0345	0.03783	0.0359361	0	0.578997	1.79816	1.79819	16.3223	
17.549	1	211	17.5471	1	211	16.7532	1	211	0	0	0	0.0249844	0.02421	0.0256467	0.0249849	0	0.4016	0.0449068	0.0431433	0.04654	0.0449081	0	0.72477	1.7974	1.79741	17.7169	
19.3507	1	250	19.3475	1	250	18.5591	1	250	0	0	0	0.0299786	0.02924	0.0307733	0.0299785	0	0.481663	0.0539195	0.05213	0.05596	0.0539188	0	0.87037	1.7986	1.79858	19.5049	
21.6025	1	272	21.597	1	272	20.7905	1	272	0	0	0	0.0349774	0.0342367	0.0358733	0.0347297	0	0.558253	0.0629459	0.0611567	0.0654667	0.0625	0	1	1.79962	1.79961	21.7397	
24.5114	1	339	24.5025	1	339	23.6928	1	339	0	0	0	0.0399889	0.0391467	0.0409867	0.0347308	0	0.55832	0.072009	0.0696667	0.07408	0.0625	0	1	1.80073	1.79956	24.6265	
28.248	1	336	28.2334	1	336	27.4332	1	336	0	0	0	0.0449701	0.04413	0.0460133	0.0347305	0	0.558337	0.080976	0.0788633	0.0842433	0.0625	0	1	1.80066	1.79957	28.3335	
33.3053	1	423	33.2808	1	423	32.4714	1	430	0	0	0	0.0499764	0.04892	0.05151	0.0347307	0	0.55834	0.0899879	0.0868533	0.0925167	0.0625	0	1	1.80061	1.79956	33.3478	
40.4774	1	491	40.4337	1	491	39.6041	1	487	0	0	0	0.054982	0.0535933	0.0560633	0.0347305	0	0.558357	0.0989778	0.0963233	0.1012	0.0625	0	1	1.80018	1.79957	40.4509	
51.7159	1	450	51.6291	1	450	50.8274	1	465	0	0	0	0.0599857	0.0589133	0.0613133	0.0347308	0	0.558363	0.107968	0.104723	0.111213	0.0625	0	1	1.7999	1.79956	51.5575	
74.9467	1	552	74.6903	1	552	73.5751	1	552	0	0	0	0.0649985	0.0638667	0.0660133	0.0347305	0	0.558357	0.117022	0.11463	0.119897	0.0625	0	1	1.80038	1.79957	74.384	
9563.03	1	322689	192.035	1	1641	188.842	1	4604	0	0	0	0.0699986	0.0686933	0.0711733	0.0347271	0	0.558247	0.126019	0.123233	0.12942	0.0625	0	1	1.80031	1.79975	185.038	
