16.8125	2	36	16.8125	2	36	16.0142	2	34	0	0	0	0.00498339	0.00460333	0.00538667	0.00498344	0.00460333	0.00539	0.0089563	0.00821667	0.00986667	0.00895632	0.00821667	0.00986667	1.79723	1.79722	17.0091	
16.8301	2	39	16.83	2	39	16.0421	2	35	0	0	0	0.00998194	0.00952	0.0106333	0.00998202	0.00951667	0.0106333	0.0179709	0.01678	0.0192467	0.017971	0.01678	0.0192467	1.80034	1.80033	17.0182	
16.8335	2	42	16.8332	2	42	16.0269	2	38	0	0	0	0.0149825	0.0143067	0.01555	0.0149826	0.0143033	0.01555	0.0269382	0.0256433	0.02851	0.0269381	0.0256467	0.02851	1.79798	1.79796	17.0181	
16.8641	2	39	16.8636	2	38	16.0624	2	36	0	0	0	0.0199847	0.0194667	0.0208033	0.0199847	0.01947	0.0208	0.0359356	0.0345	0.03783	0.0359362	0.0344833	0.03783	1.79816	1.79818	17.0416	
16.8719	2	44	16.871	2	38	16.0742	2	38	0	0	0	0.0249844	0.02421	0.0256467	0.0249846	0.0242067	0.0256467	0.0449068	0.0431433	0.04654	0.0449076	0.04314	0.04654	1.7974	1.79742	17.0434	
16.8981	2	45	16.8968	2	39	16.1033	2	37	0	0	0	0.0299786	0.02924	0.0307733	0.0299786	0.0292433	0.0307733	0.0539195	0.05213	0.05596	0.0539195	0.0521567	0.05596	1.7986	1.7986	17.0614	
16.9204	2	70	16.9182	2	70	16.119	2	70	0	0	0	0.0349774	0.0342367	0.0358733	0.0349774	0.0342367	0.03588	0.0629459	0.0611567	0.0654667	0.0629463	0.0611567	0.06545	1.79962	1.79963	17.0752	
16.9378	2	86	16.9349	2	86	16.1316	2	86	0	0	0	0.0399889	0.0391467	0.0409867	0.0399886	0.0391467	0.0409833	0.072009	0.0696667	0.07408	0.0720083	0.0696667	0.07408	1.80073	1.80072	17.0834	
16.9543	2	70	16.9503	2	70	16.1458	2	70	0	0	0	0.0449701	0.04413	0.0460133	0.04497	0.0441333	0.0460133	0.080976	0.0788633	0.0842433	0.080976	0.0788633	0.0842333	1.80066	1.80067	17.0918	
16.9757	2	86	16.9704	2	86	16.1671	2	82	0	0	0	0.0499764	0.04892	0.05151	0.0499761	0.04892	0.0515033	0.0899879	0.0868533	0.0925167	0.0899874	0.0868533	0.0925367	1.80061	1.80061	17.1042	
16.9967	2	86	16.9901	2	86	16.1874	2	82	0	0	0	0.054982	0.0535933	0.0560633	0.0549817	0.0536033	0.0560733	0.0989778	0.0963233	0.1012	0.0989775	0.0963567	0.101187	1.80018	1.80019	17.1169	
17.0163	2	86	17.0077	2	86	16.2048	2	86	0	0	0	0.0599857	0.0589133	0.0613133	0.0599855	0.0589167	0.0613233	0.107968	0.104723	0.111213	0.107968	0.104723	0.111213	1.7999	1.79991	17.1263	
17.0397	2	82	17.0289	2	82	16.2229	2	82	0	0	0	0.0649985	0.0638667	0.0660133	0.0649979	0.0638667	0.06601	0.117022	0.11463	0.119897	0.117021	0.114637	0.119897	1.80038	1.80038	17.1388	
17.0666	2	86	17.0533	2	86	16.2446	2	86	0	0	0	0.0699986	0.0686933	0.0711733	0.0699979	0.0686867	0.0711767	0.126019	0.123233	0.12942	0.126018	0.123237	0.12942	1.80031	1.80031	17.1547	
17.0935	2	90	17.0769	2	90	16.2673	2	86	0	0	0	0.07499	0.0734167	0.0760667	0.0749895	0.07342	0.0760533	0.134971	0.131247	0.138787	0.13497	0.131247	0.138767	1.79985	1.79985	17.1691	
17.122	2	86	17.1017	2	86	16.2903	2	86	0	0	0	0.0799878	0.0786433	0.0812033	0.0799874	0.07865	0.08121	0.143984	0.14032	0.146947	0.143983	0.14033	0.14695	1.80007	1.80007	17.1845	
17.1508	2	90	17.1263	2	90	16.3135	2	86	0	0	0	0.0849842	0.08364	0.08641	0.0849838	0.08364	0.08641	0.152967	0.14972	0.156877	0.152967	0.1497	0.156877	1.79995	1.79996	17.1992	
17.1773	2	90	17.1476	2	90	16.3356	2	90	0	0	0	0.08999	0.0882767	0.0914933	0.0899897	0.08828	0.09149	0.161986	0.15777	0.165417	0.161985	0.157773	0.165407	1.80005	1.80004	17.211	
17.2126	2	91	17.1769	2	91	16.363	2	91	0	0	0	0.0949999	0.0936067	0.0963867	0.0949993	0.0936033	0.0963867	0.170999	0.166893	0.17535	0.170997	0.166897	0.17535	1.79999	1.79998	17.2288	
17.2495	2	90	17.2073	2	90	16.3911	2	90	0	0	0	0.100003	0.09821	0.10142	0.100002	0.09821	0.101423	0.180009	0.17718	0.183673	0.180008	0.177157	0.183663	1.80004	1.80003	17.2477	
17.2837	2	95	17.2341	2	94	16.4188	2	94	0	0	0	0.105002	0.10362	0.106463	0.105002	0.103617	0.10646	0.189006	0.18513	0.192463	0.189005	0.18513	0.19246	1.80002	1.80002	17.2632	
17.3193	2	96	17.2608	2	91	16.4411	2	91	0	0	0	0.110003	0.10808	0.11205	0.110002	0.108077	0.112047	0.19802	0.193597	0.202457	0.198018	0.1936	0.20243	1.80014	1.80013	17.2774	
17.367	2	95	17.2972	2	94	16.4786	2	94	0	0	0	0.115	0.11298	0.11649	0.115	0.11298	0.11649	0.207012	0.20274	0.211183	0.207012	0.202747	0.211203	1.8001	1.8001	17.3006	
17.4097	2	113	17.3286	2	94	16.51	2	94	0	0	0	0.120001	0.11788	0.12139	0.120001	0.11787	0.12139	0.215985	0.21001	0.219877	0.215983	0.209993	0.21986	1.79986	1.79985	17.3197	
17.4564	2	96	17.3611	2	96	16.5412	2	96	0	0	0	0.124991	0.122477	0.126757	0.124991	0.12247	0.126757	0.224941	0.21717	0.229613	0.224939	0.217157	0.22959	1.79965	1.79965	17.3386	
17.5103	2	105	17.3984	2	97	16.5759	2	97	0	0	0	0.129994	0.12861	0.13163	0.129994	0.12861	0.131633	0.233907	0.229627	0.239577	0.233907	0.229593	0.239553	1.79937	1.79937	17.3604	
17.565	2	109	17.4355	2	96	16.611	2	96	0	0	0	0.135011	0.13331	0.137077	0.135011	0.133297	0.13708	0.242939	0.23854	0.24718	0.242937	0.238547	0.247187	1.7994	1.79939	17.3829	
17.6298	2	121	17.4763	2	101	16.6501	2	101	0	0	0	0.140012	0.138473	0.141673	0.140012	0.13848	0.141667	0.251956	0.247503	0.255883	0.251956	0.247507	0.255877	1.79953	1.79954	17.4067	
17.6948	2	120	17.5166	2	120	16.6865	2	120	0	0	0	0.145017	0.14337	0.146897	0.145016	0.143373	0.146897	0.260933	0.25642	0.265297	0.260932	0.25644	0.265297	1.79933	1.79933	17.4299	
17.7678	2	130	17.5586	2	122	16.7278	2	122	0	0	0	0.15003	0.148493	0.151627	0.15003	0.1485	0.151627	0.269926	0.26537	0.274093	0.269925	0.26537	0.27409	1.79915	1.79915	17.4543	
17.8488	2	128	17.6035	2	128	16.7704	2	128	0	0	0	0.15501	0.153073	0.15654	0.15501	0.15307	0.15654	0.278871	0.274573	0.28329	0.278871	0.274513	0.283317	1.79905	1.79906	17.4793	
17.9372	2	143	17.6522	2	138	16.8107	2	138	0	0	0	0.159992	0.158507	0.162103	0.159991	0.158507	0.162113	0.287835	0.28356	0.292603	0.287833	0.28358	0.292593	1.79905	1.79905	17.5077	
18.0377	2	130	17.7009	2	130	16.8586	2	126	0	0	0	0.164984	0.16321	0.16732	0.164984	0.163203	0.167323	0.296815	0.29239	0.302133	0.296815	0.29239	0.302127	1.79905	1.79905	17.5349	
18.1495	2	140	17.7556	2	140	16.9119	2	140	0	0	0	0.169982	0.16839	0.171893	0.16998	0.168397	0.171897	0.305826	0.299963	0.31143	0.305824	0.299957	0.311427	1.79917	1.79918	17.5675	
18.277	2	137	17.8097	2	126	16.9634	2	126	0	0	0	0.174982	0.17345	0.177263	0.174981	0.17346	0.177267	0.314825	0.31027	0.319503	0.314824	0.31029	0.319517	1.79918	1.79918	17.5967	
18.4135	2	154	17.8671	2	154	17.0155	2	154	0	0	0	0.179982	0.17798	0.182083	0.179981	0.177987	0.182073	0.323818	0.31814	0.328417	0.323816	0.318207	0.32842	1.79917	1.79917	17.6289	
18.5801	2	152	17.9291	2	132	17.0761	2	132	0	0	0	0.184973	0.182803	0.187077	0.184972	0.182813	0.1871	0.332765	0.328003	0.33785	0.332767	0.328007	0.33785	1.799	1.79901	17.6631	
18.7637	2	173	17.9942	2	153	17.1337	2	153	0	0	0	0.18996	0.187713	0.191863	0.189959	0.187713	0.191857	0.341715	0.336363	0.346783	0.341715	0.336347	0.346767	1.79888	1.79889	17.7004	
18.9768	2	238	18.0606	2	145	17.1951	2	145	0	0	0	0.194964	0.192853	0.19691	0.194963	0.192843	0.196903	0.350751	0.345817	0.355963	0.350749	0.34581	0.355957	1.79906	1.79906	17.7342	
19.2566	2	222	18.1361	2	140	17.2679	2	140	0	0	0	0.199974	0.19831	0.20187	0.199973	0.198303	0.201877	0.35981	0.354907	0.36456	0.359808	0.354913	0.36463	1.79928	1.79928	17.7769	
19.5626	2	205	18.2129	2	150	17.3388	2	150	0	0	0	0.204976	0.203397	0.20654	0.204976	0.203403	0.20654	0.368815	0.36456	0.374103	0.368814	0.364617	0.374097	1.79931	1.79931	17.817	
19.9434	2	315	18.2938	2	164	17.4142	2	164	0	0	0	0.209974	0.207767	0.21207	0.209974	0.207757	0.212063	0.377791	0.370473	0.382073	0.37779	0.370453	0.382087	1.79922	1.79922	17.86	
20.4559	2	318	18.3813	2	159	17.4984	2	159	0	0	0	0.214986	0.212967	0.21734	0.214986	0.212993	0.21734	0.386819	0.381003	0.39246	0.386818	0.380997	0.39246	1.79927	1.79927	17.9052	
21.1373	2	331	18.4751	2	151	17.5847	2	151	0	0	0	0.219993	0.218353	0.222333	0.219993	0.218353	0.222337	0.395841	0.39064	0.40244	0.395841	0.390583	0.40243	1.79934	1.79934	17.9542	
22.076	2	477	18.577	2	178	17.6802	2	178	0	0	0	0.224993	0.223007	0.227497	0.224992	0.222987	0.2275	0.404875	0.399297	0.411153	0.404873	0.399287	0.41113	1.7995	1.7995	18.0052	
23.5705	2	562	18.6775	2	171	17.7765	2	171	0	0	0	0.229992	0.227607	0.232167	0.229992	0.227633	0.23218	0.413887	0.408027	0.42042	0.413888	0.408083	0.420403	1.79957	1.79957	18.0553	
27.5305	2	1091	18.7911	2	184	17.886	2	184	0	0	0	0.234986	0.23292	0.237957	0.234987	0.232923	0.237983	0.422871	0.417073	0.428353	0.422873	0.417083	0.428327	1.79956	1.79956	18.1108	
326.259	2	47631	18.9033	2	212	17.9899	2	212	0	0	0	0.239978	0.238656	0.241236	0.23988	0.229747	0.241236	0.431874	0.428139	0.435596	0.431696	0.41405	0.435603	1.79964	1.79963	18.1673	
