14.6933	1	68	14.6933	1	68	13.8865	1	66	0	0	0	0.00498339	0.00460333	0.00538667	0.00498346	0.00455667	0.00546667	0.0089563	0.00821667	0.00986667	0.00895643	0.00789	0.00981	1.79723	1.79723	14.8904	
14.7321	1	94	14.7319	1	94	13.9338	1	90	0	0	0	0.00998194	0.00952	0.0106333	0.00998207	0.00956	0.01048	0.0179709	0.01678	0.0192467	0.017971	0.01652	0.0190933	1.80034	1.80033	14.9201	
14.782	1	91	14.7815	1	91	13.9829	1	91	0	0	0	0.0149825	0.0143067	0.01555	0.0149824	0.0142933	0.0156767	0.0269382	0.0256433	0.02851	0.0269378	0.02567	0.0291567	1.79798	1.79795	14.9663	
14.8433	1	104	14.8422	1	104	14.043	1	104	0	0	0	0.0199847	0.0194667	0.0208033	0.0199846	0.0192767	0.0205867	0.0359356	0.0345	0.03783	0.0359358	0.0341033	0.0377733	1.79816	1.79817	15.0209	
14.9108	1	99	14.9091	1	99	14.1155	1	95	0	0	0	0.0249844	0.02421	0.0256467	0.0249845	0.02404	0.0259033	0.0449068	0.0431433	0.04654	0.0449077	0.0428467	0.0471267	1.7974	1.79742	15.0826	
14.9801	1	97	14.9774	1	97	14.1807	1	96	0	0	0	0.0299786	0.02924	0.0307733	0.0299786	0.02906	0.0307467	0.0539195	0.05213	0.05596	0.0539196	0.05163	0.0558767	1.7986	1.7986	15.1431	
15.0463	1	124	15.0426	1	124	14.248	1	120	0	0	0	0.0349774	0.0342367	0.0358733	0.0349772	0.0340233	0.03581	0.0629459	0.0611567	0.0654667	0.0629458	0.06074	0.0649533	1.79962	1.79962	15.2008	
15.1169	1	108	15.1116	1	108	14.3169	1	108	0	0	0	0.0399889	0.0391467	0.0409867	0.0399884	0.0390367	0.0408633	0.072009	0.0696667	0.07408	0.0720079	0.06979	0.0743633	1.80073	1.80072	15.2628	
15.1837	1	123	15.1772	1	123	14.3723	1	123	0	0	0	0.0449701	0.04413	0.0460133	0.0449699	0.04379	0.04609	0.080976	0.0788633	0.0842433	0.0809757	0.0786533	0.0830767	1.80066	1.80066	15.3223	
15.256	1	122	15.2477	1	122	14.4452	1	122	0	0	0	0.0499764	0.04892	0.05151	0.0499761	0.04874	0.05127	0.0899879	0.0868533	0.0925167	0.0899874	0.08716	0.09239	1.80061	1.80061	15.3857	
15.324	1	147	15.3133	1	147	14.5106	1	147	0	0	0	0.054982	0.0535933	0.0560633	0.0549816	0.0539667	0.0561533	0.0989778	0.0963233	0.1012	0.0989777	0.0960533	0.10155	1.80018	1.8002	15.4449	
15.4062	1	120	15.3932	1	120	14.5925	1	120	0	0	0	0.0599857	0.0589133	0.0613133	0.0599856	0.0588633	0.06145	0.107968	0.104723	0.111213	0.107968	0.105147	0.111237	1.7999	1.7999	15.5186	
15.4809	1	139	15.4651	1	139	14.6666	1	135	0	0	0	0.0649985	0.0638667	0.0660133	0.064998	0.0637733	0.06674	0.117022	0.11463	0.119897	0.117021	0.11432	0.12074	1.80038	1.80038	15.5829	
15.5726	1	136	15.5533	1	136	14.7551	1	132	0	0	0	0.0699986	0.0686933	0.0711733	0.0699985	0.06892	0.0716733	0.126019	0.123233	0.12942	0.12602	0.123433	0.129873	1.80031	1.80032	15.6641	
15.6461	1	134	15.6235	1	134	14.8226	1	134	0	0	0	0.07499	0.0734167	0.0760667	0.0749896	0.0736733	0.0763667	0.134971	0.131247	0.138787	0.13497	0.132253	0.138527	1.79985	1.79985	15.7275	
15.7263	1	140	15.6995	1	140	14.8928	1	137	0	0	0	0.0799878	0.0786433	0.0812033	0.0799874	0.0785	0.0815067	0.143984	0.14032	0.146947	0.143983	0.140993	0.147603	1.80007	1.80007	15.7954	
15.8212	1	156	15.7898	1	156	14.9947	1	156	0	0	0	0.0849842	0.08364	0.08641	0.0849837	0.0837633	0.08671	0.152967	0.14972	0.156877	0.152967	0.149747	0.15703	1.79995	1.79996	15.8784	
15.9008	1	155	15.8644	1	155	15.0618	1	155	0	0	0	0.08999	0.0882767	0.0914933	0.0899897	0.08869	0.0918367	0.161986	0.15777	0.165417	0.161985	0.158347	0.16597	1.80005	1.80004	15.9456	
15.9888	1	148	15.9464	1	148	15.1498	1	148	0	0	0	0.0949999	0.0936067	0.0963867	0.0949994	0.0935033	0.0967133	0.170999	0.166893	0.17535	0.170997	0.166707	0.1751	1.79999	1.79998	16.0189	
16.0814	1	146	16.0324	1	146	15.2319	1	146	0	0	0	0.100003	0.09821	0.10142	0.100002	0.09868	0.101573	0.180009	0.17718	0.183673	0.180007	0.175627	0.183947	1.80004	1.80004	16.0971	
16.1777	1	150	16.1213	1	150	15.3145	1	150	0	0	0	0.105002	0.10362	0.106463	0.105002	0.103497	0.106613	0.189006	0.18513	0.192463	0.189006	0.18407	0.19289	1.80002	1.80002	16.1776	
16.2724	1	165	16.2077	1	165	15.411	1	165	0	0	0	0.110003	0.10808	0.11205	0.110003	0.10861	0.1116	0.19802	0.193597	0.202457	0.198019	0.193683	0.201847	1.80014	1.80013	16.255	
16.3691	1	152	16.2957	1	152	15.4926	1	152	0	0	0	0.115	0.11298	0.11649	0.115	0.11348	0.11672	0.207012	0.20274	0.211183	0.207011	0.20224	0.211433	1.8001	1.8001	16.334	
16.4755	1	157	16.3924	1	157	15.5847	1	157	0	0	0	0.120001	0.11788	0.12139	0.120001	0.11847	0.12184	0.215985	0.21001	0.219877	0.215985	0.21122	0.220267	1.79986	1.79985	16.4222	
16.5835	1	168	16.4897	1	168	15.686	1	168	0	0	0	0.124991	0.122477	0.126757	0.12499	0.123477	0.126653	0.224941	0.21717	0.229613	0.22494	0.219827	0.228487	1.79965	1.79966	16.5105	
16.6852	1	158	16.5784	1	158	15.775	1	155	0	0	0	0.129994	0.12861	0.13163	0.129994	0.12862	0.13176	0.233907	0.229627	0.239577	0.233906	0.22913	0.237743	1.79937	1.79937	16.5902	
16.7837	1	164	16.6641	1	164	15.8602	1	164	0	0	0	0.135011	0.13331	0.137077	0.135011	0.133503	0.136677	0.242939	0.23854	0.24718	0.242937	0.23845	0.24661	1.7994	1.79939	16.6658	
16.8979	1	191	16.7631	1	191	15.9598	1	187	0	0	0	0.140012	0.138473	0.141673	0.140012	0.138423	0.141747	0.251956	0.247503	0.255883	0.251956	0.247697	0.255877	1.79953	1.79953	16.7555	
17.0188	1	166	16.8685	1	166	16.0637	1	162	0	0	0	0.145017	0.14337	0.146897	0.145016	0.143303	0.146993	0.260933	0.25642	0.265297	0.260932	0.256367	0.26511	1.79933	1.79933	16.8501	
17.1331	1	194	16.964	1	194	16.1589	1	194	0	0	0	0.15003	0.148493	0.151627	0.150029	0.148107	0.151923	0.269926	0.26537	0.274093	0.269924	0.265573	0.274513	1.79915	1.79915	16.9355	
17.2536	1	187	17.0627	1	187	16.2518	1	187	0	0	0	0.15501	0.153073	0.15654	0.15501	0.152597	0.157037	0.278871	0.274573	0.28329	0.278871	0.27451	0.284563	1.79905	1.79905	17.0235	
17.3703	1	188	17.1594	1	188	16.348	1	188	0	0	0	0.159992	0.158507	0.162103	0.159992	0.157417	0.16205	0.287835	0.28356	0.292603	0.287833	0.283627	0.294207	1.79905	1.79905	17.1098	
17.5098	1	201	17.2715	1	201	16.463	1	201	0	0	0	0.164984	0.16321	0.16732	0.164984	0.162437	0.166933	0.296815	0.29239	0.302133	0.296814	0.29236	0.30373	1.79905	1.79905	17.2099	
17.6427	1	191	17.378	1	191	16.5686	1	191	0	0	0	0.169982	0.16839	0.171893	0.16998	0.167097	0.171747	0.305826	0.299963	0.31143	0.305824	0.301567	0.312023	1.79917	1.79917	17.3041	
17.7782	1	219	17.4822	1	219	16.6752	1	219	0	0	0	0.174982	0.17345	0.177263	0.174982	0.17204	0.17679	0.314825	0.31027	0.319503	0.314824	0.31034	0.320637	1.79918	1.79918	17.3962	
17.9231	1	203	17.593	1	203	16.7842	1	203	0	0	0	0.179982	0.17798	0.182083	0.179981	0.177253	0.181987	0.323818	0.31814	0.328417	0.323816	0.319483	0.329667	1.79917	1.79917	17.4943	
18.0742	1	203	17.7042	1	203	16.8936	1	203	0	0	0	0.184973	0.182803	0.187077	0.184973	0.182337	0.18666	0.332765	0.328003	0.33785	0.332765	0.328943	0.338747	1.799	1.799	17.5931	
18.2221	1	199	17.8103	1	199	17.0008	1	199	0	0	0	0.18996	0.187713	0.191863	0.189959	0.187267	0.191763	0.341715	0.336363	0.346783	0.341714	0.337527	0.347323	1.79888	1.79888	17.6859	
18.387	1	217	17.9285	1	211	17.1111	1	211	0	0	0	0.194964	0.192853	0.19691	0.194963	0.19199	0.19664	0.350751	0.345817	0.355963	0.35075	0.346563	0.356553	1.79906	1.79906	17.7898	
18.5622	1	224	18.05	1	223	17.237	1	219	0	0	0	0.199974	0.19831	0.20187	0.199973	0.197273	0.201503	0.35981	0.354907	0.36456	0.359808	0.35588	0.365027	1.79928	1.79928	17.897	
18.7322	1	209	18.1588	1	208	17.3418	1	208	0	0	0	0.204976	0.203397	0.20654	0.204975	0.20247	0.206583	0.368815	0.36456	0.374103	0.368813	0.364413	0.374267	1.79931	1.7993	17.9905	
18.923	1	260	18.2826	1	260	17.4627	1	260	0	0	0	0.209974	0.207767	0.21207	0.209974	0.20761	0.211827	0.377791	0.370473	0.382073	0.377789	0.372637	0.38309	1.79922	1.79922	18.0987	
19.1154	1	220	18.4028	1	220	17.5833	1	220	0	0	0	0.214986	0.212967	0.21734	0.214986	0.21251	0.216917	0.386819	0.381003	0.39246	0.386818	0.3811	0.391537	1.79927	1.79927	18.2034	
19.3226	1	226	18.5229	1	226	17.7065	1	226	0	0	0	0.219993	0.218353	0.222333	0.219993	0.21781	0.22193	0.395841	0.39064	0.40244	0.395841	0.390367	0.400537	1.79934	1.79934	18.3064	
19.5395	1	248	18.648	1	248	17.8274	1	248	0	0	0	0.224993	0.223007	0.227497	0.224993	0.222753	0.227127	0.404875	0.399297	0.411153	0.404876	0.399293	0.410527	1.7995	1.7995	18.4148	
19.7852	1	246	18.7778	1	246	17.9546	1	246	0	0	0	0.229992	0.227607	0.232167	0.229992	0.22747	0.232267	0.413887	0.408027	0.42042	0.413887	0.409227	0.41926	1.79957	1.79957	18.5259	
20.031	1	254	18.9031	1	254	18.0827	1	254	0	0	0	0.234986	0.23292	0.237957	0.234986	0.232177	0.237417	0.422871	0.417073	0.428353	0.422871	0.41815	0.42868	1.79956	1.79956	18.6326	
20.2951	1	212	19.03	1	211	18.2042	1	211	0	0	0	0.239993	0.23768	0.241783	0.239992	0.237213	0.24265	0.431894	0.42694	0.43712	0.431893	0.426707	0.437663	1.79961	1.79961	18.7404	
20.6062	1	256	19.1717	1	255	18.3437	1	255	0	0	0	0.244995	0.242863	0.247107	0.244994	0.242243	0.247377	0.440914	0.434637	0.44857	0.440911	0.436303	0.446613	1.79969	1.79968	18.8618	
20.9221	1	208	19.2978	1	206	18.475	1	206	0	0	0	0.25001	0.24766	0.25191	0.250009	0.247473	0.252397	0.44993	0.444347	0.455793	0.449929	0.44523	0.456183	1.79965	1.79965	18.9665	
21.2568	1	249	19.4347	1	245	18.6068	1	245	0	0	0	0.255013	0.252723	0.25684	0.255012	0.25276	0.257857	0.45895	0.453233	0.463813	0.458949	0.454623	0.4656	1.79971	1.79971	19.0822	
21.6621	1	259	19.5765	1	258	18.7483	1	258	0	0	0	0.260026	0.258207	0.262287	0.260025	0.257507	0.262623	0.467997	0.46099	0.473107	0.467995	0.463253	0.474197	1.79981	1.79981	19.2003	
22.0895	1	273	19.7076	1	267	18.877	1	267	0	0	0	0.265023	0.262897	0.26749	0.265021	0.26255	0.267623	0.476981	0.470043	0.482453	0.47698	0.472057	0.48373	1.79978	1.79978	19.3075	
22.5569	1	271	19.8502	1	271	19.0179	1	271	0	0	0	0.270017	0.267937	0.2724	0.270017	0.267583	0.27241	0.485957	0.48078	0.490887	0.485958	0.480617	0.4926	1.79973	1.79973	19.4261	
23.104	1	235	19.994	1	234	19.1613	1	234	0	0	0	0.27502	0.27273	0.277457	0.27502	0.27261	0.277563	0.494985	0.488353	0.501127	0.494986	0.48941	0.501657	1.79981	1.79982	19.5439	
23.7524	1	254	20.1484	1	254	19.3145	1	254	0	0	0	0.280016	0.278103	0.28299	0.280016	0.27786	0.282537	0.503957	0.497733	0.511083	0.503959	0.497723	0.51102	1.79975	1.79975	19.6705	
24.4779	1	275	20.2867	1	274	19.4521	1	274	0	0	0	0.285004	0.282537	0.28729	0.285004	0.282837	0.28741	0.512935	0.507113	0.520527	0.512937	0.50722	0.5195	1.79975	1.79976	19.782	
25.3668	1	264	20.4417	1	264	19.6064	1	264	0	0	0	0.290022	0.28751	0.292563	0.290022	0.288113	0.29285	0.522	0.515587	0.528123	0.521999	0.515533	0.528967	1.79986	1.79986	19.9058	
26.4868	1	264	20.5952	1	255	19.759	1	255	0	0	0	0.295015	0.292347	0.297187	0.295013	0.293017	0.298037	0.530991	0.523557	0.53871	0.530991	0.524737	0.538733	1.79988	1.79989	20.0267	
27.842	1	377	20.7582	1	238	19.9234	1	238	0	0	0	0.300016	0.297723	0.302303	0.300019	0.297917	0.303	0.540008	0.53431	0.546087	0.540012	0.534443	0.54733	1.79993	1.79993	20.1561	
29.5749	1	338	20.9107	1	254	20.0742	1	250	0	0	0	0.305017	0.30252	0.307097	0.305017	0.302393	0.30805	0.549061	0.542037	0.553803	0.549063	0.542983	0.556277	1.8001	1.80011	20.2737	
31.9378	1	391	21.0674	1	254	20.2263	1	254	0	0	0	0.310031	0.307737	0.312257	0.310033	0.307387	0.313003	0.558069	0.55126	0.56413	0.558073	0.55264	0.56488	1.80004	1.80004	20.3936	
35.2843	1	582	21.2316	1	252	20.391	1	250	0	0	0	0.315029	0.312877	0.31747	0.315033	0.312377	0.31845	0.567069	0.560547	0.57353	0.567075	0.560933	0.574877	1.80005	1.80005	20.5201	
40.5951	1	661	21.3858	1	293	20.544	1	289	0	0	0	0.320039	0.316353	0.322273	0.320038	0.31717	0.323187	0.57606	0.56902	0.581337	0.576057	0.570843	0.5833	1.79997	1.79997	20.6351	
52.3175	1	1047	21.542	1	292	20.7041	1	289	0	0	0	0.325044	0.323427	0.32757	0.325038	0.322238	0.327512	0.584989	0.579735	0.59134	0.58498	0.579867	0.590843	1.79972	1.79972	20.752	
167.927	1	5604	21.7001	1	293	20.8654	1	289	0	0	0	0.330041	0.327883	0.332033	0.330021	0.3273	0.332505	0.593966	0.589375	0.599097	0.593926	0.588623	0.600213	1.79967	1.79966	20.8697	
1891.23	1	40280	21.8155	1	325	20.974	1	325	0	0	0	0.335004	0.333307	0.336443	0.334086	0.331739	0.336033	0.60296	0.598941	0.60722	0.601308	0.597187	0.605941	1.79986	1.79986	20.9544	
