15.8195	4	71	15.8192	4	71	15.0305	4	67	0	0	0	0.00498339	0.00460333	0.00538667	0.00498336	0.00460333	0.00538667	0.0089563	0.00821667	0.00986667	0.00895608	0.00821667	0.00986667	1.79723	1.7972	15.9957	
16.0104	4	72	16.0095	4	72	15.2222	4	70	0	0	0	0.00998194	0.00952	0.0106333	0.00998197	0.00951667	0.0106333	0.0179709	0.01678	0.0192467	0.0179708	0.01678	0.0192467	1.80034	1.80032	16.1581	
16.1996	4	76	16.1972	4	75	15.3945	4	71	0	0	0	0.0149825	0.0143067	0.01555	0.0149825	0.0143033	0.01555	0.0269382	0.0256433	0.02851	0.0269379	0.0256433	0.02851	1.79798	1.79796	16.3243	
16.3763	4	93	16.3716	4	78	15.568	4	74	0	0	0	0.0199847	0.0194667	0.0208033	0.0199845	0.0194667	0.0208	0.0359356	0.0345	0.03783	0.0359355	0.0344833	0.03783	1.79816	1.79817	16.4747	
16.5241	4	90	16.5167	4	76	15.7025	4	76	0	0	0	0.0249844	0.02421	0.0256467	0.0249845	0.02421	0.0256467	0.0449068	0.0431433	0.04654	0.0449073	0.04314	0.04654	1.7974	1.7974	16.5992	
16.6912	4	93	16.6802	4	81	15.8674	4	77	0	0	0	0.0299786	0.02924	0.0307733	0.0299785	0.02924	0.0307733	0.0539195	0.05213	0.05596	0.0539193	0.0521367	0.05596	1.7986	1.7986	16.7394	
16.8434	4	120	16.8273	4	120	16.0096	4	120	0	0	0	0.0349774	0.0342367	0.0358733	0.0349775	0.0342367	0.0358767	0.0629459	0.0611567	0.0654667	0.0629463	0.0611567	0.0654567	1.79962	1.79962	16.8638	
16.9859	4	130	16.9631	4	130	16.1422	4	130	0	0	0	0.0399889	0.0391467	0.0409867	0.0399887	0.0391467	0.0409833	0.072009	0.0696667	0.07408	0.0720084	0.0696667	0.07408	1.80073	1.80072	16.977	
17.1184	4	149	17.0878	4	120	16.2661	4	120	0	0	0	0.0449701	0.04413	0.0460133	0.0449701	0.04413	0.0460133	0.080976	0.0788633	0.0842433	0.0809758	0.0788633	0.0842333	1.80066	1.80066	17.0824	
17.2631	4	169	17.2228	4	116	16.4007	4	116	0	0	0	0.0499764	0.04892	0.05151	0.0499761	0.04892	0.0515067	0.0899879	0.0868533	0.0925167	0.0899873	0.0868533	0.0925233	1.80061	1.80061	17.1978	
17.395	4	226	17.3412	4	125	16.5174	4	125	0	0	0	0.054982	0.0535933	0.0560633	0.0549817	0.0536033	0.05607	0.0989778	0.0963233	0.1012	0.0989774	0.09634	0.1012	1.80018	1.80019	17.2974	
17.524	4	229	17.4557	4	126	16.6217	4	126	0	0	0	0.0599857	0.0589133	0.0613133	0.0599856	0.0589167	0.06132	0.107968	0.104723	0.111213	0.107968	0.104723	0.111213	1.7999	1.79991	17.3922	
17.6573	4	352	17.568	4	131	16.7344	4	131	0	0	0	0.0649985	0.0638667	0.0660133	0.064998	0.0638667	0.06602	0.117022	0.11463	0.119897	0.117021	0.114637	0.119893	1.80038	1.80038	17.4842	
17.7972	4	292	17.6861	4	126	16.858	4	126	0	0	0	0.0699986	0.0686933	0.0711733	0.069998	0.0686933	0.07118	0.126019	0.123233	0.12942	0.126019	0.123237	0.129423	1.80031	1.80032	17.582	
17.9377	4	319	17.7942	4	131	16.9566	4	128	0	0	0	0.07499	0.0734167	0.0760667	0.0749898	0.0734233	0.0760567	0.134971	0.131247	0.138787	0.13497	0.131247	0.138747	1.79985	1.79985	17.6716	
18.0702	4	374	17.8947	4	132	17.0539	4	132	0	0	0	0.0799878	0.0786433	0.0812033	0.0799878	0.0786467	0.08121	0.143984	0.14032	0.146947	0.143984	0.140327	0.14695	1.80007	1.80007	17.7528	
18.2228	4	552	17.9965	4	156	17.1553	4	152	0	0	0	0.0849842	0.08364	0.08641	0.0849837	0.0836433	0.08641	0.152967	0.14972	0.156877	0.152967	0.149703	0.156877	1.79995	1.79995	17.834	
18.3764	4	471	18.0892	4	139	17.2425	4	139	0	0	0	0.08999	0.0882767	0.0914933	0.0899898	0.0882867	0.09149	0.161986	0.15777	0.165417	0.161985	0.15778	0.165403	1.80005	1.80004	17.9061	
18.5509	4	630	18.1918	4	199	17.3485	4	199	0	0	0	0.0949999	0.0936067	0.0963867	0.0949995	0.09361	0.0963867	0.170999	0.166893	0.17535	0.170998	0.166903	0.17533	1.79999	1.79999	17.9913	
18.7502	4	738	18.2882	4	139	17.4386	4	139	0	0	0	0.100003	0.09821	0.10142	0.100003	0.0982167	0.10142	0.180009	0.17718	0.183673	0.180008	0.177157	0.183657	1.80004	1.80003	18.0672	
18.9791	4	1084	18.3821	4	162	17.5327	4	162	0	0	0	0.105002	0.10362	0.106463	0.105002	0.103613	0.10646	0.189006	0.18513	0.192463	0.189006	0.18513	0.19246	1.80002	1.80002	18.1404	
19.2723	4	1709	18.4758	4	142	17.6276	4	142	0	0	0	0.110003	0.10808	0.11205	0.110002	0.108077	0.112043	0.19802	0.193597	0.202457	0.198018	0.193593	0.20244	1.80014	1.80013	18.2084	
19.5139	4	1415	18.5711	4	168	17.7202	4	168	0	0	0	0.115	0.11298	0.11649	0.115	0.11298	0.11649	0.207012	0.20274	0.211183	0.207012	0.202747	0.211207	1.8001	1.8001	18.287	
19.8774	4	1691	18.6547	4	146	17.8019	4	142	0	0	0	0.120001	0.11788	0.12139	0.120001	0.117867	0.121383	0.215985	0.21001	0.219877	0.215984	0.210007	0.21985	1.79986	1.79985	18.3478	
20.2279	4	1867	18.7394	4	183	17.8817	4	183	0	0	0	0.124991	0.122477	0.126757	0.124991	0.12247	0.126757	0.224941	0.21717	0.229613	0.22494	0.217163	0.229607	1.79965	1.79965	18.4135	
20.6715	4	1525	18.8213	4	168	17.968	4	168	0	0	0	0.129994	0.12861	0.13163	0.129994	0.128613	0.131637	0.233907	0.229627	0.239577	0.233908	0.22959	0.239557	1.79937	1.79937	18.474	
21.3041	4	2264	18.9064	4	178	18.0508	4	178	0	0	0	0.135011	0.13331	0.137077	0.13501	0.1333	0.13708	0.242939	0.23854	0.24718	0.242936	0.238543	0.247157	1.7994	1.79939	18.5366	
22.6792	4	5285	18.9953	4	168	18.1373	4	168	0	0	0	0.140012	0.138473	0.141673	0.14001	0.138487	0.141667	0.251956	0.247503	0.255883	0.251953	0.247503	0.255883	1.79953	1.79953	18.5999	
23.8336	4	5628	19.0831	4	178	18.2272	4	178	0	0	0	0.145017	0.14337	0.146897	0.145018	0.143363	0.14689	0.260933	0.25642	0.265297	0.260934	0.256443	0.265253	1.79933	1.79932	18.664	
24.9727	4	4082	19.1662	4	194	18.3097	4	194	0	0	0	0.150054	0.148537	0.151408	0.150049	0.148542	0.151408	0.270001	0.266327	0.273675	0.269994	0.266355	0.273675	1.79937	1.79937	18.7195	
26.4077	4	6305	19.2454	4	172	18.3887	4	172	0	0	0	0.15501	0.153073	0.15654	0.155008	0.153073	0.156563	0.278871	0.274573	0.28329	0.278867	0.274523	0.283293	1.79905	1.79906	18.7761	
30.4736	4	12346	19.3318	4	180	18.4712	4	180	0	0	0	0.160016	0.158508	0.161324	0.160016	0.158504	0.161318	0.287915	0.284846	0.291084	0.287913	0.284848	0.29109	1.79929	1.79928	18.8337	
31.295	4	9426	19.4132	4	182	18.5559	4	182	0	0	0	0.16501	0.163526	0.16642	0.165007	0.163526	0.16643	0.296904	0.292428	0.300548	0.296899	0.292436	0.300538	1.79931	1.79931	18.8921	
37.1225	4	11918	19.4941	4	168	18.6339	4	168	0	0	0	0.169999	0.168877	0.171497	0.169998	0.168847	0.171499	0.305929	0.302433	0.308846	0.305927	0.30242	0.308847	1.79959	1.79959	18.9448	
33.9896	4	8013	19.5643	4	209	18.7046	4	209	0	0	0	0.174995	0.173672	0.176295	0.174994	0.173677	0.176302	0.314915	0.311655	0.31751	0.314914	0.311655	0.317512	1.79957	1.79957	18.9981	
44.0829	4	13661	19.6484	4	170	18.788	4	170	0	0	0	0.179982	0.17798	0.182083	0.179974	0.17725	0.18207	0.323818	0.31814	0.328417	0.323802	0.318053	0.328417	1.79917	1.79916	19.0497	
48.8592	4	16088	19.7311	4	200	18.8719	4	200	0	0	0	0.184988	0.183539	0.186276	0.184991	0.183539	0.186276	0.332928	0.329136	0.33621	0.332934	0.329146	0.336224	1.79973	1.79973	19.1025	
55.8351	4	15842	19.8019	4	185	18.9508	4	185	0	0	0	0.189993	0.188524	0.191876	0.189994	0.188524	0.194626	0.341877	0.338372	0.34699	0.341878	0.337984	0.350442	1.79942	1.79941	19.1465	
61.3757	4	16368	19.873	4	172	19.0189	4	172	0	0	0	0.194964	0.192853	0.19691	0.194991	0.192843	0.197963	0.350751	0.345817	0.355963	0.3508	0.345817	0.355987	1.79906	1.79906	19.1889	
312.901	4	46258	19.9553	4	208	19.1024	4	208	0	0	0	0.199972	0.198708	0.20138	0.199936	0.190305	0.207278	0.359879	0.356532	0.363473	0.359813	0.343945	0.373745	1.79965	1.79964	19.2406	
