7.87014	1	49	7.85872	1	49	7.06109	1	49	0	0	0	0.00499391	0.00471	0.00536	0.00499401	0	0.0405067	0.00895208	0.00824333	0.00963	0.00895229	0	0.0730133	1.7926	1.79261	8.05731	
7.95418	1	58	7.93082	1	58	7.12231	1	58	0	0	0	0.0100062	0.00962333	0.01048	0.0100062	0	0.0807033	0.0180378	0.0172933	0.0192367	0.0180379	0	0.14581	1.80265	1.80267	8.11192	
8.05442	1	60	8.01723	1	60	7.2235	1	56	0	0	0	0.0150311	0.0145233	0.0156967	0.0150312	0	0.12143	0.02704	0.0259333	0.0284833	0.0270402	0	0.219003	1.79893	1.79894	8.19249	
8.18006	1	70	8.12606	1	70	7.32154	1	66	0	0	0	0.020063	0.0194867	0.0205667	0.0200629	0	0.162193	0.0360579	0.0347767	0.0372567	0.0360577	0	0.291173	1.79723	1.79723	8.29344	
8.34048	1	65	8.26911	1	65	7.47178	1	65	0	0	0	0.0250671	0.02449	0.0257333	0.0250667	0	0.20188	0.0451318	0.0439833	0.0464533	0.045131	0	0.364083	1.80044	1.80044	8.42349	
8.49663	1	71	8.40697	1	71	7.6114	1	70	0	0	0	0.0300682	0.02949	0.0307167	0.030068	0	0.242557	0.0541228	0.0526633	0.0563	0.0541222	0	0.43723	1.8	1.8	8.55036	
8.70939	1	76	8.59465	1	76	7.79677	1	76	0	0	0	0.0350706	0.0342367	0.0362133	0.0350699	0	0.282	0.0631154	0.0612733	0.06533	0.0631141	0	0.509417	1.79966	1.79967	8.72761	
8.9502	1	82	8.80981	1	82	8.01526	1	82	0	0	0	0.0400941	0.0389867	0.0411167	0.0400933	0	0.322673	0.072177	0.0700667	0.0745967	0.0721763	0	0.582797	1.80019	1.80021	8.9286	
9.20344	1	102	9.03036	1	102	8.24064	1	102	0	0	0	0.0450691	0.04441	0.0457233	0.0450685	0	0.362447	0.0810798	0.07946	0.0826367	0.0810782	0	0.653763	1.79901	1.799	9.13648	
9.51022	1	90	9.30086	1	90	8.50941	1	90	0	0	0	0.050078	0.04917	0.05091	0.0500773	0	0.40249	0.090079	0.0880267	0.09225	0.0900776	0	0.726203	1.79877	1.79877	9.39207	
9.85868	1	108	9.6059	1	106	8.81253	1	105	0	0	0	0.055088	0.0541533	0.0558567	0.0550868	0	0.443123	0.0990448	0.0965533	0.101737	0.0990415	0	0.797193	1.79794	1.79792	9.68008	
10.246	1	105	9.93861	1	105	9.14133	1	105	0	0	0	0.0600776	0.0585933	0.0612533	0.0600762	0	0.483317	0.108018	0.105313	0.110653	0.108015	0	0.869483	1.79797	1.79796	9.99438	
10.6978	1	112	10.325	1	112	9.52143	1	109	0	0	0	0.0651088	0.0641933	0.06608	0.0651108	0	0.523467	0.117103	0.115033	0.120723	0.117106	0	0.940057	1.79857	1.79856	10.3547	
11.1899	1	120	10.7322	1	108	9.91919	1	108	0	0	0	0.0700993	0.0692433	0.0712167	0.0695093	0	0.557467	0.126046	0.123663	0.128517	0.125	0	1	1.79811	1.79832	10.7386	
11.7788	1	126	11.2199	1	126	10.4183	1	126	0	0	0	0.0750704	0.0737167	0.0760867	0.0695112	0	0.5574	0.134952	0.131797	0.13759	0.125	0	1	1.79767	1.79827	11.1988	
12.4565	1	111	11.7634	1	110	10.9594	1	114	0	0	0	0.0800622	0.0788433	0.08149	0.069513	0	0.55739	0.143966	0.141463	0.14713	0.125	0	1	1.79817	1.79823	11.7031	
13.2614	1	132	12.3778	1	128	11.5818	1	133	0	0	0	0.0850492	0.0838967	0.0865433	0.0695129	0	0.5574	0.152894	0.149913	0.155517	0.125	0	1	1.79771	1.79823	12.2782	
14.2443	1	159	13.084	1	139	12.2914	1	147	0	0	0	0.0900403	0.0881367	0.0912167	0.0695117	0	0.55737	0.161919	0.158543	0.16451	0.125	0	1	1.7983	1.79826	12.9309	
15.4832	1	301	13.9134	1	197	13.1203	1	197	0	0	0	0.0950421	0.09396	0.0965867	0.0695121	0	0.557363	0.170904	0.16843	0.17513	0.125	0	1	1.79819	1.79825	13.6933	
17.1561	1	378	14.8858	1	165	14.0887	1	176	0	0	0	0.100014	0.0985767	0.101243	0.0695121	0	0.557383	0.179775	0.176603	0.18299	0.125	0	1	1.7975	1.79825	14.58	
19.6911	1	490	16.03	1	177	15.254	1	177	0	0	0	0.105002	0.103807	0.106227	0.0695121	0	0.557387	0.188774	0.18556	0.191903	0.125	0	1	1.79782	1.79825	15.6118	
24.7326	1	935	17.5497	1	197	16.7238	1	205	0	0	0	0.110021	0.109208	0.110845	0.0695124	0	0.557183	0.198081	0.196142	0.200418	0.125	0	1	1.8004	1.79824	16.9454	
105.084	1	9435	19.4598	1	212	18.6181	1	212	0	0	0	0.115007	0.114064	0.115776	0.0695044	0	0.557034	0.20704	0.204409	0.208936	0.125	0	1	1.80024	1.79845	18.5684	
8561.27	1	377938	20.9886	1	234	20.2138	1	242	0	0	0	0.119998	0.118613	0.121213	0.0695204	0	0.55721	0.215819	0.211733	0.21892	0.125	0	1	1.79853	1.79803	19.7682	
