6.54076	1	36	6.54072	1	36	5.73527	1	32	0	0	0	0.00499391	0.00471	0.00536	0.00499396	0.00471	0.00536	0.00895208	0.00824333	0.00963	0.00895208	0.00824333	0.00963	1.7926	1.79258	6.74082	
8.30486	1	146	8.05655	1	74	7.18938	1	74	0	0	0	0.164998	0.16387	0.166513	0.164998	0.163867	0.166507	0.297156	0.29383	0.300683	0.297159	0.29385	0.300693	1.80097	1.80098	7.99778	
8.45696	1	191	8.14111	1	71	7.265	1	71	0	0	0	0.175015	0.17378	0.176443	0.175016	0.173777	0.176443	0.315161	0.309647	0.319467	0.315164	0.309673	0.319487	1.80077	1.80077	8.06437	
8.64469	1	191	8.23323	1	75	7.34948	1	72	0	0	0	0.185041	0.1837	0.186537	0.185043	0.1837	0.186533	0.333238	0.329753	0.336673	0.33324	0.329753	0.336683	1.80089	1.80088	8.13605	
8.8489	1	223	8.31691	1	76	7.43562	1	72	0	0	0	0.195077	0.19343	0.196657	0.195078	0.193433	0.19667	0.351373	0.34831	0.3549	0.351373	0.348323	0.3549	1.8012	1.8012	8.20001	
9.08645	1	226	8.39915	1	76	7.51223	1	74	0	0	0	0.20508	0.20363	0.206777	0.20508	0.20363	0.206773	0.369223	0.36587	0.372783	0.369223	0.365887	0.372797	1.80038	1.80039	8.26251	
9.48603	1	320	8.48909	1	81	7.59883	1	78	0	0	0	0.215034	0.213277	0.21678	0.215034	0.213277	0.216777	0.387101	0.38325	0.39125	0.387101	0.38324	0.391243	1.80019	1.80019	8.32689	
9.8307	1	437	8.5665	1	88	7.67033	1	84	0	0	0	0.225021	0.222313	0.226663	0.225019	0.22232	0.226673	0.405055	0.399957	0.409987	0.405052	0.399953	0.409993	1.80008	1.80007	8.38493	
10.4693	1	493	8.66847	1	80	7.76866	1	80	0	0	0	0.235028	0.23363	0.236853	0.235028	0.233623	0.23684	0.423043	0.4198	0.42848	0.423046	0.41981	0.42846	1.79997	1.79998	8.45979	
11.1982	1	599	8.74267	1	94	7.83788	1	94	0	0	0	0.245024	0.24343	0.246467	0.245023	0.24343	0.246467	0.441096	0.435677	0.446587	0.441095	0.435687	0.446547	1.80021	1.80022	8.51251	
12.2613	1	624	8.82792	1	93	7.92045	1	93	0	0	0	0.255016	0.252767	0.25653	0.255012	0.25276	0.2565	0.459117	0.455247	0.46585	0.45911	0.45524	0.465797	1.80035	1.80035	8.57226	
14.0583	1	806	8.91587	1	87	8.00319	1	87	0	0	0	0.265018	0.263463	0.267173	0.265013	0.26346	0.267183	0.477196	0.473417	0.482283	0.477187	0.473407	0.48227	1.80062	1.80062	8.63466	
19.1837	1	1908	9.00326	1	103	8.08958	1	99	0	0	0	0.275016	0.273654	0.277008	0.27502	0.273652	0.27701	0.495082	0.49149	0.499656	0.495087	0.491488	0.49965	1.80019	1.80018	8.69547	
35.4171	1	4666	9.08322	1	105	8.16731	1	101	0	0	0	0.284998	0.283959	0.286131	0.284997	0.28396	0.286133	0.512884	0.509863	0.516537	0.512883	0.509864	0.516539	1.79961	1.79961	8.74931	
380.97	1	28115	9.17565	1	104	8.25464	1	104	0	0	0	0.295028	0.293654	0.296878	0.294927	0.288106	0.296876	0.531066	0.527174	0.535668	0.530893	0.518818	0.535676	1.80005	1.80008	8.81318	
