7.37223	1	36	7.37219	1	36	6.57891	1	32	0	0	0	0.00499391	0.00471	0.00536	0.00499401	0.00470333	0.00528333	0.00895208	0.00824333	0.00963	0.0089525	0.00825	0.00979	1.7926	1.79265	7.57369	
8.95714	1	83	8.753	1	83	7.94238	1	83	0	0	0	0.164998	0.16387	0.166513	0.164998	0.163283	0.16688	0.297156	0.29383	0.300683	0.297157	0.292293	0.301613	1.80097	1.80097	8.70415	
9.12104	1	92	8.86449	1	92	8.0496	1	92	0	0	0	0.175015	0.17378	0.176443	0.175016	0.17332	0.17631	0.315161	0.309647	0.319467	0.315163	0.310633	0.318897	1.80077	1.80077	8.79301	
9.30079	1	100	8.98308	1	100	8.16644	1	100	0	0	0	0.185041	0.1837	0.186537	0.185044	0.18343	0.1868	0.333238	0.329753	0.336673	0.333242	0.328527	0.338413	1.80089	1.80088	8.88745	
9.50784	1	98	9.11326	1	98	8.29507	1	98	0	0	0	0.195077	0.19343	0.196657	0.195078	0.19357	0.196867	0.351373	0.34831	0.3549	0.351373	0.347383	0.35725	1.8012	1.80119	8.99066	
9.71968	1	99	9.23571	1	99	8.41966	1	95	0	0	0	0.20508	0.20363	0.206777	0.205079	0.203067	0.207137	0.369223	0.36587	0.372783	0.369221	0.3646	0.376017	1.80038	1.80038	9.08641	
9.97453	1	94	9.36802	1	94	8.55208	1	94	0	0	0	0.215034	0.213277	0.21678	0.215033	0.213497	0.21717	0.387101	0.38325	0.39125	0.387101	0.383433	0.394237	1.80019	1.80019	9.19043	
10.2576	1	124	9.50093	1	124	8.68067	1	124	0	0	0	0.225021	0.222313	0.226663	0.225019	0.22322	0.2273	0.405055	0.399957	0.409987	0.405052	0.400917	0.413153	1.80008	1.80008	9.29149	
10.578	1	108	9.63983	1	98	8.81817	1	98	0	0	0	0.235028	0.23363	0.236853	0.235026	0.2333	0.237057	0.423043	0.4198	0.42848	0.423044	0.417577	0.430937	1.79997	1.79998	9.39547	
10.9915	1	114	9.79917	1	108	8.97743	1	108	0	0	0	0.245024	0.24343	0.246467	0.245023	0.243027	0.247553	0.441096	0.435677	0.446587	0.441096	0.43581	0.450487	1.80021	1.80022	9.51675	
11.4616	1	108	9.94914	1	103	9.12349	1	103	0	0	0	0.255016	0.252767	0.25653	0.255016	0.252843	0.25776	0.459117	0.455247	0.46585	0.459119	0.453697	0.467763	1.80035	1.80035	9.62616	
12.0326	1	114	10.1056	1	114	9.27811	1	114	0	0	0	0.265018	0.263463	0.267173	0.265018	0.262843	0.26773	0.477196	0.473417	0.482283	0.477195	0.473033	0.486043	1.80062	1.80061	9.73929	
12.7606	1	132	10.2641	1	124	9.43334	1	124	0	0	0	0.275021	0.273083	0.27774	0.275021	0.273327	0.277633	0.495153	0.490253	0.501447	0.495154	0.49096	0.50296	1.80042	1.80042	9.85095	
13.6751	1	134	10.4271	1	108	9.59475	1	108	0	0	0	0.284984	0.283113	0.286417	0.284986	0.283213	0.287503	0.512982	0.508687	0.517117	0.512986	0.508437	0.521137	1.80004	1.80004	9.96425	
14.9954	1	170	10.6112	1	120	9.78032	1	116	0	0	0	0.295023	0.292727	0.297447	0.295021	0.292893	0.297367	0.531037	0.526157	0.53707	0.531035	0.526647	0.53863	1.79998	1.79999	10.0902	
16.9192	1	230	10.8094	1	133	9.97542	1	129	0	0	0	0.305011	0.303417	0.306747	0.305011	0.302723	0.307613	0.548951	0.54423	0.55472	0.548955	0.54456	0.557893	1.79978	1.79979	10.2195	
19.84	1	280	10.9986	1	150	10.1658	1	146	0	0	0	0.314986	0.31259	0.316787	0.314988	0.312753	0.317477	0.566954	0.561673	0.571847	0.566956	0.562203	0.574407	1.79993	1.79993	10.3377	
25.0218	1	314	11.2071	1	151	10.3703	1	147	0	0	0	0.325005	0.32234	0.327087	0.325005	0.32229	0.327753	0.58503	0.57918	0.589687	0.585029	0.578767	0.59264	1.80006	1.80006	10.4657	
37.2952	1	842	11.4242	1	140	10.5955	1	136	0	0	0	0.334995	0.333063	0.33667	0.334999	0.33272	0.33773	0.602957	0.599197	0.607163	0.602963	0.596793	0.611973	1.79989	1.7999	10.593	
88.8629	1	1174	11.6466	1	190	10.8195	1	190	0	0	0	0.345053	0.343274	0.346644	0.345078	0.343156	0.347204	0.620953	0.61708	0.625396	0.621	0.616296	0.626146	1.79959	1.7996	10.7182	
3722.52	1	32191	11.7644	1	160	10.9313	1	160	0	0	0	0.355039	0.353599	0.35631	0.353088	0.351539	0.354857	0.638845	0.63478	0.64311	0.635342	0.632346	0.638889	1.79937	1.79939	10.7807	
