10.4388	2	27	10.3596	2	24	9.56234	2	20	0	0	0	0.00499391	0.00471	0.00536	0.00499396	0.00471	0.00536	0.00895208	0.00824333	0.00963	0.00895229	0.00824333	0.00963	1.7926	1.79262	10.5156	
10.6912	2	47	10.4951	2	26	9.67565	2	22	0	0	0	0.0100062	0.00962333	0.01048	0.010006	0.00962333	0.01048	0.0180378	0.0172933	0.0192367	0.0180373	0.0172933	0.0192367	1.80265	1.80264	10.5779	
10.9667	2	64	10.5997	2	25	9.80149	2	22	0	0	0	0.0150311	0.0145233	0.0156967	0.0150309	0.0145233	0.0156967	0.02704	0.0259333	0.0284833	0.0270396	0.0259333	0.0284833	1.79893	1.79893	10.6072	
11.3111	2	95	10.7208	2	27	9.92274	2	24	0	0	0	0.020063	0.0194867	0.0205667	0.0200629	0.01949	0.0205667	0.0360579	0.0347767	0.0372567	0.0360581	0.0347767	0.0372533	1.79723	1.79725	10.6365	
11.8392	2	110	10.874	2	30	10.068	2	27	0	0	0	0.0250671	0.02449	0.0257333	0.0250666	0.0244867	0.0257333	0.0451318	0.0439833	0.0464533	0.045131	0.0439833	0.04645	1.80044	1.80045	10.6617	
12.6221	2	172	11.0657	2	31	10.2569	2	27	0	0	0	0.0300682	0.02949	0.0307167	0.0300679	0.0294933	0.0307133	0.0541228	0.0526633	0.0563	0.054122	0.0526667	0.0563	1.8	1.79999	10.6839	
14.0347	2	305	11.3416	2	33	10.5407	2	32	0	0	0	0.0350706	0.0342367	0.0362133	0.0350699	0.0342333	0.0362133	0.0631154	0.0612733	0.06533	0.0631146	0.0612733	0.0653233	1.79966	1.79968	10.6978	
17.0008	2	435	11.7521	2	36	10.9479	2	34	0	0	0	0.0400941	0.0389867	0.0411167	0.0400934	0.0389867	0.0411067	0.072177	0.0700667	0.0745967	0.0721764	0.0700667	0.0745867	1.80019	1.8002	10.7189	
24.7886	2	769	12.1989	2	39	11.3957	2	38	0	0	0	0.0450691	0.04441	0.0457233	0.0450688	0.0444133	0.0457233	0.0810798	0.07946	0.0826367	0.0810793	0.0794633	0.0826567	1.79901	1.79901	10.7218	
103.906	2	2923	12.3012	2	41	11.4982	2	37	0	0	0	0.0500172	0.049234	0.050662	0.0500125	0.049176	0.05066	0.0899331	0.088474	0.09165	0.0899254	0.088352	0.091626	1.79804	1.79806	10.7357	
16573.6	2	93007	12.3714	2	43	11.5884	2	39	0	0	0	0.0550177	0.0543614	0.0555486	0.053725	0.0503271	0.05555	0.0989312	0.0972886	0.100406	0.0966039	0.0908086	0.100404	1.79817	1.79812	10.7464	
