6.80988	1	36	6.79983	1	36	5.9946	1	32	0	0	0	0.00499391	0.00471	0.00536	0.00499396	0.00471	0.00536	0.00895208	0.00824333	0.00963	0.00895208	0.00824333	0.00963	1.7926	1.79258	6.99995	
6.81727	1	41	6.79836	1	37	5.99397	1	37	0	0	0	0.0100062	0.00962333	0.01048	0.0100061	0.00962333	0.01048	0.0180378	0.0172933	0.0192367	0.0180378	0.0172933	0.0192367	1.80265	1.80268	6.9801	
6.83985	1	40	6.80884	1	40	6.01938	1	36	0	0	0	0.0150311	0.0145233	0.0156967	0.015031	0.0145233	0.0156967	0.02704	0.0259333	0.0284833	0.0270398	0.0259333	0.0284833	1.79893	1.79893	6.9874	
6.84081	1	42	6.79917	1	39	6.00647	1	36	0	0	0	0.020063	0.0194867	0.0205667	0.0200631	0.0194867	0.0205667	0.0360579	0.0347767	0.0372567	0.0360587	0.0347767	0.0372567	1.79723	1.79726	6.97229	
6.87075	1	43	6.8153	1	42	6.02061	1	38	0	0	0	0.0250671	0.02449	0.0257333	0.0250668	0.0244867	0.0257367	0.0451318	0.0439833	0.0464533	0.0451317	0.0439833	0.0464567	1.80044	1.80046	6.97775	
6.89033	1	43	6.81951	1	40	6.02214	1	38	0	0	0	0.0300682	0.02949	0.0307167	0.0300679	0.02949	0.0307133	0.0541228	0.0526633	0.0563	0.0541221	0.0526633	0.0563	1.8	1.79999	6.97497	
6.89026	1	45	6.80709	1	43	6.00774	1	39	0	0	0	0.0350706	0.0342367	0.0362133	0.0350702	0.0342333	0.0362133	0.0631154	0.0612733	0.06533	0.0631149	0.0612733	0.06533	1.79966	1.79968	6.95568	
6.91107	1	43	6.80851	1	42	6.01387	1	40	0	0	0	0.0400941	0.0389867	0.0411167	0.0400936	0.0389867	0.04112	0.072177	0.0700667	0.0745967	0.0721764	0.0700667	0.0746	1.80019	1.8002	6.9492	
6.94886	1	48	6.82919	1	41	6.0319	1	39	0	0	0	0.0450691	0.04441	0.0457233	0.0450684	0.04441	0.0457233	0.0810798	0.07946	0.0826367	0.0810781	0.07946	0.08265	1.79901	1.799	6.96223	
6.95809	1	46	6.82084	1	43	6.0193	1	42	0	0	0	0.050078	0.04917	0.05091	0.0500776	0.0491667	0.05091	0.090079	0.0880267	0.09225	0.0900782	0.0880333	0.0922433	1.79877	1.79877	6.94552	
6.99341	1	54	6.83359	1	44	6.03643	1	42	0	0	0	0.055088	0.0541533	0.0558567	0.0550876	0.0541533	0.0558533	0.0990448	0.0965533	0.101737	0.0990439	0.0965533	0.101733	1.79794	1.79794	6.95091	
7.02251	1	55	6.84161	1	44	6.04295	1	41	0	0	0	0.0600776	0.0585933	0.0612533	0.060077	0.05859	0.0612533	0.108018	0.105313	0.110653	0.108017	0.105297	0.110653	1.79797	1.79797	6.95142	
7.06814	1	49	6.85959	1	44	6.06448	1	40	0	0	0	0.0651088	0.0641933	0.06608	0.0651085	0.0641933	0.0660767	0.117103	0.115033	0.120723	0.117103	0.115037	0.12074	1.79857	1.79858	6.95848	
7.09061	1	66	6.85523	1	44	6.05784	1	44	0	0	0	0.0700993	0.0692433	0.0712167	0.0700985	0.0692467	0.0712133	0.126046	0.123663	0.128517	0.126045	0.123673	0.128527	1.79811	1.79811	6.94683	
7.12605	1	66	6.86349	1	66	6.06451	1	62	0	0	0	0.0750704	0.0737167	0.0760867	0.0750703	0.07372	0.07609	0.134952	0.131797	0.13759	0.134951	0.1318	0.13759	1.79767	1.79767	6.9493	
7.18164	1	66	6.88209	1	46	6.08645	1	46	0	0	0	0.0800622	0.0788433	0.08149	0.0800623	0.07884	0.08149	0.143966	0.141463	0.14713	0.143966	0.14147	0.14713	1.79817	1.79818	6.95499	
7.22574	1	74	6.8883	1	48	6.08819	1	48	0	0	0	0.0850492	0.0838967	0.0865433	0.0850489	0.0838933	0.08654	0.152894	0.149913	0.155517	0.152893	0.149903	0.155517	1.79771	1.79771	6.95375	
7.27213	1	77	6.8986	1	52	6.09917	1	48	0	0	0	0.0900403	0.0881367	0.0912167	0.0900398	0.0881367	0.09122	0.161919	0.158543	0.16451	0.161919	0.158537	0.16451	1.7983	1.79831	6.95312	
7.33195	1	80	6.91044	1	60	6.11238	1	60	0	0	0	0.0950421	0.09396	0.0965867	0.0950424	0.0939533	0.09659	0.170904	0.16843	0.17513	0.170904	0.168433	0.175127	1.79819	1.79818	6.95541	
7.39891	1	83	6.92695	1	50	6.13083	1	48	0	0	0	0.100014	0.0985767	0.101243	0.100014	0.0985867	0.101243	0.179775	0.176603	0.18299	0.179776	0.176613	0.18299	1.7975	1.79751	6.96222	
7.47832	1	105	6.94041	1	48	6.14328	1	48	0	0	0	0.105002	0.103807	0.106227	0.105002	0.10381	0.106233	0.188774	0.18556	0.191903	0.188775	0.185563	0.19189	1.79782	1.79783	6.96571	
7.55042	1	91	6.95051	1	61	6.15062	1	61	0	0	0	0.110025	0.108787	0.111333	0.110025	0.108787	0.11133	0.197877	0.1946	0.20158	0.197877	0.194613	0.201577	1.79847	1.79848	6.96441	
7.63026	1	104	6.96315	1	58	6.16377	1	58	0	0	0	0.115005	0.113727	0.116963	0.115005	0.113727	0.11697	0.206856	0.20342	0.21087	0.206857	0.20342	0.210877	1.79868	1.79868	6.96693	
7.73518	1	149	6.98421	1	65	6.17956	1	65	0	0	0	0.119998	0.118613	0.121213	0.119998	0.118613	0.121213	0.215819	0.211733	0.21892	0.215822	0.211737	0.21893	1.79853	1.79854	6.97391	
7.86	1	100	7.00455	1	66	6.20484	1	63	0	0	0	0.124993	0.12335	0.12636	0.124993	0.123347	0.126357	0.224817	0.22087	0.228107	0.224818	0.220867	0.22812	1.79863	1.79864	6.98108	
7.98861	1	164	7.01856	1	68	6.21542	1	64	0	0	0	0.129989	0.128747	0.13121	0.129989	0.128743	0.131213	0.233857	0.230573	0.237133	0.233859	0.23057	0.237153	1.79906	1.79907	6.98198	
8.15317	1	125	7.03299	1	71	6.23492	1	67	0	0	0	0.134996	0.133797	0.136793	0.134996	0.1338	0.136793	0.242939	0.23918	0.246713	0.242938	0.239167	0.246713	1.7996	1.7996	6.98359	
8.32154	1	155	7.0541	1	71	6.25267	1	67	0	0	0	0.139994	0.1387	0.142043	0.139994	0.138693	0.142037	0.251935	0.248517	0.255967	0.251933	0.24853	0.25596	1.79962	1.79961	6.99078	
8.56031	1	165	7.06979	1	76	6.27038	1	72	0	0	0	0.14498	0.1435	0.146687	0.14498	0.143503	0.146693	0.260957	0.257767	0.264273	0.260959	0.25777	0.26428	1.79996	1.79996	6.99124	
8.86742	1	167	7.09657	1	68	6.29185	1	68	0	0	0	0.149981	0.14896	0.151417	0.149981	0.14896	0.151413	0.270074	0.265633	0.274083	0.270075	0.26565	0.27409	1.80072	1.80073	7.00278	
9.22838	1	219	7.12176	1	74	6.31879	1	74	0	0	0	0.154962	0.153983	0.15644	0.154963	0.153983	0.15643	0.279055	0.27535	0.282653	0.279057	0.2754	0.282657	1.80079	1.8008	7.01027	
9.65778	1	260	7.146	1	72	6.34203	1	72	0	0	0	0.159973	0.15789	0.16147	0.159973	0.157887	0.16147	0.288068	0.28388	0.291447	0.288066	0.283873	0.291443	1.80072	1.80072	7.01757	
10.4753	1	486	7.16434	1	76	6.36029	1	72	0	0	0	0.164998	0.16387	0.166513	0.164999	0.16387	0.166507	0.297156	0.29383	0.300683	0.297158	0.293843	0.300733	1.80097	1.80097	7.01644	
11.561	1	433	7.19202	1	72	6.38976	1	71	0	0	0	0.170008	0.168587	0.171523	0.170008	0.168587	0.171517	0.306168	0.30249	0.30979	0.30617	0.30249	0.309793	1.80091	1.80092	7.02842	
13.5405	1	553	7.21301	1	75	6.40518	1	75	0	0	0	0.175015	0.17378	0.176443	0.175016	0.173783	0.176443	0.315161	0.309647	0.319467	0.315162	0.309673	0.31947	1.80077	1.80076	7.02672	
21.2698	1	1430	7.24337	1	75	6.43684	1	71	0	0	0	0.179991	0.178788	0.181315	0.179992	0.178785	0.181313	0.324058	0.320642	0.326525	0.324059	0.320638	0.326517	1.80041	1.80041	7.03516	
694.559	1	49035	7.2601	1	76	6.4517	1	76	0	0	0	0.184982	0.184027	0.186079	0.184806	0.176159	0.186079	0.333038	0.330231	0.33545	0.332719	0.317061	0.335439	1.80037	1.80037	7.04353	
