7.93257	1	36	7.9263	1	36	7.1338	1	32	0	0	0	0.00499391	0.00471	0.00536	0.00499401	0.00470333	0.00528333	0.00895208	0.00824333	0.00963	0.0089525	0.00825	0.00979	1.7926	1.79265	8.12563	
7.9848	1	41	7.97128	1	41	7.1691	1	37	0	0	0	0.0100062	0.00962333	0.01048	0.0100061	0.00947333	0.0105233	0.0180378	0.0172933	0.0192367	0.0180378	0.01706	0.0190833	1.80265	1.80267	8.15281	
8.02214	1	41	8.00203	1	41	7.21534	1	38	0	0	0	0.0150311	0.0145233	0.0156967	0.0150311	0.0144667	0.0156933	0.02704	0.0259333	0.0284833	0.0270401	0.02496	0.0285367	1.79893	1.79894	8.17891	
8.05879	1	43	8.02991	1	43	7.23895	1	43	0	0	0	0.020063	0.0194867	0.0205667	0.0200628	0.0194767	0.0207	0.0360579	0.0347767	0.0372567	0.0360581	0.0339367	0.0374867	1.79723	1.79726	8.20074	
8.10147	1	41	8.06399	1	41	7.26304	1	41	0	0	0	0.0250671	0.02449	0.0257333	0.0250667	0.0244167	0.02571	0.0451318	0.0439833	0.0464533	0.0451316	0.0435933	0.04701	1.80044	1.80046	8.22214	
8.15095	1	56	8.1039	1	56	7.3046	1	56	0	0	0	0.0300682	0.02949	0.0307167	0.030068	0.0293267	0.03087	0.0541228	0.0526633	0.0563	0.0541223	0.0526167	0.0564733	1.8	1.8	8.25318	
8.18992	1	56	8.13184	1	56	7.34046	1	56	0	0	0	0.0350706	0.0342367	0.0362133	0.0350701	0.03431	0.0358933	0.0631154	0.0612733	0.06533	0.0631148	0.0615967	0.06488	1.79966	1.79968	8.27244	
8.2399	1	60	8.17003	1	60	7.37014	1	60	0	0	0	0.0400941	0.0389867	0.0411167	0.0400936	0.0393067	0.0407833	0.072177	0.0700667	0.0745967	0.0721765	0.0700933	0.0740367	1.80019	1.8002	8.30071	
8.27888	1	56	8.19795	1	56	7.39028	1	56	0	0	0	0.0450691	0.04441	0.0457233	0.0450686	0.0441233	0.04579	0.0810798	0.07946	0.0826367	0.0810788	0.0792533	0.0831967	1.79901	1.79901	8.32049	
8.32716	1	52	8.2322	1	52	7.42229	1	50	0	0	0	0.050078	0.04917	0.05091	0.0500773	0.04873	0.0508767	0.090079	0.0880267	0.09225	0.0900779	0.0871967	0.0923833	1.79877	1.79878	8.3441	
8.38213	1	62	8.27147	1	62	7.46777	1	62	0	0	0	0.055088	0.0541533	0.0558567	0.0550871	0.05377	0.0558933	0.0990448	0.0965533	0.101737	0.099043	0.0960333	0.101443	1.79794	1.79793	8.37409	
8.43718	1	60	8.30878	1	60	7.50951	1	58	0	0	0	0.0600776	0.0585933	0.0612533	0.0600774	0.0590933	0.0612433	0.108018	0.105313	0.110653	0.108017	0.105353	0.110423	1.79797	1.79796	8.4003	
8.49966	1	60	8.35221	1	60	7.55822	1	59	0	0	0	0.0651088	0.0641933	0.06608	0.0651082	0.0640133	0.0660567	0.117103	0.115033	0.120723	0.117102	0.114093	0.119353	1.79857	1.79857	8.43215	
8.55656	1	67	8.38937	1	67	7.58741	1	63	0	0	0	0.0700993	0.0692433	0.0712167	0.0700989	0.06898	0.0712367	0.126046	0.123663	0.128517	0.126047	0.123237	0.128347	1.79811	1.79812	8.45824	
8.60468	1	62	8.41527	1	62	7.60804	1	62	0	0	0	0.0750704	0.0737167	0.0760867	0.0750701	0.07403	0.0762233	0.134952	0.131797	0.13759	0.134951	0.1323	0.137437	1.79767	1.79767	8.47507	
8.68509	1	65	8.4711	1	65	7.67213	1	61	0	0	0	0.0800622	0.0788433	0.08149	0.080062	0.0789067	0.08127	0.143966	0.141463	0.14713	0.143966	0.141	0.146377	1.79817	1.79818	8.51632	
8.74948	1	70	8.50773	1	69	7.70591	1	69	0	0	0	0.0850492	0.0838967	0.0865433	0.085049	0.08406	0.0861533	0.152894	0.149913	0.155517	0.152892	0.150287	0.155307	1.79771	1.7977	8.54033	
8.81028	1	71	8.5417	1	71	7.74482	1	67	0	0	0	0.0900403	0.0881367	0.0912167	0.0900404	0.0889333	0.0910133	0.161919	0.158543	0.16451	0.16192	0.15953	0.164217	1.7983	1.79831	8.56238	
8.89721	1	76	8.59577	1	76	7.79613	1	72	0	0	0	0.0950421	0.09396	0.0965867	0.0950417	0.0938233	0.09619	0.170904	0.16843	0.17513	0.170902	0.167643	0.173543	1.79819	1.79818	8.60285	
8.96852	1	75	8.6305	1	63	7.82865	1	63	0	0	0	0.100014	0.0985767	0.101243	0.100014	0.0987833	0.10123	0.179775	0.176603	0.18299	0.179775	0.175887	0.182427	1.7975	1.79751	8.62411	
9.05607	1	73	8.67895	1	67	7.87591	1	67	0	0	0	0.105002	0.103807	0.106227	0.105002	0.10361	0.106097	0.188774	0.18556	0.191903	0.188774	0.185313	0.191207	1.79782	1.79782	8.6578	
9.15411	1	80	8.72701	1	80	7.92032	1	80	0	0	0	0.110025	0.108787	0.111333	0.110025	0.109007	0.111063	0.197877	0.1946	0.20158	0.197878	0.19467	0.200407	1.79847	1.79848	8.69133	
9.24665	1	82	8.77058	1	72	7.96554	1	69	0	0	0	0.115005	0.113727	0.116963	0.115005	0.113763	0.115997	0.206856	0.20342	0.21087	0.206858	0.202653	0.20909	1.79868	1.79869	8.719	
9.34958	1	88	8.82047	1	74	8.02155	1	74	0	0	0	0.119998	0.118613	0.121213	0.119998	0.118717	0.121087	0.215819	0.211733	0.21892	0.215821	0.212363	0.218507	1.79853	1.79853	8.75109	
9.46177	1	87	8.87578	1	73	8.06805	1	70	0	0	0	0.124993	0.12335	0.12636	0.124993	0.123623	0.126167	0.224817	0.22087	0.228107	0.224818	0.221003	0.22771	1.79863	1.79864	8.79135	
9.5894	1	88	8.92469	1	67	8.12323	1	67	0	0	0	0.129989	0.128747	0.13121	0.129989	0.12833	0.131407	0.233857	0.230573	0.237133	0.23386	0.23001	0.236797	1.79906	1.79907	8.81998	
9.71939	1	104	8.97499	1	73	8.16831	1	71	0	0	0	0.134996	0.133797	0.136793	0.134996	0.133163	0.136407	0.242939	0.23918	0.246713	0.242939	0.238597	0.24574	1.7996	1.7996	8.85321	
9.85976	1	97	9.03066	1	77	8.22732	1	77	0	0	0	0.139994	0.1387	0.142043	0.139994	0.138507	0.141273	0.251935	0.248517	0.255967	0.251934	0.2472	0.255127	1.79962	1.79961	8.88938	
10.0091	1	125	9.0825	1	98	8.2742	1	94	0	0	0	0.14498	0.1435	0.146687	0.144979	0.1435	0.146263	0.260957	0.257767	0.264273	0.260956	0.255497	0.264327	1.79996	1.79995	8.92114	
10.2051	1	102	9.14303	1	81	8.33738	1	81	0	0	0	0.149981	0.14896	0.151417	0.149982	0.148437	0.151697	0.270074	0.265633	0.274083	0.270075	0.264877	0.273947	1.80072	1.80072	8.95933	
10.3981	1	109	9.20514	1	75	8.39936	1	75	0	0	0	0.154962	0.153983	0.15644	0.154961	0.153443	0.156753	0.279055	0.27535	0.282653	0.279054	0.272963	0.28269	1.80079	1.8008	8.99916	
10.6067	1	123	9.26562	1	102	8.45491	1	102	0	0	0	0.159973	0.15789	0.16147	0.159973	0.158467	0.161843	0.288068	0.28388	0.291447	0.288067	0.282823	0.2924	1.80072	1.80072	9.03606	
10.8183	1	116	9.31498	1	87	8.50612	1	87	0	0	0	0.164998	0.16387	0.166513	0.164997	0.163283	0.16688	0.297156	0.29383	0.300683	0.297156	0.292297	0.301613	1.80097	1.80097	9.06381	
11.0847	1	186	9.37973	1	91	8.5673	1	91	0	0	0	0.170008	0.168587	0.171523	0.170008	0.168317	0.171593	0.306168	0.30249	0.30979	0.306172	0.30213	0.310373	1.80091	1.80092	9.10607	
11.3728	1	132	9.44411	1	89	8.62934	1	85	0	0	0	0.175015	0.17378	0.176443	0.175015	0.173317	0.17631	0.315161	0.309647	0.319467	0.315163	0.310633	0.318907	1.80077	1.80077	9.14295	
11.7176	1	140	9.50825	1	84	8.70099	1	82	0	0	0	0.180034	0.178163	0.18141	0.180034	0.17835	0.181373	0.324183	0.32065	0.327567	0.324182	0.319867	0.32888	1.80068	1.80067	9.17788	
12.1103	1	154	9.56945	1	91	8.75246	1	87	0	0	0	0.185041	0.1837	0.186537	0.185043	0.183427	0.1868	0.333238	0.329753	0.336673	0.333241	0.32851	0.338413	1.80089	1.80089	9.20995	
12.5807	1	173	9.64332	1	102	8.8282	1	102	0	0	0	0.190052	0.188987	0.191353	0.190055	0.188593	0.191793	0.342298	0.3384	0.345987	0.342303	0.338317	0.347433	1.80108	1.80108	9.25276	
13.1248	1	186	9.71292	1	90	8.89692	1	90	0	0	0	0.195077	0.19343	0.196657	0.195078	0.193573	0.196867	0.351373	0.34831	0.3549	0.351374	0.347387	0.357247	1.8012	1.8012	9.29023	
13.7929	1	185	9.79028	1	99	8.97742	1	95	0	0	0	0.200077	0.198647	0.202083	0.200077	0.198153	0.202037	0.360248	0.356233	0.365297	0.36025	0.355677	0.366517	1.80055	1.80055	9.33132	
14.5799	1	200	9.85714	1	92	9.04475	1	92	0	0	0	0.20508	0.20363	0.206777	0.205077	0.203073	0.207127	0.369223	0.36587	0.372783	0.369215	0.36458	0.375993	1.80038	1.80037	9.36723	
15.7216	1	407	9.94296	1	109	9.12731	1	105	0	0	0	0.210069	0.208173	0.2115	0.210064	0.208117	0.212343	0.378256	0.37335	0.38255	0.378247	0.373957	0.385943	1.80062	1.80063	9.40971	
17.2818	1	424	10.0252	1	127	9.21154	1	123	0	0	0	0.215034	0.213277	0.21678	0.215033	0.213497	0.217177	0.387101	0.38325	0.39125	0.3871	0.383433	0.394223	1.80019	1.80018	9.45127	
19.4194	1	392	10.1089	1	105	9.29773	1	105	0	0	0	0.220028	0.217783	0.221743	0.220031	0.218267	0.22234	0.396088	0.390813	0.39951	0.396095	0.392097	0.404103	1.80017	1.80018	9.49105	
24.562	1	883	10.1855	1	121	9.36969	1	121	0	0	0	0.225021	0.222313	0.226663	0.225022	0.22322	0.227283	0.405055	0.399957	0.409987	0.405058	0.400953	0.413123	1.80008	1.80008	9.52577	
220.569	1	6986	10.2857	1	110	9.47492	1	106	0	0	0	0.22998	0.22818	0.231524	0.229942	0.22837	0.232208	0.414062	0.411372	0.417226	0.413989	0.410076	0.421136	1.80042	1.80041	9.56943	
