4.30486	1	20	4.30486	1	20	3.52039	1	16	0	0	0	0.00503313	0.00481	0.00530333	0.00503313	0.00481	0.0053	0.00901479	0.00842333	0.00938667	0.00901479	0.00842333	0.00938667	1.79109	1.79109	4.5059	
5.24345	1	82	5.04731	1	36	4.23236	1	36	0	0	0	0.165183	0.164203	0.166453	0.165184	0.1642	0.166447	0.297368	0.293813	0.300543	0.29737	0.293813	0.300553	1.80023	1.80024	5.01034	
5.29811	1	90	5.06912	1	34	4.26305	1	32	0	0	0	0.170181	0.169017	0.171337	0.170179	0.169013	0.17132	0.306336	0.302677	0.31067	0.306335	0.302683	0.310687	1.80006	1.80007	5.02407	
5.31823	1	104	5.06801	1	33	4.25401	1	33	0	0	0	0.175217	0.174117	0.176273	0.175216	0.174123	0.176273	0.315385	0.312637	0.31849	0.315383	0.312643	0.3185	1.79997	1.79997	5.01704	
5.36716	1	96	5.09421	1	34	4.28113	1	33	0	0	0	0.18028	0.178787	0.181217	0.18028	0.178787	0.18121	0.324327	0.32116	0.326523	0.324325	0.32116	0.326517	1.79901	1.79901	5.03764	
5.3943	1	125	5.10393	1	33	4.29067	1	33	0	0	0	0.18528	0.18345	0.18669	0.18528	0.183453	0.18669	0.333208	0.331463	0.33741	0.333205	0.331467	0.337397	1.7984	1.79839	5.04224	
5.46273	1	86	5.12538	1	31	4.31154	1	31	0	0	0	0.190258	0.18945	0.191683	0.190258	0.189447	0.191683	0.34208	0.339013	0.34423	0.342078	0.339013	0.344227	1.79798	1.79797	5.05334	
5.4986	1	131	5.12814	1	42	4.31656	1	38	0	0	0	0.195212	0.19321	0.1966	0.195212	0.19321	0.196593	0.350996	0.34645	0.353823	0.350995	0.34644	0.353837	1.79803	1.79802	5.05257	
5.55124	1	117	5.14612	1	48	4.32746	1	48	0	0	0	0.200214	0.19899	0.201843	0.200212	0.19898	0.20184	0.360125	0.35611	0.364773	0.360122	0.3561	0.36478	1.7987	1.79871	5.06026	
5.62662	1	124	5.16835	1	40	4.35651	1	37	0	0	0	0.205178	0.203447	0.206533	0.205177	0.20344	0.206537	0.369072	0.365927	0.371617	0.369074	0.365927	0.371613	1.79879	1.7988	5.0705	
5.71094	1	137	5.19031	1	34	4.38218	1	34	0	0	0	0.210146	0.209193	0.210833	0.210145	0.209193	0.210837	0.377912	0.37409	0.37995	0.377912	0.374093	0.379953	1.79833	1.79834	5.08596	
5.78081	1	136	5.20687	1	45	4.39823	1	45	0	0	0	0.215113	0.214033	0.21652	0.215112	0.21403	0.21652	0.386873	0.383873	0.390327	0.386868	0.38387	0.39032	1.79846	1.79845	5.09591	
5.84398	1	157	5.21609	1	38	4.40539	1	38	0	0	0	0.220135	0.218983	0.22155	0.220136	0.21898	0.221543	0.395772	0.393563	0.397797	0.395771	0.393553	0.397797	1.79786	1.79785	5.0978	
5.95157	1	170	5.23805	1	34	4.4239	1	32	0	0	0	0.225164	0.224647	0.225963	0.225167	0.224647	0.225967	0.404797	0.402063	0.407097	0.404806	0.402073	0.407097	1.79779	1.7978	5.11017	
6.00749	1	144	5.25126	1	39	4.44013	1	38	0	0	0	0.230132	0.228587	0.232	0.230129	0.22859	0.232003	0.413767	0.408927	0.41791	0.413762	0.408933	0.417907	1.79796	1.79795	5.11378	
6.15672	1	149	5.2724	1	42	4.45751	1	42	0	0	0	0.23507	0.23383	0.23663	0.23507	0.233833	0.23663	0.422628	0.418507	0.42607	0.422627	0.41852	0.426073	1.79788	1.79788	5.1278	
6.21967	1	160	5.28455	1	38	4.47237	1	38	0	0	0	0.24003	0.238893	0.242187	0.240029	0.238893	0.242183	0.43155	0.427747	0.436627	0.431548	0.427743	0.43661	1.7979	1.7979	5.13137	
6.37722	1	163	5.30294	1	36	4.48715	1	36	0	0	0	0.24505	0.244253	0.246043	0.245049	0.244253	0.24605	0.440688	0.436627	0.444483	0.440688	0.43663	0.44449	1.79836	1.79836	5.14144	
6.56285	1	194	5.32509	1	39	4.51175	1	38	0	0	0	0.249961	0.248477	0.25131	0.249961	0.248473	0.25131	0.449549	0.445797	0.452603	0.449544	0.445793	0.45259	1.79847	1.79846	5.15027	
6.6793	1	194	5.33824	1	43	4.52351	1	43	0	0	0	0.254964	0.25383	0.256647	0.254963	0.253843	0.256647	0.458597	0.45551	0.46243	0.458593	0.45551	0.462453	1.79868	1.79867	5.15551	
6.95527	1	379	5.36038	1	41	4.54055	1	41	0	0	0	0.259973	0.2587	0.261123	0.259977	0.258707	0.26117	0.467604	0.46453	0.470857	0.467611	0.464527	0.470853	1.79867	1.79866	5.1654	
7.02837	1	183	5.37353	1	43	4.55932	1	43	0	0	0	0.265002	0.26314	0.266663	0.265004	0.263137	0.266667	0.476581	0.4737	0.478723	0.476585	0.473697	0.47874	1.79841	1.79841	5.16958	
7.34518	1	301	5.39202	1	40	4.57524	1	40	0	0	0	0.270024	0.26872	0.271523	0.270018	0.268723	0.271523	0.485605	0.481313	0.491187	0.485589	0.481303	0.49118	1.79838	1.79836	5.17882	
7.63037	1	356	5.41181	1	46	4.59869	1	46	0	0	0	0.275017	0.274063	0.276677	0.275019	0.27406	0.276677	0.494525	0.490707	0.49701	0.494526	0.4907	0.49701	1.79816	1.79816	5.19175	
7.66756	1	204	5.41323	1	45	4.59028	1	44	0	0	0	0.280041	0.278987	0.28115	0.280049	0.278993	0.281143	0.503516	0.49919	0.50723	0.503534	0.499207	0.507237	1.79801	1.79802	5.18782	
8.10829	1	240	5.44008	1	44	4.61753	1	44	0	0	0	0.285015	0.28285	0.286227	0.285013	0.28285	0.286243	0.512439	0.509477	0.517123	0.512435	0.509477	0.51711	1.79794	1.79794	5.19801	
8.49689	1	240	5.4608	1	46	4.64201	1	43	0	0	0	0.290035	0.288213	0.29115	0.290044	0.288213	0.291143	0.521427	0.518177	0.52464	0.521447	0.518187	0.52465	1.79781	1.79782	5.20872	
8.78837	1	294	5.46798	1	46	4.65088	1	46	0	0	0	0.295025	0.293633	0.29691	0.295021	0.29362	0.296923	0.530447	0.52501	0.53639	0.530443	0.52501	0.536393	1.79797	1.79799	5.21174	
9.22189	1	278	5.48423	1	47	4.66499	1	47	0	0	0	0.300039	0.298963	0.301397	0.300038	0.298967	0.301417	0.539366	0.534617	0.545557	0.539366	0.534613	0.545543	1.79766	1.79766	5.21884	
10.5521	1	351	5.515	1	51	4.69873	1	51	0	0	0	0.304968	0.303985	0.30657	0.30497	0.30398	0.306565	0.548432	0.545702	0.553007	0.548434	0.545693	0.553007	1.79833	1.79832	5.23067	
10.9878	1	431	5.52518	1	43	4.70882	1	43	0	0	0	0.310057	0.30876	0.311037	0.310051	0.30876	0.311037	0.557393	0.555433	0.56053	0.557379	0.55544	0.56053	1.79771	1.7977	5.23104	
11.5106	1	479	5.53759	1	48	4.71495	1	44	0	0	0	0.315018	0.3131	0.315813	0.315028	0.313097	0.31585	0.56651	0.56362	0.569487	0.566526	0.56363	0.56948	1.79834	1.79834	5.23912	
12.6348	1	527	5.56252	1	48	4.74057	1	46	0	0	0	0.319978	0.318667	0.321327	0.319982	0.31866	0.32132	0.575376	0.57096	0.578647	0.575383	0.57098	0.57863	1.79817	1.79817	5.24951	
14.4343	1	645	5.5778	1	46	4.75348	1	46	0	0	0	0.324995	0.32366	0.32593	0.324994	0.323648	0.32593	0.584353	0.580694	0.58909	0.584354	0.580694	0.589134	1.79804	1.79805	5.25424	
18.8292	1	788	5.59804	1	56	4.77972	1	56	0	0	0	0.329942	0.32845	0.331093	0.329941	0.328448	0.331093	0.593168	0.590045	0.596695	0.59317	0.590047	0.596692	1.7978	1.79781	5.26057	
23.2166	1	937	5.61832	1	47	4.79711	1	47	0	0	0	0.334941	0.334175	0.336213	0.334937	0.334175	0.336212	0.602391	0.600057	0.606527	0.602382	0.600062	0.606525	1.7985	1.79849	5.26395	
28.0387	1	1025	5.63155	1	50	4.80943	1	50	0	0	0	0.33995	0.338528	0.341338	0.339943	0.338526	0.341336	0.611255	0.606398	0.615492	0.611247	0.606398	0.615464	1.79807	1.79809	5.27084	
84.6177	1	3116	5.65113	1	53	4.8276	1	53	0	0	0	0.344819	0.343713	0.345821	0.34479	0.343739	0.345801	0.620387	0.617861	0.622596	0.620342	0.61791	0.62259	1.79917	1.79919	5.27707	
273.829	1	6656	5.66583	1	63	4.84297	1	63	0	0	0	0.349837	0.348939	0.351193	0.349804	0.34894	0.351291	0.629446	0.626009	0.633433	0.629384	0.626006	0.633617	1.79926	1.79925	5.28167	
