4.81564	2	14	4.81564	2	14	4.02281	2	10	0	0	0	0.00503313	0.00481	0.00530333	0.00503292	0.00481	0.0053	0.00901479	0.00842333	0.00938667	0.00901458	0.00842333	0.00938667	1.79109	1.79113	5.0178	
5.75892	2	69	5.34312	2	27	4.5282	2	27	0	0	0	0.165183	0.164203	0.166453	0.165183	0.164197	0.166453	0.297368	0.293813	0.300543	0.297367	0.293813	0.300557	1.80023	1.80023	5.20759	
5.84726	2	84	5.36531	2	23	4.5509	2	23	0	0	0	0.170181	0.169017	0.171337	0.170179	0.169013	0.171333	0.306336	0.302677	0.31067	0.306335	0.30269	0.31069	1.80006	1.80007	5.21309	
5.94095	2	92	5.3896	2	23	4.57358	2	22	0	0	0	0.175217	0.174117	0.176273	0.175217	0.174123	0.176273	0.315385	0.312637	0.31849	0.315385	0.312643	0.31851	1.79997	1.79997	5.22082	
6.05969	2	78	5.41804	2	24	4.60265	2	22	0	0	0	0.18028	0.178787	0.181217	0.18028	0.178787	0.181207	0.324327	0.32116	0.326523	0.324325	0.32117	0.326517	1.79901	1.799	5.22987	
6.17736	2	88	5.43699	2	26	4.62205	2	26	0	0	0	0.18528	0.18345	0.18669	0.18528	0.18345	0.186687	0.333208	0.331463	0.33741	0.333209	0.331473	0.337393	1.7984	1.7984	5.23319	
6.31706	2	98	5.46827	2	25	4.65304	2	25	0	0	0	0.190258	0.18945	0.191683	0.190256	0.189447	0.191667	0.34208	0.339013	0.34423	0.342076	0.339013	0.344227	1.79798	1.79798	5.24309	
6.44965	2	87	5.49296	2	25	4.67861	2	25	0	0	0	0.195212	0.19321	0.1966	0.195213	0.19321	0.1966	0.350996	0.34645	0.353823	0.350995	0.346457	0.353837	1.79803	1.79802	5.24892	
6.63336	2	114	5.52526	2	24	4.70797	2	23	0	0	0	0.200214	0.19899	0.201843	0.200212	0.198983	0.201847	0.360125	0.35611	0.364773	0.360123	0.356103	0.36479	1.7987	1.7987	5.25695	
6.80584	2	98	5.55153	2	27	4.73465	2	27	0	0	0	0.205178	0.203447	0.206533	0.205177	0.203443	0.206537	0.369072	0.365927	0.371617	0.369075	0.365933	0.37161	1.79879	1.79881	5.26301	
7.0601	2	122	5.58669	2	32	4.76841	2	32	0	0	0	0.210146	0.209193	0.210833	0.21015	0.209187	0.210827	0.377912	0.37409	0.37995	0.377918	0.374127	0.37996	1.79833	1.79832	5.27232	
7.37843	2	137	5.62922	2	30	4.81191	2	30	0	0	0	0.215113	0.214033	0.21652	0.215111	0.214027	0.21652	0.386873	0.383873	0.390327	0.386867	0.383867	0.39032	1.79846	1.79845	5.28312	
7.62387	2	186	5.65035	2	36	4.83272	2	36	0	0	0	0.220135	0.218983	0.22155	0.220137	0.21898	0.221543	0.395772	0.393563	0.397797	0.395775	0.393567	0.397803	1.79786	1.79786	5.28636	
8.00302	2	124	5.69312	2	28	4.87236	2	28	0	0	0	0.225164	0.224647	0.225963	0.225167	0.224643	0.225963	0.404797	0.402063	0.407097	0.404806	0.40213	0.407097	1.79779	1.7978	5.29805	
8.49601	2	155	5.73608	2	31	4.91676	2	31	0	0	0	0.230132	0.228587	0.232	0.230124	0.228593	0.231953	0.413767	0.408927	0.41791	0.413754	0.408947	0.417903	1.79796	1.79796	5.30656	
8.97436	2	171	5.76609	2	34	4.94817	2	32	0	0	0	0.23507	0.23383	0.23663	0.235071	0.233833	0.23663	0.422628	0.418507	0.42607	0.422631	0.418527	0.42607	1.79788	1.79788	5.31172	
9.60065	2	179	5.80996	2	32	4.98976	2	32	0	0	0	0.24003	0.238893	0.242187	0.240032	0.238917	0.242183	0.43155	0.427747	0.436627	0.431553	0.427743	0.43661	1.7979	1.7979	5.32189	
10.4163	2	175	5.84713	2	39	5.02686	2	39	0	0	0	0.244932	0.244267	0.245825	0.24493	0.244265	0.245828	0.44035	0.437565	0.443725	0.440346	0.437597	0.443727	1.79785	1.79784	5.32894	
11.5142	2	280	5.89464	2	42	5.07737	2	42	0	0	0	0.249961	0.248477	0.25131	0.249958	0.248473	0.251303	0.449549	0.445797	0.452603	0.449541	0.445793	0.452607	1.79847	1.79847	5.33673	
12.799	2	299	5.94139	2	35	5.12122	2	35	0	0	0	0.25487	0.253775	0.256125	0.25487	0.253775	0.256125	0.458261	0.456115	0.460587	0.458262	0.456115	0.460585	1.79802	1.79802	5.34238	
15.0268	2	339	5.98389	2	39	5.16137	2	39	0	0	0	0.259973	0.2587	0.261123	0.259976	0.258707	0.261143	0.467604	0.46453	0.470857	0.467609	0.46454	0.470853	1.79867	1.79866	5.35299	
18.0246	2	441	6.04837	2	36	5.23006	2	36	0	0	0	0.265002	0.26314	0.266663	0.265004	0.263127	0.266797	0.476581	0.4737	0.478723	0.476588	0.473673	0.478737	1.79841	1.79842	5.36069	
23.5689	2	661	6.10642	2	38	5.28602	2	38	0	0	0	0.26994	0.268867	0.271253	0.269937	0.268865	0.271242	0.485502	0.48121	0.490152	0.4855	0.481205	0.490142	1.79855	1.79856	5.36943	
32.3241	2	745	6.16338	2	38	5.34308	2	38	0	0	0	0.274994	0.27412	0.275677	0.275003	0.274123	0.275678	0.494473	0.491587	0.49662	0.494492	0.49159	0.496618	1.79813	1.79813	5.37488	
81.0301	2	1806	6.21726	2	42	5.39861	2	42	0	0	0	0.27993	0.278276	0.281131	0.279954	0.278281	0.281131	0.503402	0.499259	0.506737	0.50345	0.499271	0.506737	1.79832	1.79833	5.38383	
1551.75	2	17175	6.27418	2	46	5.45658	2	46	0	0	0	0.284903	0.284021	0.28639	0.284323	0.28029	0.286396	0.512357	0.509746	0.515143	0.511327	0.504906	0.515116	1.79835	1.79841	5.38873	
