13.5091	2	71	13.5073	2	71	12.726	2	67	0	0	0	0.00498339	0.00460333	0.00538667	0.00498336	0.00460333	0.00539	0.0089563	0.00821667	0.00986667	0.0089563	0.00821667	0.00986333	1.79723	1.79724	13.6805	
13.4934	2	72	13.4892	2	72	12.7001	2	71	0	0	0	0.00998194	0.00952	0.0106333	0.00998202	0.00951667	0.0106333	0.0179709	0.01678	0.0192467	0.0179709	0.01678	0.0192467	1.80034	1.80032	13.6312	
13.4936	2	76	13.4869	2	75	12.6997	2	72	0	0	0	0.0149825	0.0143067	0.01555	0.0149826	0.0143033	0.01555	0.0269382	0.0256433	0.02851	0.0269382	0.0256433	0.02851	1.79798	1.79796	13.6044	
13.4922	2	86	13.4821	2	78	12.6857	2	74	0	0	0	0.0199847	0.0194667	0.0208033	0.0199846	0.0194667	0.0208	0.0359356	0.0345	0.03783	0.0359359	0.0344833	0.03783	1.79816	1.79818	13.5734	
13.5014	2	90	13.4878	2	88	12.6832	2	88	0	0	0	0.0249844	0.02421	0.0256467	0.0249844	0.02421	0.0256467	0.0449068	0.0431433	0.04654	0.044907	0.04314	0.04654	1.7974	1.7974	13.5578	
13.5141	2	104	13.4956	2	104	12.7039	2	104	0	0	0	0.0299786	0.02924	0.0307733	0.0299784	0.0292433	0.0307733	0.0539195	0.05213	0.05596	0.0539191	0.0521567	0.05596	1.7986	1.7986	13.5394	
13.5415	2	113	13.5168	2	104	12.7229	2	104	0	0	0	0.0349774	0.0342367	0.0358733	0.0349775	0.0342367	0.0358767	0.0629459	0.0611567	0.0654667	0.0629464	0.0611567	0.0654667	1.79962	1.79962	13.5364	
13.5687	2	143	13.5368	2	108	12.7364	2	104	0	0	0	0.0399889	0.0391467	0.0409867	0.0399887	0.0391467	0.0409833	0.072009	0.0696667	0.07408	0.0720084	0.0696667	0.07408	1.80073	1.80072	13.5318	
13.5915	2	136	13.5511	2	126	12.7563	2	126	0	0	0	0.0449701	0.04413	0.0460133	0.0449702	0.0441333	0.0460133	0.080976	0.0788633	0.0842433	0.0809759	0.0788633	0.0842333	1.80066	1.80066	13.5252	
13.6195	2	185	13.5681	2	131	12.7732	2	131	0	0	0	0.0499764	0.04892	0.05151	0.0499761	0.0489233	0.05151	0.0899879	0.0868533	0.0925167	0.0899875	0.0868533	0.09252	1.80061	1.80061	13.5215	
13.6654	2	211	13.6	2	127	12.8085	2	127	0	0	0	0.054982	0.0535933	0.0560633	0.054982	0.0536033	0.0560667	0.0989778	0.0963233	0.1012	0.098978	0.0963567	0.1012	1.80018	1.80019	13.5307	
13.7	2	261	13.6149	2	123	12.8181	2	123	0	0	0	0.0599857	0.0589133	0.0613133	0.0599856	0.05891	0.06132	0.107968	0.104723	0.111213	0.107968	0.104723	0.111213	1.7999	1.7999	13.5251	
13.7539	2	327	13.6465	2	126	12.8493	2	126	0	0	0	0.0649985	0.0638667	0.0660133	0.0649979	0.06387	0.06601	0.117022	0.11463	0.119897	0.117021	0.114637	0.119893	1.80038	1.80038	13.5355	
13.8117	2	316	13.6719	2	120	12.8765	2	120	0	0	0	0.0699986	0.0686933	0.0711733	0.0699981	0.0686933	0.0711767	0.126019	0.123233	0.12942	0.126018	0.123237	0.12942	1.80031	1.80031	13.5382	
13.8858	2	365	13.7097	2	136	12.9141	2	136	0	0	0	0.07499	0.0734167	0.0760667	0.0749895	0.07342	0.0760533	0.134971	0.131247	0.138787	0.13497	0.131247	0.13874	1.79985	1.79985	13.5538	
13.9698	2	468	13.7443	2	143	12.9523	2	139	0	0	0	0.0799878	0.0786433	0.0812033	0.0799874	0.0786467	0.0812167	0.143984	0.14032	0.146947	0.143983	0.140327	0.146943	1.80007	1.80008	13.5672	
14.0654	2	467	13.7718	2	135	12.9755	2	135	0	0	0	0.0849842	0.08364	0.08641	0.084984	0.08363	0.0864133	0.152967	0.14972	0.156877	0.152967	0.14972	0.156877	1.79995	1.79995	13.5755	
14.1873	2	819	13.8037	2	148	13.0044	2	144	0	0	0	0.08999	0.0882767	0.0914933	0.0899898	0.08828	0.0914933	0.161986	0.15777	0.165417	0.161986	0.157773	0.165403	1.80005	1.80004	13.5821	
14.3394	2	744	13.8394	2	143	13.0423	2	143	0	0	0	0.0949999	0.0936067	0.0963867	0.0949998	0.0936067	0.0963867	0.170999	0.166893	0.17535	0.170998	0.166897	0.17533	1.79999	1.79999	13.5962	
14.5978	2	1332	13.8871	2	136	13.0871	2	136	0	0	0	0.100003	0.09821	0.10142	0.100003	0.09821	0.101417	0.180009	0.17718	0.183673	0.180008	0.177167	0.18366	1.80004	1.80003	13.6197	
14.7508	2	1008	13.9132	2	132	13.1182	2	132	0	0	0	0.105002	0.10362	0.106463	0.105002	0.103613	0.106467	0.189006	0.18513	0.192463	0.189006	0.18513	0.192477	1.80002	1.80002	13.6264	
15.116	2	1690	13.9505	2	147	13.1477	2	147	0	0	0	0.110003	0.10808	0.11205	0.110002	0.108083	0.11205	0.19802	0.193597	0.202457	0.198018	0.193597	0.202437	1.80014	1.80013	13.6391	
15.3846	2	1304	13.9926	2	142	13.1913	2	142	0	0	0	0.115	0.11298	0.11649	0.114999	0.11298	0.11649	0.207012	0.20274	0.211183	0.20701	0.202747	0.211197	1.8001	1.8001	13.6621	
15.8416	2	1340	14.0347	2	154	13.2296	2	154	0	0	0	0.120001	0.11788	0.12139	0.120001	0.11787	0.121393	0.215985	0.21001	0.219877	0.215985	0.209993	0.219857	1.79986	1.79986	13.6789	
16.8495	2	2009	14.0782	2	143	13.275	2	143	0	0	0	0.124991	0.122477	0.126757	0.124991	0.12247	0.12676	0.224941	0.21717	0.229613	0.224939	0.21716	0.22961	1.79965	1.79965	13.6923	
17.1843	2	2006	14.1127	2	160	13.3075	2	160	0	0	0	0.129994	0.12861	0.13163	0.129994	0.12861	0.131633	0.233907	0.229627	0.239577	0.233907	0.22959	0.239553	1.79937	1.79937	13.7124	
18.1578	2	2742	14.1569	2	139	13.3499	2	139	0	0	0	0.135042	0.133593	0.136683	0.135042	0.133587	0.136685	0.242961	0.239105	0.246287	0.242961	0.239105	0.246287	1.79915	1.79915	13.7291	
19.9146	2	4819	14.2072	2	157	13.4004	2	157	0	0	0	0.140012	0.138473	0.141673	0.14001	0.138483	0.14167	0.251956	0.247503	0.255883	0.251952	0.247483	0.25589	1.79953	1.79953	13.7495	
21.5441	2	4787	14.2416	2	156	13.4398	2	156	0	0	0	0.145041	0.14353	0.146473	0.145039	0.143528	0.146473	0.260979	0.256925	0.264895	0.260977	0.256935	0.264885	1.79935	1.79936	13.764	
23.7961	2	7596	14.2897	2	167	13.481	2	167	0	0	0	0.150054	0.148537	0.151408	0.150059	0.148537	0.151448	0.270001	0.266327	0.273675	0.27001	0.266338	0.273672	1.79937	1.79936	13.7848	
27.4988	2	6739	14.338	2	156	13.5311	2	156	0	0	0	0.155029	0.153658	0.156312	0.155022	0.153378	0.156314	0.278956	0.27527	0.28212	0.278942	0.275262	0.282128	1.79937	1.79937	13.8037	
29.8042	2	9725	14.3755	2	178	13.5672	2	178	0	0	0	0.159998	0.158859	0.161303	0.159997	0.158861	0.161301	0.287934	0.285379	0.290589	0.287933	0.285381	0.290583	1.79962	1.79961	13.8241	
35.3312	2	10244	14.4265	2	182	13.6154	2	182	0	0	0	0.165016	0.163318	0.167035	0.165016	0.163318	0.167038	0.296878	0.29203	0.301715	0.296877	0.292017	0.301718	1.79908	1.79908	13.8426	
39.7621	2	7720	14.4685	2	172	13.6604	2	172	0	0	0	0.170012	0.168398	0.171483	0.170012	0.167983	0.171712	0.305891	0.30199	0.310045	0.305888	0.301975	0.310075	1.79923	1.79922	13.86	
85.8488	2	16529	14.5229	2	171	13.7086	2	171	0	0	0	0.175017	0.17341	0.176783	0.175016	0.17341	0.176785	0.314915	0.31061	0.319078	0.314913	0.310617	0.319095	1.79934	1.79934	13.8786	
186.3	2	41914	14.5605	2	178	13.7511	2	178	0	0	0	0.179994	0.178633	0.181465	0.179987	0.178198	0.181467	0.323914	0.320053	0.327103	0.323901	0.320055	0.327087	1.79958	1.79958	13.8964	
215.246	2	79029	14.6123	2	182	13.8079	2	182	0	0	0	0.184988	0.183539	0.186276	0.184967	0.171207	0.196164	0.332928	0.329136	0.33621	0.332889	0.307859	0.353874	1.79973	1.79972	13.9128	
