17.0144	4	71	16.9754	4	71	16.1869	4	67	0	0	0	0.00498339	0.00460333	0.00538667	0.00498337	0.00460333	0.00538667	0.0089563	0.00821667	0.00986667	0.00895615	0.00821667	0.00986667	1.79723	1.79721	17.141	
17.1434	4	72	17.0548	4	72	16.2667	4	71	0	0	0	0.00998194	0.00952	0.0106333	0.00998207	0.00951667	0.0106333	0.0179709	0.01678	0.0192467	0.0179709	0.01678	0.0192467	1.80034	1.80032	17.1821	
17.3176	4	79	17.168	4	75	16.3706	4	72	0	0	0	0.0149825	0.0143067	0.01555	0.0149826	0.0143033	0.01555	0.0269382	0.0256433	0.02851	0.026938	0.0256433	0.02851	1.79798	1.79795	17.2583	
17.5004	4	86	17.2727	4	78	16.4651	4	74	0	0	0	0.0199847	0.0194667	0.0208033	0.0199846	0.0194667	0.0208	0.0359356	0.0345	0.03783	0.0359357	0.0344833	0.03783	1.79816	1.79817	17.3194	
17.6821	4	90	17.3568	4	76	16.5522	4	76	0	0	0	0.0249844	0.02421	0.0256467	0.0249845	0.02421	0.0256467	0.0449068	0.0431433	0.04654	0.0449073	0.04314	0.04654	1.7974	1.7974	17.3578	
17.919	4	110	17.4715	4	96	16.659	4	96	0	0	0	0.0299786	0.02924	0.0307733	0.0299786	0.02924	0.0307733	0.0539195	0.05213	0.05596	0.0539193	0.0521367	0.05596	1.7986	1.7986	17.417	
18.1973	4	113	17.5863	4	104	16.7765	4	104	0	0	0	0.0349774	0.0342367	0.0358733	0.0349774	0.0342367	0.0358767	0.0629459	0.0611567	0.0654667	0.0629461	0.0611567	0.0654567	1.79962	1.79962	17.4683	
18.5421	4	144	17.6999	4	105	16.8864	4	105	0	0	0	0.0399889	0.0391467	0.0409867	0.0399888	0.0391467	0.04098	0.072009	0.0696667	0.07408	0.0720089	0.0696667	0.0740833	1.80073	1.80072	17.5074	
18.9952	4	237	17.8255	4	126	17.0183	4	126	0	0	0	0.0449701	0.04413	0.0460133	0.04497	0.04413	0.0460133	0.080976	0.0788633	0.0842433	0.0809756	0.07886	0.0842167	1.80066	1.80066	17.5474	
19.6396	4	271	17.98	4	111	17.1714	4	108	0	0	0	0.0499764	0.04892	0.05151	0.0499758	0.04892	0.0515067	0.0899879	0.0868533	0.0925167	0.0899872	0.0868533	0.0925233	1.80061	1.80061	17.5973	
20.6394	4	365	18.1498	4	105	17.3447	4	105	0	0	0	0.054982	0.0535933	0.0560633	0.054982	0.0536033	0.0560667	0.0989778	0.0963233	0.1012	0.0989775	0.09634	0.1012	1.80018	1.80018	17.6406	
22.6575	4	573	18.3614	4	133	17.5495	4	133	0	0	0	0.0599857	0.0589133	0.0613133	0.0599862	0.0589167	0.06132	0.107968	0.104723	0.111213	0.107969	0.104723	0.111213	1.7999	1.79991	17.6805	
29.9028	4	2191	18.6077	4	140	17.7896	4	140	0	0	0	0.0650055	0.0639425	0.0660475	0.0650051	0.0639125	0.06605	0.117033	0.114765	0.119368	0.117032	0.114702	0.119353	1.80035	1.80035	17.7136	
1429.36	4	153278	18.7492	4	144	17.9327	4	144	0	0	0	0.0699904	0.0690629	0.0708657	0.0698735	0.0593714	0.0720057	0.125969	0.123549	0.128117	0.125759	0.106284	0.129551	1.7998	1.79981	17.7537	
