6.01091	1	25	6.00444	1	25	5.21466	1	24	0	0	0	0.00500944	0.00481333	0.00537	0.00500954	0.00476667	0.00527667	0.00902426	0.00836	0.0097	0.00902435	0.00841	0.00979	1.80145	1.80143	6.19474	
6.026	1	28	6.01387	1	28	5.227	1	25	0	0	0	0.0100156	0.00958	0.0103633	0.0100158	0.00966	0.01036	0.0179669	0.0170767	0.01929	0.0179673	0.0169767	0.0188133	1.79389	1.79389	6.20453	
6.05899	1	29	6.03843	1	29	5.22777	1	26	0	0	0	0.0150248	0.0147433	0.0153633	0.0150249	0.01453	0.0155933	0.0270787	0.02621	0.0282267	0.0270786	0.0256767	0.0281133	1.80227	1.80225	6.2137	
6.08864	1	28	6.06163	1	28	5.2596	1	27	0	0	0	0.0200294	0.0195733	0.0204833	0.0200292	0.0194367	0.02046	0.0361017	0.03482	0.03747	0.0361014	0.0348833	0.0369667	1.80243	1.80244	6.22847	
6.12421	1	46	6.08803	1	46	5.28526	1	42	0	0	0	0.0250398	0.02455	0.02571	0.0250399	0.0243567	0.02568	0.045065	0.0431633	0.04679	0.0450648	0.0436767	0.0462867	1.79973	1.79972	6.24727	
6.15027	1	34	6.10714	1	34	5.30735	1	34	0	0	0	0.0300205	0.0293167	0.03071	0.0300205	0.02932	0.0309767	0.053939	0.05216	0.05671	0.0539384	0.05198	0.0562167	1.79674	1.79672	6.26157	
6.18336	1	44	6.12658	1	44	5.32971	1	44	0	0	0	0.0350522	0.0343233	0.0359	0.0350524	0.0344567	0.03582	0.0629789	0.0616333	0.0645833	0.0629793	0.0608567	0.0645933	1.79672	1.79672	6.27308	
6.22892	1	45	6.16176	1	45	5.35832	1	45	0	0	0	0.040068	0.0390933	0.0406967	0.0400675	0.0391033	0.0408333	0.0720991	0.0704867	0.0734233	0.0720977	0.06957	0.0736733	1.79942	1.79941	6.29502	
6.26599	1	40	6.18684	1	40	5.37943	1	40	0	0	0	0.0450581	0.0442933	0.0457767	0.0450576	0.0440967	0.04587	0.0811127	0.0797533	0.0828533	0.0811116	0.0784967	0.08297	1.80018	1.80018	6.3115	
6.31026	1	44	6.21566	1	42	5.41703	1	42	0	0	0	0.0500217	0.0487567	0.0509467	0.0500215	0.04937	0.0507833	0.0900502	0.0881833	0.09202	0.0900506	0.0883467	0.0917033	1.80022	1.80024	6.32954	
6.35298	1	44	6.24434	1	44	5.43794	1	44	0	0	0	0.0550323	0.0539667	0.0556767	0.0550319	0.0542733	0.05593	0.0991091	0.0962733	0.10075	0.0991092	0.0975967	0.10056	1.80093	1.80094	6.3476	
6.40193	1	43	6.27476	1	43	5.47838	1	43	0	0	0	0.0600379	0.0593933	0.0606533	0.0600384	0.0591267	0.06096	0.108072	0.106227	0.109853	0.108073	0.106	0.110067	1.80006	1.80006	6.36788	
6.43904	1	45	6.29706	1	44	5.49666	1	44	0	0	0	0.0650536	0.06429	0.06615	0.0650535	0.06385	0.0662067	0.117117	0.115213	0.119887	0.117116	0.11533	0.120047	1.80032	1.8003	6.38113	
6.49887	1	52	6.33374	1	49	5.53418	1	45	0	0	0	0.0700849	0.0689333	0.07118	0.0700853	0.06876	0.0712033	0.126167	0.122813	0.1305	0.126167	0.124173	0.12904	1.8002	1.8002	6.40511	
6.54332	1	51	6.35688	1	51	5.55128	1	47	0	0	0	0.0750781	0.0741533	0.0764	0.0750781	0.0737567	0.0762933	0.135155	0.133503	0.1391	0.135155	0.132967	0.138167	1.80019	1.8002	6.41947	
6.60596	1	53	6.39501	1	50	5.59831	1	50	0	0	0	0.0800624	0.0790333	0.08136	0.0800624	0.0786933	0.08127	0.14403	0.141993	0.147117	0.144031	0.14128	0.147383	1.79897	1.79898	6.44476	
6.64517	1	58	6.41232	1	47	5.60579	1	47	0	0	0	0.085074	0.08423	0.0861	0.0850748	0.0840733	0.0861933	0.152955	0.150533	0.155413	0.152957	0.14969	0.15735	1.7979	1.79791	6.4545	
6.72161	1	53	6.45449	1	47	5.65347	1	47	0	0	0	0.0900288	0.0886833	0.09116	0.0900292	0.0887433	0.0913267	0.161933	0.159097	0.16421	0.161933	0.15885	0.165367	1.79868	1.79867	6.48266	
6.78057	1	54	6.48255	1	52	5.67669	1	52	0	0	0	0.0949906	0.0940733	0.0958	0.0949912	0.0939733	0.09609	0.170812	0.16884	0.173533	0.170814	0.167713	0.17434	1.7982	1.7982	6.50005	
6.85075	1	58	6.51606	1	47	5.71942	1	45	0	0	0	0.0999519	0.0989267	0.101233	0.0999529	0.09896	0.100933	0.179701	0.17786	0.182513	0.179702	0.177043	0.182793	1.79788	1.79787	6.5197	
6.93807	1	65	6.55987	1	55	5.76536	1	51	0	0	0	0.104957	0.10329	0.106063	0.104958	0.103593	0.106207	0.188719	0.183857	0.192097	0.188719	0.1856	0.191723	1.79805	1.79805	6.54941	
7.00006	1	90	6.58307	1	58	5.78418	1	54	0	0	0	0.109978	0.10837	0.111287	0.109978	0.10896	0.111107	0.197757	0.194433	0.20158	0.197755	0.19469	0.200523	1.79815	1.79814	6.55793	
7.10711	1	67	6.63302	1	49	5.83575	1	49	0	0	0	0.114971	0.114233	0.115927	0.114971	0.113953	0.116063	0.206789	0.20462	0.20985	0.20679	0.204027	0.209903	1.79862	1.79863	6.59231	
7.19267	1	77	6.66455	1	56	5.864	1	52	0	0	0	0.119963	0.118933	0.121267	0.119963	0.118863	0.120933	0.215744	0.213673	0.218337	0.215743	0.213223	0.21888	1.79841	1.79841	6.6086	
7.29413	1	89	6.70217	1	52	5.89558	1	51	0	0	0	0.12496	0.124007	0.126467	0.12496	0.123623	0.126063	0.22467	0.221757	0.227573	0.22467	0.221603	0.228197	1.79794	1.79793	6.6319	
7.3959	1	87	6.73753	1	62	5.93404	1	62	0	0	0	0.129951	0.1285	0.131707	0.129951	0.128843	0.13084	0.233679	0.230983	0.237067	0.233677	0.230873	0.236437	1.79821	1.7982	6.65301	
7.51566	1	102	6.77704	1	61	5.98002	1	61	0	0	0	0.134938	0.132837	0.13634	0.134937	0.13373	0.13611	0.242565	0.23857	0.246477	0.242562	0.23957	0.24539	1.79761	1.7976	6.67471	
7.6591	1	94	6.82384	1	61	6.01998	1	61	0	0	0	0.139974	0.138413	0.141527	0.139974	0.13873	0.141313	0.251717	0.248757	0.255927	0.251718	0.24932	0.254953	1.79832	1.79832	6.70077	
7.78857	1	123	6.86074	1	72	6.05961	1	68	0	0	0	0.144993	0.143973	0.146357	0.144992	0.14386	0.146273	0.260677	0.257997	0.26469	0.260674	0.25753	0.26414	1.79786	1.79785	6.72171	
7.93625	1	105	6.90053	1	59	6.09029	1	59	0	0	0	0.150014	0.148767	0.15161	0.150013	0.14899	0.151413	0.26966	0.266963	0.273637	0.269658	0.26677	0.273877	1.79757	1.79756	6.74479	
8.13701	1	110	6.9516	1	72	6.14815	1	68	0	0	0	0.155007	0.154067	0.156567	0.155009	0.154023	0.156447	0.278695	0.27478	0.28164	0.278695	0.275497	0.282777	1.79795	1.79793	6.77398	
8.32208	1	114	6.99741	1	61	6.19104	1	57	0	0	0	0.160027	0.158423	0.161443	0.160026	0.15895	0.16143	0.287781	0.28443	0.291333	0.28778	0.285093	0.2917	1.79832	1.79833	6.7966	
8.5703	1	145	7.04584	1	68	6.24424	1	68	0	0	0	0.165054	0.163497	0.166517	0.165053	0.164087	0.16664	0.296749	0.29227	0.30058	0.296748	0.293577	0.30151	1.79789	1.79789	6.82363	
8.84054	1	181	7.09199	1	68	6.28372	1	64	0	0	0	0.170043	0.168767	0.171523	0.170041	0.169	0.171307	0.30578	0.30196	0.308907	0.305779	0.30249	0.31048	1.79825	1.79827	6.84757	
9.13147	1	145	7.14168	1	74	6.33694	1	74	0	0	0	0.175029	0.173657	0.176527	0.175029	0.173753	0.176423	0.314646	0.31122	0.31796	0.314647	0.31159	0.31965	1.79768	1.79769	6.87352	
9.44894	1	186	7.18759	1	92	6.37778	1	92	0	0	0	0.180067	0.178727	0.181527	0.180066	0.178877	0.181747	0.323696	0.319473	0.327477	0.323696	0.32042	0.328947	1.79764	1.79765	6.89413	
9.84982	1	181	7.24412	1	77	6.44087	1	77	0	0	0	0.185055	0.183543	0.187057	0.185055	0.183637	0.18681	0.332704	0.329007	0.33915	0.332706	0.330017	0.337837	1.79786	1.79787	6.92394	
10.2671	1	194	7.29937	1	75	6.49233	1	75	0	0	0	0.190055	0.18884	0.19198	0.190055	0.18853	0.191827	0.341738	0.338803	0.345173	0.341736	0.338897	0.347147	1.7981	1.79809	6.94733	
10.9786	1	198	7.35888	1	66	6.55477	1	64	0	0	0	0.195036	0.19355	0.196373	0.195041	0.193947	0.19687	0.350767	0.34755	0.35478	0.350776	0.34818	0.356217	1.79848	1.79847	6.97516	
11.7468	1	286	7.41609	1	67	6.61317	1	67	0	0	0	0.20004	0.198487	0.201357	0.200039	0.19911	0.20138	0.359774	0.356763	0.363087	0.359772	0.35713	0.364487	1.79851	1.79851	7.00142	
12.7001	1	294	7.47641	1	75	6.6704	1	75	0	0	0	0.205014	0.20302	0.20652	0.205012	0.203923	0.206427	0.368754	0.364733	0.372213	0.368751	0.365167	0.373037	1.79868	1.79868	7.03162	
13.9808	1	340	7.53511	1	78	6.73129	1	78	0	0	0	0.210012	0.207983	0.211307	0.210004	0.208833	0.211257	0.377687	0.373273	0.380663	0.377671	0.374687	0.382783	1.79841	1.7984	7.05529	
16.6609	1	665	7.60714	1	90	6.80351	1	90	0	0	0	0.215098	0.21388	0.216663	0.215097	0.213803	0.216558	0.387093	0.38446	0.39104	0.387093	0.384572	0.39304	1.79962	1.79962	7.08296	
21.0046	1	851	7.67818	1	77	6.87008	1	77	0	0	0	0.220033	0.218768	0.22117	0.220033	0.21885	0.221193	0.396114	0.393633	0.399583	0.396115	0.392737	0.399295	1.80025	1.80025	7.11263	
36.0394	1	1979	7.74512	1	99	6.93993	1	99	0	0	0	0.225026	0.22382	0.22615	0.225018	0.22392	0.225941	0.404977	0.401406	0.408334	0.404962	0.402327	0.40736	1.79969	1.79969	7.13878	
980.78	1	30225	7.80665	1	96	6.99621	1	96	0	0	0	0.23002	0.229053	0.231393	0.2297	0.228587	0.230744	0.413901	0.410324	0.417011	0.413335	0.410443	0.41615	1.79942	1.79945	7.16136	
