11.4317	1	70	11.4317	1	70	10.6339	1	66	0	0	0	0.00498801	0.00456667	0.00533667	0.00498799	0.00466333	0.00533	0.00897075	0.00800667	0.0100833	0.00897071	0.00807667	0.00999333	1.79846	1.79846	11.6288	
11.48	1	67	11.4799	1	67	10.6699	1	63	0	0	0	0.00999117	0.00926	0.01046	0.00999129	0.00947333	0.0104967	0.0179902	0.01678	0.0190167	0.0179906	0.0166733	0.0192933	1.80061	1.80063	11.6708	
11.5328	1	88	11.5324	1	88	10.7327	1	88	0	0	0	0.0149924	0.0144367	0.0155767	0.0149924	0.0144133	0.0156533	0.0269573	0.0255333	0.0282733	0.026957	0.0256567	0.0283667	1.79806	1.79804	11.7217	
11.5744	1	104	11.5737	1	104	10.7774	1	104	0	0	0	0.0199947	0.01923	0.0207433	0.0199947	0.0192333	0.0205967	0.0359569	0.0342967	0.0380367	0.0359569	0.0343133	0.0374167	1.79832	1.79833	11.7579	
11.632	1	108	11.6309	1	108	10.8347	1	104	0	0	0	0.0250009	0.02405	0.0257167	0.0250008	0.0242033	0.0257533	0.0449455	0.04299	0.04653	0.044946	0.04287	0.04707	1.79776	1.79778	11.8116	
11.6723	1	88	11.6705	1	88	10.8776	1	88	0	0	0	0.0300008	0.0289933	0.0308933	0.0300009	0.0289267	0.0308367	0.053947	0.05228	0.0560267	0.0539472	0.0522467	0.0560033	1.79818	1.79818	11.8459	
11.7319	1	108	11.7295	1	108	10.9358	1	104	0	0	0	0.0349991	0.0342433	0.0360667	0.0349993	0.03391	0.0360333	0.0629309	0.06123	0.0651233	0.0629311	0.06031	0.06595	1.79807	1.79807	11.8999	
11.7825	1	90	11.7791	1	90	10.9779	1	90	0	0	0	0.0400111	0.03899	0.0408333	0.0400114	0.0391767	0.0411333	0.0719604	0.0695	0.0742433	0.0719611	0.0692	0.07491	1.79851	1.79852	11.9448	
11.8355	1	116	11.831	1	116	11.0345	1	116	0	0	0	0.0449922	0.0439033	0.0462967	0.0449922	0.0440467	0.0461367	0.080969	0.0785167	0.0829133	0.080969	0.0786967	0.08332	1.79962	1.79962	11.9908	
11.8917	1	108	11.886	1	108	11.0863	1	104	0	0	0	0.0499921	0.0489467	0.0512467	0.0499921	0.0489233	0.0512067	0.0900255	0.0872333	0.0931133	0.0900251	0.0872133	0.0925167	1.80079	1.80079	12.0391	
11.9549	1	108	11.9477	1	108	11.1458	1	104	0	0	0	0.0549907	0.05383	0.0560467	0.0549907	0.0537667	0.05658	0.0990364	0.0950567	0.101633	0.0990364	0.0965067	0.102007	1.80096	1.80096	12.0954	
12.0168	1	114	12.0078	1	114	11.2055	1	114	0	0	0	0.0600051	0.0587033	0.06148	0.0600053	0.05882	0.0611667	0.108055	0.10485	0.110827	0.108056	0.10495	0.1104	1.80076	1.80077	12.1505	
12.0772	1	108	12.0666	1	108	11.2607	1	104	0	0	0	0.0650128	0.0635367	0.06645	0.0650131	0.06382	0.06645	0.117063	0.114407	0.119997	0.117064	0.113463	0.119987	1.80062	1.80062	12.2042	
12.135	1	127	12.1223	1	127	11.3191	1	123	0	0	0	0.0700194	0.0682167	0.0713833	0.0700194	0.06887	0.07194	0.126047	0.12223	0.13002	0.126046	0.122803	0.128963	1.80017	1.80015	12.2546	
12.2025	1	123	12.187	1	123	11.384	1	119	0	0	0	0.0750226	0.0737967	0.0764867	0.0750223	0.07387	0.0765533	0.135018	0.131783	0.138207	0.135017	0.13169	0.1384	1.7997	1.7997	12.3145	
12.2672	1	121	12.2491	1	121	11.4501	1	121	0	0	0	0.0800241	0.07857	0.08115	0.0800241	0.0786767	0.08152	0.144059	0.140703	0.146757	0.144058	0.141043	0.147893	1.80019	1.80019	12.37	
12.338	1	135	12.3166	1	133	11.5121	1	133	0	0	0	0.0850255	0.0839267	0.08641	0.0850259	0.0836433	0.08665	0.153077	0.150003	0.15736	0.153078	0.14983	0.15705	1.80037	1.80037	12.4315	
12.4058	1	125	12.3811	1	125	11.5716	1	125	0	0	0	0.0900335	0.0884733	0.0916567	0.0900334	0.08857	0.09206	0.162102	0.158703	0.16515	0.162102	0.15872	0.165617	1.80046	1.80046	12.4903	
12.4751	1	130	12.4461	1	130	11.6484	1	126	0	0	0	0.0950372	0.0937633	0.09688	0.0950371	0.0937	0.0969233	0.171066	0.167677	0.17528	0.171066	0.16749	0.17517	1.79999	1.79999	12.5496	
12.5479	1	156	12.5142	1	156	11.7122	1	156	0	0	0	0.100051	0.0988967	0.101803	0.100052	0.0986667	0.10218	0.180075	0.177077	0.184337	0.180075	0.176223	0.184307	1.79983	1.79982	12.6117	
12.6214	1	135	12.5833	1	135	11.7793	1	135	0	0	0	0.105031	0.10328	0.10631	0.105031	0.103833	0.10721	0.189065	0.18586	0.192653	0.189065	0.184533	0.193503	1.80009	1.80009	12.6743	
12.6911	1	131	12.6473	1	130	11.8421	1	128	0	0	0	0.11004	0.108647	0.11167	0.11004	0.108563	0.112297	0.198069	0.194303	0.20198	0.19807	0.19275	0.202737	1.79997	1.79998	12.7316	
12.7781	1	143	12.728	1	143	11.9268	1	143	0	0	0	0.115045	0.11344	0.11672	0.115044	0.113517	0.117027	0.207074	0.20287	0.211997	0.207073	0.200787	0.2118	1.79995	1.79994	12.8056	
12.8497	1	142	12.7927	1	142	11.9867	1	142	0	0	0	0.120039	0.11845	0.122047	0.120039	0.118467	0.121767	0.216064	0.212473	0.22064	0.216063	0.2101	0.22041	1.79996	1.79994	12.8637	
12.9265	1	134	12.8623	1	134	12.0573	1	134	0	0	0	0.125042	0.12324	0.126777	0.125041	0.123647	0.12664	0.225058	0.221187	0.22883	0.225058	0.219393	0.230047	1.79986	1.79986	12.9261	
13.0134	1	151	12.9405	1	151	12.1334	1	151	0	0	0	0.13005	0.127913	0.13148	0.13005	0.12825	0.131753	0.234103	0.229513	0.238367	0.234103	0.22863	0.23901	1.8001	1.8001	12.9966	
13.0978	1	136	13.0149	1	136	12.2091	1	136	0	0	0	0.135065	0.13317	0.136787	0.135064	0.133297	0.136843	0.243138	0.237917	0.247733	0.243138	0.23754	0.248313	1.80016	1.80016	13.064	
13.1913	1	165	13.0977	1	165	12.2907	1	165	0	0	0	0.140064	0.138407	0.14175	0.140063	0.13825	0.141837	0.252143	0.247657	0.256503	0.252142	0.247623	0.256777	1.8002	1.8002	13.1387	
13.2762	1	142	13.1711	1	142	12.3618	1	142	0	0	0	0.145068	0.143013	0.146633	0.145068	0.143157	0.146903	0.261153	0.256997	0.26561	0.261153	0.25621	0.265617	1.80021	1.80021	13.2039	
13.3715	1	161	13.2531	1	161	12.4444	1	161	0	0	0	0.150077	0.148613	0.151847	0.150076	0.148043	0.152113	0.27016	0.265953	0.27481	0.270159	0.26586	0.274493	1.80015	1.80015	13.2779	
13.467	1	176	13.3346	1	176	12.5281	1	172	0	0	0	0.155076	0.153247	0.156533	0.155075	0.152873	0.15707	0.279099	0.275293	0.283333	0.279096	0.274593	0.283787	1.79975	1.79975	13.3516	
13.5612	1	164	13.4128	1	164	12.6022	1	160	0	0	0	0.160062	0.158317	0.16164	0.160062	0.158043	0.16195	0.288035	0.281177	0.292623	0.288035	0.282957	0.292253	1.79952	1.79953	13.4215	
13.6618	1	173	13.4948	1	173	12.687	1	173	0	0	0	0.165061	0.1633	0.167147	0.16506	0.163103	0.167103	0.297042	0.29182	0.301163	0.29704	0.290967	0.30185	1.79959	1.79959	13.4947	
13.772	1	169	13.5854	1	169	12.7792	1	169	0	0	0	0.170039	0.168037	0.171743	0.170038	0.168227	0.17198	0.305968	0.301077	0.3103	0.305968	0.300047	0.31133	1.7994	1.79941	13.5765	
13.8765	1	173	13.6687	1	173	12.8618	1	172	0	0	0	0.175039	0.17354	0.176997	0.175039	0.17308	0.177103	0.314936	0.30989	0.319447	0.314936	0.308973	0.32037	1.79923	1.79924	13.6499	
13.9765	1	208	13.7452	1	208	12.9342	1	208	0	0	0	0.180047	0.177493	0.182227	0.180046	0.177943	0.182157	0.323979	0.318947	0.328407	0.323979	0.317903	0.329637	1.79942	1.79942	13.7166	
14.1031	1	223	13.8418	1	223	13.0313	1	219	0	0	0	0.185046	0.183347	0.186653	0.185045	0.182673	0.186837	0.332982	0.328657	0.33772	0.33298	0.326273	0.338473	1.79946	1.79946	13.8034	
14.2205	1	169	13.9305	1	169	13.1209	1	165	0	0	0	0.190042	0.187487	0.19211	0.190041	0.187817	0.191897	0.341956	0.336553	0.347563	0.341954	0.33571	0.347643	1.79937	1.79937	13.8814	
14.3487	1	181	14.0229	1	180	13.2087	1	180	0	0	0	0.19505	0.1932	0.196973	0.195049	0.192727	0.197143	0.350938	0.34723	0.35672	0.350936	0.344233	0.356093	1.79921	1.79922	13.9633	
14.4783	1	173	14.1133	1	173	13.303	1	173	0	0	0	0.200044	0.197947	0.201813	0.200043	0.197817	0.202107	0.359894	0.354977	0.365547	0.359893	0.353417	0.365163	1.79908	1.79908	14.0426	
14.6083	1	180	14.2033	1	180	13.3962	1	180	0	0	0	0.205055	0.202937	0.207273	0.205053	0.202617	0.207093	0.368909	0.363453	0.373347	0.368904	0.36243	0.374443	1.79907	1.79906	14.1215	
14.7614	1	184	14.3042	1	184	13.4964	1	184	0	0	0	0.210062	0.208187	0.212103	0.21006	0.20738	0.212103	0.377899	0.372007	0.382157	0.377898	0.370927	0.38292	1.79899	1.799	14.2092	
14.91	1	188	14.3989	1	187	13.5859	1	187	0	0	0	0.215063	0.212923	0.216883	0.215063	0.212263	0.21744	0.386899	0.381677	0.39238	0.386899	0.379397	0.39234	1.79901	1.799	14.2926	
15.073	1	184	14.4997	1	183	13.685	1	179	0	0	0	0.220064	0.218087	0.221837	0.220062	0.217233	0.222473	0.395919	0.390383	0.40074	0.395916	0.389087	0.4013	1.79911	1.79911	14.3802	
15.2455	1	175	14.5983	1	172	13.7839	1	172	0	0	0	0.225062	0.222637	0.22686	0.225061	0.22223	0.2274	0.40492	0.399517	0.40928	0.404918	0.398177	0.409743	1.79915	1.79914	14.4653	
15.4269	1	180	14.6976	1	180	13.879	1	176	0	0	0	0.230069	0.227997	0.232233	0.230068	0.227397	0.23231	0.413957	0.40812	0.419343	0.413957	0.407687	0.419417	1.79928	1.79928	14.5498	
15.62	1	209	14.8001	1	209	13.9845	1	209	0	0	0	0.235071	0.233163	0.236947	0.235069	0.232207	0.237193	0.422932	0.417167	0.42782	0.422927	0.416683	0.428577	1.79916	1.79916	14.639	
15.8286	1	212	14.9042	1	212	14.0906	1	212	0	0	0	0.24008	0.238357	0.24196	0.240079	0.237143	0.242163	0.43193	0.42717	0.43732	0.431929	0.426193	0.437703	1.79911	1.79911	14.7287	
16.0483	1	176	15.0065	1	173	14.1865	1	173	0	0	0	0.245084	0.242893	0.247093	0.245083	0.242067	0.247343	0.440875	0.43553	0.4473	0.440874	0.434777	0.4465	1.79887	1.79888	14.8154	
16.289	1	198	15.1124	1	193	14.2951	1	193	0	0	0	0.250091	0.2482	0.25219	0.250089	0.247407	0.252193	0.449926	0.44501	0.455203	0.449924	0.44424	0.455847	1.79905	1.79905	14.9047	
16.5549	1	226	15.2228	1	225	14.3977	1	221	0	0	0	0.255094	0.252643	0.25702	0.255092	0.25238	0.257283	0.458932	0.45203	0.464353	0.458931	0.4534	0.46443	1.79907	1.79908	14.9989	
16.846	1	199	15.328	1	194	14.506	1	190	0	0	0	0.260095	0.257803	0.26233	0.260094	0.257077	0.26248	0.467977	0.460473	0.473533	0.467974	0.462293	0.473333	1.79925	1.79925	15.0871	
17.1855	1	233	15.4454	1	192	14.6235	1	192	0	0	0	0.265097	0.262943	0.267323	0.265097	0.262157	0.267583	0.476998	0.471357	0.483277	0.476998	0.47141	0.481883	1.79933	1.79934	15.1843	
17.577	1	230	15.5594	1	207	14.7296	1	203	0	0	0	0.270088	0.268403	0.27211	0.270086	0.26693	0.272767	0.485969	0.480057	0.492817	0.485964	0.481067	0.490963	1.7993	1.79929	15.2803	
17.9848	1	222	15.674	1	222	14.8504	1	222	0	0	0	0.275084	0.27286	0.27748	0.275083	0.271823	0.27739	0.494943	0.48926	0.50019	0.494942	0.489373	0.50006	1.79925	1.79925	15.3764	
18.4957	1	278	15.7943	1	203	14.9673	1	203	0	0	0	0.280068	0.278157	0.282103	0.280065	0.276637	0.282467	0.503934	0.497143	0.510017	0.503931	0.498083	0.509093	1.79933	1.79933	15.4752	
19.0748	1	306	15.9124	1	229	15.0863	1	229	0	0	0	0.285071	0.282783	0.287533	0.285069	0.281357	0.28792	0.512933	0.506593	0.521053	0.512931	0.506427	0.518593	1.79932	1.79932	15.5713	
19.7952	1	280	16.0343	1	215	15.203	1	215	0	0	0	0.290089	0.287843	0.291763	0.290088	0.286447	0.292617	0.521977	0.51667	0.528357	0.521974	0.51633	0.52734	1.79937	1.79936	15.6707	
20.6478	1	343	16.1521	1	242	15.3263	1	242	0	0	0	0.295092	0.2926	0.297257	0.295087	0.291687	0.29798	0.531018	0.526077	0.536057	0.53101	0.525887	0.536023	1.7995	1.7995	15.7658	
21.7583	1	403	16.2747	1	260	15.4458	1	260	0	0	0	0.300093	0.297937	0.302093	0.300094	0.296573	0.302983	0.540038	0.534473	0.545783	0.540039	0.53439	0.545497	1.79957	1.79957	15.8624	
23.372	1	448	16.403	1	248	15.5728	1	248	0	0	0	0.305088	0.302857	0.30716	0.30509	0.30208	0.307957	0.549015	0.544497	0.554567	0.549018	0.543537	0.554437	1.79953	1.79953	15.9658	
25.9168	1	648	16.5341	1	232	15.7042	1	228	0	0	0	0.310096	0.30811	0.312587	0.310095	0.307237	0.31357	0.558057	0.551827	0.566947	0.558056	0.55236	0.56403	1.79963	1.79963	16.0675	
31.6928	1	1434	16.6561	1	280	15.8272	1	280	0	0	0	0.315092	0.312553	0.31722	0.315084	0.312377	0.31799	0.567055	0.560753	0.572713	0.567043	0.561083	0.572293	1.79965	1.79966	16.1631	
168.737	1	9993	16.7856	1	230	15.9553	1	230	0	0	0	0.320034	0.318317	0.321919	0.319987	0.317937	0.322449	0.575925	0.571447	0.58013	0.57584	0.57129	0.58048	1.79958	1.79957	16.2658	
1211.87	1	49613	16.8992	1	267	16.0619	1	263	0	0	0	0.325022	0.323761	0.326431	0.324477	0.322544	0.326669	0.584897	0.580663	0.589866	0.583917	0.57888	0.588526	1.79956	1.79957	16.3548	
