8.70611	1	58	8.70609	1	58	7.9153	1	57	0	0	0	0.00499033	0.00471667	0.00534333	0.00499037	0	0.05068	0.0089878	0.00840667	0.00970333	0.00898797	0	0.0923467	1.80104	1.80106	8.90028	
8.8496	1	81	8.84938	1	81	8.06224	1	77	0	0	0	0.00998667	0.00936667	0.0104867	0.00998667	0	0.100857	0.0179423	0.01658	0.0193267	0.0179423	0	0.182543	1.79662	1.79663	9.04295	
9.06454	1	83	9.06404	1	83	8.26124	1	83	0	0	0	0.0149928	0.0145567	0.0154833	0.0149926	0	0.150963	0.026992	0.0261067	0.0279833	0.0269916	0	0.27351	1.80033	1.80032	9.2483	
9.35425	1	84	9.35326	1	84	8.54721	1	84	0	0	0	0.0200148	0.0193933	0.0204933	0.0200149	0	0.20122	0.0360539	0.0345267	0.0374667	0.0360541	0	0.363033	1.80136	1.80136	9.5303	
9.67787	1	109	9.67628	1	109	8.88031	1	109	0	0	0	0.0250124	0.0244033	0.0257733	0.0250124	0	0.251327	0.0450406	0.0430667	0.0476533	0.045041	0	0.454557	1.80073	1.80075	9.84693	
10.0776	1	120	10.0752	1	120	9.27591	1	120	0	0	0	0.0299992	0.0292567	0.0307333	0.0299993	0	0.302093	0.0539514	0.05259	0.0555367	0.0539507	0	0.545747	1.79843	1.7984	10.2408	
10.5809	1	119	10.5775	1	119	9.77341	1	115	0	0	0	0.0350134	0.0342567	0.0357733	0.0350134	0	0.353483	0.0629563	0.06123	0.0649167	0.0629555	0	0.63488	1.79806	1.79804	10.7351	
11.1378	1	153	11.1328	1	153	10.3224	1	153	0	0	0	0.0400115	0.03908	0.0410533	0.0400107	0	0.403293	0.0719575	0.0699133	0.0735333	0.0719568	0	0.722623	1.79842	1.79844	11.2816	
11.7769	1	146	11.7693	1	146	10.975	1	146	0	0	0	0.0450037	0.04406	0.0459233	0.0450031	0	0.45082	0.080922	0.0782933	0.08343	0.0809205	0	0.812353	1.79812	1.79811	11.9082	
12.5557	1	148	12.5455	1	148	11.7309	1	148	0	0	0	0.049987	0.0487667	0.0509033	0.0499873	0	0.50132	0.0898885	0.0877267	0.0924967	0.0898885	0	0.90316	1.79824	1.79823	12.6712	
13.4312	1	184	13.4168	1	184	12.612	1	184	0	0	0	0.0549903	0.0539767	0.0560667	0.0549894	0	0.551407	0.0988774	0.0963133	0.101183	0.0988783	0	0.993713	1.79809	1.79813	13.5285	
14.4729	1	209	14.4532	1	209	13.6399	1	205	0	0	0	0.059997	0.0590567	0.0614033	0.055612	0	0.5576	0.107866	0.105413	0.11097	0.1	0	1	1.79786	1.79817	14.5473	
15.6917	1	196	15.6647	1	196	14.8516	1	196	0	0	0	0.0650001	0.0638933	0.0659967	0.0556118	0	0.557617	0.116849	0.114133	0.120103	0.1	0	1	1.79768	1.79818	15.7385	
17.1177	1	194	17.0798	1	194	16.2726	1	194	0	0	0	0.0699817	0.0684767	0.0712933	0.0556124	0	0.557627	0.125844	0.123457	0.128953	0.1	0	1	1.79825	1.79816	17.1277	
18.8094	1	219	18.7554	1	219	17.9738	1	234	0	0	0	0.0749678	0.0740433	0.0760367	0.0556124	0	0.55765	0.134827	0.131843	0.1385	0.1	0	1	1.79847	1.79816	18.7717	
20.8911	1	221	20.8129	1	221	20.0315	1	254	0	0	0	0.0799746	0.0787233	0.08123	0.0556122	0	0.55762	0.143847	0.14111	0.146473	0.1	0	1	1.79866	1.79817	20.7883	
23.4731	1	323	23.3578	1	323	22.5798	1	323	0	0	0	0.0849741	0.08368	0.08632	0.0556116	0	0.55764	0.152912	0.1504	0.15617	0.1	0	1	1.79951	1.79819	23.2775	
26.8844	1	236	26.7023	1	236	25.8907	1	273	0	0	0	0.0899731	0.0884767	0.0915033	0.0556122	0	0.55763	0.161939	0.15789	0.165037	0.1	0	1	1.79986	1.79817	26.5438	
31.4754	1	269	31.1612	1	269	30.345	1	297	0	0	0	0.0949854	0.09358	0.0966667	0.055612	0	0.557617	0.171009	0.168347	0.174117	0.1	0	1	1.80037	1.79817	30.8739	
38.6087	1	494	37.8903	1	311	37.0273	1	343	0	0	0	0.0999934	0.09874	0.101247	0.0556118	0	0.557627	0.180068	0.176433	0.18295	0.1	0	1	1.80079	1.79818	37.3506	
55.0838	1	1798	50.3939	1	321	49.4023	1	357	0	0	0	0.104986	0.103097	0.106463	0.055612	0	0.557627	0.189075	0.185497	0.191993	0.1	0	1	1.80095	1.79817	49.0764	
8009.87	1	276132	72.8749	1	563	71.1035	1	684	0	0	0	0.110001	0.10871	0.111103	0.055619	0	0.55808	0.198084	0.194827	0.201177	0.1	0	1	1.80074	1.79795	68.5123	
