12.631	1	112	12.6309	1	112	11.833	1	112	0	0	0	0.00498339	0.00460333	0.00538667	0.00498346	0	0.08065	0.0089563	0.00821667	0.00986667	0.00895652	0	0.145487	1.79723	1.79725	12.8296	
13.1331	1	128	13.133	1	128	12.331	1	124	0	0	0	0.00998194	0.00952	0.0106333	0.00998207	0	0.161103	0.0179709	0.01678	0.0192467	0.017971	0	0.292207	1.80034	1.80033	13.3244	
13.8772	1	173	13.8769	1	173	13.0753	1	169	0	0	0	0.0149825	0.0143067	0.01555	0.0149826	0	0.241397	0.0269382	0.0256433	0.02851	0.0269379	0	0.433963	1.79798	1.79795	14.0657	
14.9184	1	266	14.9177	1	266	14.1209	1	266	0	0	0	0.0199847	0.0194667	0.0208033	0.0199846	0	0.321443	0.0359356	0.0345	0.03783	0.0359362	0	0.579	1.79816	1.79819	15.1003	
16.2777	1	239	16.2765	1	239	15.4807	1	239	0	0	0	0.0249844	0.02421	0.0256467	0.024985	0	0.401613	0.0449068	0.0431433	0.04654	0.0449083	0	0.724773	1.7974	1.79741	16.4534	
18.0218	1	232	18.0197	1	232	17.2207	1	232	0	0	0	0.0299786	0.02924	0.0307733	0.0299786	0	0.48166	0.0539195	0.05213	0.05596	0.0539188	0	0.870367	1.7986	1.79858	18.1864	
20.2144	1	273	20.2108	1	273	19.4217	1	273	0	0	0	0.0349774	0.0342367	0.0358733	0.0347297	0	0.55826	0.0629459	0.0611567	0.0654667	0.0625	0	1	1.79962	1.79961	20.365	
23.1175	1	297	23.1114	1	297	22.293	1	295	0	0	0	0.0399889	0.0391467	0.0409867	0.0347305	0	0.55832	0.072009	0.0696667	0.07408	0.0625	0	1	1.80073	1.79957	23.2499	
26.7412	1	312	26.731	1	312	25.9404	1	353	0	0	0	0.0449701	0.04413	0.0460133	0.0347305	0	0.558333	0.080976	0.0788633	0.0842433	0.0625	0	1	1.80066	1.79957	26.8503	
31.7156	1	401	31.6981	1	401	30.8959	1	401	0	0	0	0.0499764	0.04892	0.05151	0.0347307	0	0.558333	0.0899879	0.0868533	0.0925167	0.0625	0	1	1.80061	1.79956	31.7903	
38.7899	1	403	38.7589	1	403	37.9358	1	434	0	0	0	0.054982	0.0535933	0.0560633	0.0347306	0	0.558327	0.0989778	0.0963233	0.1012	0.0625	0	1	1.80018	1.79956	38.8103	
49.9193	1	434	49.8569	1	434	49.06	1	469	0	0	0	0.0599857	0.0589133	0.0613133	0.0347305	0	0.558327	0.107968	0.104723	0.111213	0.0625	0	1	1.7999	1.79957	49.8378	
73.1152	1	550	72.9329	1	550	71.7536	1	550	0	0	0	0.0649985	0.0638667	0.0660133	0.0347308	0	0.558343	0.117022	0.11463	0.119897	0.0625	0	1	1.80038	1.79956	72.7255	
9980.59	1	467739	208.836	1	1568	205.973	1	4537	0	0	0	0.0699986	0.0686933	0.0711733	0.0347268	0	0.55809	0.126019	0.123233	0.12942	0.0625	0	1	1.80031	1.79976	202.476	
