15.1043	4	68	15.1039	4	68	14.3165	4	67	0	0	0	0.00498339	0.00460333	0.00538667	0.00498341	0.00460333	0.00538667	0.0089563	0.00821667	0.00986667	0.00895624	0.00821667	0.00986667	1.79723	1.79721	15.2916	
15.2346	4	68	15.2328	4	68	14.4503	4	64	0	0	0	0.00998194	0.00952	0.0106333	0.00998194	0.00951667	0.0106333	0.0179709	0.01678	0.0192467	0.0179708	0.01678	0.0192467	1.80034	1.80033	15.401	
15.3808	4	68	15.3764	4	68	14.5767	4	65	0	0	0	0.0149825	0.0143067	0.01555	0.0149824	0.0143033	0.01555	0.0269382	0.0256433	0.02851	0.0269378	0.0256433	0.02851	1.79798	1.79796	15.5317	
15.5244	4	74	15.5164	4	73	14.716	4	69	0	0	0	0.0199847	0.0194667	0.0208033	0.0199845	0.0194667	0.0208	0.0359356	0.0345	0.03783	0.0359355	0.0344833	0.03783	1.79816	1.79817	15.6534	
15.64	4	71	15.6271	4	68	14.8124	4	67	0	0	0	0.0249844	0.02421	0.0256467	0.0249845	0.02421	0.0256467	0.0449068	0.0431433	0.04654	0.0449071	0.04314	0.04654	1.7974	1.7974	15.7469	
15.7837	4	77	15.7637	4	69	14.9545	4	68	0	0	0	0.0299786	0.02924	0.0307733	0.0299785	0.02924	0.0307733	0.0539195	0.05213	0.05596	0.0539192	0.0521367	0.05596	1.7986	1.7986	15.8634	
15.9118	4	75	15.8833	4	71	15.0673	4	70	0	0	0	0.0349774	0.0342367	0.0358733	0.0349775	0.0342367	0.0358767	0.0629459	0.0611567	0.0654667	0.0629463	0.0611567	0.0654567	1.79962	1.79962	15.962	
16.0345	4	76	15.9947	4	73	15.1756	4	69	0	0	0	0.0399889	0.0391467	0.0409867	0.0399887	0.0391467	0.0409833	0.072009	0.0696667	0.07408	0.0720087	0.0696667	0.07408	1.80073	1.80073	16.0511	
16.1532	4	90	16.1005	4	72	15.2775	4	70	0	0	0	0.0449701	0.04413	0.0460133	0.04497	0.0441333	0.0460133	0.080976	0.0788633	0.0842433	0.0809758	0.0788633	0.0842333	1.80066	1.80066	16.1358	
16.2829	4	92	16.2123	4	92	15.3857	4	92	0	0	0	0.0499764	0.04892	0.05151	0.0499761	0.04892	0.0515067	0.0899879	0.0868533	0.0925167	0.0899873	0.0868533	0.0925233	1.80061	1.80061	16.2252	
16.4067	4	121	16.3161	4	121	15.4925	4	121	0	0	0	0.054982	0.0535933	0.0560633	0.0549817	0.0536033	0.0560667	0.0989778	0.0963233	0.1012	0.0989775	0.0963367	0.1012	1.80018	1.80019	16.3047	
16.5283	4	116	16.4131	4	116	15.5806	4	116	0	0	0	0.0599857	0.0589133	0.0613133	0.0599856	0.0589167	0.0613233	0.107968	0.104723	0.111213	0.107969	0.104723	0.111213	1.7999	1.79991	16.3765	
16.6553	4	112	16.5075	4	112	15.6727	4	112	0	0	0	0.0649985	0.0638667	0.0660133	0.0649982	0.0638667	0.06602	0.117022	0.11463	0.119897	0.117022	0.114637	0.119893	1.80038	1.80039	16.443	
16.7933	4	120	16.608	4	120	15.7827	4	120	0	0	0	0.0699986	0.0686933	0.0711733	0.069998	0.06869	0.07118	0.126019	0.123233	0.12942	0.126018	0.123237	0.129423	1.80031	1.80031	16.5144	
16.9321	4	131	16.699	4	120	15.8613	4	120	0	0	0	0.07499	0.0734167	0.0760667	0.0749897	0.07342	0.0760533	0.134971	0.131247	0.138787	0.13497	0.131247	0.138747	1.79985	1.79985	16.5741	
17.0904	4	126	16.7945	4	118	15.9554	4	118	0	0	0	0.0799878	0.0786433	0.0812033	0.0799875	0.07864	0.08121	0.143984	0.14032	0.146947	0.143983	0.14032	0.14695	1.80007	1.80007	16.6366	
17.2534	4	187	16.8864	4	126	16.0477	4	126	0	0	0	0.0849842	0.08364	0.08641	0.0849839	0.0836433	0.08641	0.152967	0.14972	0.156877	0.152967	0.14971	0.156863	1.79995	1.79995	16.692	
17.4377	4	210	16.9658	4	120	16.1176	4	120	0	0	0	0.08999	0.0882767	0.0914933	0.0899897	0.0882767	0.0914933	0.161986	0.15777	0.165417	0.161985	0.15777	0.165407	1.80005	1.80004	16.7337	
17.658	4	247	17.0623	4	125	16.2226	4	125	0	0	0	0.0949999	0.0936067	0.0963867	0.0949993	0.09361	0.09639	0.170999	0.166893	0.17535	0.170998	0.166897	0.17533	1.79999	1.79999	16.7885	
17.9453	4	241	17.1636	4	123	16.3142	4	122	0	0	0	0.100003	0.09821	0.10142	0.100002	0.0982167	0.101417	0.180009	0.17718	0.183673	0.180007	0.17717	0.183657	1.80004	1.80003	16.8438	
18.2756	4	319	17.2397	4	124	16.3912	4	124	0	0	0	0.105002	0.10362	0.106463	0.105002	0.103613	0.10646	0.189006	0.18513	0.192463	0.189006	0.18513	0.19246	1.80002	1.80002	16.8718	
18.7568	4	348	17.3295	4	124	16.4815	4	124	0	0	0	0.110003	0.10808	0.11205	0.110003	0.108077	0.112047	0.19802	0.193597	0.202457	0.198019	0.193593	0.202437	1.80014	1.80013	16.9076	
19.5945	4	933	17.4377	4	124	16.5889	4	122	0	0	0	0.115	0.11298	0.11649	0.115	0.11298	0.11649	0.207012	0.20274	0.211183	0.207012	0.202747	0.21121	1.8001	1.8001	16.9523	
21.0714	4	1078	17.5323	4	126	16.6776	4	123	0	0	0	0.120001	0.11788	0.12139	0.120002	0.11787	0.12139	0.215985	0.21001	0.219877	0.215987	0.210023	0.219847	1.79986	1.79986	16.9822	
35.9007	4	5264	17.6165	4	174	16.7625	4	174	0	0	0	0.124996	0.123719	0.12605	0.124994	0.123719	0.126044	0.224939	0.221173	0.227256	0.224935	0.221161	0.22725	1.79957	1.79956	16.9852	
685.01	4	71090	17.7338	4	130	16.8681	4	131	0	0	0	0.129997	0.128721	0.130993	0.129883	0.122001	0.13099	0.233928	0.231676	0.237166	0.233723	0.219093	0.237161	1.79949	1.79949	17.033	
