13.4598	2	68	13.4597	2	68	12.6739	2	67	0	0	0	0.00498339	0.00460333	0.00538667	0.00498337	0.00460333	0.00539	0.0089563	0.00821667	0.00986667	0.00895632	0.00821667	0.00986333	1.79723	1.79724	13.6381	
13.4734	2	68	13.4729	2	68	12.6861	2	64	0	0	0	0.00998194	0.00952	0.0106333	0.00998201	0.00951667	0.0106333	0.0179709	0.01678	0.0192467	0.0179709	0.01678	0.0192467	1.80034	1.80033	13.6246	
13.4943	2	68	13.493	2	68	12.6985	2	68	0	0	0	0.0149825	0.0143067	0.01555	0.0149826	0.0143033	0.01555	0.0269382	0.0256433	0.02851	0.026938	0.0256433	0.02851	1.79798	1.79796	13.6225	
13.5242	2	70	13.5217	2	68	12.7203	2	68	0	0	0	0.0199847	0.0194667	0.0208033	0.0199846	0.0194667	0.0208	0.0359356	0.0345	0.03783	0.0359359	0.0344833	0.03783	1.79816	1.79818	13.6258	
13.5357	2	71	13.5318	2	69	12.7262	2	68	0	0	0	0.0249844	0.02421	0.0256467	0.0249844	0.02421	0.0256467	0.0449068	0.0431433	0.04654	0.0449072	0.04314	0.04654	1.7974	1.79741	13.614	
13.5659	2	72	13.5599	2	72	12.7701	2	68	0	0	0	0.0299786	0.02924	0.0307733	0.0299783	0.0292433	0.0307733	0.0539195	0.05213	0.05596	0.0539191	0.0521567	0.05596	1.7986	1.7986	13.6164	
13.5883	2	100	13.5794	2	100	12.7811	2	100	0	0	0	0.0349774	0.0342367	0.0358733	0.0349775	0.0342367	0.0358767	0.0629459	0.0611567	0.0654667	0.0629463	0.0611567	0.0654667	1.79962	1.79962	13.6107	
13.6198	2	75	13.6064	2	75	12.8037	2	71	0	0	0	0.0399889	0.0391467	0.0409867	0.0399886	0.0391467	0.0409833	0.072009	0.0696667	0.07408	0.0720083	0.0696667	0.07408	1.80073	1.80072	13.6099	
13.6321	2	117	13.6141	2	117	12.8136	2	117	0	0	0	0.0449701	0.04413	0.0460133	0.0449702	0.0441333	0.0460133	0.080976	0.0788633	0.0842433	0.080976	0.0788633	0.0842333	1.80066	1.80066	13.5934	
13.6518	2	103	13.628	2	75	12.834	2	72	0	0	0	0.0499764	0.04892	0.05151	0.0499762	0.0489233	0.05151	0.0899879	0.0868533	0.0925167	0.0899875	0.0868533	0.09252	1.80061	1.80061	13.584	
13.6821	2	117	13.6507	2	116	12.8582	2	112	0	0	0	0.054982	0.0535933	0.0560633	0.054982	0.0536033	0.0560667	0.0989778	0.0963233	0.1012	0.0989779	0.0963567	0.1012	1.80018	1.80019	13.5825	
13.7056	2	149	13.6637	2	124	12.8677	2	124	0	0	0	0.0599857	0.0589133	0.0613133	0.0599856	0.05891	0.06132	0.107968	0.104723	0.111213	0.107968	0.104723	0.111213	1.7999	1.7999	13.5705	
13.7341	2	124	13.6816	2	124	12.8872	2	120	0	0	0	0.0649985	0.0638667	0.0660133	0.064998	0.06387	0.06601	0.117022	0.11463	0.119897	0.117022	0.114637	0.119893	1.80038	1.80039	13.5638	
13.7652	2	167	13.698	2	124	12.9066	2	120	0	0	0	0.0699986	0.0686933	0.0711733	0.0699981	0.0686867	0.0711767	0.126019	0.123233	0.12942	0.126018	0.123237	0.12942	1.80031	1.80031	13.5541	
13.804	2	167	13.7168	2	120	12.9209	2	120	0	0	0	0.07499	0.0734167	0.0760667	0.0749896	0.0734233	0.0760533	0.134971	0.131247	0.138787	0.13497	0.131247	0.138747	1.79985	1.79985	13.5472	
13.8449	2	189	13.7374	2	116	12.9468	2	116	0	0	0	0.0799878	0.0786433	0.0812033	0.0799876	0.07865	0.0812167	0.143984	0.14032	0.146947	0.143984	0.14033	0.146943	1.80007	1.80007	13.5431	
13.889	2	238	13.75	2	120	12.9573	2	120	0	0	0	0.0849842	0.08364	0.08641	0.0849842	0.08363	0.0864133	0.152967	0.14972	0.156877	0.152968	0.14972	0.156877	1.79995	1.79995	13.5302	
13.9383	2	273	13.7601	2	125	12.965	2	125	0	0	0	0.08999	0.0882767	0.0914933	0.0899898	0.08828	0.0914933	0.161986	0.15777	0.165417	0.161986	0.157773	0.165407	1.80005	1.80004	13.5132	
13.9945	2	370	13.7757	2	151	12.9835	2	151	0	0	0	0.0949999	0.0936067	0.0963867	0.0949999	0.0936067	0.0963867	0.170999	0.166893	0.17535	0.170999	0.166897	0.17534	1.79999	1.79999	13.5046	
14.0781	2	259	13.8025	2	128	13.0105	2	124	0	0	0	0.100003	0.09821	0.10142	0.100003	0.09821	0.101417	0.180009	0.17718	0.183673	0.180008	0.177163	0.18366	1.80004	1.80003	13.5022	
14.1715	2	451	13.8139	2	127	13.0285	2	127	0	0	0	0.105002	0.10362	0.106463	0.105002	0.103613	0.106467	0.189006	0.18513	0.192463	0.189006	0.18513	0.192477	1.80002	1.80002	13.4867	
14.2642	2	312	13.8273	2	127	13.0357	2	127	0	0	0	0.110003	0.10808	0.11205	0.110002	0.108077	0.11205	0.19802	0.193597	0.202457	0.198018	0.193597	0.20244	1.80014	1.80013	13.4736	
14.4177	2	420	13.8543	2	188	13.0633	2	188	0	0	0	0.115	0.11298	0.11649	0.115	0.11298	0.11649	0.207012	0.20274	0.211183	0.207011	0.202747	0.211197	1.8001	1.8001	13.473	
14.5945	2	623	13.8726	2	132	13.0852	2	132	0	0	0	0.120001	0.11788	0.12139	0.120001	0.11787	0.121393	0.215985	0.21001	0.219877	0.215984	0.209993	0.219857	1.79986	1.79985	13.4626	
14.8004	2	762	13.887	2	136	13.0975	2	136	0	0	0	0.124991	0.122477	0.126757	0.124991	0.12247	0.12676	0.224941	0.21717	0.229613	0.22494	0.21716	0.229603	1.79965	1.79965	13.4496	
15.0647	2	751	13.9092	2	136	13.121	2	136	0	0	0	0.129994	0.12861	0.13163	0.129995	0.12861	0.13163	0.233907	0.229627	0.239577	0.233909	0.22959	0.23955	1.79937	1.79937	13.4438	
15.3947	2	1014	13.9317	2	178	13.1428	2	178	0	0	0	0.135011	0.13331	0.137077	0.135011	0.1333	0.13708	0.242939	0.23854	0.24718	0.242938	0.23855	0.247187	1.7994	1.79939	13.4375	
15.7814	2	803	13.9555	2	132	13.1686	2	132	0	0	0	0.140012	0.138473	0.141673	0.140012	0.138487	0.141663	0.251956	0.247503	0.255883	0.251957	0.2475	0.255887	1.79953	1.79954	13.4311	
16.5009	2	1697	13.9736	2	140	13.1971	2	140	0	0	0	0.145017	0.14337	0.146897	0.145016	0.14337	0.1469	0.260933	0.25642	0.265297	0.260931	0.256433	0.265297	1.79933	1.79932	13.4191	
17.1727	2	1417	13.9981	2	158	13.2142	2	158	0	0	0	0.15003	0.148493	0.151627	0.150033	0.1485	0.15169	0.269926	0.26537	0.274093	0.269931	0.265373	0.27409	1.79915	1.79915	13.4131	
18.2179	2	1895	14.024	2	167	13.2451	2	167	0	0	0	0.15501	0.153073	0.15654	0.15501	0.153073	0.15655	0.278871	0.274573	0.28329	0.278872	0.27451	0.2833	1.79905	1.79906	13.4036	
19.3825	2	1969	14.0428	2	140	13.2604	2	140	0	0	0	0.159992	0.158507	0.162103	0.15999	0.158507	0.162113	0.287835	0.28356	0.292603	0.287832	0.283527	0.292597	1.79905	1.79905	13.3993	
20.6682	2	2079	14.0744	2	143	13.2903	2	143	0	0	0	0.164984	0.16321	0.16732	0.164986	0.163207	0.167327	0.296815	0.29239	0.302133	0.296817	0.292397	0.302127	1.79905	1.79905	13.3963	
23.3616	2	3346	14.1046	2	160	13.323	2	160	0	0	0	0.169982	0.16839	0.171893	0.169983	0.168397	0.171893	0.305826	0.299963	0.31143	0.305829	0.299967	0.31146	1.79917	1.79918	13.3902	
26.0527	2	3041	14.1279	2	161	13.3432	2	161	0	0	0	0.174982	0.17345	0.177263	0.174983	0.17346	0.177267	0.314825	0.31027	0.319503	0.314827	0.31029	0.31951	1.79918	1.79918	13.3847	
30.8417	2	3003	14.1593	2	180	13.3781	2	180	0	0	0	0.180015	0.178685	0.181778	0.180018	0.17872	0.181775	0.323885	0.319535	0.328157	0.32389	0.319543	0.328145	1.79921	1.79921	13.3828	
40.6201	2	4678	14.1883	2	177	13.4072	2	177	0	0	0	0.184973	0.182803	0.187077	0.184975	0.182817	0.1871	0.332765	0.328003	0.33785	0.332772	0.328007	0.337853	1.799	1.79901	13.3769	
155.247	2	52794	14.2176	2	228	13.4394	2	228	0	0	0	0.189977	0.188523	0.191356	0.189943	0.180666	0.191354	0.341899	0.337996	0.34521	0.341838	0.326129	0.345173	1.79969	1.79968	13.3718	
340.071	2	114287	14.2513	2	180	13.4755	2	180	0	0	0	0.194974	0.193234	0.196197	0.194898	0.174897	0.196196	0.35088	0.348029	0.35454	0.350743	0.31456	0.354533	1.79963	1.79962	13.368	
