18.5907	2	42	18.5899	2	42	17.7958	2	38	0	0	0	0.00498339	0.00460333	0.00538667	0.00498348	0.00460333	0.00539333	0.0089563	0.00821667	0.00986667	0.00895642	0.00821667	0.00986667	1.79723	1.79722	18.7519	
18.6322	2	54	18.6275	2	42	17.8456	2	41	0	0	0	0.00998194	0.00952	0.0106333	0.00998206	0.00951667	0.0106333	0.0179709	0.01678	0.0192467	0.0179711	0.01678	0.0192467	1.80034	1.80034	18.7505	
18.6607	2	54	18.6478	2	44	17.8434	2	41	0	0	0	0.0149825	0.0143067	0.01555	0.0149827	0.0143033	0.01555	0.0269382	0.0256433	0.02851	0.0269382	0.0256467	0.02851	1.79798	1.79795	18.7377	
18.7297	2	64	18.7023	2	45	17.9068	2	45	0	0	0	0.0199847	0.0194667	0.0208033	0.0199846	0.01947	0.0208	0.0359356	0.0345	0.03783	0.0359361	0.0344833	0.0378333	1.79816	1.79818	18.7534	
18.7909	2	59	18.7414	2	48	17.9461	2	44	0	0	0	0.0249844	0.02421	0.0256467	0.0249846	0.0242067	0.0256467	0.0449068	0.0431433	0.04654	0.0449077	0.0431433	0.04654	1.7974	1.79742	18.752	
18.8781	2	80	18.7958	2	50	18.0055	2	49	0	0	0	0.0299786	0.02924	0.0307733	0.0299785	0.0292433	0.0307733	0.0539195	0.05213	0.05596	0.0539193	0.0521567	0.05596	1.7986	1.7986	18.7578	
18.9888	2	107	18.8554	2	50	18.0627	2	47	0	0	0	0.0349774	0.0342367	0.0358733	0.0349773	0.0342333	0.0358833	0.0629459	0.0611567	0.0654667	0.0629462	0.0611567	0.06545	1.79962	1.79963	18.7617	
19.1246	2	131	18.9199	2	52	18.1195	2	52	0	0	0	0.0399889	0.0391467	0.0409867	0.0399886	0.0391467	0.0409833	0.072009	0.0696667	0.07408	0.072008	0.06967	0.07408	1.80073	1.80071	18.7596	
19.3224	2	161	18.9981	2	54	18.1987	2	52	0	0	0	0.0449701	0.04413	0.0460133	0.0449699	0.0441367	0.0460133	0.080976	0.0788633	0.0842433	0.0809758	0.07888	0.0842167	1.80066	1.80066	18.7559	
19.6223	2	216	19.1016	2	55	18.304	2	52	0	0	0	0.0499764	0.04892	0.05151	0.0499763	0.04892	0.0515033	0.0899879	0.0868533	0.0925167	0.0899875	0.0868567	0.0925367	1.80061	1.80061	18.7582	
20.1869	2	386	19.2555	2	57	18.4605	2	55	0	0	0	0.054982	0.0535933	0.0560633	0.054982	0.0536	0.0560733	0.0989778	0.0963233	0.1012	0.0989781	0.0963567	0.10118	1.80018	1.80019	18.7598	
21.2514	2	623	19.4441	2	60	18.6497	2	60	0	0	0	0.0599857	0.0589133	0.0613133	0.0599854	0.0589133	0.0613233	0.107968	0.104723	0.111213	0.107968	0.104723	0.111213	1.7999	1.79991	18.7589	
23.6713	2	714	19.6976	2	61	18.9029	2	59	0	0	0	0.0649985	0.0638667	0.0660133	0.0649978	0.0638667	0.06601	0.117022	0.11463	0.119897	0.117021	0.114637	0.119897	1.80038	1.80038	18.7576	
37.0109	2	3336	20.0351	2	65	19.2399	2	62	0	0	0	0.0700068	0.0689125	0.0708925	0.0700081	0.0689125	0.0708925	0.126045	0.123295	0.128683	0.126047	0.123308	0.128678	1.80047	1.80047	18.7614	
2555.85	2	69539	20.4532	2	70	19.6822	2	66	0	0	0	0.0749953	0.0740143	0.0758971	0.0747192	0.0682829	0.0761814	0.134955	0.132561	0.136834	0.134465	0.122351	0.137079	1.79951	1.7996	18.7574	
