13.0278	1	70	13.0278	1	70	12.2178	1	70	0	0	0	0.00498339	0.00460333	0.00538667	0.00498346	0.00455667	0.00546667	0.0089563	0.00821667	0.00986667	0.00895643	0.00789	0.00981	1.79723	1.79723	13.2266	
13.0858	1	77	13.0857	1	77	12.2842	1	77	0	0	0	0.00998194	0.00952	0.0106333	0.00998203	0.00956	0.01048	0.0179709	0.01678	0.0192467	0.0179709	0.01652	0.0190933	1.80034	1.80032	13.2768	
13.1136	1	92	13.1133	1	92	12.3159	1	88	0	0	0	0.0149825	0.0143067	0.01555	0.0149824	0.0142933	0.0156767	0.0269382	0.0256433	0.02851	0.0269378	0.02567	0.0291567	1.79798	1.79796	13.3028	
13.1768	1	90	13.1761	1	90	12.3842	1	87	0	0	0	0.0199847	0.0194667	0.0208033	0.0199847	0.0192767	0.0205867	0.0359356	0.0345	0.03783	0.0359359	0.0341033	0.0377733	1.79816	1.79817	13.3609	
13.2416	1	120	13.2404	1	120	12.4448	1	120	0	0	0	0.0249844	0.02421	0.0256467	0.0249844	0.0240433	0.0259033	0.0449068	0.0431433	0.04654	0.0449074	0.0428467	0.04713	1.7974	1.79742	13.4215	
13.3091	1	120	13.3073	1	120	12.5062	1	120	0	0	0	0.0299786	0.02924	0.0307733	0.0299785	0.02906	0.03075	0.0539195	0.05213	0.05596	0.0539195	0.0516333	0.05587	1.7986	1.7986	13.4824	
13.3732	1	120	13.3708	1	120	12.5717	1	120	0	0	0	0.0349774	0.0342367	0.0358733	0.0349774	0.0340233	0.03581	0.0629459	0.0611567	0.0654667	0.0629461	0.06075	0.0649533	1.79962	1.79962	13.5401	
13.4356	1	107	13.4322	1	107	12.6367	1	107	0	0	0	0.0399889	0.0391467	0.0409867	0.0399885	0.0390367	0.0408667	0.072009	0.0696667	0.07408	0.072008	0.0697933	0.0743633	1.80073	1.80072	13.5954	
13.5	1	108	13.4957	1	108	12.6942	1	108	0	0	0	0.0449701	0.04413	0.0460133	0.0449699	0.0437933	0.04609	0.080976	0.0788633	0.0842433	0.0809756	0.0786333	0.0830767	1.80066	1.80066	13.6548	
13.5656	1	120	13.5599	1	120	12.7547	1	120	0	0	0	0.0499764	0.04892	0.05151	0.0499761	0.0487333	0.05127	0.0899879	0.0868533	0.0925167	0.0899875	0.0871567	0.09239	1.80061	1.80061	13.7135	
13.6347	1	132	13.6275	1	132	12.828	1	128	0	0	0	0.054982	0.0535933	0.0560633	0.0549818	0.0539667	0.0561533	0.0989778	0.0963233	0.1012	0.0989775	0.0960533	0.10155	1.80018	1.80019	13.7767	
13.7072	1	130	13.6983	1	130	12.8951	1	130	0	0	0	0.0599857	0.0589133	0.0613133	0.0599856	0.0588633	0.0614467	0.107968	0.104723	0.111213	0.107968	0.105147	0.111233	1.7999	1.7999	13.8425	
13.7804	1	128	13.7694	1	128	12.9686	1	128	0	0	0	0.0649985	0.0638667	0.0660133	0.0649982	0.0637733	0.06674	0.117022	0.11463	0.119897	0.117021	0.11432	0.12074	1.80038	1.80038	13.9079	
13.8626	1	145	13.8494	1	145	13.0512	1	145	0	0	0	0.0699986	0.0686933	0.0711733	0.0699985	0.06892	0.0716767	0.126019	0.123233	0.12942	0.12602	0.123433	0.129877	1.80031	1.80032	13.9824	
13.9345	1	137	13.9189	1	137	13.118	1	137	0	0	0	0.07499	0.0734167	0.0760667	0.0749896	0.0736667	0.0763667	0.134971	0.131247	0.138787	0.13497	0.132253	0.138543	1.79985	1.79985	14.0472	
14.0102	1	151	13.9915	1	151	13.1867	1	147	0	0	0	0.0799878	0.0786433	0.0812033	0.0799871	0.0785	0.0815067	0.143984	0.14032	0.146947	0.143982	0.140993	0.147603	1.80007	1.80007	14.1136	
14.085	1	153	14.0633	1	153	13.2664	1	149	0	0	0	0.0849842	0.08364	0.08641	0.0849839	0.0837633	0.08671	0.152967	0.14972	0.156877	0.152967	0.149753	0.15703	1.79995	1.79995	14.1798	
14.1665	1	151	14.1413	1	151	13.3383	1	148	0	0	0	0.08999	0.0882767	0.0914933	0.0899895	0.08869	0.0918367	0.161986	0.15777	0.165417	0.161985	0.158347	0.16597	1.80005	1.80004	14.2519	
14.2513	1	181	14.2219	1	181	13.4215	1	181	0	0	0	0.0949999	0.0936067	0.0963867	0.0949992	0.0935033	0.0967133	0.170999	0.166893	0.17535	0.170997	0.16671	0.1751	1.79999	1.79998	14.3265	
14.3377	1	146	14.3042	1	141	13.5032	1	141	0	0	0	0.100003	0.09821	0.10142	0.100002	0.09868	0.101577	0.180009	0.17718	0.183673	0.180008	0.17563	0.183947	1.80004	1.80004	14.4025	
14.4239	1	149	14.3848	1	149	13.5798	1	149	0	0	0	0.105002	0.10362	0.106463	0.105002	0.103497	0.106617	0.189006	0.18513	0.192463	0.189005	0.18407	0.19289	1.80002	1.80002	14.4771	
14.5051	1	147	14.4611	1	147	13.6589	1	147	0	0	0	0.110003	0.10808	0.11205	0.110003	0.10861	0.1116	0.19802	0.193597	0.202457	0.198019	0.193683	0.20184	1.80014	1.80013	14.5465	
14.5972	1	183	14.5467	1	183	13.74	1	183	0	0	0	0.115	0.11298	0.11649	0.115	0.113483	0.116717	0.207012	0.20274	0.211183	0.207012	0.202243	0.21142	1.8001	1.8001	14.626	
14.6849	1	147	14.6273	1	147	13.8218	1	147	0	0	0	0.120001	0.11788	0.12139	0.120001	0.11847	0.121837	0.215985	0.21001	0.219877	0.215984	0.21121	0.220263	1.79986	1.79985	14.6994	
14.7893	1	167	14.7239	1	167	13.9213	1	163	0	0	0	0.124991	0.122477	0.126757	0.124991	0.123473	0.126653	0.224941	0.21717	0.229613	0.224939	0.219827	0.22849	1.79965	1.79965	14.7899	
14.8838	1	184	14.8101	1	184	14.0073	1	184	0	0	0	0.129994	0.12861	0.13163	0.129993	0.128613	0.131763	0.233907	0.229627	0.239577	0.233906	0.229127	0.237743	1.79937	1.79937	14.8688	
14.9801	1	184	14.8967	1	184	14.0923	1	184	0	0	0	0.135011	0.13331	0.137077	0.135011	0.133503	0.136677	0.242939	0.23854	0.24718	0.242938	0.238443	0.246617	1.7994	1.79939	14.9477	
15.08	1	172	14.9857	1	172	14.1805	1	172	0	0	0	0.140012	0.138473	0.141673	0.140013	0.138427	0.141747	0.251956	0.247503	0.255883	0.251958	0.2477	0.255877	1.79953	1.79954	15.0294	
15.184	1	172	15.0791	1	169	14.2693	1	169	0	0	0	0.145017	0.14337	0.146897	0.145017	0.143303	0.146997	0.260933	0.25642	0.265297	0.260932	0.256367	0.265123	1.79933	1.79933	15.1149	
15.2873	1	178	15.1697	1	178	14.3625	1	178	0	0	0	0.15003	0.148493	0.151627	0.150029	0.14812	0.15192	0.269926	0.26537	0.274093	0.269924	0.26557	0.27451	1.79915	1.79914	15.1979	
15.394	1	174	15.261	1	174	14.4489	1	174	0	0	0	0.15501	0.153073	0.15654	0.15501	0.15259	0.157043	0.278871	0.274573	0.28329	0.278872	0.274503	0.284577	1.79905	1.79906	15.2808	
15.5043	1	161	15.3574	1	161	14.546	1	161	0	0	0	0.159992	0.158507	0.162103	0.159992	0.157417	0.16204	0.287835	0.28356	0.292603	0.287833	0.283627	0.294223	1.79905	1.79905	15.3691	
15.6255	1	188	15.4597	1	188	14.6458	1	188	0	0	0	0.164984	0.16321	0.16732	0.164984	0.16244	0.16693	0.296815	0.29239	0.302133	0.296814	0.292367	0.303723	1.79905	1.79905	15.4619	
15.7458	1	184	15.5603	1	184	14.7551	1	184	0	0	0	0.169982	0.16839	0.171893	0.16998	0.167103	0.17175	0.305826	0.299963	0.31143	0.305825	0.30155	0.312023	1.79917	1.79918	15.5532	
15.8659	1	220	15.6597	1	219	14.8509	1	215	0	0	0	0.174982	0.17345	0.177263	0.174981	0.172033	0.176783	0.314825	0.31027	0.319503	0.314824	0.31034	0.320633	1.79918	1.79919	15.6432	
15.9886	1	203	15.7564	1	203	14.9406	1	199	0	0	0	0.179982	0.17798	0.182083	0.179981	0.17726	0.181983	0.323818	0.31814	0.328417	0.323817	0.3195	0.329643	1.79917	1.79918	15.7309	
16.115	1	192	15.8555	1	192	15.0462	1	192	0	0	0	0.184973	0.182803	0.187077	0.184973	0.182337	0.18666	0.332765	0.328003	0.33785	0.332766	0.328943	0.33874	1.799	1.799	15.8203	
16.253	1	215	15.9641	1	215	15.1563	1	215	0	0	0	0.18996	0.187713	0.191863	0.189959	0.18726	0.191767	0.341715	0.336363	0.346783	0.341715	0.337543	0.347323	1.79888	1.79888	15.9192	
16.3915	1	205	16.0698	1	205	15.2554	1	205	0	0	0	0.194964	0.192853	0.19691	0.194962	0.191983	0.196643	0.350751	0.345817	0.355963	0.350749	0.346557	0.35657	1.79906	1.79906	16.0136	
16.5419	1	199	16.1808	1	199	15.3688	1	199	0	0	0	0.199974	0.19831	0.20187	0.199973	0.197273	0.201503	0.35981	0.354907	0.36456	0.359807	0.35588	0.36503	1.79928	1.79928	16.1131	
16.6835	1	197	16.2822	1	196	15.4648	1	196	0	0	0	0.204976	0.203397	0.20654	0.204975	0.202457	0.20659	0.368815	0.36456	0.374103	0.368812	0.36441	0.37428	1.79931	1.7993	16.2032	
16.8505	1	217	16.4004	1	216	15.5878	1	216	0	0	0	0.209974	0.207767	0.21207	0.209974	0.207617	0.211833	0.377791	0.370473	0.382073	0.377789	0.372623	0.38311	1.79922	1.79922	16.3092	
17.0069	1	222	16.5037	1	222	15.6834	1	222	0	0	0	0.214986	0.212967	0.21734	0.214986	0.212513	0.21692	0.386819	0.381003	0.39246	0.386818	0.38111	0.39154	1.79927	1.79927	16.401	
17.187	1	206	16.6217	1	205	15.8053	1	205	0	0	0	0.219993	0.218353	0.222333	0.219992	0.217817	0.221927	0.395841	0.39064	0.40244	0.395839	0.390367	0.400537	1.79934	1.79934	16.506	
17.3671	1	213	16.7376	1	206	15.9162	1	206	0	0	0	0.224993	0.223007	0.227497	0.224993	0.222767	0.22713	0.404875	0.399297	0.411153	0.404875	0.399283	0.41051	1.7995	1.7995	16.6088	
17.5717	1	253	16.8608	1	253	16.0452	1	253	0	0	0	0.229992	0.227607	0.232167	0.229992	0.227473	0.232263	0.413887	0.408027	0.42042	0.413889	0.409223	0.419267	1.79957	1.79957	16.7179	
17.782	1	205	16.9797	1	202	16.1621	1	202	0	0	0	0.234986	0.23292	0.237957	0.234986	0.232167	0.237403	0.422871	0.417073	0.428353	0.42287	0.418157	0.428683	1.79956	1.79956	16.822	
17.992	1	227	17.0976	1	218	16.2772	1	218	0	0	0	0.239993	0.23768	0.241783	0.239991	0.237213	0.24265	0.431894	0.42694	0.43712	0.431891	0.426717	0.437657	1.79961	1.79961	16.926	
18.2403	1	241	17.2244	1	229	16.4003	1	225	0	0	0	0.244995	0.242863	0.247107	0.244994	0.242237	0.24737	0.440914	0.434637	0.44857	0.440911	0.436333	0.446613	1.79969	1.79968	17.037	
18.4941	1	230	17.3398	1	221	16.5199	1	221	0	0	0	0.25001	0.24766	0.25191	0.250009	0.24747	0.252393	0.44993	0.444347	0.455793	0.44993	0.445223	0.45616	1.79965	1.79965	17.1367	
18.7781	1	237	17.4744	1	237	16.6526	1	237	0	0	0	0.255013	0.252723	0.25684	0.255011	0.25276	0.257867	0.45895	0.453233	0.463813	0.458945	0.454597	0.465613	1.79971	1.79971	17.2536	
19.0733	1	230	17.5949	1	229	16.771	1	229	0	0	0	0.260026	0.258207	0.262287	0.260025	0.257513	0.26262	0.467997	0.46099	0.473107	0.467995	0.46324	0.474193	1.79981	1.79981	17.358	
19.4196	1	260	17.7289	1	256	16.9059	1	252	0	0	0	0.265023	0.262897	0.26749	0.265021	0.262567	0.267617	0.476981	0.470043	0.482453	0.47698	0.47204	0.48372	1.79978	1.79978	17.4736	
19.7871	1	305	17.8549	1	254	17.0281	1	254	0	0	0	0.270017	0.267937	0.2724	0.270017	0.26758	0.27241	0.485957	0.48078	0.490887	0.485957	0.4806	0.492623	1.79973	1.79973	17.5806	
20.2371	1	272	17.9918	1	228	17.1631	1	228	0	0	0	0.27502	0.27273	0.277457	0.275019	0.272613	0.277567	0.494985	0.488353	0.501127	0.494985	0.489357	0.501663	1.79981	1.79982	17.6977	
20.7088	1	254	18.1207	1	237	17.2909	1	237	0	0	0	0.280016	0.278103	0.28299	0.280016	0.277863	0.28254	0.503957	0.497733	0.511083	0.503957	0.49769	0.511007	1.79975	1.79975	17.8059	
21.3056	1	305	18.2629	1	237	17.4348	1	237	0	0	0	0.285004	0.282537	0.28729	0.285003	0.282837	0.287417	0.512935	0.507113	0.520527	0.512936	0.50721	0.519483	1.79975	1.79976	17.9265	
21.9797	1	320	18.3981	1	232	17.5662	1	232	0	0	0	0.290022	0.28751	0.292563	0.290022	0.288117	0.292843	0.522	0.515587	0.528123	0.521999	0.51555	0.528977	1.79986	1.79986	18.0396	
22.813	1	329	18.5349	1	260	17.7023	1	257	0	0	0	0.295015	0.292347	0.297187	0.295012	0.293017	0.298053	0.530991	0.523557	0.53871	0.530988	0.524733	0.538723	1.79988	1.79989	18.1527	
24.0132	1	455	18.6926	1	245	17.8663	1	245	0	0	0	0.300016	0.297723	0.302303	0.300018	0.297917	0.30301	0.540008	0.53431	0.546087	0.540011	0.534463	0.54733	1.79993	1.79993	18.2835	
25.5542	1	512	18.8391	1	260	18.0082	1	260	0	0	0	0.305017	0.30252	0.307097	0.305018	0.302403	0.308047	0.549061	0.542037	0.553803	0.549066	0.542993	0.55628	1.8001	1.80011	18.4041	
28.0265	1	684	18.9771	1	246	18.1412	1	242	0	0	0	0.310031	0.307737	0.312257	0.310033	0.30739	0.312993	0.558069	0.55126	0.56413	0.558072	0.552647	0.56483	1.80004	1.80004	18.516	
34.9629	1	1442	19.1314	1	303	18.2998	1	299	0	0	0	0.315029	0.312877	0.31747	0.315028	0.31236	0.318427	0.567069	0.560547	0.57353	0.567067	0.560907	0.574867	1.80005	1.80005	18.6401	
375.185	1	21874	19.2691	1	278	18.4313	1	274	0	0	0	0.32001	0.318364	0.321511	0.319869	0.317883	0.321714	0.575945	0.57116	0.580733	0.575693	0.571486	0.580476	1.79977	1.79978	18.7516	
