17.2495	4	74	17.2493	4	74	16.4511	4	70	0	0	0	0.00498339	0.00460333	0.00538667	0.0049834	0	0.02052	0.0089563	0.00821667	0.00986667	0.00895629	0	0.0369633	1.79723	1.79723	17.4283	
17.5708	4	98	17.5698	4	98	16.7793	4	98	0	0	0	0.00998194	0.00952	0.0106333	0.0099821	0	0.0412333	0.0179709	0.01678	0.0192467	0.0179713	0	0.0749267	1.80034	1.80035	17.7232	
17.8871	4	102	17.8843	4	102	17.0726	4	102	0	0	0	0.0149825	0.0143067	0.01555	0.0149825	0	0.0608367	0.0269382	0.0256433	0.02851	0.0269379	0	0.11046	1.79798	1.79795	18.0161	
18.2215	4	101	18.2152	4	101	17.4044	4	101	0	0	0	0.0199847	0.0194667	0.0208033	0.0199848	0	0.0811333	0.0359356	0.0345	0.03783	0.0359363	0	0.14653	1.79816	1.79818	18.3208	
18.5378	4	119	18.5265	4	119	17.7228	4	115	0	0	0	0.0249844	0.02421	0.0256467	0.0249846	0	0.10105	0.0449068	0.0431433	0.04654	0.0449075	0	0.18273	1.7974	1.79741	18.6076	
18.9012	4	126	18.882	4	126	18.0687	4	126	0	0	0	0.0299786	0.02924	0.0307733	0.0299785	0	0.121383	0.0539195	0.05213	0.05596	0.0539193	0	0.218667	1.7986	1.7986	18.9296	
19.2533	4	139	19.2215	4	139	18.3879	4	139	0	0	0	0.0349774	0.0342367	0.0358733	0.0349774	0	0.14154	0.0629459	0.0611567	0.0654667	0.0629465	0	0.25576	1.79962	1.79963	19.2376	
19.6247	4	147	19.5761	4	147	18.7282	4	147	0	0	0	0.0399889	0.0391467	0.0409867	0.0399886	0	0.1618	0.072009	0.0696667	0.07408	0.0720082	0	0.29215	1.80073	1.80072	19.5555	
20.0179	4	161	19.9383	4	135	19.0876	4	135	0	0	0	0.0449701	0.04413	0.0460133	0.0449699	0	0.181253	0.080976	0.0788633	0.0842433	0.0809753	0	0.32782	1.80066	1.80066	19.8764	
20.4457	4	360	20.32	4	146	19.462	4	142	0	0	0	0.0499764	0.04892	0.05151	0.0499764	0	0.20196	0.0899879	0.0868533	0.0925167	0.089988	0	0.363473	1.80061	1.80061	20.2104	
20.9322	4	315	20.7182	4	164	19.8542	4	160	0	0	0	0.054982	0.0535933	0.0560633	0.054982	0	0.222193	0.0989778	0.0963233	0.1012	0.0989782	0	0.401237	1.80018	1.80019	20.5525	
21.5646	4	652	21.1488	4	164	20.2825	4	164	0	0	0	0.0599857	0.0589133	0.0613133	0.0599858	0	0.24168	0.107968	0.104723	0.111213	0.107969	0	0.436163	1.7999	1.79991	20.911	
22.5776	4	1124	21.5916	4	159	20.7152	4	159	0	0	0	0.0649985	0.0638667	0.0660133	0.0649977	0	0.262333	0.117022	0.11463	0.119897	0.11702	0	0.473003	1.80038	1.80038	21.2717	
29.852	4	9074	22.1109	4	219	21.2381	4	219	0	0	0	0.0700013	0.069056	0.070974	0.0700019	0	0.281434	0.126023	0.12377	0.128488	0.126023	0	0.508302	1.8003	1.80029	21.6745	
7051.97	4	1.52589e+06	22.6523	4	463	21.7375	4	459	0	0	0	0.0749953	0.0740143	0.0758971	0.0746384	0	0.318449	0.134955	0.132561	0.136834	0.134315	0	0.573329	1.79951	1.79954	22.0233	
