10.764	1	68	10.764	1	68	9.97163	1	67	0	0	0	0.00498339	0.00460333	0.00538667	0.00498339	0.00460333	0.00538667	0.0089563	0.00821667	0.00986667	0.00895645	0.00821667	0.00986667	1.79723	1.79726	10.9601	
10.8291	1	67	10.829	1	67	10.0226	1	64	0	0	0	0.00998194	0.00952	0.0106333	0.00998193	0.00952	0.0106333	0.0179709	0.01678	0.0192467	0.0179709	0.01678	0.0192467	1.80034	1.80035	11.0156	
10.9012	1	68	10.9009	1	68	10.1085	1	65	0	0	0	0.0149825	0.0143067	0.01555	0.0149824	0.0143033	0.01555	0.0269382	0.0256433	0.02851	0.0269378	0.0256433	0.02851	1.79798	1.79796	11.0835	
10.952	1	68	10.9513	1	68	10.1536	1	65	0	0	0	0.0199847	0.0194667	0.0208033	0.0199846	0.0194667	0.0208	0.0359356	0.0345	0.03783	0.0359356	0.0345	0.03783	1.79816	1.79816	11.127	
11.0299	1	71	11.0287	1	68	10.2195	1	66	0	0	0	0.0249844	0.02421	0.0256467	0.0249843	0.02421	0.0256467	0.0449068	0.0431433	0.04654	0.044907	0.04314	0.04654	1.7974	1.79741	11.198	
11.0908	1	71	11.0889	1	69	10.2874	1	68	0	0	0	0.0299786	0.02924	0.0307733	0.0299787	0.02924	0.0307733	0.0539195	0.05213	0.05596	0.0539196	0.0521433	0.05596	1.7986	1.7986	11.2495	
11.1546	1	75	11.1516	1	70	10.3443	1	67	0	0	0	0.0349774	0.0342367	0.0358733	0.0349775	0.0342367	0.0358767	0.0629459	0.0611567	0.0654667	0.0629462	0.0611567	0.06545	1.79962	1.79962	11.3035	
11.2304	1	73	11.2265	1	70	10.4175	1	68	0	0	0	0.0399889	0.0391467	0.0409867	0.0399889	0.0391467	0.0409833	0.072009	0.0696667	0.07408	0.072009	0.0696667	0.07408	1.80073	1.80072	11.3697	
11.301	1	75	11.2954	1	71	10.4807	1	68	0	0	0	0.0449701	0.04413	0.0460133	0.0449701	0.0441333	0.0460133	0.080976	0.0788633	0.0842433	0.0809754	0.0788633	0.0842333	1.80066	1.80065	11.4299	
11.3728	1	74	11.3656	1	71	10.5495	1	68	0	0	0	0.0499764	0.04892	0.05151	0.0499763	0.04892	0.0515067	0.0899879	0.0868533	0.0925167	0.089988	0.0868533	0.0925167	1.80061	1.80061	11.4918	
11.4568	1	84	11.4469	1	72	10.6268	1	68	0	0	0	0.054982	0.0535933	0.0560633	0.0549819	0.0536033	0.05607	0.0989778	0.0963233	0.1012	0.0989777	0.0963267	0.1012	1.80018	1.80019	11.5642	
11.5362	1	81	11.5234	1	72	10.6993	1	68	0	0	0	0.0599857	0.0589133	0.0613133	0.0599855	0.0589167	0.0613233	0.107968	0.104723	0.111213	0.107968	0.104723	0.111213	1.7999	1.79991	11.6318	
11.6131	1	88	11.5966	1	71	10.7686	1	68	0	0	0	0.0649985	0.0638667	0.0660133	0.0649984	0.0638667	0.06601	0.117022	0.11463	0.119897	0.117022	0.114637	0.119897	1.80038	1.80038	11.6948	
11.6897	1	78	11.6691	1	71	10.8409	1	68	0	0	0	0.0699986	0.0686933	0.0711733	0.0699981	0.06869	0.0711733	0.126019	0.123233	0.12942	0.126018	0.123237	0.12942	1.80031	1.80031	11.757	
11.7805	1	89	11.7541	1	72	10.9228	1	68	0	0	0	0.07499	0.0734167	0.0760667	0.0749898	0.07342	0.0760567	0.134971	0.131247	0.138787	0.134971	0.131247	0.138747	1.79985	1.79985	11.8331	
11.8662	1	83	11.832	1	72	10.9997	1	68	0	0	0	0.0799878	0.0786433	0.0812033	0.0799874	0.0786467	0.08121	0.143984	0.14032	0.146947	0.143983	0.140327	0.146943	1.80007	1.80007	11.8983	
11.9673	1	88	11.9246	1	72	11.0859	1	68	0	0	0	0.0849842	0.08364	0.08641	0.084984	0.08364	0.08641	0.152967	0.14972	0.156877	0.152966	0.149703	0.156877	1.79995	1.79994	11.9794	
12.0511	1	129	11.9978	1	72	11.1519	1	68	0	0	0	0.08999	0.0882767	0.0914933	0.0899896	0.0882767	0.0914967	0.161986	0.15777	0.165417	0.161986	0.15777	0.165413	1.80005	1.80005	12.0413	
12.1524	1	107	12.0858	1	72	11.2381	1	70	0	0	0	0.0949999	0.0936067	0.0963867	0.0949995	0.0936067	0.0963867	0.170999	0.166893	0.17535	0.170997	0.166897	0.175317	1.79999	1.79998	12.1166	
12.2647	1	141	12.1801	1	72	11.3329	1	70	0	0	0	0.100003	0.09821	0.10142	0.100003	0.09821	0.101423	0.180009	0.17718	0.183673	0.180009	0.177183	0.183663	1.80004	1.80004	12.1957	
12.3685	1	143	12.2642	1	124	11.412	1	120	0	0	0	0.105002	0.10362	0.106463	0.105002	0.10361	0.106467	0.189006	0.18513	0.192463	0.189005	0.185133	0.192477	1.80002	1.80002	12.2667	
12.5009	1	347	12.3639	1	124	11.5088	1	120	0	0	0	0.110003	0.10808	0.11205	0.110003	0.10808	0.112047	0.19802	0.193597	0.202457	0.198019	0.193593	0.202433	1.80014	1.80013	12.3486	
12.6273	1	217	12.4565	1	124	11.5985	1	120	0	0	0	0.115	0.11298	0.11649	0.115001	0.11298	0.11649	0.207012	0.20274	0.211183	0.207012	0.202723	0.211193	1.8001	1.80009	12.4264	
12.7797	1	302	12.5609	1	72	11.6984	1	68	0	0	0	0.120001	0.11788	0.12139	0.120001	0.11787	0.121393	0.215985	0.21001	0.219877	0.215984	0.209993	0.219857	1.79986	1.79985	12.5135	
12.9341	1	414	12.6527	1	122	11.7875	1	118	0	0	0	0.124991	0.122477	0.126757	0.124991	0.12248	0.126757	0.224941	0.21717	0.229613	0.224941	0.217173	0.22961	1.79965	1.79965	12.5885	
13.1411	1	448	12.7622	1	127	11.8966	1	123	0	0	0	0.129994	0.12861	0.13163	0.129994	0.12861	0.131633	0.233907	0.229627	0.239577	0.233908	0.229583	0.239563	1.79937	1.79938	12.6772	
13.3967	1	848	12.8714	1	120	12.0002	1	120	0	0	0	0.135011	0.13331	0.137077	0.13501	0.133303	0.137077	0.242939	0.23854	0.24718	0.242937	0.23854	0.247163	1.7994	1.7994	12.7661	
13.7686	1	707	12.9815	1	120	12.1088	1	120	0	0	0	0.140012	0.138473	0.141673	0.140012	0.138487	0.14167	0.251956	0.247503	0.255883	0.251956	0.247503	0.25589	1.79953	1.79953	12.8551	
14.4292	1	1823	13.0986	1	124	12.2305	1	120	0	0	0	0.145017	0.14337	0.146897	0.145017	0.143363	0.146893	0.260933	0.25642	0.265297	0.260932	0.256443	0.265233	1.79933	1.79932	12.9468	
15.5669	1	2284	13.223	1	124	12.3531	1	123	0	0	0	0.15003	0.148493	0.151627	0.15003	0.148513	0.151627	0.269926	0.26537	0.274093	0.269927	0.265367	0.274087	1.79915	1.79915	13.0444	
20.9679	1	6816	13.3606	1	124	12.492	1	121	0	0	0	0.15501	0.153073	0.15654	0.155012	0.15311	0.156553	0.278871	0.274573	0.28329	0.278875	0.27452	0.28331	1.79905	1.79906	13.1528	
565.535	1	127136	13.4891	1	120	12.6299	1	120	0	0	0	0.159998	0.158859	0.161303	0.159887	0.145766	0.16161	0.287934	0.285379	0.290589	0.287736	0.262651	0.290583	1.79962	1.79962	13.255	
