13.8136	2	71	13.8103	2	71	13.015	2	67	0	0	0	0.00498339	0.00460333	0.00538667	0.00498337	0.00460333	0.00539	0.0089563	0.00821667	0.00986667	0.00895632	0.00821667	0.00986333	1.79723	1.79724	13.9663	
14.1674	2	72	14.1603	2	72	13.3709	2	71	0	0	0	0.00998194	0.00952	0.0106333	0.00998202	0.00951667	0.0106333	0.0179709	0.01678	0.0192467	0.0179709	0.01678	0.0192467	1.80034	1.80032	14.2698	
14.4842	2	76	14.4733	2	75	13.672	2	72	0	0	0	0.0149825	0.0143067	0.01555	0.0149825	0.0143033	0.01555	0.0269382	0.0256433	0.02851	0.0269379	0.0256433	0.02851	1.79798	1.79796	14.5449	
14.7751	2	86	14.7595	2	78	13.9459	2	74	0	0	0	0.0199847	0.0194667	0.0208033	0.0199846	0.0194667	0.0208	0.0359356	0.0345	0.03783	0.035936	0.0344833	0.03783	1.79816	1.79818	14.7941	
15.0317	2	90	15.011	2	76	14.1931	2	76	0	0	0	0.0249844	0.02421	0.0256467	0.0249844	0.02421	0.0256467	0.0449068	0.0431433	0.04654	0.0449072	0.04314	0.04654	1.7974	1.79741	15.0115	
15.2809	2	112	15.2531	2	112	14.4427	2	108	0	0	0	0.0299786	0.02924	0.0307733	0.0299783	0.0292433	0.0307733	0.0539195	0.05213	0.05596	0.0539191	0.0521567	0.05596	1.7986	1.7986	15.2184	
15.5043	2	112	15.4685	2	112	14.6509	2	112	0	0	0	0.0349774	0.0342367	0.0358733	0.0349775	0.0342333	0.0358767	0.0629459	0.0611567	0.0654667	0.0629464	0.0611567	0.0654667	1.79962	1.79963	15.3994	
15.7237	2	144	15.6779	2	115	14.8454	2	115	0	0	0	0.0399889	0.0391467	0.0409867	0.0399886	0.0391467	0.0409833	0.072009	0.0696667	0.07408	0.0720081	0.0696667	0.07408	1.80073	1.80072	15.5766	
15.9089	2	136	15.8514	2	113	15.0258	2	113	0	0	0	0.0449701	0.04413	0.0460133	0.0449703	0.0441333	0.0460133	0.080976	0.0788633	0.0842433	0.0809763	0.0788633	0.0842333	1.80066	1.80066	15.722	
16.0961	2	185	16.0238	2	125	15.1945	2	125	0	0	0	0.0499764	0.04892	0.05151	0.0499762	0.04892	0.05151	0.0899879	0.0868533	0.0925167	0.0899872	0.0868533	0.0925233	1.80061	1.8006	15.8676	
16.276	2	224	16.1828	2	124	15.356	2	124	0	0	0	0.054982	0.0535933	0.0560633	0.0549819	0.0536033	0.0560733	0.0989778	0.0963233	0.1012	0.0989778	0.0963567	0.101197	1.80018	1.80019	15.9983	
16.4388	2	264	16.3205	2	119	15.4842	2	119	0	0	0	0.0599857	0.0589133	0.0613133	0.0599855	0.05891	0.06132	0.107968	0.104723	0.111213	0.107968	0.104723	0.111213	1.7999	1.79991	16.1086	
16.6052	2	294	16.4565	2	123	15.6241	2	123	0	0	0	0.0649985	0.0638667	0.0660133	0.064998	0.0638667	0.06601	0.117022	0.11463	0.119897	0.117021	0.114637	0.119893	1.80038	1.80038	16.2214	
16.782	2	304	16.5931	2	125	15.7616	2	125	0	0	0	0.0699986	0.0686933	0.0711733	0.069998	0.0686867	0.0711767	0.126019	0.123233	0.12942	0.126019	0.123237	0.12942	1.80031	1.80032	16.3285	
16.9427	2	416	16.7055	2	118	15.8666	2	118	0	0	0	0.07499	0.0734167	0.0760667	0.0749895	0.0734167	0.0760533	0.134971	0.131247	0.138787	0.13497	0.131247	0.13876	1.79985	1.79985	16.4207	
17.1436	2	513	16.8308	2	129	15.9968	2	129	0	0	0	0.0799878	0.0786433	0.0812033	0.0799873	0.0786433	0.0812133	0.143984	0.14032	0.146947	0.143983	0.140323	0.146943	1.80007	1.80007	16.5204	
17.3338	2	539	16.9328	2	128	16.0926	2	128	0	0	0	0.0849842	0.08364	0.08641	0.0849838	0.08363	0.0864133	0.152967	0.14972	0.156877	0.152967	0.14972	0.156877	1.79995	1.79996	16.5978	
17.5486	2	621	17.0294	2	159	16.1885	2	159	0	0	0	0.08999	0.0882767	0.0914933	0.0899902	0.08828	0.09149	0.161986	0.15777	0.165417	0.161986	0.157773	0.165397	1.80005	1.80004	16.6697	
17.8418	2	906	17.123	2	134	16.2886	2	134	0	0	0	0.0949999	0.0936067	0.0963867	0.0949994	0.0936067	0.0963867	0.170999	0.166893	0.17535	0.170997	0.1669	0.17534	1.79999	1.79998	16.7392	
18.2057	2	1372	17.2202	2	144	16.3872	2	144	0	0	0	0.100003	0.09821	0.10142	0.100003	0.09821	0.101417	0.180009	0.17718	0.183673	0.180009	0.177177	0.18366	1.80004	1.80003	16.8115	
18.5035	2	908	17.301	2	149	16.468	2	149	0	0	0	0.105002	0.10362	0.106463	0.105002	0.103617	0.106467	0.189006	0.18513	0.192463	0.189006	0.18513	0.192477	1.80002	1.80002	16.87	
19.0227	2	1322	17.3793	2	161	16.5443	2	157	0	0	0	0.110003	0.10808	0.11205	0.110004	0.108077	0.11205	0.19802	0.193597	0.202457	0.198021	0.193597	0.202443	1.80014	1.80013	16.923	
19.5708	2	2173	17.4651	2	150	16.6307	2	150	0	0	0	0.115	0.11298	0.11649	0.115	0.11298	0.11649	0.207012	0.20274	0.211183	0.207012	0.202737	0.21121	1.8001	1.8001	16.9872	
20.5011	2	2835	17.5345	2	156	16.7042	2	156	0	0	0	0.120001	0.11788	0.12139	0.12	0.11787	0.12139	0.215985	0.21001	0.219877	0.215983	0.209993	0.219853	1.79986	1.79985	17.034	
21.5417	2	3523	17.6091	2	138	16.7795	2	138	0	0	0	0.124991	0.122477	0.126757	0.124991	0.12247	0.126757	0.224941	0.21717	0.229613	0.22494	0.217163	0.22961	1.79965	1.79965	17.0842	
22.4874	2	4632	17.6702	2	160	16.8391	2	160	0	0	0	0.129994	0.12861	0.13163	0.129995	0.12861	0.131633	0.233907	0.229627	0.239577	0.233909	0.229583	0.23954	1.79937	1.79937	17.128	
23.4363	2	2949	17.7379	2	178	16.9135	2	178	0	0	0	0.135011	0.13331	0.137077	0.135016	0.13324	0.13708	0.242939	0.23854	0.24718	0.242947	0.23855	0.247187	1.7994	1.79939	17.1727	
26.0533	2	3745	17.8015	2	154	16.9794	2	152	0	0	0	0.140012	0.138473	0.141673	0.140005	0.138487	0.141667	0.251956	0.247503	0.255883	0.251944	0.247507	0.25588	1.79953	1.79953	17.2131	
29.0738	2	5108	17.8626	2	168	17.0421	2	168	0	0	0	0.145041	0.14353	0.146473	0.145041	0.143528	0.146475	0.260979	0.256925	0.264895	0.26098	0.256947	0.264885	1.79935	1.79935	17.2528	
32.3533	2	6476	17.925	2	171	17.1077	2	171	0	0	0	0.15004	0.148982	0.15141	0.150045	0.14898	0.151398	0.26998	0.266866	0.273266	0.269988	0.266838	0.273252	1.79939	1.79939	17.2899	
44.871	2	13218	17.9854	2	152	17.1682	2	152	0	0	0	0.155008	0.153692	0.15622	0.155005	0.153692	0.15622	0.278932	0.27562	0.281938	0.278926	0.27562	0.281923	1.79947	1.79946	17.3244	
58.1622	2	21734	18.0318	2	173	17.2147	2	173	0	0	0	0.159998	0.158859	0.161303	0.16001	0.15882	0.162551	0.287934	0.285379	0.290589	0.287955	0.285359	0.292683	1.79962	1.7996	17.3552	
55.1812	2	9231	18.0834	2	180	17.2684	2	180	0	0	0	0.165016	0.163318	0.167035	0.165022	0.163318	0.16704	0.296878	0.29203	0.301715	0.296888	0.291998	0.30172	1.79908	1.79908	17.385	
292.333	2	88619	18.1425	2	229	17.333	2	229	0	0	0	0.169999	0.168877	0.171497	0.169955	0.159556	0.171481	0.305929	0.302433	0.308846	0.305847	0.28687	0.308819	1.79959	1.79958	17.4182	
