15.7955	4	71	15.7937	4	71	15.0046	4	67	0	0	0	0.00498339	0.00460333	0.00538667	0.00498336	0.00460333	0.00538667	0.0089563	0.00821667	0.00986667	0.00895608	0.00821667	0.00986667	1.79723	1.7972	15.9683	
15.9691	4	72	15.9645	4	72	15.1777	4	71	0	0	0	0.00998194	0.00952	0.0106333	0.00998194	0.00951667	0.0106333	0.0179709	0.01678	0.0192467	0.0179707	0.01678	0.0192467	1.80034	1.80033	16.1096	
16.1447	4	76	16.1371	4	75	15.3358	4	72	0	0	0	0.0149825	0.0143067	0.01555	0.0149825	0.0143033	0.01555	0.0269382	0.0256433	0.02851	0.0269378	0.0256433	0.02851	1.79798	1.79796	16.26	
16.3085	4	86	16.2964	4	78	15.4923	4	74	0	0	0	0.0199847	0.0194667	0.0208033	0.0199845	0.0194667	0.0208	0.0359356	0.0345	0.03783	0.0359355	0.0344833	0.03783	1.79816	1.79817	16.3939	
16.4491	4	90	16.4327	4	76	15.6198	4	76	0	0	0	0.0249844	0.02421	0.0256467	0.0249845	0.02421	0.0256467	0.0449068	0.0431433	0.04654	0.0449073	0.04314	0.04654	1.7974	1.7974	16.5083	
16.6081	4	112	16.5857	4	112	15.7751	4	108	0	0	0	0.0299786	0.02924	0.0307733	0.0299785	0.02924	0.0307733	0.0539195	0.05213	0.05596	0.0539193	0.0521367	0.05596	1.7986	1.7986	16.637	
16.7574	4	112	16.727	4	112	15.9109	4	112	0	0	0	0.0349774	0.0342367	0.0358733	0.0349775	0.0342367	0.0358767	0.0629459	0.0611567	0.0654667	0.0629462	0.0611567	0.0654567	1.79962	1.79962	16.7538	
16.8937	4	144	16.8543	4	112	16.034	4	112	0	0	0	0.0399889	0.0391467	0.0409867	0.0399887	0.0391467	0.0409833	0.072009	0.0696667	0.07408	0.0720084	0.0696667	0.07408	1.80073	1.80072	16.8581	
17.0262	4	136	16.9758	4	112	16.156	4	112	0	0	0	0.0449701	0.04413	0.0460133	0.0449701	0.04413	0.0460133	0.080976	0.0788633	0.0842433	0.0809759	0.0788633	0.0842333	1.80066	1.80066	16.96	
17.17	4	185	17.1076	4	125	16.2868	4	125	0	0	0	0.0499764	0.04892	0.05151	0.049976	0.04892	0.0515067	0.0899879	0.0868533	0.0925167	0.0899871	0.0868533	0.0925233	1.80061	1.80061	17.0716	
17.3047	4	217	17.2237	4	124	16.4016	4	124	0	0	0	0.054982	0.0535933	0.0560633	0.0549816	0.0536033	0.05607	0.0989778	0.0963233	0.1012	0.0989772	0.09634	0.101197	1.80018	1.80019	17.1656	
17.4402	4	262	17.3386	4	119	16.5067	4	119	0	0	0	0.0599857	0.0589133	0.0613133	0.0599856	0.05891	0.06132	0.107968	0.104723	0.111213	0.107968	0.104723	0.111213	1.7999	1.7999	17.2606	
17.576	4	294	17.4471	4	127	16.6144	4	127	0	0	0	0.0649985	0.0638667	0.0660133	0.064998	0.0638667	0.06602	0.117022	0.11463	0.119897	0.117021	0.114637	0.119893	1.80038	1.80038	17.3481	
17.726	4	284	17.5669	4	126	16.7398	4	126	0	0	0	0.0699986	0.0686933	0.0711733	0.069998	0.0686933	0.07118	0.126019	0.123233	0.12942	0.126019	0.123237	0.129423	1.80031	1.80032	17.4469	
17.8757	4	416	17.6747	4	128	16.8378	4	128	0	0	0	0.07499	0.0734167	0.0760667	0.0749896	0.0734233	0.0760567	0.134971	0.131247	0.138787	0.13497	0.131247	0.13876	1.79985	1.79985	17.5347	
18.0279	4	476	17.7758	4	128	16.936	4	125	0	0	0	0.0799878	0.0786433	0.0812033	0.0799877	0.0786467	0.08121	0.143984	0.14032	0.146947	0.143984	0.140327	0.14695	1.80007	1.80007	17.6162	
18.194	4	407	17.8778	4	150	17.0399	4	150	0	0	0	0.0849842	0.08364	0.08641	0.0849837	0.0836433	0.08641	0.152967	0.14972	0.156877	0.152967	0.149703	0.156877	1.79995	1.79995	17.6971	
18.3841	4	568	17.9714	4	146	17.1263	4	142	0	0	0	0.08999	0.0882767	0.0914933	0.0899899	0.0882867	0.09149	0.161986	0.15777	0.165417	0.161986	0.15778	0.165403	1.80005	1.80004	17.77	
18.601	4	673	18.0793	4	121	17.2389	4	121	0	0	0	0.0949999	0.0936067	0.0963867	0.0949997	0.0936067	0.0963867	0.170999	0.166893	0.17535	0.170998	0.166903	0.17533	1.79999	1.79998	17.8568	
18.8856	4	1109	18.1781	4	208	17.3316	4	208	0	0	0	0.100003	0.09821	0.10142	0.100003	0.0982167	0.101417	0.180009	0.17718	0.183673	0.180008	0.177157	0.183657	1.80004	1.80003	17.9321	
19.1937	4	1358	18.2705	4	150	17.4238	4	150	0	0	0	0.105002	0.10362	0.106463	0.105002	0.103617	0.10646	0.189006	0.18513	0.192463	0.189005	0.18513	0.19246	1.80002	1.80002	18.0043	
19.6235	4	2010	18.3687	4	154	17.5212	4	150	0	0	0	0.110003	0.10808	0.11205	0.110003	0.108077	0.112043	0.19802	0.193597	0.202457	0.19802	0.193593	0.20244	1.80014	1.80013	18.0757	
20.0085	4	2040	18.4682	4	164	17.6167	4	164	0	0	0	0.115	0.11298	0.11649	0.115001	0.11298	0.11649	0.207012	0.20274	0.211183	0.207013	0.202747	0.211207	1.8001	1.8001	18.1561	
20.478	4	1862	18.5511	4	151	17.6997	4	151	0	0	0	0.120001	0.11788	0.12139	0.120001	0.117867	0.121383	0.215985	0.21001	0.219877	0.215983	0.210007	0.21985	1.79986	1.79984	18.2156	
21.2248	4	2376	18.6394	4	176	17.784	4	176	0	0	0	0.124991	0.122477	0.126757	0.124991	0.12247	0.126757	0.224941	0.21717	0.229613	0.22494	0.217163	0.229607	1.79965	1.79965	18.2825	
22.5587	4	3246	18.731	4	159	17.8782	4	159	0	0	0	0.129994	0.12861	0.13163	0.129996	0.128613	0.131637	0.233907	0.229627	0.239577	0.233911	0.22959	0.239557	1.79937	1.79937	18.3474	
23.2086	4	3092	18.8193	4	200	17.9655	4	200	0	0	0	0.135011	0.13331	0.137077	0.135014	0.1333	0.13708	0.242939	0.23854	0.24718	0.242943	0.238543	0.247157	1.7994	1.79939	18.4125	
25.3494	4	3905	18.9078	4	159	18.0488	4	159	0	0	0	0.140012	0.138473	0.141673	0.140015	0.138487	0.141667	0.251956	0.247503	0.255883	0.251961	0.24751	0.255877	1.79953	1.79954	18.478	
25.8903	4	3807	18.991	4	172	18.1346	4	172	0	0	0	0.145041	0.14353	0.146473	0.14504	0.143525	0.146473	0.260979	0.256925	0.264895	0.260978	0.256995	0.264887	1.79935	1.79935	18.5413	
30.8842	4	10473	19.0815	4	176	18.2214	4	176	0	0	0	0.150017	0.149036	0.15116	0.150018	0.149033	0.151159	0.269962	0.267327	0.272603	0.269962	0.267324	0.272603	1.79954	1.79954	18.5995	
30.5318	4	7485	19.1598	4	148	18.3048	4	148	0	0	0	0.15501	0.153073	0.15654	0.155003	0.15272	0.15656	0.278871	0.274573	0.28329	0.278859	0.274267	0.283293	1.79905	1.79906	18.659	
52.1849	4	20571	19.2533	4	170	18.3933	4	170	0	0	0	0.159998	0.158859	0.161303	0.160002	0.158857	0.161301	0.287934	0.285379	0.290589	0.287941	0.285377	0.290583	1.79962	1.79961	18.7199	
66.7488	4	26158	19.337	4	177	18.4778	4	177	0	0	0	0.165002	0.163459	0.166546	0.164986	0.160456	0.166544	0.296942	0.292819	0.300103	0.296915	0.287639	0.300097	1.79963	1.79963	18.7774	
104.113	4	46547	19.4187	4	188	18.5593	4	184	0	0	0	0.169999	0.168877	0.171497	0.169963	0.162506	0.171494	0.305929	0.302433	0.308846	0.305864	0.292397	0.308843	1.79959	1.79959	18.8332	
148.241	4	38293	19.509	4	179	18.6548	4	179	0	0	0	0.174995	0.173672	0.176295	0.175001	0.173675	0.176865	0.314915	0.311655	0.31751	0.314928	0.311655	0.318952	1.79957	1.79957	18.8889	
323.981	4	107009	19.5804	4	188	18.7276	4	188	0	0	0	0.180001	0.178686	0.18141	0.17994	0.163631	0.181414	0.32393	0.320366	0.326939	0.323821	0.293197	0.326923	1.7996	1.79961	18.9416	
