14.8866	4	42	14.8682	4	42	14.0354	4	39	0	0	0	0.00499866	0.00456	0.00529667	0.00499852	0	0.0153267	0.00901014	0.00818667	0.00976667	0.00900988	0	0.0282733	1.80251	1.80251	15.0519	
14.9335	4	56	14.8945	4	56	14.1018	4	56	0	0	0	0.0100135	0.00957667	0.0104767	0.0100136	0	0.0306633	0.0180194	0.0167133	0.0191667	0.0180199	0	0.0558	1.79951	1.79954	15.067	
15.0037	4	60	14.9408	4	60	14.1376	4	60	0	0	0	0.0150321	0.0144467	0.0157333	0.0150322	0	0.04582	0.0270613	0.02574	0.02888	0.0270612	0	0.0827567	1.80023	1.80022	15.0965	
15.0974	4	69	15.0072	4	69	14.1924	4	69	0	0	0	0.0200388	0.01896	0.02063	0.0200392	0	0.0613167	0.0360503	0.03408	0.03753	0.0360512	0	0.109687	1.79903	1.79903	15.1476	
15.1631	4	71	15.0372	4	71	14.2364	4	71	0	0	0	0.0250457	0.02427	0.0259	0.0250456	0	0.0763767	0.0450287	0.0431233	0.04726	0.0450279	0	0.137067	1.79786	1.79784	15.1627	
15.2476	4	72	15.0832	4	72	14.275	4	72	0	0	0	0.0300466	0.0291633	0.0308833	0.0300466	0	0.09087	0.0540337	0.0523433	0.05599	0.0540345	0	0.164837	1.79833	1.79836	15.1889	
15.3384	4	78	15.1277	4	77	14.3156	4	77	0	0	0	0.0350705	0.0341	0.0359567	0.0350705	0	0.106093	0.0630685	0.0610333	0.0652	0.0630683	0	0.190993	1.79833	1.79833	15.2149	
15.4527	4	105	15.1889	4	105	14.385	4	101	0	0	0	0.0400701	0.0391767	0.0412133	0.04007	0	0.121223	0.0720535	0.07	0.07444	0.0720535	0	0.21809	1.79818	1.79819	15.2544	
15.5705	4	123	15.2334	4	102	14.428	4	98	0	0	0	0.045052	0.04408	0.0459767	0.0450514	0	0.136347	0.0809881	0.07868	0.0831867	0.0809872	0	0.2458	1.79766	1.79766	15.2773	
15.7125	4	233	15.2836	4	99	14.4888	4	95	0	0	0	0.0500313	0.04901	0.0508733	0.0500314	0	0.151163	0.08998	0.0875233	0.0921367	0.0899809	0	0.27076	1.79847	1.79849	15.302	
15.8808	4	274	15.335	4	97	14.5314	4	97	0	0	0	0.0550172	0.0536967	0.0561433	0.0550175	0	0.16631	0.0989539	0.09659	0.10164	0.0989547	0	0.30072	1.7986	1.7986	15.3259	
16.1216	4	249	15.4059	4	101	14.6052	4	97	0	0	0	0.0600335	0.05899	0.0610867	0.0600335	0	0.180883	0.108034	0.105183	0.111413	0.108033	0	0.32858	1.79956	1.79954	15.364	
16.5035	4	540	15.4808	4	111	14.6774	4	111	0	0	0	0.0650391	0.06378	0.0665867	0.0650391	0	0.196433	0.117071	0.114347	0.12029	0.11707	0	0.352773	1.8	1.79999	15.4	
17.255	4	1087	15.5532	4	105	14.7353	4	105	0	0	0	0.0700516	0.0683867	0.0712833	0.0700515	0	0.21133	0.126149	0.12274	0.128863	0.126148	0	0.382557	1.8008	1.80079	15.4287	
75.36	4	17567	15.6272	4	111	14.8114	4	111	0	0	0	0.0749925	0.0740557	0.0759329	0.0749906	0	0.225791	0.134999	0.132781	0.136751	0.134996	0	0.407111	1.80017	1.80017	15.4533	
4069.35	4	896892	15.7038	4	116	14.8887	4	116	0	0	0	0.0799933	0.0790829	0.08092	0.079743	0	0.241083	0.144	0.141967	0.146246	0.143544	0	0.43474	1.80015	1.80008	15.4871	
